122
0.000000 -0.000000 0.250000
2.000000 0.000000 0.000000
1.732051 1.000000 0.000000
1.000000 1.732051 0.000000
-0.000000 2.000000 0.000000
-1.000000 1.732051 0.000000
-1.732051 1.000000 0.000000
-2.000000 -0.000000 0.000000
-1.732051 -1.000000 0.000000
-1.000000 -1.732051 0.000000
0.000000 -2.000000 0.000000
1.000000 -1.732051 0.000000
1.732051 -1.000000 0.000000
2.348400 -0.000000 0.886440
2.033774 1.174200 0.886440
1.174200 2.033773 0.886440
-0.000000 2.348399 0.886440
-1.174200 2.033773 0.886440
-2.033774 1.174199 0.886440
-2.348400 -0.000000 0.886440
-2.033774 -1.174200 0.886440
-1.174200 -2.033774 0.886440
0.000000 -2.348399 0.886440
1.174200 -2.033774 0.886440
2.033774 -1.174199 0.886440
2.512788 -0.000000 2.246163
2.176138 1.256394 2.246163
1.256394 2.176138 2.246163
-0.000000 2.512787 2.246163
-1.256394 2.176137 2.246163
-2.176138 1.256393 2.246163
-2.512788 -0.000000 2.246163
-2.176138 -1.256394 2.246163
-1.256394 -2.176138 2.246163
0.000000 -2.512750 2.246163
1.256394 -2.176137 2.246163
2.176139 -1.256393 2.246163
2.512788 -0.000000 3.753835
2.176138 1.256394 3.753835
1.256394 2.176138 3.753835
-0.000000 2.512787 3.753835
-1.256394 2.176137 3.753835
-2.176138 1.256393 3.753835
-2.512788 -0.000000 3.753835
-2.176138 -1.256394 3.753835
-1.256394 -2.176138 3.753835
0.000000 -2.512750 3.753835
1.256394 -2.176137 3.753835
2.176139 -1.256393 3.753835
2.348400 -0.000000 5.113559
2.033774 1.174200 5.113559
1.174200 2.033773 5.113559
-0.000000 2.348399 5.113559
-1.174200 2.033773 5.113559
-2.033774 1.174199 5.113559
-2.348400 -0.000000 5.113559
-2.033774 -1.174200 5.113559
-1.174200 -2.033774 5.113559
0.000000 -2.348399 5.113559
1.174200 -2.033773 5.113559
2.033774 -1.174199 5.113559
2.000000 0.000000 6.000000
1.732051 1.000000 6.000000
1.000000 1.732051 6.000000
-0.000000 2.000000 6.000000
-1.000000 1.732051 6.000000
-1.732051 1.000000 6.000000
-2.000000 -0.000000 6.000000
-1.732051 -1.000000 6.000000
-1.000000 -1.732051 6.000000
0.000000 -2.000000 6.000000
1.000000 -1.732051 6.000000
1.732051 -1.000000 6.000000
0.000000 -0.000028 5.750053
1.800000 0.000000 6.000000
1.558846 0.900000 6.000000
0.900000 1.558846 6.000000
-0.000000 1.800000 6.000000
-0.900000 1.558846 6.000000
-1.558846 0.900000 6.000000
-1.800000 -0.000000 6.000000
-1.558846 -0.900000 6.000000
-0.900000 -1.558845 6.000000
0.000000 -1.799999 6.000000
0.900000 -1.558845 6.000000
1.558846 -0.899999 6.000000
1.800000 -0.000028 5.750053
1.558846 0.899972 5.750053
0.900000 1.558818 5.750053
-0.000000 1.799972 5.750053
-0.900000 1.558818 5.750053
-1.558846 0.899972 5.750053
-1.800000 -0.000028 5.750053
-1.558846 -0.900028 5.750053
-0.900000 -1.558873 5.750053
0.000000 -1.800027 5.750053
0.900000 -1.558873 5.750053
1.558846 -0.900027 5.750053
1.800000 -0.000000 0.000000
1.558846 0.900000 0.000000
0.900000 1.558845 0.000000
-0.000000 1.800000 0.000000
-0.900000 1.558845 0.000000
-1.558846 0.900000 0.000000
-1.800000 -0.000000 0.000000
-1.558846 -0.900000 0.000000
-0.900000 -1.558846 -0.000000
0.000000 -1.800000 -0.000000
0.900000 -1.558845 -0.000000
1.558846 -0.900000 0.000000
1.800000 -0.000000 0.250000
1.558846 0.900000 0.250000
0.900000 1.558845 0.250000
-0.000000 1.800000 0.250000
-0.900000 1.558845 0.250000
-1.558846 0.900000 0.250000
-1.800000 -0.000000 0.250000
-1.558846 -0.900000 0.250000
-0.900000 -1.558846 0.250000
0.000000 -1.800000 0.250000
0.900000 -1.558845 0.250000
1.558846 -0.900000 0.250000

720
-0.000000 0.000000 -1.000000
0.000000 0.000000 -1.000000
0.000000 0.000000 -1.000000
-0.000000 0.000000 -1.000000
0.000000 0.000000 -1.000000
0.000000 0.000000 -1.000000
-0.000000 0.000000 -1.000000
0.000000 0.000000 -1.000000
0.000000 0.000000 -1.000000
-0.000000 0.000000 -1.000000
0.000000 0.000000 -1.000000
0.000000 0.000000 -1.000000
-0.000000 0.000000 -1.000000
0.000000 0.000000 -1.000000
0.000000 0.000000 -1.000000
-0.000000 0.000000 -1.000000
0.000000 0.000000 -1.000000
0.000000 0.000000 -1.000000
-0.000000 0.000000 -1.000000
-0.000000 0.000000 -1.000000
0.000000 0.000000 -1.000000
-0.000000 0.000000 -1.000000
-0.000000 0.000000 -1.000000
-0.000000 0.000000 -1.000000
-0.000000 0.000000 -1.000000
-0.000000 0.000000 -1.000000
-0.000000 0.000000 -1.000000
-0.000000 0.000000 -1.000000
0.000000 0.000000 -1.000000
-0.000000 0.000000 -1.000000
-0.000000 0.000000 -1.000000
0.000000 0.000000 -1.000000
0.000000 0.000000 -1.000000
-0.000000 0.000000 -1.000000
0.000000 0.000000 -1.000000
0.000000 0.000000 -1.000000
0.930696 0.000000 -0.365794
0.840701 0.485379 -0.240063
0.970757 0.000000 -0.240063
0.930696 0.000000 -0.365794
0.806006 0.465348 -0.365794
0.840701 0.485379 -0.240063
0.806006 0.465348 -0.365794
0.485379 0.840701 -0.240062
0.840701 0.485379 -0.240063
0.806006 0.465348 -0.365794
0.465348 0.806006 -0.365794
0.485379 0.840701 -0.240062
0.465348 0.806006 -0.365794
-0.000000 0.970757 -0.240062
0.485379 0.840701 -0.240062
0.465348 0.806006 -0.365794
-0.000000 0.930696 -0.365794
-0.000000 0.970757 -0.240062
-0.000000 0.930696 -0.365794
-0.485379 0.840701 -0.240062
-0.000000 0.970757 -0.240062
-0.000000 0.930696 -0.365794
-0.465348 0.806006 -0.365794
-0.485379 0.840701 -0.240062
-0.465348 0.806006 -0.365794
-0.840701 0.485379 -0.240063
-0.485379 0.840701 -0.240062
-0.465348 0.806006 -0.365794
-0.806006 0.465348 -0.365794
-0.840701 0.485379 -0.240063
-0.806006 0.465348 -0.365794
-0.970757 -0.000000 -0.240063
-0.840701 0.485379 -0.240063
-0.806006 0.465348 -0.365794
-0.930696 -0.000000 -0.365794
-0.970757 -0.000000 -0.240063
-0.930696 -0.000000 -0.365794
-0.840701 -0.485379 -0.240063
-0.970757 -0.000000 -0.240063
-0.930696 -0.000000 -0.365794
-0.806006 -0.465348 -0.365794
-0.840701 -0.485379 -0.240063
-0.806006 -0.465348 -0.365794
-0.485376 -0.840703 -0.240059
-0.840701 -0.485379 -0.240063
-0.806006 -0.465348 -0.365794
-0.465348 -0.806006 -0.365794
-0.485376 -0.840703 -0.240059
-0.465348 -0.806006 -0.365794
-0.000003 -0.970760 -0.240052
-0.485376 -0.840703 -0.240059
-0.465348 -0.806006 -0.365794
0.000000 -0.930696 -0.365794
-0.000003 -0.970760 -0.240052
0.000000 -0.930696 -0.365794
0.485379 -0.840701 -0.240062
-0.000003 -0.970760 -0.240052
0.000000 -0.930696 -0.365794
0.465348 -0.806006 -0.365794
0.485379 -0.840701 -0.240062
0.465348 -0.806006 -0.365794
0.840701 -0.485379 -0.240063
0.485379 -0.840701 -0.240062
0.465348 -0.806006 -0.365794
0.806006 -0.465348 -0.365794
0.840701 -0.485379 -0.240063
0.806006 -0.465348 -0.365794
0.970757 0.000000 -0.240063
0.840701 -0.485379 -0.240063
0.806006 -0.465348 -0.365794
0.930696 0.000000 -0.365794
0.970757 0.000000 -0.240063
0.970757 0.000000 -0.240063
0.864489 0.499113 -0.059535
0.998226 0.000000 -0.059535
0.970757 0.000000 -0.240063
0.840701 0.485379 -0.240063
0.864489 0.499113 -0.059535
0.840701 0.485379 -0.240063
0.499113 0.864489 -0.059535
0.864489 0.499113 -0.059535
0.840701 0.485379 -0.240063
0.485379 0.840701 -0.240062
0.499113 0.864489 -0.059535
0.485379 0.840701 -0.240062
-0.000000 0.998226 -0.059535
0.499113 0.864489 -0.059535
0.485379 0.840701 -0.240062
-0.000000 0.970757 -0.240062
-0.000000 0.998226 -0.059535
-0.000000 0.970757 -0.240062
-0.499113 0.864489 -0.059535
-0.000000 0.998226 -0.059535
-0.000000 0.970757 -0.240062
-0.485379 0.840701 -0.240062
-0.499113 0.864489 -0.059535
-0.485379 0.840701 -0.240062
-0.864489 0.499113 -0.059535
-0.499113 0.864489 -0.059535
-0.485379 0.840701 -0.240062
-0.840701 0.485379 -0.240063
-0.864489 0.499113 -0.059535
-0.840701 0.485379 -0.240063
-0.998226 -0.000000 -0.059535
-0.864489 0.499113 -0.059535
-0.840701 0.485379 -0.240063
-0.970757 -0.000000 -0.240063
-0.998226 -0.000000 -0.059535
-0.970757 -0.000000 -0.240063
-0.864489 -0.499113 -0.059535
-0.998226 -0.000000 -0.059535
-0.970757 -0.000000 -0.240063
-0.840701 -0.485379 -0.240063
-0.864489 -0.499113 -0.059535
-0.840701 -0.485379 -0.240063
-0.499101 -0.864496 -0.059535
-0.864489 -0.499113 -0.059535
-0.840701 -0.485379 -0.240063
-0.485376 -0.840703 -0.240059
-0.499101 -0.864496 -0.059535
-0.485376 -0.840703 -0.240059
-0.000003 -0.998227 -0.059525
-0.499101 -0.864496 -0.059535
-0.485376 -0.840703 -0.240059
-0.000003 -0.970760 -0.240052
-0.000003 -0.998227 -0.059525
-0.000003 -0.970760 -0.240052
0.499104 -0.864495 -0.059531
-0.000003 -0.998227 -0.059525
-0.000003 -0.970760 -0.240052
0.485379 -0.840701 -0.240062
0.499104 -0.864495 -0.059531
0.485379 -0.840701 -0.240062
0.864489 -0.499113 -0.059535
0.499104 -0.864495 -0.059531
0.485379 -0.840701 -0.240062
0.840701 -0.485379 -0.240063
0.864489 -0.499113 -0.059535
0.840701 -0.485379 -0.240063
0.998226 0.000000 -0.059535
0.864489 -0.499113 -0.059535
0.840701 -0.485379 -0.240063
0.970757 0.000000 -0.240063
0.998226 0.000000 -0.059535
0.998226 0.000000 -0.059535
0.864489 0.499113 0.059535
0.998226 0.000000 0.059535
0.998226 0.000000 -0.059535
0.864489 0.499113 -0.059535
0.864489 0.499113 0.059535
0.864489 0.499113 -0.059535
0.499113 0.864489 0.059535
0.864489 0.499113 0.059535
0.864489 0.499113 -0.059535
0.499113 0.864489 -0.059535
0.499113 0.864489 0.059535
0.499113 0.864489 -0.059535
-0.000000 0.998226 0.059535
0.499113 0.864489 0.059535
0.499113 0.864489 -0.059535
-0.000000 0.998226 -0.059535
-0.000000 0.998226 0.059535
-0.000000 0.998226 -0.059535
-0.499113 0.864489 0.059535
-0.000000 0.998226 0.059535
-0.000000 0.998226 -0.059535
-0.499113 0.864489 -0.059535
-0.499113 0.864489 0.059535
-0.499113 0.864489 -0.059535
-0.864489 0.499113 0.059535
-0.499113 0.864489 0.059535
-0.499113 0.864489 -0.059535
-0.864489 0.499113 -0.059535
-0.864489 0.499113 0.059535
-0.864489 0.499113 -0.059535
-0.998226 -0.000000 0.059535
-0.864489 0.499113 0.059535
-0.864489 0.499113 -0.059535
-0.998226 -0.000000 -0.059535
-0.998226 -0.000000 0.059535
-0.998226 -0.000000 -0.059535
-0.864489 -0.499113 0.059535
-0.998226 -0.000000 0.059535
-0.998226 -0.000000 -0.059535
-0.864489 -0.499113 -0.059535
-0.864489 -0.499113 0.059535
-0.864489 -0.499113 -0.059535
-0.499104 -0.864495 0.059531
-0.864489 -0.499113 0.059535
-0.864489 -0.499113 -0.059535
-0.499101 -0.864496 -0.059535
-0.499104 -0.864495 0.059531
-0.499101 -0.864496 -0.059535
0.000003 -0.998227 0.059525
-0.499104 -0.864495 0.059531
-0.499101 -0.864496 -0.059535
-0.000003 -0.998227 -0.059525
0.000003 -0.998227 0.059525
-0.000003 -0.998227 -0.059525
0.499101 -0.864496 0.059535
0.000003 -0.998227 0.059525
-0.000003 -0.998227 -0.059525
0.499104 -0.864495 -0.059531
0.499101 -0.864496 0.059535
0.499104 -0.864495 -0.059531
0.864489 -0.499113 0.059535
0.499101 -0.864496 0.059535
0.499104 -0.864495 -0.059531
0.864489 -0.499113 -0.059535
0.864489 -0.499113 0.059535
0.864489 -0.499113 -0.059535
0.998226 0.000000 0.059535
0.864489 -0.499113 0.059535
0.864489 -0.499113 -0.059535
0.998226 0.000000 -0.059535
0.998226 0.000000 0.059535
0.998226 0.000000 0.059535
0.840701 0.485379 0.240062
0.970757 0.000000 0.240062
0.998226 0.000000 0.059535
0.864489 0.499113 0.059535
0.840701 0.485379 0.240062
0.864489 0.499113 0.059535
0.485379 0.840701 0.240062
0.840701 0.485379 0.240062
0.864489 0.499113 0.059535
0.499113 0.864489 0.059535
0.485379 0.840701 0.240062
0.499113 0.864489 0.059535
-0.000000 0.970758 0.240062
0.485379 0.840701 0.240062
0.499113 0.864489 0.059535
-0.000000 0.998226 0.059535
-0.000000 0.970758 0.240062
-0.000000 0.998226 0.059535
-0.485379 0.840701 0.240062
-0.000000 0.970758 0.240062
-0.000000 0.998226 0.059535
-0.499113 0.864489 0.059535
-0.485379 0.840701 0.240062
-0.499113 0.864489 0.059535
-0.840701 0.485379 0.240062
-0.485379 0.840701 0.240062
-0.499113 0.864489 0.059535
-0.864489 0.499113 0.059535
-0.840701 0.485379 0.240062
-0.864489 0.499113 0.059535
-0.970757 -0.000000 0.240062
-0.840701 0.485379 0.240062
-0.864489 0.499113 0.059535
-0.998226 -0.000000 0.059535
-0.970757 -0.000000 0.240062
-0.998226 -0.000000 0.059535
-0.840701 -0.485379 0.240062
-0.970757 -0.000000 0.240062
-0.998226 -0.000000 0.059535
-0.864489 -0.499113 0.059535
-0.840701 -0.485379 0.240062
-0.864489 -0.499113 0.059535
-0.485379 -0.840701 0.240062
-0.840701 -0.485379 0.240062
-0.864489 -0.499113 0.059535
-0.499104 -0.864495 0.059531
-0.485379 -0.840701 0.240062
-0.499104 -0.864495 0.059531
0.000004 -0.970760 0.240052
-0.485379 -0.840701 0.240062
-0.499104 -0.864495 0.059531
0.000003 -0.998227 0.059525
0.000004 -0.970760 0.240052
0.000003 -0.998227 0.059525
0.485376 -0.840703 0.240059
0.000004 -0.970760 0.240052
0.000003 -0.998227 0.059525
0.499101 -0.864496 0.059535
0.485376 -0.840703 0.240059
0.499101 -0.864496 0.059535
0.840701 -0.485379 0.240062
0.485376 -0.840703 0.240059
0.499101 -0.864496 0.059535
0.864489 -0.499113 0.059535
0.840701 -0.485379 0.240062
0.864489 -0.499113 0.059535
0.970757 0.000000 0.240062
0.840701 -0.485379 0.240062
0.864489 -0.499113 0.059535
0.998226 0.000000 0.059535
0.970757 0.000000 0.240062
0.970757 0.000000 0.240062
0.806006 0.465348 0.365793
0.930696 -0.000000 0.365794
0.970757 0.000000 0.240062
0.840701 0.485379 0.240062
0.806006 0.465348 0.365793
0.840701 0.485379 0.240062
0.465348 0.806007 0.365793
0.806006 0.465348 0.365793
0.840701 0.485379 0.240062
0.485379 0.840701 0.240062
0.465348 0.806007 0.365793
0.485379 0.840701 0.240062
-0.000000 0.930696 0.365793
0.465348 0.806007 0.365793
0.485379 0.840701 0.240062
-0.000000 0.970758 0.240062
-0.000000 0.930696 0.365793
-0.000000 0.970758 0.240062
-0.465348 0.806007 0.365793
-0.000000 0.930696 0.365793
-0.000000 0.970758 0.240062
-0.485379 0.840701 0.240062
-0.465348 0.806007 0.365793
-0.485379 0.840701 0.240062
-0.806007 0.465348 0.365793
-0.465348 0.806007 0.365793
-0.485379 0.840701 0.240062
-0.840701 0.485379 0.240062
-0.806007 0.465348 0.365793
-0.840701 0.485379 0.240062
-0.930696 -0.000000 0.365793
-0.806007 0.465348 0.365793
-0.840701 0.485379 0.240062
-0.970757 -0.000000 0.240062
-0.930696 -0.000000 0.365793
-0.970757 -0.000000 0.240062
-0.806006 -0.465348 0.365793
-0.930696 -0.000000 0.365793
-0.970757 -0.000000 0.240062
-0.840701 -0.485379 0.240062
-0.806006 -0.465348 0.365793
-0.840701 -0.485379 0.240062
-0.465348 -0.806007 0.365793
-0.806006 -0.465348 0.365793
-0.840701 -0.485379 0.240062
-0.485379 -0.840701 0.240062
-0.465348 -0.806007 0.365793
-0.485379 -0.840701 0.240062
0.000000 -0.930696 0.365793
-0.465348 -0.806007 0.365793
-0.485379 -0.840701 0.240062
0.000004 -0.970760 0.240052
0.000000 -0.930696 0.365793
0.000004 -0.970760 0.240052
0.465348 -0.806007 0.365793
0.000000 -0.930696 0.365793
0.000004 -0.970760 0.240052
0.485376 -0.840703 0.240059
0.465348 -0.806007 0.365793
0.485376 -0.840703 0.240059
0.806007 -0.465348 0.365793
0.465348 -0.806007 0.365793
0.485376 -0.840703 0.240059
0.840701 -0.485379 0.240062
0.806007 -0.465348 0.365793
0.840701 -0.485379 0.240062
0.930696 -0.000000 0.365794
0.806007 -0.465348 0.365793
0.840701 -0.485379 0.240062
0.970757 0.000000 0.240062
0.930696 -0.000000 0.365794
0.000000 0.000000 1.000000
0.000000 0.000000 1.000000
0.000000 0.000000 1.000000
0.000000 0.000000 1.000000
0.000000 0.000000 1.000000
0.000000 0.000000 1.000000
0.000000 0.000000 1.000000
0.000000 0.000000 1.000000
0.000000 0.000000 1.000000
0.000000 0.000000 1.000000
0.000000 0.000000 1.000000
0.000000 0.000000 1.000000
0.000000 0.000000 1.000000
0.000000 0.000000 1.000000
0.000000 0.000000 1.000000
0.000000 0.000000 1.000000
0.000000 0.000000 1.000000
0.000000 0.000000 1.000000
0.000000 0.000000 1.000000
0.000000 0.000000 1.000000
0.000000 0.000000 1.000000
0.000000 0.000000 1.000000
0.000000 0.000000 1.000000
0.000000 0.000000 1.000000
0.000000 0.000000 1.000000
0.000000 0.000000 1.000000
0.000000 0.000000 1.000000
0.000000 0.000000 1.000000
0.000000 0.000000 1.000000
0.000000 0.000000 1.000000
0.000000 0.000000 1.000000
0.000000 0.000000 1.000000
0.000000 0.000000 1.000000
0.000000 0.000000 1.000000
0.000000 0.000000 1.000000
0.000000 0.000000 1.000000
-0.000002 -0.000001 1.000000
-0.000002 -0.000001 1.000000
-0.000002 -0.000001 1.000000
-0.000002 -0.000001 1.000000
-0.000002 -0.000001 1.000000
-0.000002 -0.000001 1.000000
-0.000002 -0.000002 1.000000
-0.000002 -0.000002 1.000000
-0.000002 -0.000002 1.000000
-0.000002 -0.000002 1.000000
-0.000002 -0.000002 1.000000
-0.000002 -0.000002 1.000000
-0.000001 -0.000002 1.000000
-0.000001 -0.000002 1.000000
-0.000001 -0.000002 1.000000
-0.000001 -0.000002 1.000000
-0.000001 -0.000002 1.000000
-0.000001 -0.000002 1.000000
0.000001 -0.000002 1.000000
0.000001 -0.000002 1.000000
0.000001 -0.000002 1.000000
0.000001 -0.000002 1.000000
0.000001 -0.000002 1.000000
0.000001 -0.000002 1.000000
0.000002 -0.000002 1.000000
0.000002 -0.000002 1.000000
0.000002 -0.000002 1.000000
0.000002 -0.000002 1.000000
0.000002 -0.000002 1.000000
0.000002 -0.000002 1.000000
0.000002 -0.000001 1.000000
0.000002 -0.000001 1.000000
0.000002 -0.000001 1.000000
0.000002 -0.000001 1.000000
0.000002 -0.000001 1.000000
0.000002 -0.000001 1.000000
0.000002 0.000001 1.000000
0.000002 0.000001 1.000000
0.000002 0.000001 1.000000
0.000002 0.000001 1.000000
0.000002 0.000001 1.000000
0.000002 0.000001 1.000000
0.000002 0.000002 1.000000
0.000002 0.000002 1.000000
0.000002 0.000002 1.000000
0.000002 0.000002 1.000000
0.000002 0.000002 1.000000
0.000002 0.000002 1.000000
0.000001 0.000002 1.000000
0.000001 0.000002 1.000000
0.000001 0.000002 1.000000
0.000001 0.000002 1.000000
0.000001 0.000002 1.000000
0.000001 0.000002 1.000000
-0.000001 0.000002 1.000000
-0.000001 0.000002 1.000000
-0.000001 0.000002 1.000000
-0.000001 0.000002 1.000000
-0.000001 0.000002 1.000000
-0.000001 0.000002 1.000000
-0.000002 0.000002 1.000000
-0.000002 0.000002 1.000000
-0.000002 0.000002 1.000000
-0.000002 0.000002 1.000000
-0.000002 0.000002 1.000000
-0.000002 0.000002 1.000000
-0.000002 0.000001 1.000000
-0.000002 0.000001 1.000000
-0.000002 0.000001 1.000000
-0.000002 0.000001 1.000000
-0.000002 0.000001 1.000000
-0.000002 0.000001 1.000000
-1.000000 -0.000018 -0.000000
-0.866017 -0.500014 0.000056
-0.866033 -0.499986 0.000056
-0.866033 -0.499986 0.000056
-1.000000 0.000018 -0.000000
-1.000000 -0.000018 -0.000000
-0.866017 -0.500014 0.000056
-0.499992 -0.866030 0.000096
-0.500008 -0.866021 0.000096
-0.500008 -0.866021 0.000096
-0.866033 -0.499986 0.000056
-0.866017 -0.500014 0.000056
-0.499992 -0.866030 0.000096
0.000000 -1.000000 0.000111
0.000000 -1.000000 0.000111
0.000000 -1.000000 0.000111
-0.500008 -0.866021 0.000096
-0.499992 -0.866030 0.000096
0.000000 -1.000000 0.000111
0.499992 -0.866030 0.000096
0.500008 -0.866021 0.000096
0.500008 -0.866021 0.000096
0.000000 -1.000000 0.000111
0.000000 -1.000000 0.000111
0.499992 -0.866030 0.000096
0.866017 -0.500014 0.000055
0.866033 -0.499986 0.000055
0.866033 -0.499986 0.000055
0.500008 -0.866021 0.000096
0.499992 -0.866030 0.000096
0.866017 -0.500014 0.000055
1.000000 -0.000018 -0.000000
1.000000 0.000018 -0.000000
1.000000 0.000018 -0.000000
0.866033 -0.499986 0.000055
0.866017 -0.500014 0.000055
1.000000 -0.000018 -0.000000
0.866033 0.499986 -0.000056
0.866017 0.500014 -0.000056
0.866017 0.500014 -0.000056
1.000000 0.000018 -0.000000
1.000000 -0.000018 -0.000000
0.866033 0.499986 -0.000056
0.500008 0.866021 -0.000097
0.499992 0.866030 -0.000097
0.499992 0.866030 -0.000097
0.866017 0.500014 -0.000056
0.866033 0.499986 -0.000056
0.500008 0.866021 -0.000097
-0.000000 1.000000 -0.000111
-0.000000 1.000000 -0.000111
-0.000000 1.000000 -0.000111
0.499992 0.866030 -0.000097
0.500008 0.866021 -0.000097
-0.000000 1.000000 -0.000111
-0.500008 0.866021 -0.000097
-0.499992 0.866030 -0.000097
-0.499992 0.866030 -0.000097
-0.000000 1.000000 -0.000111
-0.000000 1.000000 -0.000111
-0.500008 0.866021 -0.000097
-0.866033 0.499986 -0.000056
-0.866017 0.500014 -0.000056
-0.866017 0.500014 -0.000056
-0.499992 0.866030 -0.000097
-0.500008 0.866021 -0.000097
-0.866033 0.499986 -0.000056
-1.000000 -0.000018 -0.000000
-1.000000 0.000018 -0.000000
-1.000000 0.000018 -0.000000
-0.866017 0.500014 -0.000056
-0.866033 0.499986 -0.000056
-0.000000 -0.000000 -1.000000
-0.000000 -0.000000 -1.000000
-0.000000 -0.000000 -1.000000
-0.000000 -0.000000 -1.000000
-0.000000 -0.000000 -1.000000
-0.000000 -0.000000 -1.000000
-0.000000 -0.000000 -1.000000
-0.000000 -0.000000 -1.000000
-0.000000 -0.000000 -1.000000
-0.000000 -0.000000 -1.000000
-0.000000 -0.000000 -1.000000
-0.000000 -0.000000 -1.000000
-0.000000 -0.000000 -1.000000
-0.000000 -0.000000 -1.000000
-0.000000 -0.000000 -1.000000
-0.000000 -0.000000 -1.000000
-0.000000 -0.000000 -1.000000
-0.000000 -0.000000 -1.000000
0.000000 -0.000000 -1.000000
0.000000 -0.000000 -1.000000
0.000000 -0.000000 -1.000000
0.000000 -0.000000 -1.000000
0.000000 -0.000000 -1.000000
0.000000 -0.000000 -1.000000
0.000000 -0.000000 -1.000000
0.000000 -0.000000 -1.000000
0.000000 -0.000000 -1.000000
0.000000 -0.000000 -1.000000
0.000000 -0.000000 -1.000000
0.000000 -0.000000 -1.000000
0.000000 -0.000000 -1.000000
0.000000 -0.000000 -1.000000
0.000000 -0.000000 -1.000000
0.000000 -0.000000 -1.000000
0.000000 -0.000000 -1.000000
0.000000 -0.000000 -1.000000
0.000000 0.000000 -1.000000
0.000000 0.000000 -1.000000
0.000000 0.000000 -1.000000
0.000000 0.000000 -1.000000
0.000000 0.000000 -1.000000
0.000000 0.000000 -1.000000
0.000000 0.000000 -1.000000
0.000000 0.000000 -1.000000
0.000000 0.000000 -1.000000
-0.000000 -0.000000 -1.000000
-0.000000 -0.000000 -1.000000
-0.000000 -0.000000 -1.000000
-0.000000 -0.000000 -1.000000
-0.000000 -0.000000 -1.000000
-0.000000 -0.000000 -1.000000
-0.000000 -0.000000 -1.000000
-0.000000 -0.000000 -1.000000
-0.000000 -0.000000 -1.000000
0.000000 -0.000000 -1.000000
0.000000 -0.000000 -1.000000
0.000000 -0.000000 -1.000000
0.000000 -0.000000 -1.000000
0.000000 -0.000000 -1.000000
0.000000 -0.000000 -1.000000
0.000000 -0.000000 -1.000000
0.000000 -0.000000 -1.000000
0.000000 -0.000000 -1.000000
-0.000000 0.000000 -1.000000
-0.000000 0.000000 -1.000000
-0.000000 0.000000 -1.000000
-0.000000 0.000000 -1.000000
-0.000000 0.000000 -1.000000
-0.000000 0.000000 -1.000000
-0.000000 0.000000 -1.000000
-0.000000 0.000000 -1.000000
-0.000000 0.000000 -1.000000
-0.866025 -0.500000 -0.000000
-1.000000 -0.000000 -0.000000
-1.000000 -0.000000 0.000000
-1.000000 -0.000000 0.000000
-0.866025 -0.500000 0.000000
-0.866025 -0.500000 -0.000000
-0.500000 -0.866025 0.000000
-0.866025 -0.500000 -0.000000
-0.866025 -0.500000 0.000000
-0.866025 -0.500000 0.000000
-0.500000 -0.866025 0.000000
-0.500000 -0.866025 0.000000
0.000000 -1.000000 0.000000
-0.500000 -0.866025 0.000000
-0.500000 -0.866025 0.000000
-0.500000 -0.866025 0.000000
0.000000 -1.000000 0.000000
0.000000 -1.000000 0.000000
0.500000 -0.866025 0.000000
0.000000 -1.000000 0.000000
0.000000 -1.000000 0.000000
0.000000 -1.000000 0.000000
0.500000 -0.866025 0.000000
0.500000 -0.866025 0.000000
0.866025 -0.500000 0.000000
0.500000 -0.866025 0.000000
0.500000 -0.866025 0.000000
0.500000 -0.866025 0.000000
0.866025 -0.500000 -0.000000
0.866025 -0.500000 0.000000
1.000000 0.000000 0.000000
0.866025 -0.500000 0.000000
0.866025 -0.500000 -0.000000
0.866025 -0.500000 -0.000000
1.000000 0.000000 -0.000000
1.000000 0.000000 0.000000
0.866025 0.500000 0.000000
1.000000 0.000000 0.000000
1.000000 0.000000 -0.000000
1.000000 0.000000 -0.000000
0.866025 0.500000 0.000000
0.866025 0.500000 0.000000
0.500000 0.866025 0.000000
0.866025 0.500000 0.000000
0.866025 0.500000 0.000000
0.866025 0.500000 0.000000
0.500000 0.866025 0.000000
0.500000 0.866025 0.000000
-0.000000 1.000000 0.000000
0.500000 0.866025 0.000000
0.500000 0.866025 0.000000
0.500000 0.866025 0.000000
-0.000000 1.000000 0.000000
-0.000000 1.000000 0.000000
-0.500000 0.866025 0.000000
-0.000000 1.000000 0.000000
-0.000000 1.000000 0.000000
-0.000000 1.000000 0.000000
-0.500000 0.866025 0.000000
-0.500000 0.866025 0.000000
-0.866025 0.500000 0.000000
-0.500000 0.866025 0.000000
-0.500000 0.866025 0.000000
-0.500000 0.866025 0.000000
-0.866025 0.500000 0.000000
-0.866025 0.500000 0.000000
-1.000000 -0.000000 -0.000000
-0.866025 0.500000 0.000000
-0.866025 0.500000 0.000000
-0.866025 0.500000 0.000000
-1.000000 -0.000000 0.000000
-1.000000 -0.000000 -0.000000

197
1.499997 0.000500
1.666663 0.148092
1.499997 0.148092
1.666663 0.000500
1.833331 0.148092
1.833331 0.000500
2.000000 0.148092
2.000000 0.000500
0.166669 0.148092
0.166669 0.000500
0.333337 0.148092
0.333337 0.000500
0.500003 0.148092
0.500003 0.000500
0.666668 0.148092
0.666668 0.000500
0.833333 0.148092
0.833334 0.000500
1.000000 0.148092
1.000000 0.000500
1.166667 0.148092
1.166666 0.000500
1.333332 0.148092
1.333332 0.000500
1.666663 0.374486
1.499998 0.374486
1.833331 0.374486
2.000000 0.374486
0.166669 0.374486
0.333336 0.374486
0.500002 0.374486
0.666668 0.374486
0.833333 0.374486
1.000000 0.374486
1.166667 0.374486
1.333332 0.374486
1.666663 0.625514
1.499998 0.625514
1.833331 0.625514
2.000000 0.625514
0.166669 0.625514
0.333336 0.625514
0.500002 0.625514
0.666668 0.625514
0.833333 0.625514
1.000000 0.625514
1.166667 0.625514
1.333332 0.625514
1.666663 0.851908
1.499997 0.851908
1.833331 0.851908
2.000000 0.851908
0.166669 0.851908
0.333337 0.851908
0.500003 0.851908
0.666668 0.851908
0.833333 0.851908
1.000000 0.851908
1.166667 0.851908
1.333332 0.851908
1.666663 0.999500
1.499997 0.999500
1.833331 0.999500
2.000000 0.999500
0.166669 0.999500
0.333337 0.999500
0.500003 0.999500
0.666668 0.999500
0.833334 0.999500
1.000000 0.999500
1.166666 0.999500
1.333332 0.999500
-0.000000 0.000500
-0.000000 0.148092
-0.000000 0.000500
-0.000000 0.148092
-0.000000 0.374486
-0.000000 0.148092
-0.000000 0.374486
-0.000000 0.625514
-0.000000 0.374486
-0.000000 0.625514
-0.000000 0.851908
-0.000000 0.625514
-0.000000 0.851908
-0.000000 0.999500
-0.000000 0.851908
0.500000 0.500000
0.722692 0.628571
0.757143 0.500000
0.628572 0.722692
0.500000 0.757143
0.371429 0.722692
0.277308 0.628571
0.242857 0.500000
0.277308 0.371429
0.371429 0.277308
0.500000 0.242857
0.628571 0.277308
0.722692 0.371429
0.500000 0.500000
0.757143 0.500000
0.722692 0.628571
0.628572 0.722692
0.500000 0.757143
0.371429 0.722692
0.277308 0.628571
0.242857 0.500000
0.277308 0.371429
0.371429 0.277308
0.500000 0.242857
0.628571 0.277308
0.722692 0.371429
1.500000 0.916250
1.666667 0.916250
1.666667 0.916250
1.500000 0.916250
1.833333 0.916250
1.833333 0.916250
2.000000 0.916250
2.000000 0.916250
0.166667 0.916250
0.166667 0.916250
0.333333 0.916250
0.333333 0.916250
0.500000 0.916250
0.500000 0.916250
0.666667 0.916250
0.666667 0.916250
0.833333 0.916250
0.833333 0.916250
1.000000 0.916250
1.000000 0.916250
1.166667 0.916250
1.166667 0.916250
1.333333 0.916250
1.333333 0.916250
1.666667 0.881563
1.500000 0.881563
1.833333 0.881563
2.000000 0.881563
0.166667 0.881563
0.333333 0.881563
0.500000 0.881563
0.666667 0.881563
0.833333 0.881563
1.000000 0.881563
1.166667 0.881563
1.333333 0.881563
1.666667 0.083750
1.500000 0.083750
1.500000 0.083750
1.666667 0.083750
1.833333 0.083750
1.833333 0.083750
2.000000 0.083750
2.000000 0.083750
0.166667 0.083750
0.166667 0.083750
0.333333 0.083750
0.333333 0.083750
0.500000 0.083750
0.500000 0.083750
0.666667 0.083750
0.666667 0.083750
0.833333 0.083750
0.833333 0.083750
1.000000 0.083750
1.000000 0.083750
1.166667 0.083750
1.166667 0.083750
1.333333 0.083750
1.333333 0.083750
1.500000 0.118437
1.666667 0.118437
1.833333 0.118437
2.000000 0.118437
0.166667 0.118437
0.333333 0.118437
0.500000 0.118437
0.666667 0.118437
0.833333 0.118437
1.000000 0.118437
1.166667 0.118437
1.333333 0.118437
-0.000000 0.916250
-0.000000 0.916250
-0.000000 0.916250
-0.000000 0.916250
-0.000000 0.881563
-0.000000 0.916250
-0.000000 0.083750
-0.000000 0.083750
-0.000000 0.083750
-0.000000 0.083750
-0.000000 0.118437
-0.000000 0.118437

240
0 0 87 111 1 88 110 2 89
0 3 87 112 4 90 111 5 88
0 6 87 113 7 91 112 8 90
0 9 87 114 10 92 113 11 91
0 12 87 115 13 93 114 14 92
0 15 87 116 16 94 115 17 93
0 18 87 117 19 95 116 20 94
0 21 87 118 22 96 117 23 95
0 24 87 119 25 97 118 26 96
0 27 87 120 28 98 119 29 97
0 30 87 121 31 99 120 32 98
0 33 87 110 34 89 121 35 99
1 36 0 14 37 1 13 38 2
1 39 0 2 40 3 14 41 1
2 42 3 15 43 4 14 44 1
2 45 3 3 46 5 15 47 4
3 48 5 16 49 6 15 50 4
3 51 5 4 52 7 16 53 6
4 54 72 17 55 8 16 56 73
4 57 74 5 58 9 17 59 8
5 60 9 18 61 10 17 62 8
5 63 9 6 64 11 18 65 10
6 66 11 19 67 12 18 68 10
6 69 11 7 70 13 19 71 12
7 72 13 20 73 14 19 74 12
7 75 13 8 76 15 20 77 14
8 78 15 21 79 16 20 80 14
8 81 15 9 82 17 21 83 16
9 84 17 22 85 18 21 86 16
9 87 17 10 88 19 22 89 18
10 90 19 23 91 20 22 92 18
10 93 19 11 94 21 23 95 20
11 96 21 24 97 22 23 98 20
11 99 21 12 100 23 24 101 22
12 102 23 13 103 2 24 104 22
12 105 23 1 106 0 13 107 2
13 108 2 26 109 24 25 110 25
13 111 2 14 112 1 26 113 24
14 114 1 27 115 26 26 116 24
14 117 1 15 118 4 27 119 26
15 120 4 28 121 27 27 122 26
15 123 4 16 124 6 28 125 27
16 126 75 29 127 28 28 128 76
16 129 77 17 130 8 29 131 28
17 132 8 30 133 29 29 134 28
17 135 8 18 136 10 30 137 29
18 138 10 31 139 30 30 140 29
18 141 10 19 142 12 31 143 30
19 144 12 32 145 31 31 146 30
19 147 12 20 148 14 32 149 31
20 150 14 33 151 32 32 152 31
20 153 14 21 154 16 33 155 32
21 156 16 34 157 33 33 158 32
21 159 16 22 160 18 34 161 33
22 162 18 35 163 34 34 164 33
22 165 18 23 166 20 35 167 34
23 168 20 36 169 35 35 170 34
23 171 20 24 172 22 36 173 35
24 174 22 25 175 25 36 176 35
24 177 22 13 178 2 25 179 25
25 180 25 38 181 36 37 182 37
25 183 25 26 184 24 38 185 36
26 186 24 39 187 38 38 188 36
26 189 24 27 190 26 39 191 38
27 192 26 40 193 39 39 194 38
27 195 26 28 196 27 40 197 39
28 198 78 41 199 40 40 200 79
28 201 80 29 202 28 41 203 40
29 204 28 42 205 41 41 206 40
29 207 28 30 208 29 42 209 41
30 210 29 43 211 42 42 212 41
30 213 29 31 214 30 43 215 42
31 216 30 44 217 43 43 218 42
31 219 30 32 220 31 44 221 43
32 222 31 45 223 44 44 224 43
32 225 31 33 226 32 45 227 44
33 228 32 46 229 45 45 230 44
33 231 32 34 232 33 46 233 45
34 234 33 47 235 46 46 236 45
34 237 33 35 238 34 47 239 46
35 240 34 48 241 47 47 242 46
35 243 34 36 244 35 48 245 47
36 246 35 37 247 37 48 248 47
36 249 35 25 250 25 37 251 37
37 252 37 50 253 48 49 254 49
37 255 37 38 256 36 50 257 48
38 258 36 51 259 50 50 260 48
38 261 36 39 262 38 51 263 50
39 264 38 52 265 51 51 266 50
39 267 38 40 268 39 52 269 51
40 270 81 53 271 52 52 272 82
40 273 83 41 274 40 53 275 52
41 276 40 54 277 53 53 278 52
41 279 40 42 280 41 54 281 53
42 282 41 55 283 54 54 284 53
42 285 41 43 286 42 55 287 54
43 288 42 56 289 55 55 290 54
43 291 42 44 292 43 56 293 55
44 294 43 57 295 56 56 296 55
44 297 43 45 298 44 57 299 56
45 300 44 58 301 57 57 302 56
45 303 44 46 304 45 58 305 57
46 306 45 59 307 58 58 308 57
46 309 45 47 310 46 59 311 58
47 312 46 60 313 59 59 314 58
47 315 46 48 316 47 60 317 59
48 318 47 49 319 49 60 320 59
48 321 47 37 322 37 49 323 49
49 324 49 62 325 60 61 326 61
49 327 49 50 328 48 62 329 60
50 330 48 63 331 62 62 332 60
50 333 48 51 334 50 63 335 62
51 336 50 64 337 63 63 338 62
51 339 50 52 340 51 64 341 63
52 342 84 65 343 64 64 344 85
52 345 86 53 346 52 65 347 64
53 348 52 66 349 65 65 350 64
53 351 52 54 352 53 66 353 65
54 354 53 67 355 66 66 356 65
54 357 53 55 358 54 67 359 66
55 360 54 68 361 67 67 362 66
55 363 54 56 364 55 68 365 67
56 366 55 69 367 68 68 368 67
56 369 55 57 370 56 69 371 68
57 372 56 70 373 69 69 374 68
57 375 56 58 376 57 70 377 69
58 378 57 71 379 70 70 380 69
58 381 57 59 382 58 71 383 70
59 384 58 72 385 71 71 386 70
59 387 58 60 388 59 72 389 71
60 390 59 61 391 61 72 392 71
60 393 59 49 394 49 61 395 61
73 396 100 86 397 101 87 398 102
73 399 100 87 400 102 88 401 103
73 402 100 88 403 103 89 404 104
73 405 100 89 406 104 90 407 105
73 408 100 90 409 105 91 410 106
73 411 100 91 412 106 92 413 107
73 414 100 92 415 107 93 416 108
73 417 100 93 418 108 94 419 109
73 420 100 94 421 109 95 422 110
73 423 100 95 424 110 96 425 111
73 426 100 96 427 111 97 428 112
73 429 100 97 430 112 86 431 101
61 432 113 62 433 114 75 434 115
75 435 115 74 436 116 61 437 113
62 438 114 63 439 117 76 440 118
76 441 118 75 442 115 62 443 114
63 444 117 64 445 119 77 446 120
77 447 120 76 448 118 63 449 117
64 450 185 65 451 121 78 452 122
78 453 122 77 454 186 64 455 187
65 456 121 66 457 123 79 458 124
79 459 124 78 460 122 65 461 121
66 462 123 67 463 125 80 464 126
80 465 126 79 466 124 66 467 123
67 468 125 68 469 127 81 470 128
81 471 128 80 472 126 67 473 125
68 474 127 69 475 129 82 476 130
82 477 130 81 478 128 68 479 127
69 480 129 70 481 131 83 482 132
83 483 132 82 484 130 69 485 129
70 486 131 71 487 133 84 488 134
84 489 134 83 490 132 70 491 131
71 492 133 72 493 135 85 494 136
85 495 136 84 496 134 71 497 133
72 498 135 61 499 113 74 500 116
74 501 116 85 502 136 72 503 135
74 504 116 75 505 115 87 506 137
87 507 137 86 508 138 74 509 116
75 510 115 76 511 118 88 512 139
88 513 139 87 514 137 75 515 115
76 516 118 77 517 120 89 518 140
89 519 140 88 520 139 76 521 118
77 522 188 78 523 122 90 524 141
90 525 141 89 526 189 77 527 190
78 528 122 79 529 124 91 530 142
91 531 142 90 532 141 78 533 122
79 534 124 80 535 126 92 536 143
92 537 143 91 538 142 79 539 124
80 540 126 81 541 128 93 542 144
93 543 144 92 544 143 80 545 126
81 546 128 82 547 130 94 548 145
94 549 145 93 550 144 81 551 128
82 552 130 83 553 132 95 554 146
95 555 146 94 556 145 82 557 130
83 558 132 84 559 134 96 560 147
96 561 147 95 562 146 83 563 132
84 564 134 85 565 136 97 566 148
97 567 148 96 568 147 84 569 134
85 570 136 74 571 116 86 572 138
86 573 138 97 574 148 85 575 136
2 576 149 1 577 150 98 578 151
98 579 151 99 580 152 2 581 149
3 582 153 2 583 149 99 584 152
99 585 152 100 586 154 3 587 153
4 588 155 3 589 153 100 590 154
100 591 154 101 592 156 4 593 155
5 594 157 4 595 191 101 596 192
101 597 193 102 598 158 5 599 157
6 600 159 5 601 157 102 602 158
102 603 158 103 604 160 6 605 159
7 606 161 6 607 159 103 608 160
103 609 160 104 610 162 7 611 161
8 612 163 7 613 161 104 614 162
104 615 162 105 616 164 8 617 163
9 618 165 8 619 163 105 620 164
105 621 164 106 622 166 9 623 165
10 624 167 9 625 165 106 626 166
106 627 166 107 628 168 10 629 167
11 630 169 10 631 167 107 632 168
107 633 168 108 634 170 11 635 169
12 636 171 11 637 169 108 638 170
108 639 170 109 640 172 12 641 171
1 642 150 12 643 171 109 644 172
109 645 172 98 646 151 1 647 150
99 648 152 98 649 151 110 650 173
110 651 173 111 652 174 99 653 152
100 654 154 99 655 152 111 656 174
111 657 174 112 658 175 100 659 154
101 660 156 100 661 154 112 662 175
112 663 175 113 664 176 101 665 156
102 666 158 101 667 194 113 668 195
113 669 196 114 670 177 102 671 158
103 672 160 102 673 158 114 674 177
114 675 177 115 676 178 103 677 160
104 678 162 103 679 160 115 680 178
115 681 178 116 682 179 104 683 162
105 684 164 104 685 162 116 686 179
116 687 179 117 688 180 105 689 164
106 690 166 105 691 164 117 692 180
117 693 180 118 694 181 106 695 166
107 696 168 106 697 166 118 698 181
118 699 181 119 700 182 107 701 168
108 702 170 107 703 168 119 704 182
119 705 182 120 706 183 108 707 170
109 708 172 108 709 170 120 710 183
120 711 183 121 712 184 109 713 172
98 714 151 109 715 172 121 716 184
121 717 184 110 718 173 98 719 151
