156
-0.333333 -10.029240 0.000000
0.333373 -10.010799 0.014309
-0.333333 6.040674 0.000000
0.333373 6.011561 0.014309
-0.288859 -10.010799 0.666667
0.294474 -10.010799 0.666667
-0.333333 6.040674 0.666667
0.294474 6.011561 0.666667
-0.288859 -10.010799 3.833333
0.307453 -10.004653 3.834550
-0.333333 6.040674 3.833332
0.307454 6.001857 3.834550
-0.333333 -10.029240 4.499999
0.333333 -10.029240 4.499999
-0.333333 6.040674 4.499999
0.333333 6.040674 4.499999
-0.244385 1.644796 0.666668
0.255615 1.644796 0.666668
-0.244385 1.978129 0.666668
0.255615 1.978129 0.666668
-0.244385 1.644796 3.833335
0.294514 1.644796 3.835158
-0.244385 1.978129 3.833335
0.294514 1.978129 3.835159
-0.244385 5.649116 0.666668
0.255615 5.649116 0.666668
-0.244385 5.982449 0.666668
-0.244385 5.649116 3.833335
0.294514 5.649116 3.835159
-0.244385 5.982449 3.833335
0.255615 -9.659024 0.666668
0.294513 -9.659025 3.835158
-0.244385 -9.659024 0.666668
-0.244385 -9.659024 3.833335
-0.244385 -6.151872 0.666668
0.255615 -6.151872 0.666668
0.294514 -6.151872 3.835158
-0.244385 -6.151872 3.833335
0.255615 -5.818538 0.666668
0.294514 -5.818538 3.835158
-0.244385 -5.818538 0.666668
-0.244385 -5.818538 3.833335
-0.244385 -2.293694 0.666668
0.255615 -2.293694 0.666668
0.294514 -2.293694 3.835158
-0.244385 -2.293694 3.833335
0.255615 -1.960361 0.666668
0.294514 -1.960361 3.835158
-0.244385 -1.960361 0.666668
-0.244385 -1.960361 3.833335
1.999957 1.644796 0.028618
1.999957 1.644796 0.528618
0.333412 1.644796 0.528618
0.333412 1.644796 0.028618
1.999957 1.978129 0.528618
0.333412 1.978129 0.528618
1.999957 1.978129 0.028618
0.333412 1.978129 0.028618
1.999957 5.649116 0.028618
1.999957 5.649116 0.528618
0.333412 5.649116 0.528618
0.333412 5.649116 0.028618
1.999957 5.982449 0.528618
0.333412 5.982449 0.528618
1.999999 6.011561 0.014309
1.999999 -10.010799 0.014309
1.999956 -9.992359 0.528617
0.333412 -9.992359 0.528617
1.999956 -9.659025 0.528617
0.333412 -9.659025 0.528617
1.999956 -9.659025 0.028617
0.333412 -9.659025 0.028617
1.999957 -6.151872 0.028617
1.999957 -6.151872 0.528617
0.333412 -6.151872 0.528617
0.333412 -6.151872 0.028617
1.999957 -5.818538 0.528617
0.333412 -5.818538 0.528617
1.999957 -5.818538 0.028617
0.333412 -5.818538 0.028617
1.999957 -2.293694 0.028618
1.999957 -2.293694 0.528618
0.333412 -2.293694 0.528618
0.333412 -2.293694 0.028618
1.999957 -1.960361 0.528618
0.333412 -1.960361 0.528618
1.999957 -1.960361 0.028618
0.333412 -1.960361 0.028618
2.666707 -10.029240 0.000000
2.666707 6.040674 0.000000
2.044515 -10.010799 0.666667
2.627848 -10.010799 0.666667
2.000041 6.040674 0.666667
2.627848 6.011561 0.666667
2.029662 -10.004653 3.834550
2.627848 -10.010799 3.833333
1.999999 6.011561 3.835157
2.627848 6.011561 3.833333
2.000041 -10.029240 4.499999
2.666707 -10.029240 4.499999
2.000041 6.040674 4.499999
2.666707 6.040674 4.499999
2.088989 1.644796 0.666668
2.588989 1.644796 0.666668
2.088989 1.978129 0.666668
2.588989 1.978129 0.666668
2.044473 1.644796 3.835158
2.588989 1.644796 3.833335
2.044473 1.978129 3.835159
2.588989 1.978129 3.833335
2.088989 5.649116 0.666668
2.588989 5.649116 0.666668
2.088989 5.982449 0.666668
2.044473 5.649116 3.835159
2.588989 5.649116 3.833335
2.088989 5.982449 3.833335
2.588989 -9.659024 0.666668
2.588989 -9.659024 3.833335
2.088989 -9.659024 0.666668
2.044473 -9.659025 3.835158
2.088989 -6.151872 0.666668
2.588989 -6.151872 0.666668
2.588989 -6.151872 3.833335
2.044473 -6.151872 3.835158
2.588989 -5.818538 0.666668
2.588989 -5.818538 3.833335
2.088989 -5.818538 0.666668
2.044473 -5.818538 3.835158
2.088989 -2.293694 0.666668
2.588989 -2.293694 0.666668
2.588989 -2.293694 3.833335
2.044473 -2.293694 3.835158
2.588989 -1.960361 0.666668
2.588989 -1.960361 3.833335
2.088989 -1.960361 0.666668
2.044473 -1.960361 3.835158
1.999957 1.644795 4.336982
0.333412 1.644796 4.336982
1.999957 1.978129 4.336982
0.333412 1.978129 4.336982
1.999957 5.649116 4.336982
0.333412 5.649116 4.336982
1.999957 5.982449 4.336982
0.333412 5.982449 4.336982
1.999956 -9.992359 4.336982
0.333412 -9.992359 4.336982
1.999956 -9.659025 4.336982
0.333412 -9.659025 4.336982
1.999957 -6.151872 4.336982
0.333412 -6.151872 4.336982
1.999957 -5.818538 4.336982
0.333412 -5.818538 4.336982
1.999957 -2.293694 4.336982
0.333412 -2.293694 4.336982
1.999957 -1.960362 4.336982
0.333412 -1.960361 4.336982

624
0.021457 0.000000 -0.999770
0.021457 0.000000 -0.999770
0.021457 0.000000 -0.999770
0.021457 0.000000 -0.999770
0.021457 0.000000 -0.999770
0.021457 0.000000 -0.999770
-0.000000 0.000000 1.000000
0.000000 0.000000 1.000000
-0.000001 0.000000 1.000000
-0.000001 0.000000 1.000000
-0.000001 0.000000 1.000000
-0.000000 0.000000 1.000000
0.014788 -0.999796 0.013728
0.013641 -0.999727 0.018953
0.007022 -0.999940 0.008408
0.007022 -0.999940 0.008408
0.000598 -0.999888 0.014951
0.014788 -0.999796 0.013728
0.998227 -0.000000 0.059521
0.998227 -0.000000 0.059522
0.998193 -0.053360 0.027641
0.998193 -0.053360 0.027641
0.998334 0.052479 0.024002
0.998227 -0.000000 0.059521
0.022200 0.999325 0.029278
0.043625 0.999048 0.000000
0.044954 0.998988 0.001361
0.044954 0.998988 0.001361
-0.001933 0.999997 0.001580
0.022200 0.999325 0.029278
-0.999995 -0.002697 0.001763
-0.997782 -0.000000 0.066563
-0.997519 0.062292 0.032782
-0.997519 0.062292 0.032782
-0.999996 -0.002771 0.000000
-0.999995 -0.002697 0.001763
0.002036 0.000000 -0.999998
0.001901 0.000005 -0.999998
0.001904 0.000005 -0.999998
0.001904 0.000005 -0.999998
0.002039 0.000000 -0.999998
0.002036 0.000000 -0.999998
0.000000 0.000000 1.000000
0.000000 0.000000 1.000000
0.000000 0.000000 1.000000
0.000000 0.000000 1.000000
0.000000 0.000000 1.000000
0.000000 0.000000 1.000000
0.007700 -0.999833 -0.016566
0.006598 -0.999967 -0.004820
0.004822 -0.999472 -0.032146
0.004822 -0.999472 -0.032146
0.000000 -0.999618 -0.027650
0.007700 -0.999833 -0.016566
0.999593 0.018520 -0.021703
0.999463 -0.020542 -0.025514
0.999245 -0.000000 -0.038861
0.999245 -0.000000 -0.038861
0.999245 -0.000000 -0.038862
0.999593 0.018520 -0.021703
-0.001700 0.999987 0.004774
0.060466 0.998170 0.000000
0.029534 0.999118 -0.029841
0.029534 0.999118 -0.029841
0.000000 0.998303 -0.058233
-0.001700 0.999987 0.004774
-0.999999 -0.000073 -0.001763
-0.997573 0.060938 -0.033696
-0.997891 -0.002690 -0.064853
-0.997891 -0.002690 -0.064853
-1.000000 -0.000000 0.000000
-0.999999 -0.000073 -0.001763
-0.000000 -1.000000 -0.000000
0.000000 -1.000000 -0.000000
-0.000000 -1.000000 -0.000000
-0.000000 -1.000000 -0.000000
-0.000000 -1.000000 0.000000
-0.000000 -1.000000 -0.000000
0.999925 0.000000 -0.012276
0.999925 0.000000 -0.012276
0.999925 0.000000 -0.012276
0.999925 0.000000 -0.012276
0.999925 0.000000 -0.012276
0.999925 0.000000 -0.012276
0.000000 1.000000 0.000000
0.000000 1.000000 0.000000
0.000000 1.000000 0.000000
0.000000 1.000000 0.000000
0.000000 1.000000 0.000000
0.000000 1.000000 0.000000
-1.000000 0.000000 0.000000
-1.000000 0.000000 0.000000
-1.000000 0.000000 0.000000
-1.000000 0.000000 0.000000
-1.000000 0.000000 0.000000
-1.000000 0.000000 0.000000
0.000000 -1.000000 0.000000
0.000000 -1.000000 0.000000
0.000000 -1.000000 0.000000
0.000000 -1.000000 0.000000
0.000000 -1.000000 0.000000
0.000000 -1.000000 0.000000
0.994805 -0.101676 -0.004957
0.998193 -0.053360 0.027641
0.999463 -0.020542 -0.025514
0.999463 -0.020542 -0.025514
0.999252 -0.036677 -0.012268
0.994805 -0.101676 -0.004957
-0.001933 0.999997 0.001580
-0.053947 0.998544 0.000000
-0.037172 0.999305 0.002862
-0.037172 0.999305 0.002862
-0.001700 0.999987 0.004774
-0.001933 0.999997 0.001580
-1.000000 0.000000 0.000000
-1.000000 0.000000 0.000000
-1.000000 0.000000 0.000000
-1.000000 0.000000 0.000000
-1.000000 0.000000 0.000000
-1.000000 0.000000 0.000000
0.000598 -0.999888 0.014951
0.007022 -0.999940 0.008408
0.006598 -0.999967 -0.004820
0.006598 -0.999967 -0.004820
0.007700 -0.999833 -0.016566
0.000598 -0.999888 0.014951
0.998334 0.052479 0.024002
0.993880 0.109790 -0.012201
0.999083 0.042556 -0.004737
0.999083 0.042556 -0.004737
0.999593 0.018520 -0.021703
0.998334 0.052479 0.024002
0.000000 1.000000 0.000000
0.000000 1.000000 0.000000
0.000002 1.000000 0.000000
0.000002 1.000000 0.000000
0.000001 1.000000 0.000000
0.000000 1.000000 0.000000
-0.992103 0.125430 0.000000
-0.997519 0.062292 0.032782
-0.997573 0.060938 -0.033696
-0.997573 0.060938 -0.033696
-0.992103 0.125430 0.000000
-0.992103 0.125430 0.000000
0.000000 -1.000000 0.000000
0.000000 -1.000000 0.000000
0.000000 -1.000000 0.000000
0.000000 -1.000000 0.000000
0.000000 -1.000000 0.000000
0.000000 -1.000000 0.000000
0.999925 0.000000 -0.012276
0.999925 0.000000 -0.012276
0.999925 0.000000 -0.012276
0.999925 0.000000 -0.012276
0.999925 0.000000 -0.012276
0.999925 0.000000 -0.012276
0.000000 1.000000 0.000000
0.000000 1.000000 0.000000
0.000000 1.000000 0.000000
0.000000 1.000000 0.000000
0.000000 1.000000 0.000000
0.000000 1.000000 0.000000
-1.000000 0.000000 0.000000
-1.000000 0.000000 0.000000
-1.000000 0.000000 0.000000
-1.000000 0.000000 0.000000
-1.000000 0.000000 0.000000
-1.000000 0.000000 0.000000
0.000000 -1.000000 0.000000
0.000000 -1.000000 0.000000
-0.000000 -1.000000 -0.000000
-0.000000 -1.000000 -0.000000
0.000000 -1.000000 0.000000
0.000000 -1.000000 0.000000
0.999925 0.000000 -0.012276
0.999925 0.000000 -0.012276
0.999925 0.000000 -0.012276
0.999925 0.000000 -0.012276
0.999925 0.000000 -0.012276
0.999925 0.000000 -0.012276
0.000000 1.000000 0.000000
0.000000 1.000000 0.000000
0.000000 1.000000 0.000000
0.000000 1.000000 0.000000
0.000000 1.000000 0.000000
0.000000 1.000000 0.000000
-1.000000 0.000000 0.000000
-1.000000 0.000000 0.000000
-1.000000 0.000000 0.000000
-1.000000 0.000000 0.000000
-1.000000 0.000000 0.000000
-1.000000 0.000000 0.000000
-0.000000 -1.000000 0.000000
-0.000000 -1.000000 0.000000
-0.000000 -1.000000 0.000000
-0.000000 -1.000000 0.000000
-0.000000 -1.000000 0.000000
-0.000000 -1.000000 0.000000
0.000000 0.000000 1.000000
0.000000 0.000000 1.000000
0.000000 0.000000 1.000000
0.000000 0.000000 1.000000
0.000000 0.000000 1.000000
0.000000 0.000000 1.000000
0.000000 1.000000 0.000000
0.000000 1.000000 0.000000
0.000000 1.000000 0.000000
0.000000 1.000000 0.000000
0.000000 1.000000 0.000000
0.000000 1.000000 0.000000
0.000000 0.000000 -1.000000
0.000000 0.000000 -1.000000
0.000000 0.000000 -1.000000
0.000000 0.000000 -1.000000
0.000000 0.000000 -1.000000
0.000000 0.000000 -1.000000
0.000000 -1.000000 0.000000
0.000000 -1.000000 0.000000
0.000000 -1.000000 0.000000
0.000000 -1.000000 0.000000
0.000000 -1.000000 0.000000
0.000000 -1.000000 0.000000
0.000000 0.000000 1.000000
0.000000 0.000000 1.000000
0.000000 0.000000 1.000000
0.000000 0.000000 1.000000
0.000000 0.000000 1.000000
0.000000 0.000000 1.000000
0.000000 0.998402 0.056514
-0.022439 0.999732 0.005687
0.022200 0.999325 0.029278
0.022200 0.999325 0.029278
0.000000 0.998402 0.056514
0.000000 0.998402 0.056514
-0.717600 -0.029463 -0.695832
0.000000 -0.039448 -0.999222
0.000000 -0.039448 -0.999222
0.000000 -0.039448 -0.999222
0.000000 -0.039448 -0.999222
-0.717600 -0.029463 -0.695832
-0.007231 -0.999658 0.025146
0.000000 -0.999358 0.035831
0.000000 -0.999358 0.035831
0.000000 -0.999358 0.035831
0.013641 -0.999727 0.018953
-0.007231 -0.999658 0.025146
0.000000 0.000000 1.000000
0.000000 0.000000 1.000000
0.000000 0.000000 1.000000
0.000000 0.000000 1.000000
0.000000 0.000000 1.000000
0.000000 0.000000 1.000000
0.000000 1.000000 0.000000
0.000000 1.000000 0.000000
0.000000 1.000000 0.000000
0.000000 1.000000 0.000000
0.000000 1.000000 0.000000
0.000000 1.000000 0.000000
0.000000 0.040642 -0.999174
-0.730787 0.029767 -0.681957
0.000000 0.040642 -0.999174
0.000000 0.040642 -0.999174
0.000000 0.040642 -0.999174
0.000000 0.040642 -0.999174
0.000000 -1.000000 0.000000
0.000000 -1.000000 0.000000
0.000000 -1.000000 0.000000
0.000000 -1.000000 0.000000
0.000000 -1.000000 0.000000
0.000000 -1.000000 0.000000
0.000000 0.000000 1.000000
0.000000 0.000000 1.000000
0.000000 0.000000 1.000000
0.000000 0.000000 1.000000
0.000000 0.000000 1.000000
0.000000 0.000000 1.000000
0.000000 1.000000 0.000000
0.000000 1.000000 0.000000
0.000000 1.000000 0.000000
0.000000 1.000000 0.000000
0.000000 1.000000 0.000000
0.000000 1.000000 0.000000
0.000000 0.000000 -1.000000
0.000000 0.000000 -1.000000
0.000000 0.000000 -1.000000
0.000000 0.000000 -1.000000
0.000000 0.000000 -1.000000
0.000000 0.000000 -1.000000
-0.000000 -1.000000 0.000000
-0.000000 -1.000000 0.000000
-0.000000 -1.000000 0.000000
-0.000000 -1.000000 0.000000
-0.000000 -1.000000 0.000000
-0.000000 -1.000000 0.000000
-0.000000 -0.000000 1.000000
-0.000000 -0.000000 1.000000
-0.000000 -0.000000 1.000000
-0.000000 -0.000000 1.000000
-0.000000 -0.000000 1.000000
-0.000000 -0.000000 1.000000
0.000000 1.000000 0.000000
0.000000 1.000000 0.000000
0.000000 1.000000 0.000000
0.000000 1.000000 0.000000
0.000000 1.000000 0.000000
0.000000 1.000000 0.000000
0.000000 0.000000 -1.000000
0.000000 0.000000 -1.000000
0.000000 0.000000 -1.000000
0.000000 0.000000 -1.000000
0.000000 0.000000 -1.000000
0.000000 0.000000 -1.000000
-0.021457 0.000000 -0.999770
-0.021457 0.000000 -0.999770
-0.021457 0.000000 -0.999770
-0.021457 0.000000 -0.999770
-0.021457 0.000000 -0.999770
-0.021457 0.000000 -0.999770
-0.000000 0.000000 1.000000
0.000000 0.000000 1.000000
-0.000001 0.000000 1.000000
-0.000001 0.000000 1.000000
-0.000001 0.000000 1.000000
-0.000000 0.000000 1.000000
-0.007231 -0.999658 0.025146
-0.027080 -0.999294 0.026062
-0.006981 -0.999953 0.006718
-0.006981 -0.999953 0.006718
-0.000597 -1.000000 0.000110
-0.007231 -0.999658 0.025146
0.998306 0.000000 0.058190
0.998305 0.000000 0.058190
0.998175 -0.052669 0.029548
0.998175 -0.052669 0.029548
0.998079 0.054526 0.029405
0.998306 0.000000 0.058190
-0.000248 1.000000 -0.000248
-0.022439 0.999732 0.005687
0.000871 0.999999 0.000871
0.000871 0.999999 0.000871
-0.002963 0.999718 0.023578
-0.000248 1.000000 -0.000248
-0.717600 -0.029463 -0.695832
-0.730787 0.029767 -0.681957
-0.997549 0.062819 0.030809
-0.997549 0.062819 0.030809
-0.999996 -0.002771 0.000188
-0.717600 -0.029463 -0.695832
-0.002055 0.000001 -0.999998
-0.002905 0.000033 -0.999996
-0.002884 0.000032 -0.999996
-0.002884 0.000032 -0.999996
-0.002033 0.000000 -0.999998
-0.002055 0.000001 -0.999998
0.000000 0.000000 1.000000
0.000000 0.000000 1.000000
0.000000 0.000000 1.000000
0.000000 0.000000 1.000000
0.000000 0.000000 1.000000
0.000000 0.000000 1.000000
-0.005205 -0.999983 -0.002509
-0.009715 -0.999869 -0.012933
-0.004813 -0.999466 -0.032320
-0.004813 -0.999466 -0.032320
0.000000 -0.999318 -0.036922
-0.005205 -0.999983 -0.002509
0.998079 0.054526 -0.029405
0.998175 -0.052669 -0.029548
0.998305 0.000000 -0.058190
0.998305 0.000000 -0.058190
0.998306 0.000000 -0.058190
0.998079 0.054526 -0.029405
-0.026556 0.999400 -0.022235
-0.002937 0.999971 0.007046
-0.000061 0.999045 -0.043685
-0.000061 0.999045 -0.043685
0.000000 0.999048 -0.043628
-0.026556 0.999400 -0.022235
-0.691008 -0.000187 -0.722847
-0.880861 0.021209 -0.472901
-0.999059 -0.001799 -0.043334
-0.999059 -0.001799 -0.043334
-1.000000 0.000000 0.000063
-0.691008 -0.000187 -0.722847
0.000000 -1.000000 -0.000000
0.000000 -1.000000 0.000000
0.000000 -1.000000 -0.000000
0.000000 -1.000000 -0.000000
0.000000 -1.000000 -0.000000
0.000000 -1.000000 -0.000000
1.000000 0.000000 0.000000
1.000000 0.000000 0.000000
1.000000 0.000000 0.000000
1.000000 0.000000 0.000000
1.000000 0.000000 0.000000
1.000000 0.000000 0.000000
-0.000000 1.000000 0.000000
0.000000 1.000000 0.000000
-0.000000 1.000000 0.000000
-0.000000 1.000000 0.000000
-0.000000 1.000000 0.000000
-0.000000 1.000000 0.000000
-0.999901 0.000000 -0.014048
-0.999901 0.000000 -0.014048
-0.702123 0.000001 -0.712056
-0.702123 0.000001 -0.712056
-0.702122 0.000001 -0.712056
-0.999901 0.000000 -0.014048
0.000000 -1.000000 0.000000
0.000000 -1.000000 0.000000
0.000000 -1.000000 0.000000
0.000000 -1.000000 0.000000
0.000000 -1.000000 0.000000
0.000000 -1.000000 0.000000
0.994302 -0.106602 0.000000
0.998175 -0.052669 0.029548
0.998175 -0.052669 -0.029548
0.998175 -0.052669 -0.029548
0.994302 -0.106602 0.000000
0.994302 -0.106602 0.000000
-0.002963 0.999718 0.023578
-0.053947 0.998544 0.000000
-0.053947 0.998544 0.000000
-0.053947 0.998544 0.000000
-0.026556 0.999400 -0.022235
-0.002963 0.999718 0.023578
-0.999874 0.008911 -0.013110
-0.999901 0.000000 -0.014048
-0.727574 0.090601 -0.680020
-0.727574 0.090601 -0.680020
-0.991200 0.132373 0.000000
-0.999874 0.008911 -0.013110
-0.000597 -1.000000 0.000110
-0.006981 -0.999953 0.006718
-0.009715 -0.999869 -0.012933
-0.009715 -0.999869 -0.012933
-0.005205 -0.999983 -0.002509
-0.000597 -1.000000 0.000110
0.998079 0.054526 0.029405
0.993954 0.109797 0.000000
0.993954 0.109797 0.000000
0.993954 0.109797 0.000000
0.998079 0.054526 -0.029405
0.998079 0.054526 0.029405
-0.000000 1.000000 0.000000
0.000000 1.000000 0.000000
-0.000001 1.000000 0.000000
-0.000001 1.000000 0.000000
-0.000002 1.000000 0.000000
-0.000000 1.000000 0.000000
-0.992791 0.119731 -0.005530
-0.997549 0.062819 0.030809
-0.880861 0.021209 -0.472901
-0.880861 0.021209 -0.472901
-0.710829 0.031697 -0.702650
-0.992791 0.119731 -0.005530
0.000000 -1.000000 0.000000
0.000000 -1.000000 0.000000
0.000000 -1.000000 0.000000
0.000000 -1.000000 0.000000
0.000000 -1.000000 0.000000
0.000000 -1.000000 0.000000
1.000000 0.000000 0.000000
1.000000 0.000000 0.000000
1.000000 0.000000 0.000000
1.000000 0.000000 0.000000
1.000000 0.000000 0.000000
1.000000 0.000000 0.000000
0.000000 1.000000 0.000000
0.000000 1.000000 0.000000
0.000000 1.000000 0.000000
0.000000 1.000000 0.000000
0.000000 1.000000 0.000000
0.000000 1.000000 0.000000
-0.999901 0.000000 -0.014048
-0.999901 0.000000 -0.014048
-0.702123 0.000000 -0.712056
-0.702123 0.000000 -0.712056
-0.702122 0.000000 -0.712056
-0.999901 0.000000 -0.014048
0.000000 -1.000000 -0.000000
0.000000 -1.000000 0.000000
0.000000 -1.000000 -0.000000
0.000000 -1.000000 -0.000000
0.000000 -1.000000 -0.000000
0.000000 -1.000000 -0.000000
1.000000 0.000000 0.000000
1.000000 0.000000 0.000000
1.000000 0.000000 0.000000
1.000000 0.000000 0.000000
1.000000 0.000000 0.000000
1.000000 0.000000 0.000000
0.000000 1.000000 0.000000
0.000000 1.000000 0.000000
0.000000 1.000000 0.000000
0.000000 1.000000 0.000000
0.000000 1.000000 0.000000
0.000000 1.000000 0.000000
-0.999901 0.000000 -0.014048
-0.999901 0.000000 -0.014048
-0.702123 0.000000 -0.712056
-0.702123 0.000000 -0.712056
-0.702122 0.000000 -0.712056
-0.999901 0.000000 -0.014048
0.000000 -1.000000 -0.000000
-0.000000 -1.000000 -0.000000
-0.000000 -1.000000 -0.000000
-0.000000 -1.000000 -0.000000
-0.000000 -1.000000 -0.000000
0.000000 -1.000000 -0.000000
0.000000 0.000000 1.000000
0.000000 0.000000 1.000000
0.000000 0.000000 1.000000
0.000000 0.000000 1.000000
0.000000 0.000000 1.000000
0.000000 0.000000 1.000000
0.000000 1.000000 0.000000
-0.000000 1.000000 0.000000
0.000000 1.000000 0.000000
0.000000 1.000000 0.000000
0.000000 1.000000 0.000000
0.000000 1.000000 0.000000
-0.702122 0.000001 -0.712056
-0.702123 0.000001 -0.712056
0.000000 0.000001 -1.000000
0.000000 0.000001 -1.000000
0.000000 0.000001 -1.000000
-0.702122 0.000001 -0.712056
0.000000 -1.000000 0.000000
0.000000 -1.000000 0.000000
0.000000 -1.000000 0.000000
0.000000 -1.000000 0.000000
0.000000 -1.000000 0.000000
0.000000 -1.000000 0.000000
0.000000 0.000000 1.000000
0.000000 0.000000 1.000000
0.000000 0.000000 1.000000
0.000000 0.000000 1.000000
0.000000 0.000000 1.000000
0.000000 0.000000 1.000000
-0.004689 0.998510 0.054365
-0.002937 0.999971 0.007046
-0.001700 0.999987 0.004774
-0.001700 0.999987 0.004774
0.000000 0.999255 0.038600
-0.004689 0.998510 0.054365
-0.691008 -0.000187 -0.722847
-0.727574 0.090601 -0.680020
0.000319 -0.001502 -0.999999
0.000319 -0.001502 -0.999999
0.000369 -0.001739 -0.999998
-0.691008 -0.000187 -0.722847
-0.005205 -0.999983 -0.002509
0.000000 -0.999701 0.024461
0.000000 -0.999701 0.024461
0.000000 -0.999701 0.024461
0.006598 -0.999967 -0.004820
-0.005205 -0.999983 -0.002509
0.000000 0.000000 1.000000
0.000000 0.000000 1.000000
0.000000 0.000000 1.000000
0.000000 0.000000 1.000000
0.000000 0.000000 1.000000
0.000000 0.000000 1.000000
0.000000 1.000000 0.000000
-0.000001 1.000000 0.000000
0.000001 1.000000 0.000000
0.000001 1.000000 0.000000
0.000000 1.000000 0.000000
0.000000 1.000000 0.000000
-0.710829 0.031697 -0.702650
-0.880861 0.021209 -0.472901
0.000000 0.001761 -0.999998
0.000000 0.001761 -0.999998
0.000000 0.001761 -0.999998
-0.710829 0.031697 -0.702650
0.000000 -1.000000 0.000000
0.000000 -1.000000 0.000000
0.000000 -1.000000 0.000000
0.000000 -1.000000 0.000000
0.000000 -1.000000 0.000000
0.000000 -1.000000 0.000000
0.000000 0.000000 1.000000
0.000000 0.000000 1.000000
0.000000 0.000000 1.000000
0.000000 0.000000 1.000000
0.000000 0.000000 1.000000
0.000000 0.000000 1.000000
0.000000 1.000000 0.000000
0.000000 1.000000 0.000000
0.000000 1.000000 0.000000
0.000000 1.000000 0.000000
0.000000 1.000000 0.000000
0.000000 1.000000 0.000000
-0.702122 0.000000 -0.712056
-0.702123 0.000000 -0.712056
0.000000 0.000000 -1.000000
0.000000 0.000000 -1.000000
0.000000 0.000000 -1.000000
-0.702122 0.000000 -0.712056
0.000000 -1.000000 -0.000000
-0.000000 -1.000000 -0.000000
-0.000000 -1.000000 -0.000000
-0.000000 -1.000000 -0.000000
-0.000000 -1.000000 -0.000000
0.000000 -1.000000 -0.000000
0.000000 0.000000 1.000000
0.000000 0.000000 1.000000
0.000000 0.000000 1.000000
0.000000 0.000000 1.000000
0.000000 0.000000 1.000000
0.000000 0.000000 1.000000
0.000000 1.000000 0.000000
0.000000 1.000000 0.000000
0.000000 1.000000 0.000000
0.000000 1.000000 0.000000
0.000000 1.000000 -0.000000
0.000000 1.000000 0.000000
-0.702122 0.000000 -0.712056
-0.702123 0.000000 -0.712056
0.000000 0.000000 -1.000000
0.000000 0.000000 -1.000000
0.000000 0.000000 -1.000000
-0.702122 0.000000 -0.712056

792
2.283930 0.017859
-1.283930 0.017859
-1.283930 0.017859
0.265372 0.017859
2.283930 0.239238
-1.283930 0.239238
-1.283930 0.239238
0.265372 0.239238
-1.283930 0.514411
2.283930 0.514413
2.283930 0.734628
2.283930 0.734628
-1.283930 0.734627
-1.283930 0.514411
2.283930 0.514411
2.283930 0.734627
-1.283930 0.734628
-1.283930 0.734628
-1.283930 0.514413
2.283930 0.514411
0.514411 0.017859
0.734627 0.017859
0.734627 0.239238
0.734627 0.239238
0.514411 0.239238
0.514411 0.017859
-1.283930 0.017859
2.283930 0.017859
2.283930 0.239238
2.283930 0.239238
0.265372 0.017859
0.485587 0.017859
0.485587 0.239238
0.485587 0.239238
-1.283930 0.017859
2.283930 0.239238
-1.283930 0.979607
2.283930 0.979607
2.283930 0.979608
0.020392 0.735867
-1.283930 0.759391
2.283930 0.759391
2.283930 0.759393
0.240607 0.735867
-1.283930 0.514488
2.283930 0.514488
2.283930 0.735867
2.283930 0.735867
-1.283930 0.735867
-1.283930 0.514488
2.283930 0.514488
2.283930 0.735867
-1.283930 0.735867
-1.283930 0.735867
-1.283930 0.514488
2.283930 0.514488
0.979607 0.514488
0.979607 0.735867
0.759391 0.735867
0.759391 0.735867
0.759391 0.514488
0.979607 0.514488
2.283930 0.979607
-1.283930 0.979608
-1.283930 0.759393
-1.283930 0.759393
0.020392 0.735867
0.020392 0.514488
0.240607 0.514488
0.240607 0.514488
2.283930 0.979608
-1.283930 0.759391
0.000500 0.805429
0.999501 0.805429
0.000500 0.988211
0.999501 0.257166
0.999500 0.805429
0.000500 0.805429
0.999500 0.988211
0.000500 0.257166
0.194571 0.488003
0.011789 0.488003
0.011790 0.257166
0.011790 0.257166
0.194571 0.257166
0.194571 0.488003
0.805429 0.488003
0.805429 0.257166
0.988210 0.257166
0.988210 0.257166
0.988211 0.488003
0.805429 0.488003
0.000500 0.488003
0.000500 0.257166
0.999500 0.257166
0.999500 0.257166
0.999500 0.488003
0.000500 0.488003
0.999501 0.805429
0.999501 0.988210
0.000500 0.988210
0.000500 0.988210
0.999501 0.257166
0.999501 0.488003
0.000500 0.488003
0.000500 0.488003
0.000500 0.988211
0.999500 0.805429
0.000500 0.288623
0.999500 0.288623
0.000500 0.471405
0.999500 0.763737
0.999501 0.288623
0.000500 0.288623
0.999501 0.471405
0.000500 0.763737
0.711377 0.994574
0.528595 0.994574
0.528595 0.763737
0.528595 0.763737
0.711377 0.763737
0.711377 0.994574
0.288623 0.994574
0.288623 0.763737
0.471405 0.763737
0.471405 0.763737
0.471405 0.994574
0.288623 0.994574
0.000500 0.994574
0.000500 0.763737
0.999501 0.763737
0.999501 0.763737
0.999501 0.994574
0.000500 0.994574
0.999500 0.288623
0.999500 0.471405
0.000500 0.471405
0.000500 0.471405
0.999500 0.763737
0.999500 0.994574
0.000500 0.994574
0.000500 0.994574
0.000500 0.471405
0.999501 0.288623
0.000500 0.510708
0.999500 0.510708
0.000500 0.693490
0.999500 0.509938
0.999501 0.510708
0.000500 0.510708
0.999501 0.693490
0.000500 0.509938
0.489292 0.740775
0.306510 0.740775
0.306510 0.509938
0.306510 0.509938
0.489292 0.509938
0.489292 0.740775
0.510708 0.740775
0.510708 0.509938
0.693490 0.509938
0.693490 0.509938
0.693490 0.740775
0.510708 0.740775
0.000500 0.740775
0.000500 0.509938
0.999501 0.509938
0.999501 0.509938
0.999501 0.740775
0.000500 0.740775
0.999500 0.510708
0.999500 0.693490
0.000500 0.693490
0.000500 0.693490
0.999500 0.509938
0.999500 0.740775
0.000500 0.740775
0.000500 0.740775
0.000500 0.693490
0.999501 0.510708
0.000500 0.488003
0.000500 0.257166
0.999500 0.257166
0.999500 0.257166
0.999500 0.488003
0.000500 0.488003
0.999501 0.805429
0.999501 0.988210
0.000500 0.988210
0.000500 0.988210
0.000500 0.805429
0.999501 0.805429
0.999501 0.257166
0.999501 0.488003
0.000500 0.488003
0.000500 0.488003
0.000500 0.257166
0.999501 0.257166
0.000500 0.988211
0.000500 0.805429
0.999500 0.805429
0.999500 0.805429
0.999500 0.988211
0.000500 0.988211
0.000500 0.994574
0.000500 0.763737
0.999501 0.763737
0.999501 0.763737
0.999501 0.994574
0.000500 0.994574
0.999500 0.288623
0.999500 0.471405
0.000500 0.471405
0.000500 0.471405
0.000500 0.288623
0.999500 0.288623
0.999500 0.763737
0.999500 0.994574
0.000500 0.994574
0.000500 0.994574
0.000500 0.763737
0.999500 0.763737
0.000500 0.471405
0.000500 0.288623
0.999501 0.288623
0.999501 0.288623
0.999501 0.471405
0.000500 0.471405
0.000500 0.740775
0.000500 0.509938
0.999501 0.509938
0.999501 0.509938
0.999501 0.740775
0.000500 0.740775
0.999500 0.510708
0.999500 0.693490
0.000500 0.693490
0.000500 0.693490
0.000500 0.510708
0.999500 0.510708
0.999500 0.509938
0.999500 0.740775
0.000500 0.740775
0.000500 0.740775
0.000500 0.509938
0.999500 0.509938
0.000500 0.693490
0.000500 0.510708
0.999501 0.510708
0.999501 0.510708
0.999501 0.693490
0.000500 0.693490
0.000500 0.488003
0.000500 0.257166
0.999500 0.257166
0.999500 0.257166
0.999500 0.488003
0.000500 0.488003
0.999501 0.805429
0.999501 0.988210
0.000500 0.988210
0.000500 0.988210
0.000500 0.805429
0.999501 0.805429
0.999501 0.257166
0.999501 0.488003
0.000500 0.488003
0.000500 0.488003
0.000500 0.257166
0.999501 0.257166
0.000500 0.988211
0.000500 0.805429
0.999500 0.805429
0.999500 0.805429
0.999500 0.988211
0.000500 0.988211
0.000500 0.994574
0.000500 0.763737
0.999501 0.763737
0.999501 0.763737
0.999501 0.994574
0.000500 0.994574
0.999500 0.288623
0.999500 0.471405
0.000500 0.471405
0.000500 0.471405
0.000500 0.288623
0.999500 0.288623
0.999500 0.763737
0.999500 0.994574
0.000500 0.994574
0.000500 0.994574
0.000500 0.763737
0.999500 0.763737
0.000500 0.471405
0.000500 0.288623
0.999501 0.288623
0.999501 0.288623
0.999501 0.471405
0.000500 0.471405
0.000500 0.740775
0.000500 0.509938
0.999501 0.509938
0.999501 0.509938
0.999501 0.740775
0.000500 0.740775
0.999500 0.510708
0.999500 0.693490
0.000500 0.693490
0.000500 0.693490
0.000500 0.510708
0.999500 0.510708
0.999500 0.509938
0.999500 0.740775
0.000500 0.740775
0.000500 0.740775
0.000500 0.509938
0.999500 0.509938
0.000500 0.693490
0.000500 0.510708
0.999501 0.510708
0.999501 0.510708
0.999501 0.693490
0.000500 0.693490
0.000500 0.488003
0.000500 0.257166
0.999500 0.257166
0.999500 0.257166
0.999500 0.488003
0.000500 0.488003
0.999501 0.805429
0.999501 0.988210
0.000500 0.988210
0.000500 0.988210
0.000500 0.805429
0.999501 0.805429
0.999501 0.257166
0.999501 0.488003
0.000500 0.488003
0.000500 0.488003
0.000500 0.257166
0.999501 0.257166
0.000500 0.988211
0.000500 0.805429
0.999500 0.805429
0.999500 0.805429
0.999500 0.988211
0.000500 0.988211
0.000500 0.994574
0.000500 0.763737
0.999501 0.763737
0.999501 0.763737
0.999501 0.994574
0.000500 0.994574
0.999500 0.288623
0.999500 0.471405
0.000500 0.471405
0.000500 0.471405
0.000500 0.288623
0.999500 0.288623
0.999500 0.763737
0.999500 0.994574
0.000500 0.994574
0.000500 0.994574
0.000500 0.763737
0.999500 0.763737
0.000500 0.471405
0.000500 0.288623
0.999501 0.288623
0.999501 0.288623
0.999501 0.471405
0.000500 0.471405
0.000500 0.740775
0.000500 0.509938
0.999501 0.509938
0.999501 0.509938
0.999501 0.740775
0.000500 0.740775
0.999500 0.510708
0.999500 0.693490
0.000500 0.693490
0.000500 0.693490
0.000500 0.510708
0.999500 0.510708
0.999500 0.509938
0.999500 0.740775
0.000500 0.740775
0.000500 0.740775
0.000500 0.509938
0.999500 0.509938
0.000500 0.693490
0.000500 0.510708
0.999501 0.510708
0.999501 0.510708
0.999501 0.693490
0.000500 0.693490
2.283930 0.017859
-1.283930 0.017859
-1.283930 0.017859
0.265372 0.017859
2.283930 0.239238
-1.283930 0.239238
-1.283930 0.239238
0.265372 0.239238
-1.283930 0.514411
2.283930 0.514413
2.283930 0.734628
2.283930 0.734628
-1.283930 0.734627
-1.283930 0.514411
2.283930 0.514411
2.283930 0.734627
-1.283930 0.734628
-1.283930 0.734628
-1.283930 0.514413
2.283930 0.514411
0.514411 0.017859
0.734627 0.017859
0.734627 0.239238
0.734627 0.239238
0.514411 0.239238
0.514411 0.017859
-1.283930 0.017859
2.283930 0.017859
2.283930 0.239238
2.283930 0.239238
0.265372 0.017859
0.485587 0.017859
0.485587 0.239238
0.485587 0.239238
-1.283930 0.017859
2.283930 0.239238
-1.283930 0.979607
2.283930 0.979607
2.283930 0.979608
0.020392 0.735867
-1.283930 0.759391
2.283930 0.759391
2.283930 0.759393
0.240607 0.735867
-1.283930 0.514488
2.283930 0.514488
2.283930 0.735867
2.283930 0.735867
-1.283930 0.735867
-1.283930 0.514488
2.283930 0.514488
2.283930 0.735867
-1.283930 0.735867
-1.283930 0.735867
-1.283930 0.514488
2.283930 0.514488
0.979607 0.514488
0.979607 0.735867
0.759391 0.735867
0.759391 0.735867
0.759391 0.514488
0.979607 0.514488
2.283930 0.979607
-1.283930 0.979608
-1.283930 0.759393
-1.283930 0.759393
0.020392 0.735867
0.020392 0.514488
0.240607 0.514488
0.240607 0.514488
2.283930 0.979608
-1.283930 0.759391
0.000500 0.805429
0.999501 0.805429
0.000500 0.988211
0.999501 0.257166
0.999500 0.805429
0.000500 0.805429
0.999500 0.988211
0.000500 0.257166
0.194571 0.488003
0.011789 0.488003
0.011790 0.257166
0.011790 0.257166
0.194571 0.257166
0.194571 0.488003
0.805429 0.488003
0.805429 0.257166
0.988210 0.257166
0.988210 0.257166
0.988211 0.488003
0.805429 0.488003
0.000500 0.488003
0.000500 0.257166
0.999500 0.257166
0.999500 0.257166
0.999500 0.488003
0.000500 0.488003
0.999501 0.805429
0.999501 0.988210
0.000500 0.988210
0.000500 0.988210
0.999501 0.257166
0.999501 0.488003
0.000500 0.488003
0.000500 0.488003
0.000500 0.988211
0.999500 0.805429
0.000500 0.288623
0.999500 0.288623
0.000500 0.471405
0.999500 0.763737
0.999501 0.288623
0.000500 0.288623
0.999501 0.471405
0.000500 0.763737
0.711377 0.994574
0.528595 0.994574
0.528595 0.763737
0.528595 0.763737
0.711377 0.763737
0.711377 0.994574
0.288623 0.994574
0.288623 0.763737
0.471405 0.763737
0.471405 0.763737
0.471405 0.994574
0.288623 0.994574
0.000500 0.994574
0.000500 0.763737
0.999501 0.763737
0.999501 0.763737
0.999501 0.994574
0.000500 0.994574
0.999500 0.288623
0.999500 0.471405
0.000500 0.471405
0.000500 0.471405
0.999500 0.763737
0.999500 0.994574
0.000500 0.994574
0.000500 0.994574
0.000500 0.471405
0.999501 0.288623
0.000500 0.510708
0.999500 0.510708
0.000500 0.693490
0.999500 0.509938
0.999501 0.510708
0.000500 0.510708
0.999501 0.693490
0.000500 0.509938
0.489292 0.740775
0.306510 0.740775
0.306510 0.509938
0.306510 0.509938
0.489292 0.509938
0.489292 0.740775
0.510708 0.740775
0.510708 0.509938
0.693490 0.509938
0.693490 0.509938
0.693490 0.740775
0.510708 0.740775
0.000500 0.740775
0.000500 0.509938
0.999501 0.509938
0.999501 0.509938
0.999501 0.740775
0.000500 0.740775
0.999500 0.510708
0.999500 0.693490
0.000500 0.693490
0.000500 0.693490
0.999500 0.509938
0.999500 0.740775
0.000500 0.740775
0.000500 0.740775
0.000500 0.693490
0.999501 0.510708
0.000500 0.488003
0.000500 0.257166
0.999500 0.257166
0.999500 0.257166
0.999500 0.488003
0.000500 0.488003
0.999501 0.805429
0.999501 0.988210
0.000500 0.988210
0.000500 0.988210
0.000500 0.805429
0.999501 0.805429
0.999501 0.257166
0.999501 0.488003
0.000500 0.488003
0.000500 0.488003
0.000500 0.257166
0.999501 0.257166
0.000500 0.988211
0.000500 0.805429
0.999500 0.805429
0.999500 0.805429
0.999500 0.988211
0.000500 0.988211
0.000500 0.994574
0.000500 0.763737
0.999501 0.763737
0.999501 0.763737
0.999501 0.994574
0.000500 0.994574
0.999500 0.288623
0.999500 0.471405
0.000500 0.471405
0.000500 0.471405
0.000500 0.288623
0.999500 0.288623
0.999500 0.763737
0.999500 0.994574
0.000500 0.994574
0.000500 0.994574
0.000500 0.763737
0.999500 0.763737
0.000500 0.471405
0.000500 0.288623
0.999501 0.288623
0.999501 0.288623
0.999501 0.471405
0.000500 0.471405
0.000500 0.740775
0.000500 0.509938
0.999501 0.509938
0.999501 0.509938
0.999501 0.740775
0.000500 0.740775
0.999500 0.510708
0.999500 0.693490
0.000500 0.693490
0.000500 0.693490
0.000500 0.510708
0.999500 0.510708
0.999500 0.509938
0.999500 0.740775
0.000500 0.740775
0.000500 0.740775
0.000500 0.509938
0.999500 0.509938
0.000500 0.693490
0.000500 0.510708
0.999501 0.510708
0.999501 0.510708
0.999501 0.693490
0.000500 0.693490
0.000500 0.488003
0.000500 0.257166
0.999500 0.257166
0.999500 0.257166
0.999500 0.488003
0.000500 0.488003
0.999501 0.805429
0.999501 0.988210
0.000500 0.988210
0.000500 0.988210
0.000500 0.805429
0.999501 0.805429
0.999501 0.257166
0.999501 0.488003
0.000500 0.488003
0.000500 0.488003
0.000500 0.257166
0.999501 0.257166
0.000500 0.988211
0.000500 0.805429
0.999500 0.805429
0.999500 0.805429
0.999500 0.988211
0.000500 0.988211
0.000500 0.994574
0.000500 0.763737
0.999501 0.763737
0.999501 0.763737
0.999501 0.994574
0.000500 0.994574
0.999500 0.288623
0.999500 0.471405
0.000500 0.471405
0.000500 0.471405
0.000500 0.288623
0.999500 0.288623
0.999500 0.763737
0.999500 0.994574
0.000500 0.994574
0.000500 0.994574
0.000500 0.763737
0.999500 0.763737
0.000500 0.471405
0.000500 0.288623
0.999501 0.288623
0.999501 0.288623
0.999501 0.471405
0.000500 0.471405
0.000500 0.740775
0.000500 0.509938
0.999501 0.509938
0.999501 0.509938
0.999501 0.740775
0.000500 0.740775
0.999500 0.510708
0.999500 0.693490
0.000500 0.693490
0.000500 0.693490
0.000500 0.510708
0.999500 0.510708
0.999500 0.509938
0.999500 0.740775
0.000500 0.740775
0.000500 0.740775
0.000500 0.509938
0.999500 0.509938
0.000500 0.693490
0.000500 0.510708
0.999501 0.510708
0.999501 0.510708
0.999501 0.693490
0.000500 0.693490
0.000500 0.488003
0.000500 0.257166
0.999500 0.257166
0.999500 0.257166
0.999500 0.488003
0.000500 0.488003
0.999501 0.805429
0.999501 0.988210
0.000500 0.988210
0.000500 0.988210
0.000500 0.805429
0.999501 0.805429
0.999501 0.257166
0.999501 0.488003
0.000500 0.488003
0.000500 0.488003
0.000500 0.257166
0.999501 0.257166
0.000500 0.988211
0.000500 0.805429
0.999500 0.805429
0.999500 0.805429
0.999500 0.988211
0.000500 0.988211
0.000500 0.994574
0.000500 0.763737
0.999501 0.763737
0.999501 0.763737
0.999501 0.994574
0.000500 0.994574
0.999500 0.288623
0.999500 0.471405
0.000500 0.471405
0.000500 0.471405
0.000500 0.288623
0.999500 0.288623
0.999500 0.763737
0.999500 0.994574
0.000500 0.994574
0.000500 0.994574
0.000500 0.763737
0.999500 0.763737
0.000500 0.471405
0.000500 0.288623
0.999501 0.288623
0.999501 0.288623
0.999501 0.471405
0.000500 0.471405
0.000500 0.740775
0.000500 0.509938
0.999501 0.509938
0.999501 0.509938
0.999501 0.740775
0.000500 0.740775
0.999500 0.510708
0.999500 0.693490
0.000500 0.693490
0.000500 0.693490
0.000500 0.510708
0.999500 0.510708
0.999500 0.509938
0.999500 0.740775
0.000500 0.740775
0.000500 0.740775
0.000500 0.509938
0.999500 0.509938
0.000500 0.693490
0.000500 0.510708
0.999501 0.510708
0.999501 0.510708
0.999501 0.693490
0.000500 0.693490

208
0 0 8 2 1 9 3 2 10
3 3 11 1 4 12 0 5 13
4 6 14 5 7 15 7 8 16
7 9 17 6 10 18 4 11 19
0 12 20 1 13 21 5 14 22
5 15 23 4 16 24 0 17 25
1 18 26 3 19 27 7 20 28
7 21 29 5 22 5 1 23 1
3 24 30 2 25 31 6 26 32
6 27 33 7 28 7 3 29 3
2 30 34 0 31 0 4 32 35
4 33 4 6 34 6 2 35 2
8 36 44 10 37 45 11 38 46
11 39 47 9 40 48 8 41 49
12 42 50 13 43 51 15 44 52
15 45 53 14 46 54 12 47 55
8 48 56 9 49 57 13 50 58
13 51 59 12 52 60 8 53 61
9 54 62 11 55 63 15 56 64
15 57 65 13 58 41 9 59 37
11 60 66 10 61 67 14 62 68
14 63 69 15 64 43 11 65 39
10 66 70 8 67 36 12 68 71
12 69 40 14 70 42 10 71 38
16 72 92 17 73 93 21 74 94
21 75 95 20 76 96 16 77 97
17 78 98 19 79 99 23 80 100
23 81 101 21 82 77 17 83 73
19 84 102 18 85 103 22 86 104
22 87 105 23 88 79 19 89 75
18 90 106 16 91 72 20 92 107
20 93 76 22 94 78 18 95 74
24 96 128 25 97 129 28 98 130
28 99 131 27 100 132 24 101 133
25 102 134 7 103 135 11 104 136
11 105 137 28 106 113 25 107 109
7 108 138 26 109 139 29 110 140
29 111 141 11 112 115 7 113 111
26 114 142 24 115 108 27 116 143
27 117 112 29 118 114 26 119 110
4 120 180 5 121 181 9 122 182
9 123 183 8 124 184 4 125 185
5 126 186 30 127 187 31 128 188
31 129 189 9 130 190 5 131 191
30 132 192 32 133 193 33 134 194
33 135 195 31 136 196 30 137 197
32 138 198 4 139 199 8 140 200
8 141 201 33 142 202 32 143 203
34 144 204 35 145 205 36 146 206
36 147 207 37 148 208 34 149 209
35 150 210 38 151 211 39 152 212
39 153 213 36 154 214 35 155 215
38 156 216 40 157 217 41 158 218
41 159 219 39 160 220 38 161 221
40 162 222 34 163 223 37 164 224
37 165 225 41 166 226 40 167 227
42 168 228 43 169 229 44 170 230
44 171 231 45 172 232 42 173 233
43 174 234 46 175 235 47 176 236
47 177 237 44 178 238 43 179 239
46 180 240 48 181 241 49 182 242
49 183 243 47 184 244 46 185 245
48 186 246 42 187 247 45 188 248
45 189 249 49 190 250 48 191 251
50 192 252 51 193 253 52 194 254
52 195 255 53 196 256 50 197 257
51 198 258 54 199 259 55 200 260
55 201 261 52 202 262 51 203 263
54 204 264 56 205 265 57 206 266
57 207 267 55 208 268 54 209 269
56 210 270 50 211 271 53 212 272
53 213 273 57 214 274 56 215 275
58 216 276 59 217 277 60 218 278
60 219 279 61 220 280 58 221 281
59 222 282 62 223 283 63 224 284
63 225 285 60 226 286 59 227 287
62 228 288 64 229 289 3 230 290
3 231 291 63 232 292 62 233 293
64 234 294 58 235 295 61 236 296
61 237 297 3 238 298 64 239 299
65 240 324 66 241 325 67 242 326
67 243 327 1 244 328 65 245 329
66 246 330 68 247 331 69 248 332
69 249 333 67 250 334 66 251 335
68 252 336 70 253 337 71 254 338
71 255 339 69 256 340 68 257 341
70 258 342 65 259 343 1 260 344
1 261 345 71 262 346 70 263 347
72 264 348 73 265 349 74 266 350
74 267 351 75 268 352 72 269 353
73 270 354 76 271 355 77 272 356
77 273 357 74 274 358 73 275 359
76 276 360 78 277 361 79 278 362
79 279 363 77 280 364 76 281 365
78 282 366 72 283 367 75 284 368
75 285 369 79 286 370 78 287 371
80 288 372 81 289 373 82 290 374
82 291 375 83 292 376 80 293 377
81 294 378 84 295 379 85 296 380
85 297 381 82 298 382 81 299 383
84 300 384 86 301 385 87 302 386
87 303 387 85 304 388 84 305 389
86 306 390 80 307 391 83 308 392
83 309 393 87 310 394 86 311 395
65 312 404 64 313 405 89 314 406
89 315 407 88 316 408 65 317 409
90 318 410 91 319 411 93 320 412
93 321 413 92 322 414 90 323 415
65 324 416 88 325 417 91 326 418
91 327 419 90 328 420 65 329 421
88 330 422 89 331 423 93 332 424
93 333 425 91 334 401 88 335 397
89 336 426 64 337 427 92 338 428
92 339 429 93 340 403 89 341 399
64 342 430 65 343 396 90 344 431
90 345 400 92 346 402 64 347 398
94 348 440 96 349 441 97 350 442
97 351 443 95 352 444 94 353 445
98 354 446 99 355 447 101 356 448
101 357 449 100 358 450 98 359 451
94 360 452 95 361 453 99 362 454
99 363 455 98 364 456 94 365 457
95 366 458 97 367 459 101 368 460
101 369 461 99 370 437 95 371 433
97 372 462 96 373 463 100 374 464
100 375 465 101 376 439 97 377 435
96 378 466 94 379 432 98 380 467
98 381 436 100 382 438 96 383 434
102 384 488 103 385 489 107 386 490
107 387 491 106 388 492 102 389 493
103 390 494 105 391 495 109 392 496
109 393 497 107 394 473 103 395 469
105 396 498 104 397 499 108 398 500
108 399 501 109 400 475 105 401 471
104 402 502 102 403 468 106 404 503
106 405 472 108 406 474 104 407 470
110 408 524 111 409 525 114 410 526
114 411 527 113 412 528 110 413 529
111 414 530 93 415 531 97 416 532
97 417 533 114 418 509 111 419 505
93 420 534 112 421 535 115 422 536
115 423 537 97 424 511 93 425 507
112 426 538 110 427 504 113 428 539
113 429 508 115 430 510 112 431 506
90 432 576 91 433 577 95 434 578
95 435 579 94 436 580 90 437 581
91 438 582 116 439 583 117 440 584
117 441 585 95 442 586 91 443 587
116 444 588 118 445 589 119 446 590
119 447 591 117 448 592 116 449 593
118 450 594 90 451 595 94 452 596
94 453 597 119 454 598 118 455 599
120 456 600 121 457 601 122 458 602
122 459 603 123 460 604 120 461 605
121 462 606 124 463 607 125 464 608
125 465 609 122 466 610 121 467 611
124 468 612 126 469 613 127 470 614
127 471 615 125 472 616 124 473 617
126 474 618 120 475 619 123 476 620
123 477 621 127 478 622 126 479 623
128 480 624 129 481 625 130 482 626
130 483 627 131 484 628 128 485 629
129 486 630 132 487 631 133 488 632
133 489 633 130 490 634 129 491 635
132 492 636 134 493 637 135 494 638
135 495 639 133 496 640 132 497 641
134 498 642 128 499 643 131 500 644
131 501 645 135 502 646 134 503 647
106 504 648 136 505 649 137 506 650
137 507 651 21 508 652 106 509 653
136 510 654 138 511 655 139 512 656
139 513 657 137 514 658 136 515 659
138 516 660 108 517 661 23 518 662
23 519 663 139 520 664 138 521 665
108 522 666 106 523 667 21 524 668
21 525 669 23 526 670 108 527 671
113 528 672 140 529 673 141 530 674
141 531 675 28 532 676 113 533 677
140 534 678 142 535 679 143 536 680
143 537 681 141 538 682 140 539 683
142 540 684 96 541 685 11 542 686
11 543 687 143 544 688 142 545 689
96 546 690 113 547 691 28 548 692
28 549 693 11 550 694 96 551 695
94 552 720 144 553 721 145 554 722
145 555 723 9 556 724 94 557 725
144 558 726 146 559 727 147 560 728
147 561 729 145 562 730 144 563 731
146 564 732 119 565 733 31 566 734
31 567 735 147 568 736 146 569 737
119 570 738 94 571 739 9 572 740
9 573 741 31 574 742 119 575 743
123 576 744 148 577 745 149 578 746
149 579 747 36 580 748 123 581 749
148 582 750 150 583 751 151 584 752
151 585 753 149 586 754 148 587 755
150 588 756 127 589 757 39 590 758
39 591 759 151 592 760 150 593 761
127 594 762 123 595 763 36 596 764
36 597 765 39 598 766 127 599 767
131 600 768 152 601 769 153 602 770
153 603 771 44 604 772 131 605 773
152 606 774 154 607 775 155 608 776
155 609 777 153 610 778 152 611 779
154 612 780 135 613 781 47 614 782
47 615 783 155 616 784 154 617 785
135 618 786 131 619 787 44 620 788
44 621 789 47 622 790 135 623 791
