184
-0.333333 -10.029240 0.000000
0.333373 -10.010799 0.014309
-0.333333 9.958447 0.000000
0.333373 9.928127 0.014309
-0.288859 -10.010799 0.666667
0.294474 -10.010799 0.666667
-0.333333 9.958447 0.666667
0.294474 9.928127 0.666667
-0.288859 -10.010799 3.833333
0.307453 -10.004653 3.834550
-0.333333 9.958447 3.833332
0.307454 9.918021 3.834550
-0.333333 -10.029240 4.499999
0.333333 -10.029240 4.499999
-0.333333 9.958447 4.499999
0.333333 9.958447 4.499999
-0.244385 1.644796 0.666668
0.255615 1.644796 0.666668
-0.244385 1.978129 0.666668
0.255615 1.978129 0.666668
-0.244385 1.644796 3.833335
0.294514 1.644796 3.835158
-0.244385 1.978129 3.833335
0.294514 1.978129 3.835159
-0.244385 5.649116 0.666668
0.255615 5.649116 0.666668
-0.244385 5.982449 0.666668
0.255615 5.982449 0.666668
-0.244385 5.649116 3.833335
0.294514 5.649116 3.835159
-0.244385 5.982449 3.833335
0.294514 5.982449 3.835159
-0.244385 9.564476 0.666668
0.255615 9.564476 0.666668
-0.244385 9.897808 0.666668
-0.244385 9.564476 3.833335
0.294514 9.564476 3.835159
-0.244385 9.897808 3.833335
0.255615 -9.659024 0.666668
0.294513 -9.659025 3.835158
-0.244385 -9.659024 0.666668
-0.244385 -9.659024 3.833335
-0.244385 -6.151872 0.666668
0.255615 -6.151872 0.666668
0.294514 -6.151872 3.835158
-0.244385 -6.151872 3.833335
0.255615 -5.818538 0.666668
0.294514 -5.818538 3.835158
-0.244385 -5.818538 0.666668
-0.244385 -5.818538 3.833335
-0.244385 -2.293694 0.666668
0.255615 -2.293694 0.666668
0.294514 -2.293694 3.835158
-0.244385 -2.293694 3.833335
0.255615 -1.960361 0.666668
0.294514 -1.960361 3.835158
-0.244385 -1.960361 0.666668
-0.244385 -1.960361 3.833335
1.999957 1.644796 0.028618
1.999957 1.644796 0.528618
0.333412 1.644796 0.528618
0.333412 1.644796 0.028618
1.999957 1.978129 0.528618
0.333412 1.978129 0.528618
1.999957 1.978129 0.028618
0.333412 1.978129 0.028618
1.999957 5.649116 0.028618
1.999957 5.649116 0.528618
0.333412 5.649116 0.528618
0.333412 5.649116 0.028618
1.999957 5.982449 0.528618
0.333412 5.982449 0.528618
1.999957 5.982449 0.028618
0.333412 5.982449 0.028618
1.999957 9.564475 0.028618
1.999957 9.564475 0.528618
0.333413 9.564475 0.528618
0.333413 9.564475 0.028618
1.999957 9.897807 0.528618
0.333413 9.897807 0.528618
1.999999 9.928127 0.014309
1.999999 -10.010799 0.014309
1.999956 -9.992359 0.528617
0.333412 -9.992359 0.528617
1.999956 -9.659025 0.528617
0.333412 -9.659025 0.528617
1.999956 -9.659025 0.028617
0.333412 -9.659025 0.028617
1.999957 -6.151872 0.028617
1.999957 -6.151872 0.528617
0.333412 -6.151872 0.528617
0.333412 -6.151872 0.028617
1.999957 -5.818538 0.528617
0.333412 -5.818538 0.528617
1.999957 -5.818538 0.028617
0.333412 -5.818538 0.028617
1.999957 -2.293694 0.028618
1.999957 -2.293694 0.528618
0.333412 -2.293694 0.528618
0.333412 -2.293694 0.028618
1.999957 -1.960361 0.528618
0.333412 -1.960361 0.528618
1.999957 -1.960361 0.028618
0.333412 -1.960361 0.028618
2.666707 -10.029240 0.000000
2.666707 9.958447 0.000000
2.044515 -10.010799 0.666667
2.627848 -10.010799 0.666667
2.000041 9.958447 0.666667
2.627848 9.928127 0.666667
2.029662 -10.004653 3.834550
2.627848 -10.010799 3.833333
1.999999 9.928127 3.835157
2.627848 9.928127 3.833333
2.000041 -10.029240 4.499999
2.666707 -10.029240 4.499999
2.000041 9.958447 4.499999
2.666707 9.958447 4.499999
2.088989 1.644796 0.666668
2.588989 1.644796 0.666668
2.088989 1.978129 0.666668
2.588989 1.978129 0.666668
2.044473 1.644796 3.835158
2.588989 1.644796 3.833335
2.044473 1.978129 3.835159
2.588989 1.978129 3.833335
2.088989 5.649116 0.666668
2.588989 5.649116 0.666668
2.088989 5.982449 0.666668
2.588989 5.982449 0.666668
2.044473 5.649116 3.835159
2.588989 5.649116 3.833335
2.044473 5.982449 3.835159
2.588989 5.982449 3.833335
2.088989 9.564476 0.666668
2.588989 9.564476 0.666668
2.088989 9.897808 0.666668
2.044473 9.564476 3.835159
2.588989 9.564476 3.833335
2.088989 9.897808 3.833335
2.588989 -9.659024 0.666668
2.588989 -9.659024 3.833335
2.088989 -9.659024 0.666668
2.044473 -9.659025 3.835158
2.088989 -6.151872 0.666668
2.588989 -6.151872 0.666668
2.588989 -6.151872 3.833335
2.044473 -6.151872 3.835158
2.588989 -5.818538 0.666668
2.588989 -5.818538 3.833335
2.088989 -5.818538 0.666668
2.044473 -5.818538 3.835158
2.088989 -2.293694 0.666668
2.588989 -2.293694 0.666668
2.588989 -2.293694 3.833335
2.044473 -2.293694 3.835158
2.588989 -1.960361 0.666668
2.588989 -1.960361 3.833335
2.088989 -1.960361 0.666668
2.044473 -1.960361 3.835158
1.999957 1.644795 4.336982
0.333412 1.644796 4.336982
1.999957 1.978129 4.336982
0.333412 1.978129 4.336982
1.999957 5.649116 4.336982
0.333412 5.649116 4.336982
1.999957 5.982449 4.336982
0.333412 5.982449 4.336982
1.999957 9.564475 4.336983
0.333413 9.564475 4.336983
1.999957 9.897807 4.336982
0.333413 9.897807 4.336982
1.999956 -9.992359 4.336982
0.333412 -9.992359 4.336982
1.999956 -9.659025 4.336982
0.333412 -9.659025 4.336982
1.999957 -6.151872 4.336982
0.333412 -6.151872 4.336982
1.999957 -5.818538 4.336982
0.333412 -5.818538 4.336982
1.999957 -2.293694 4.336982
0.333412 -2.293694 4.336982
1.999957 -1.960362 4.336982
0.333412 -1.960361 4.336982

720
0.021457 0.000000 -0.999770
0.021457 0.000000 -0.999770
0.021457 0.000000 -0.999770
0.021457 0.000000 -0.999770
0.021457 0.000000 -0.999770
0.021457 0.000000 -0.999770
-0.000000 0.000000 1.000000
0.000000 0.000000 1.000000
-0.000001 0.000000 1.000000
-0.000001 0.000000 1.000000
-0.000001 0.000000 1.000000
-0.000000 0.000000 1.000000
0.014788 -0.999796 0.013728
0.013641 -0.999727 0.018953
0.007022 -0.999940 0.008408
0.007022 -0.999940 0.008408
0.000598 -0.999888 0.014951
0.014788 -0.999796 0.013728
0.998227 -0.000000 0.059521
0.998227 -0.000000 0.059522
0.998202 -0.053182 0.027636
0.998202 -0.053182 0.027636
0.998334 0.052479 0.024002
0.998227 -0.000000 0.059521
0.023120 0.999268 0.030490
0.045429 0.998967 0.000000
0.046813 0.998903 0.001417
0.046813 0.998903 0.001417
-0.002013 0.999997 0.001645
0.023120 0.999268 0.030490
-0.999997 -0.002180 0.001417
-0.997782 0.000000 0.066563
-0.997513 0.062304 0.032953
-0.997513 0.062304 0.032953
-0.999998 -0.002227 0.000000
-0.999997 -0.002180 0.001417
0.002037 0.000000 -0.999998
0.001901 0.000004 -0.999998
0.001903 0.000004 -0.999998
0.001903 0.000004 -0.999998
0.002039 0.000000 -0.999998
0.002037 0.000000 -0.999998
0.000000 0.000000 1.000000
0.000000 0.000000 1.000000
0.000000 0.000000 1.000000
0.000000 0.000000 1.000000
0.000000 0.000000 1.000000
0.000000 0.000000 1.000000
0.007700 -0.999833 -0.016566
0.006598 -0.999967 -0.004820
0.004822 -0.999472 -0.032146
0.004822 -0.999472 -0.032146
0.000000 -0.999618 -0.027650
0.007700 -0.999833 -0.016566
0.999593 0.018520 -0.021703
0.999464 -0.020485 -0.025523
0.999245 -0.000000 -0.038861
0.999245 -0.000000 -0.038861
0.999245 0.000000 -0.038862
0.999593 0.018520 -0.021703
-0.001774 0.999986 0.004975
0.062962 0.998016 0.000000
0.030756 0.999044 -0.031075
0.030756 0.999044 -0.031075
0.000000 0.998160 -0.060637
-0.001774 0.999986 0.004975
-0.999999 -0.000047 -0.001417
-0.997556 0.061210 -0.033688
-0.997871 -0.002174 -0.065188
-0.997871 -0.002174 -0.065188
-1.000000 0.000000 0.000000
-0.999999 -0.000047 -0.001417
-0.000000 -1.000000 -0.000000
0.000000 -1.000000 -0.000000
-0.000000 -1.000000 -0.000000
-0.000000 -1.000000 -0.000000
-0.000000 -1.000000 0.000000
-0.000000 -1.000000 -0.000000
0.999925 0.000000 -0.012276
0.999925 0.000000 -0.012276
0.999925 0.000000 -0.012276
0.999925 0.000000 -0.012276
0.999925 0.000000 -0.012276
0.999925 0.000000 -0.012276
0.000000 1.000000 0.000000
0.000000 1.000000 0.000000
0.000000 1.000000 0.000000
0.000000 1.000000 0.000000
0.000000 1.000000 0.000000
0.000000 1.000000 0.000000
-1.000000 0.000000 0.000000
-1.000000 0.000000 0.000000
-1.000000 0.000000 0.000000
-1.000000 0.000000 0.000000
-1.000000 0.000000 0.000000
-1.000000 0.000000 0.000000
0.000000 -1.000000 0.000000
0.000000 -1.000000 0.000000
0.000000 -1.000000 0.000000
0.000000 -1.000000 0.000000
0.000000 -1.000000 0.000000
0.000000 -1.000000 0.000000
0.999925 0.000000 -0.012276
0.999925 0.000000 -0.012276
0.999925 0.000000 -0.012276
0.999925 0.000000 -0.012276
0.999925 0.000000 -0.012276
0.999925 0.000000 -0.012276
0.000000 1.000000 0.000000
0.000000 1.000000 0.000000
0.000000 1.000000 0.000000
0.000000 1.000000 0.000000
0.000000 1.000000 0.000000
0.000000 1.000000 0.000000
-1.000000 0.000000 0.000000
-1.000000 0.000000 0.000000
-1.000000 0.000000 0.000000
-1.000000 0.000000 0.000000
-1.000000 0.000000 0.000000
-1.000000 0.000000 0.000000
0.000000 -1.000000 0.000000
0.000000 -1.000000 0.000000
0.000000 -1.000000 -0.000001
0.000000 -1.000000 -0.000001
0.000000 -1.000000 0.000000
0.000000 -1.000000 0.000000
0.994840 -0.101334 -0.004970
0.998202 -0.053182 0.027636
0.999464 -0.020485 -0.025523
0.999464 -0.020485 -0.025523
0.999255 -0.036594 -0.012268
0.994840 -0.101334 -0.004970
-0.002013 0.999997 0.001645
-0.056177 0.998421 0.000000
-0.038712 0.999246 0.002980
-0.038712 0.999246 0.002980
-0.001774 0.999986 0.004975
-0.002013 0.999997 0.001645
-1.000000 0.000000 0.000000
-1.000000 0.000000 0.000000
-1.000000 0.000000 0.000000
-1.000000 0.000000 0.000000
-1.000000 0.000000 0.000000
-1.000000 0.000000 0.000000
0.000598 -0.999888 0.014951
0.007022 -0.999940 0.008408
0.006598 -0.999967 -0.004820
0.006598 -0.999967 -0.004820
0.007700 -0.999833 -0.016566
0.000598 -0.999888 0.014951
0.998334 0.052479 0.024002
0.993880 0.109790 -0.012201
0.999083 0.042556 -0.004737
0.999083 0.042556 -0.004737
0.999593 0.018520 -0.021703
0.998334 0.052479 0.024002
0.000000 1.000000 0.000000
0.000000 1.000000 0.000000
0.000002 1.000000 0.000000
0.000002 1.000000 0.000000
0.000001 1.000000 0.000000
0.000000 1.000000 0.000000
-0.992103 0.125430 0.000000
-0.997513 0.062304 0.032953
-0.997556 0.061210 -0.033688
-0.997556 0.061210 -0.033688
-0.992103 0.125430 0.000000
-0.992103 0.125430 0.000000
0.000000 -1.000000 0.000000
0.000000 -1.000000 0.000000
0.000000 -1.000000 0.000000
0.000000 -1.000000 0.000000
0.000000 -1.000000 0.000000
0.000000 -1.000000 0.000000
0.999925 0.000000 -0.012276
0.999925 0.000000 -0.012276
0.999925 0.000000 -0.012276
0.999925 0.000000 -0.012276
0.999925 0.000000 -0.012276
0.999925 0.000000 -0.012276
0.000000 1.000000 0.000000
0.000000 1.000000 0.000000
0.000000 1.000000 0.000000
0.000000 1.000000 0.000000
0.000000 1.000000 0.000000
0.000000 1.000000 0.000000
-1.000000 0.000000 0.000000
-1.000000 0.000000 0.000000
-1.000000 0.000000 0.000000
-1.000000 0.000000 0.000000
-1.000000 0.000000 0.000000
-1.000000 0.000000 0.000000
0.000000 -1.000000 0.000000
0.000000 -1.000000 0.000000
-0.000000 -1.000000 -0.000000
-0.000000 -1.000000 -0.000000
0.000000 -1.000000 0.000000
0.000000 -1.000000 0.000000
0.999925 0.000000 -0.012276
0.999925 0.000000 -0.012276
0.999925 0.000000 -0.012276
0.999925 0.000000 -0.012276
0.999925 0.000000 -0.012276
0.999925 0.000000 -0.012276
0.000000 1.000000 0.000000
0.000000 1.000000 0.000000
0.000000 1.000000 0.000000
0.000000 1.000000 0.000000
0.000000 1.000000 0.000000
0.000000 1.000000 0.000000
-1.000000 0.000000 0.000000
-1.000000 0.000000 0.000000
-1.000000 0.000000 0.000000
-1.000000 0.000000 0.000000
-1.000000 0.000000 0.000000
-1.000000 0.000000 0.000000
-0.000000 -1.000000 0.000000
-0.000000 -1.000000 0.000000
-0.000000 -1.000000 0.000000
-0.000000 -1.000000 0.000000
-0.000000 -1.000000 0.000000
-0.000000 -1.000000 0.000000
0.000000 0.000000 1.000000
0.000000 0.000000 1.000000
0.000000 0.000000 1.000000
0.000000 0.000000 1.000000
0.000000 0.000000 1.000000
0.000000 0.000000 1.000000
0.000000 1.000000 0.000000
0.000000 1.000000 0.000000
0.000000 1.000000 0.000000
0.000000 1.000000 0.000000
0.000000 1.000000 0.000000
0.000000 1.000000 0.000000
0.000000 0.000000 -1.000000
0.000000 0.000000 -1.000000
0.000000 0.000000 -1.000000
0.000000 0.000000 -1.000000
0.000000 0.000000 -1.000000
0.000000 0.000000 -1.000000
0.000000 -1.000000 0.000000
0.000000 -1.000000 0.000000
0.000000 -1.000000 0.000000
0.000000 -1.000000 0.000000
0.000000 -1.000000 0.000000
0.000000 -1.000000 0.000000
0.000000 0.000000 1.000000
0.000000 0.000000 1.000000
0.000000 0.000000 1.000000
0.000000 0.000000 1.000000
0.000000 0.000000 1.000000
0.000000 0.000000 1.000000
0.000000 1.000000 0.000000
0.000000 1.000000 0.000000
0.000000 1.000000 0.000000
0.000000 1.000000 0.000000
0.000000 1.000000 0.000000
0.000000 1.000000 0.000000
0.000000 0.000000 -1.000000
0.000000 0.000000 -1.000000
0.000000 0.000000 -1.000000
0.000000 0.000000 -1.000000
0.000000 0.000000 -1.000000
0.000000 0.000000 -1.000000
0.000000 -1.000000 0.000000
0.000000 -1.000000 0.000000
0.000000 -1.000000 0.000000
0.000000 -1.000000 0.000000
0.000000 -1.000000 0.000000
0.000000 -1.000000 0.000000
0.000000 0.000000 1.000000
0.000000 0.000000 1.000000
0.000000 0.000000 1.000000
0.000000 0.000000 1.000000
0.000000 0.000000 1.000000
0.000000 0.000000 1.000000
0.000000 0.998267 0.058851
-0.023367 0.999709 0.005927
0.023120 0.999268 0.030490
0.023120 0.999268 0.030490
0.000000 0.998267 0.058851
0.000000 0.998267 0.058851
-0.717878 -0.028979 -0.695565
0.000000 -0.039318 -0.999227
0.000000 -0.039318 -0.999227
0.000000 -0.039318 -0.999227
0.000000 -0.039318 -0.999227
-0.717878 -0.028979 -0.695565
-0.007231 -0.999658 0.025146
0.000000 -0.999358 0.035831
0.000000 -0.999358 0.035831
0.000000 -0.999358 0.035831
0.013641 -0.999727 0.018953
-0.007231 -0.999658 0.025146
0.000000 0.000000 1.000000
0.000000 0.000000 1.000000
0.000000 0.000000 1.000000
0.000000 0.000000 1.000000
0.000000 0.000000 1.000000
0.000000 0.000000 1.000000
0.000000 1.000000 0.000000
0.000000 1.000000 0.000000
0.000000 1.000000 0.000000
0.000000 1.000000 0.000000
0.000000 1.000000 0.000000
0.000000 1.000000 0.000000
0.000000 0.040642 -0.999174
-0.730787 0.029767 -0.681957
0.000000 0.040642 -0.999174
0.000000 0.040642 -0.999174
0.000000 0.040642 -0.999174
0.000000 0.040642 -0.999174
0.000000 -1.000000 0.000000
0.000000 -1.000000 0.000000
0.000000 -1.000000 0.000000
0.000000 -1.000000 0.000000
0.000000 -1.000000 0.000000
0.000000 -1.000000 0.000000
0.000000 0.000000 1.000000
0.000000 0.000000 1.000000
0.000000 0.000000 1.000000
0.000000 0.000000 1.000000
0.000000 0.000000 1.000000
0.000000 0.000000 1.000000
0.000000 1.000000 0.000000
0.000000 1.000000 0.000000
0.000000 1.000000 0.000000
0.000000 1.000000 0.000000
0.000000 1.000000 0.000000
0.000000 1.000000 0.000000
0.000000 0.000000 -1.000000
0.000000 0.000000 -1.000000
0.000000 0.000000 -1.000000
0.000000 0.000000 -1.000000
0.000000 0.000000 -1.000000
0.000000 0.000000 -1.000000
-0.000000 -1.000000 0.000000
-0.000000 -1.000000 0.000000
-0.000000 -1.000000 0.000000
-0.000000 -1.000000 0.000000
-0.000000 -1.000000 0.000000
-0.000000 -1.000000 0.000000
-0.000000 -0.000000 1.000000
-0.000000 -0.000000 1.000000
-0.000000 -0.000000 1.000000
-0.000000 -0.000000 1.000000
-0.000000 -0.000000 1.000000
-0.000000 -0.000000 1.000000
0.000000 1.000000 0.000000
0.000000 1.000000 0.000000
0.000000 1.000000 0.000000
0.000000 1.000000 0.000000
0.000000 1.000000 0.000000
0.000000 1.000000 0.000000
0.000000 0.000000 -1.000000
0.000000 0.000000 -1.000000
0.000000 0.000000 -1.000000
0.000000 0.000000 -1.000000
0.000000 0.000000 -1.000000
0.000000 0.000000 -1.000000
-0.021457 0.000000 -0.999770
-0.021457 0.000000 -0.999770
-0.021457 0.000000 -0.999770
-0.021457 0.000000 -0.999770
-0.021457 0.000000 -0.999770
-0.021457 0.000000 -0.999770
-0.000000 0.000000 1.000000
0.000000 0.000000 1.000000
-0.000001 0.000000 1.000000
-0.000001 0.000000 1.000000
-0.000001 0.000000 1.000000
-0.000000 0.000000 1.000000
-0.007231 -0.999658 0.025146
-0.027080 -0.999294 0.026062
-0.006981 -0.999953 0.006718
-0.006981 -0.999953 0.006718
-0.000597 -1.000000 0.000110
-0.007231 -0.999658 0.025146
0.998306 0.000000 0.058190
0.998305 0.000000 0.058190
0.998185 -0.052466 0.029563
0.998185 -0.052466 0.029563
0.998079 0.054526 0.029405
0.998306 0.000000 0.058190
-0.000258 1.000000 -0.000258
-0.023367 0.999709 0.005927
0.000907 0.999999 0.000907
0.000907 0.999999 0.000907
-0.003090 0.999694 0.024553
-0.000258 1.000000 -0.000258
-0.717878 -0.028979 -0.695565
-0.730787 0.029767 -0.681957
-0.997543 0.062831 0.030982
-0.997543 0.062831 0.030982
-0.999997 -0.002227 0.000167
-0.717878 -0.028979 -0.695565
-0.002050 0.000001 -0.999998
-0.002905 0.000026 -0.999996
-0.002888 0.000026 -0.999996
-0.002888 0.000026 -0.999996
-0.002033 0.000000 -0.999998
-0.002050 0.000001 -0.999998
0.000000 0.000000 1.000000
0.000000 0.000000 1.000000
0.000000 0.000000 1.000000
0.000000 0.000000 1.000000
0.000000 0.000000 1.000000
0.000000 0.000000 1.000000
-0.005205 -0.999983 -0.002509
-0.009715 -0.999869 -0.012933
-0.004813 -0.999466 -0.032320
-0.004813 -0.999466 -0.032320
0.000000 -0.999318 -0.036922
-0.005205 -0.999983 -0.002509
0.998079 0.054526 -0.029405
0.998185 -0.052466 -0.029564
0.998306 0.000000 -0.058190
0.998306 0.000000 -0.058190
0.998305 0.000000 -0.058190
0.998079 0.054526 -0.029405
-0.027655 0.999349 -0.023155
-0.003059 0.999968 0.007337
-0.000064 0.998965 -0.045492
-0.000064 0.998965 -0.045492
0.000000 0.998967 -0.045432
-0.027655 0.999349 -0.023155
-0.691626 -0.000175 -0.722256
-0.880861 0.021371 -0.472892
-0.999050 -0.001453 -0.043557
-0.999050 -0.001453 -0.043557
-1.000000 0.000000 0.000063
-0.691626 -0.000175 -0.722256
0.000000 -1.000000 -0.000000
0.000000 -1.000000 0.000000
0.000000 -1.000000 -0.000000
0.000000 -1.000000 -0.000000
0.000000 -1.000000 -0.000000
0.000000 -1.000000 -0.000000
1.000000 0.000000 0.000000
1.000000 0.000000 0.000000
1.000000 0.000000 0.000000
1.000000 0.000000 0.000000
1.000000 0.000000 0.000000
1.000000 0.000000 0.000000
-0.000000 1.000000 0.000000
0.000000 1.000000 0.000000
-0.000000 1.000000 0.000000
-0.000000 1.000000 0.000000
-0.000000 1.000000 0.000000
-0.000000 1.000000 0.000000
-0.999901 0.000000 -0.014048
-0.999901 0.000000 -0.014048
-0.702123 0.000001 -0.712056
-0.702123 0.000001 -0.712056
-0.702122 0.000001 -0.712056
-0.999901 0.000000 -0.014048
0.000000 -1.000000 0.000000
0.000000 -1.000000 0.000000
0.000000 -1.000000 0.000000
0.000000 -1.000000 0.000000
0.000000 -1.000000 0.000000
0.000000 -1.000000 0.000000
1.000000 0.000000 0.000000
1.000000 0.000000 0.000000
1.000000 0.000000 0.000000
1.000000 0.000000 0.000000
1.000000 0.000000 0.000000
1.000000 0.000000 0.000000
0.000000 1.000000 0.000000
0.000000 1.000000 0.000000
0.000000 1.000000 0.000000
0.000000 1.000000 0.000000
0.000000 1.000000 0.000000
0.000000 1.000000 0.000000
-0.999901 0.000000 -0.014048
-0.999901 0.000000 -0.014048
-0.702123 0.000000 -0.712056
-0.702123 0.000000 -0.712056
-0.702122 0.000000 -0.712056
-0.999901 0.000000 -0.014048
0.000000 -1.000000 0.000000
0.000000 -1.000000 0.000000
0.000000 -1.000000 0.000000
0.000000 -1.000000 0.000000
0.000000 -1.000000 -0.000001
0.000000 -1.000000 0.000000
0.994339 -0.106253 0.000000
0.998185 -0.052466 0.029563
0.998185 -0.052466 -0.029564
0.998185 -0.052466 -0.029564
0.994339 -0.106253 0.000000
0.994339 -0.106253 0.000000
-0.003090 0.999694 0.024553
-0.056177 0.998421 0.000000
-0.056177 0.998421 0.000000
-0.056177 0.998421 0.000000
-0.027655 0.999349 -0.023155
-0.003090 0.999694 0.024553
-0.999874 0.008911 -0.013110
-0.999901 0.000000 -0.014048
-0.727481 0.090590 -0.680121
-0.727481 0.090590 -0.680121
-0.991200 0.132374 0.000000
-0.999874 0.008911 -0.013110
-0.000597 -1.000000 0.000110
-0.006981 -0.999953 0.006718
-0.009715 -0.999869 -0.012933
-0.009715 -0.999869 -0.012933
-0.005205 -0.999983 -0.002509
-0.000597 -1.000000 0.000110
0.998079 0.054526 0.029405
0.993954 0.109797 0.000000
0.993954 0.109797 0.000000
0.993954 0.109797 0.000000
0.998079 0.054526 -0.029405
0.998079 0.054526 0.029405
-0.000000 1.000000 0.000000
0.000000 1.000000 0.000000
-0.000001 1.000000 0.000000
-0.000001 1.000000 0.000000
-0.000002 1.000000 0.000000
-0.000000 1.000000 0.000000
-0.992791 0.119731 -0.005530
-0.997543 0.062831 0.030982
-0.880861 0.021371 -0.472892
-0.880861 0.021371 -0.472892
-0.710829 0.031697 -0.702650
-0.992791 0.119731 -0.005530
0.000000 -1.000000 0.000000
0.000000 -1.000000 0.000000
0.000000 -1.000000 0.000000
0.000000 -1.000000 0.000000
0.000000 -1.000000 0.000000
0.000000 -1.000000 0.000000
1.000000 0.000000 0.000000
1.000000 0.000000 0.000000
1.000000 0.000000 0.000000
1.000000 0.000000 0.000000
1.000000 0.000000 0.000000
1.000000 0.000000 0.000000
0.000000 1.000000 0.000000
0.000000 1.000000 0.000000
0.000000 1.000000 0.000000
0.000000 1.000000 0.000000
0.000000 1.000000 0.000000
0.000000 1.000000 0.000000
-0.999901 0.000000 -0.014048
-0.999901 0.000000 -0.014048
-0.702123 0.000000 -0.712056
-0.702123 0.000000 -0.712056
-0.702122 0.000000 -0.712056
-0.999901 0.000000 -0.014048
0.000000 -1.000000 -0.000000
0.000000 -1.000000 0.000000
0.000000 -1.000000 -0.000000
0.000000 -1.000000 -0.000000
0.000000 -1.000000 -0.000000
0.000000 -1.000000 -0.000000
1.000000 0.000000 0.000000
1.000000 0.000000 0.000000
1.000000 0.000000 0.000000
1.000000 0.000000 0.000000
1.000000 0.000000 0.000000
1.000000 0.000000 0.000000
0.000000 1.000000 0.000000
0.000000 1.000000 0.000000
0.000000 1.000000 0.000000
0.000000 1.000000 0.000000
0.000000 1.000000 0.000000
0.000000 1.000000 0.000000
-0.999901 0.000000 -0.014048
-0.999901 0.000000 -0.014048
-0.702123 0.000000 -0.712056
-0.702123 0.000000 -0.712056
-0.702122 0.000000 -0.712056
-0.999901 0.000000 -0.014048
0.000000 -1.000000 -0.000000
-0.000000 -1.000000 -0.000000
-0.000000 -1.000000 -0.000000
-0.000000 -1.000000 -0.000000
-0.000000 -1.000000 -0.000000
0.000000 -1.000000 -0.000000
0.000000 0.000000 1.000000
0.000000 0.000000 1.000000
0.000000 0.000000 1.000000
0.000000 0.000000 1.000000
0.000000 0.000000 1.000000
0.000000 0.000000 1.000000
0.000000 1.000000 0.000000
-0.000000 1.000000 0.000000
0.000000 1.000000 0.000000
0.000000 1.000000 0.000000
0.000000 1.000000 0.000000
0.000000 1.000000 0.000000
-0.702122 0.000001 -0.712056
-0.702123 0.000001 -0.712056
0.000000 0.000001 -1.000000
0.000000 0.000001 -1.000000
0.000000 0.000001 -1.000000
-0.702122 0.000001 -0.712056
0.000000 -1.000000 0.000000
0.000000 -1.000000 0.000000
0.000000 -1.000000 0.000000
0.000000 -1.000000 0.000000
0.000000 -1.000000 0.000000
0.000000 -1.000000 0.000000
0.000000 0.000000 1.000000
0.000000 0.000000 1.000000
0.000000 0.000000 1.000000
0.000000 0.000000 1.000000
0.000000 0.000000 1.000000
0.000000 0.000000 1.000000
0.000000 1.000000 0.000000
0.000000 1.000000 0.000000
0.000000 1.000000 0.000000
0.000000 1.000000 0.000000
0.000000 1.000000 0.000000
0.000000 1.000000 0.000000
-0.702122 0.000000 -0.712056
-0.702123 0.000000 -0.712056
0.000000 0.000000 -1.000000
0.000000 0.000000 -1.000000
0.000000 0.000000 -1.000000
-0.702122 0.000000 -0.712056
0.000000 -1.000000 -0.000001
0.000000 -1.000000 -0.000002
0.000000 -1.000000 -0.000002
0.000000 -1.000000 -0.000002
0.000000 -1.000000 -0.000001
0.000000 -1.000000 -0.000001
0.000000 0.000001 1.000000
0.000000 0.000001 1.000000
0.000000 0.000001 1.000000
0.000000 0.000001 1.000000
0.000000 0.000001 1.000000
0.000000 0.000001 1.000000
-0.004882 0.998384 0.056614
-0.003059 0.999968 0.007337
-0.001774 0.999986 0.004975
-0.001774 0.999986 0.004975
0.000000 0.999192 0.040200
-0.004882 0.998384 0.056614
-0.691626 -0.000175 -0.722256
-0.727481 0.090590 -0.680121
0.000319 -0.001499 -0.999999
0.000319 -0.001499 -0.999999
0.000369 -0.001736 -0.999998
-0.691626 -0.000175 -0.722256
-0.005205 -0.999983 -0.002509
0.000000 -0.999701 0.024461
0.000000 -0.999701 0.024461
0.000000 -0.999701 0.024461
0.006598 -0.999967 -0.004820
-0.005205 -0.999983 -0.002509
0.000000 0.000000 1.000000
0.000000 0.000000 1.000000
0.000000 0.000000 1.000000
0.000000 0.000000 1.000000
0.000000 0.000000 1.000000
0.000000 0.000000 1.000000
0.000000 1.000000 0.000000
-0.000001 1.000000 0.000000
0.000001 1.000000 0.000000
0.000001 1.000000 0.000000
0.000000 1.000000 0.000000
0.000000 1.000000 0.000000
-0.710829 0.031697 -0.702650
-0.880861 0.021371 -0.472892
0.000000 0.001761 -0.999998
0.000000 0.001761 -0.999998
0.000000 0.001761 -0.999998
-0.710829 0.031697 -0.702650
0.000000 -1.000000 0.000000
0.000000 -1.000000 0.000000
0.000000 -1.000000 0.000000
0.000000 -1.000000 0.000000
0.000000 -1.000000 0.000000
0.000000 -1.000000 0.000000
0.000000 0.000000 1.000000
0.000000 0.000000 1.000000
0.000000 0.000000 1.000000
0.000000 0.000000 1.000000
0.000000 0.000000 1.000000
0.000000 0.000000 1.000000
0.000000 1.000000 0.000000
0.000000 1.000000 0.000000
0.000000 1.000000 0.000000
0.000000 1.000000 0.000000
0.000000 1.000000 0.000000
0.000000 1.000000 0.000000
-0.702122 0.000000 -0.712056
-0.702123 0.000000 -0.712056
0.000000 0.000000 -1.000000
0.000000 0.000000 -1.000000
0.000000 0.000000 -1.000000
-0.702122 0.000000 -0.712056
0.000000 -1.000000 -0.000000
-0.000000 -1.000000 -0.000000
-0.000000 -1.000000 -0.000000
-0.000000 -1.000000 -0.000000
-0.000000 -1.000000 -0.000000
0.000000 -1.000000 -0.000000
0.000000 0.000000 1.000000
0.000000 0.000000 1.000000
0.000000 0.000000 1.000000
0.000000 0.000000 1.000000
0.000000 0.000000 1.000000
0.000000 0.000000 1.000000
0.000000 1.000000 0.000000
0.000000 1.000000 0.000000
0.000000 1.000000 0.000000
0.000000 1.000000 0.000000
0.000000 1.000000 -0.000000
0.000000 1.000000 0.000000
-0.702122 0.000000 -0.712056
-0.702123 0.000000 -0.712056
0.000000 0.000000 -1.000000
0.000000 0.000000 -1.000000
0.000000 0.000000 -1.000000
-0.702122 0.000000 -0.712056

792 
2.283930 0.017859
-1.283930 0.017859
-1.283930 0.017859
0.265372 0.017859
2.283930 0.239238
-1.283930 0.239238
-1.283930 0.239238
0.265372 0.239238
-1.283930 0.514411
2.283930 0.514413
2.283930 0.734628
2.283930 0.734628
-1.283930 0.734627
-1.283930 0.514411
2.283930 0.514411
2.283930 0.734627
-1.283930 0.734628
-1.283930 0.734628
-1.283930 0.514413
2.283930 0.514411
0.514411 0.017859
0.734627 0.017859
0.734627 0.239238
0.734627 0.239238
0.514411 0.239238
0.514411 0.017859
-1.283930 0.017859
2.283930 0.017859
2.283930 0.239238
2.283930 0.239238
0.265372 0.017859
0.485587 0.017859
0.485587 0.239238
0.485587 0.239238
-1.283930 0.017859
2.283930 0.239238
-1.283930 0.979607
2.283930 0.979607
2.283930 0.979608
0.020392 0.735867
-1.283930 0.759391
2.283930 0.759391
2.283930 0.759393
0.240607 0.735867
-1.283930 0.514488
2.283930 0.514488
2.283930 0.735867
2.283930 0.735867
-1.283930 0.735867
-1.283930 0.514488
2.283930 0.514488
2.283930 0.735867
-1.283930 0.735867
-1.283930 0.735867
-1.283930 0.514488
2.283930 0.514488
0.979607 0.514488
0.979607 0.735867
0.759391 0.735867
0.759391 0.735867
0.759391 0.514488
0.979607 0.514488
2.283930 0.979607
-1.283930 0.979608
-1.283930 0.759393
-1.283930 0.759393
0.020392 0.735867
0.020392 0.514488
0.240607 0.514488
0.240607 0.514488
2.283930 0.979608
-1.283930 0.759391
0.000500 0.805429
0.999501 0.805429
0.000500 0.988211
0.999501 0.257166
0.999500 0.805429
0.000500 0.805429
0.999500 0.988211
0.000500 0.257166
0.194571 0.488003
0.011789 0.488003
0.011790 0.257166
0.011790 0.257166
0.194571 0.257166
0.194571 0.488003
0.805429 0.488003
0.805429 0.257166
0.988210 0.257166
0.988210 0.257166
0.988211 0.488003
0.805429 0.488003
0.000500 0.488003
0.000500 0.257166
0.999500 0.257166
0.999500 0.257166
0.999500 0.488003
0.000500 0.488003
0.999501 0.805429
0.999501 0.988210
0.000500 0.988210
0.000500 0.988210
0.999501 0.257166
0.999501 0.488003
0.000500 0.488003
0.000500 0.488003
0.000500 0.988211
0.999500 0.805429
0.000500 0.288623
0.999500 0.288623
0.000500 0.471405
0.999500 0.763737
0.999501 0.288623
0.000500 0.288623
0.999501 0.471405
0.000500 0.763737
0.711377 0.994574
0.528595 0.994574
0.528595 0.763737
0.528595 0.763737
0.711377 0.763737
0.711377 0.994574
0.288623 0.994574
0.288623 0.763737
0.471405 0.763737
0.471405 0.763737
0.471405 0.994574
0.288623 0.994574
0.000500 0.994574
0.000500 0.763737
0.999501 0.763737
0.999501 0.763737
0.999501 0.994574
0.000500 0.994574
0.999500 0.288623
0.999500 0.471405
0.000500 0.471405
0.000500 0.471405
0.999500 0.763737
0.999500 0.994574
0.000500 0.994574
0.000500 0.994574
0.000500 0.471405
0.999501 0.288623
0.000500 0.510708
0.999500 0.510708
0.000500 0.693490
0.999500 0.509938
0.999501 0.510708
0.000500 0.510708
0.999501 0.693490
0.000500 0.509938
0.489292 0.740775
0.306510 0.740775
0.306510 0.509938
0.306510 0.509938
0.489292 0.509938
0.489292 0.740775
0.510708 0.740775
0.510708 0.509938
0.693490 0.509938
0.693490 0.509938
0.693490 0.740775
0.510708 0.740775
0.000500 0.740775
0.000500 0.509938
0.999501 0.509938
0.999501 0.509938
0.999501 0.740775
0.000500 0.740775
0.999500 0.510708
0.999500 0.693490
0.000500 0.693490
0.000500 0.693490
0.999500 0.509938
0.999500 0.740775
0.000500 0.740775
0.000500 0.740775
0.000500 0.693490
0.999501 0.510708
0.000500 0.488003
0.000500 0.257166
0.999500 0.257166
0.999500 0.257166
0.999500 0.488003
0.000500 0.488003
0.999501 0.805429
0.999501 0.988210
0.000500 0.988210
0.000500 0.988210
0.000500 0.805429
0.999501 0.805429
0.999501 0.257166
0.999501 0.488003
0.000500 0.488003
0.000500 0.488003
0.000500 0.257166
0.999501 0.257166
0.000500 0.988211
0.000500 0.805429
0.999500 0.805429
0.999500 0.805429
0.999500 0.988211
0.000500 0.988211
0.000500 0.994574
0.000500 0.763737
0.999501 0.763737
0.999501 0.763737
0.999501 0.994574
0.000500 0.994574
0.999500 0.288623
0.999500 0.471405
0.000500 0.471405
0.000500 0.471405
0.000500 0.288623
0.999500 0.288623
0.999500 0.763737
0.999500 0.994574
0.000500 0.994574
0.000500 0.994574
0.000500 0.763737
0.999500 0.763737
0.000500 0.471405
0.000500 0.288623
0.999501 0.288623
0.999501 0.288623
0.999501 0.471405
0.000500 0.471405
0.000500 0.740775
0.000500 0.509938
0.999501 0.509938
0.999501 0.509938
0.999501 0.740775
0.000500 0.740775
0.999500 0.510708
0.999500 0.693490
0.000500 0.693490
0.000500 0.693490
0.000500 0.510708
0.999500 0.510708
0.999500 0.509938
0.999500 0.740775
0.000500 0.740775
0.000500 0.740775
0.000500 0.509938
0.999500 0.509938
0.000500 0.693490
0.000500 0.510708
0.999501 0.510708
0.999501 0.510708
0.999501 0.693490
0.000500 0.693490
0.000500 0.488003
0.000500 0.257166
0.999500 0.257166
0.999500 0.257166
0.999500 0.488003
0.000500 0.488003
0.999501 0.805429
0.999501 0.988210
0.000500 0.988210
0.000500 0.988210
0.000500 0.805429
0.999501 0.805429
0.999501 0.257166
0.999501 0.488003
0.000500 0.488003
0.000500 0.488003
0.000500 0.257166
0.999501 0.257166
0.000500 0.988211
0.000500 0.805429
0.999500 0.805429
0.999500 0.805429
0.999500 0.988211
0.000500 0.988211
0.000500 0.994574
0.000500 0.763737
0.999501 0.763737
0.999501 0.763737
0.999501 0.994574
0.000500 0.994574
0.999500 0.288623
0.999500 0.471405
0.000500 0.471405
0.000500 0.471405
0.000500 0.288623
0.999500 0.288623
0.999500 0.763737
0.999500 0.994574
0.000500 0.994574
0.000500 0.994574
0.000500 0.763737
0.999500 0.763737
0.000500 0.471405
0.000500 0.288623
0.999501 0.288623
0.999501 0.288623
0.999501 0.471405
0.000500 0.471405
0.000500 0.740775
0.000500 0.509938
0.999501 0.509938
0.999501 0.509938
0.999501 0.740775
0.000500 0.740775
0.999500 0.510708
0.999500 0.693490
0.000500 0.693490
0.000500 0.693490
0.000500 0.510708
0.999500 0.510708
0.999500 0.509938
0.999500 0.740775
0.000500 0.740775
0.000500 0.740775
0.000500 0.509938
0.999500 0.509938
0.000500 0.693490
0.000500 0.510708
0.999501 0.510708
0.999501 0.510708
0.999501 0.693490
0.000500 0.693490
0.000500 0.488003
0.000500 0.257166
0.999500 0.257166
0.999500 0.257166
0.999500 0.488003
0.000500 0.488003
0.999501 0.805429
0.999501 0.988210
0.000500 0.988210
0.000500 0.988210
0.000500 0.805429
0.999501 0.805429
0.999501 0.257166
0.999501 0.488003
0.000500 0.488003
0.000500 0.488003
0.000500 0.257166
0.999501 0.257166
0.000500 0.988211
0.000500 0.805429
0.999500 0.805429
0.999500 0.805429
0.999500 0.988211
0.000500 0.988211
0.000500 0.994574
0.000500 0.763737
0.999501 0.763737
0.999501 0.763737
0.999501 0.994574
0.000500 0.994574
0.999500 0.288623
0.999500 0.471405
0.000500 0.471405
0.000500 0.471405
0.000500 0.288623
0.999500 0.288623
0.999500 0.763737
0.999500 0.994574
0.000500 0.994574
0.000500 0.994574
0.000500 0.763737
0.999500 0.763737
0.000500 0.471405
0.000500 0.288623
0.999501 0.288623
0.999501 0.288623
0.999501 0.471405
0.000500 0.471405
0.000500 0.740775
0.000500 0.509938
0.999501 0.509938
0.999501 0.509938
0.999501 0.740775
0.000500 0.740775
0.999500 0.510708
0.999500 0.693490
0.000500 0.693490
0.000500 0.693490
0.000500 0.510708
0.999500 0.510708
0.999500 0.509938
0.999500 0.740775
0.000500 0.740775
0.000500 0.740775
0.000500 0.509938
0.999500 0.509938
0.000500 0.693490
0.000500 0.510708
0.999501 0.510708
0.999501 0.510708
0.999501 0.693490
0.000500 0.693490
2.283930 0.017859
-1.283930 0.017859
-1.283930 0.017859
0.265372 0.017859
2.283930 0.239238
-1.283930 0.239238
-1.283930 0.239238
0.265372 0.239238
-1.283930 0.514411
2.283930 0.514413
2.283930 0.734628
2.283930 0.734628
-1.283930 0.734627
-1.283930 0.514411
2.283930 0.514411
2.283930 0.734627
-1.283930 0.734628
-1.283930 0.734628
-1.283930 0.514413
2.283930 0.514411
0.514411 0.017859
0.734627 0.017859
0.734627 0.239238
0.734627 0.239238
0.514411 0.239238
0.514411 0.017859
-1.283930 0.017859
2.283930 0.017859
2.283930 0.239238
2.283930 0.239238
0.265372 0.017859
0.485587 0.017859
0.485587 0.239238
0.485587 0.239238
-1.283930 0.017859
2.283930 0.239238
-1.283930 0.979607
2.283930 0.979607
2.283930 0.979608
0.020392 0.735867
-1.283930 0.759391
2.283930 0.759391
2.283930 0.759393
0.240607 0.735867
-1.283930 0.514488
2.283930 0.514488
2.283930 0.735867
2.283930 0.735867
-1.283930 0.735867
-1.283930 0.514488
2.283930 0.514488
2.283930 0.735867
-1.283930 0.735867
-1.283930 0.735867
-1.283930 0.514488
2.283930 0.514488
0.979607 0.514488
0.979607 0.735867
0.759391 0.735867
0.759391 0.735867
0.759391 0.514488
0.979607 0.514488
2.283930 0.979607
-1.283930 0.979608
-1.283930 0.759393
-1.283930 0.759393
0.020392 0.735867
0.020392 0.514488
0.240607 0.514488
0.240607 0.514488
2.283930 0.979608
-1.283930 0.759391
0.000500 0.805429
0.999501 0.805429
0.000500 0.988211
0.999501 0.257166
0.999500 0.805429
0.000500 0.805429
0.999500 0.988211
0.000500 0.257166
0.194571 0.488003
0.011789 0.488003
0.011790 0.257166
0.011790 0.257166
0.194571 0.257166
0.194571 0.488003
0.805429 0.488003
0.805429 0.257166
0.988210 0.257166
0.988210 0.257166
0.988211 0.488003
0.805429 0.488003
0.000500 0.488003
0.000500 0.257166
0.999500 0.257166
0.999500 0.257166
0.999500 0.488003
0.000500 0.488003
0.999501 0.805429
0.999501 0.988210
0.000500 0.988210
0.000500 0.988210
0.999501 0.257166
0.999501 0.488003
0.000500 0.488003
0.000500 0.488003
0.000500 0.988211
0.999500 0.805429
0.000500 0.288623
0.999500 0.288623
0.000500 0.471405
0.999500 0.763737
0.999501 0.288623
0.000500 0.288623
0.999501 0.471405
0.000500 0.763737
0.711377 0.994574
0.528595 0.994574
0.528595 0.763737
0.528595 0.763737
0.711377 0.763737
0.711377 0.994574
0.288623 0.994574
0.288623 0.763737
0.471405 0.763737
0.471405 0.763737
0.471405 0.994574
0.288623 0.994574
0.000500 0.994574
0.000500 0.763737
0.999501 0.763737
0.999501 0.763737
0.999501 0.994574
0.000500 0.994574
0.999500 0.288623
0.999500 0.471405
0.000500 0.471405
0.000500 0.471405
0.999500 0.763737
0.999500 0.994574
0.000500 0.994574
0.000500 0.994574
0.000500 0.471405
0.999501 0.288623
0.000500 0.510708
0.999500 0.510708
0.000500 0.693490
0.999500 0.509938
0.999501 0.510708
0.000500 0.510708
0.999501 0.693490
0.000500 0.509938
0.489292 0.740775
0.306510 0.740775
0.306510 0.509938
0.306510 0.509938
0.489292 0.509938
0.489292 0.740775
0.510708 0.740775
0.510708 0.509938
0.693490 0.509938
0.693490 0.509938
0.693490 0.740775
0.510708 0.740775
0.000500 0.740775
0.000500 0.509938
0.999501 0.509938
0.999501 0.509938
0.999501 0.740775
0.000500 0.740775
0.999500 0.510708
0.999500 0.693490
0.000500 0.693490
0.000500 0.693490
0.999500 0.509938
0.999500 0.740775
0.000500 0.740775
0.000500 0.740775
0.000500 0.693490
0.999501 0.510708
0.000500 0.488003
0.000500 0.257166
0.999500 0.257166
0.999500 0.257166
0.999500 0.488003
0.000500 0.488003
0.999501 0.805429
0.999501 0.988210
0.000500 0.988210
0.000500 0.988210
0.000500 0.805429
0.999501 0.805429
0.999501 0.257166
0.999501 0.488003
0.000500 0.488003
0.000500 0.488003
0.000500 0.257166
0.999501 0.257166
0.000500 0.988211
0.000500 0.805429
0.999500 0.805429
0.999500 0.805429
0.999500 0.988211
0.000500 0.988211
0.000500 0.994574
0.000500 0.763737
0.999501 0.763737
0.999501 0.763737
0.999501 0.994574
0.000500 0.994574
0.999500 0.288623
0.999500 0.471405
0.000500 0.471405
0.000500 0.471405
0.000500 0.288623
0.999500 0.288623
0.999500 0.763737
0.999500 0.994574
0.000500 0.994574
0.000500 0.994574
0.000500 0.763737
0.999500 0.763737
0.000500 0.471405
0.000500 0.288623
0.999501 0.288623
0.999501 0.288623
0.999501 0.471405
0.000500 0.471405
0.000500 0.740775
0.000500 0.509938
0.999501 0.509938
0.999501 0.509938
0.999501 0.740775
0.000500 0.740775
0.999500 0.510708
0.999500 0.693490
0.000500 0.693490
0.000500 0.693490
0.000500 0.510708
0.999500 0.510708
0.999500 0.509938
0.999500 0.740775
0.000500 0.740775
0.000500 0.740775
0.000500 0.509938
0.999500 0.509938
0.000500 0.693490
0.000500 0.510708
0.999501 0.510708
0.999501 0.510708
0.999501 0.693490
0.000500 0.693490
0.000500 0.488003
0.000500 0.257166
0.999500 0.257166
0.999500 0.257166
0.999500 0.488003
0.000500 0.488003
0.999501 0.805429
0.999501 0.988210
0.000500 0.988210
0.000500 0.988210
0.000500 0.805429
0.999501 0.805429
0.999501 0.257166
0.999501 0.488003
0.000500 0.488003
0.000500 0.488003
0.000500 0.257166
0.999501 0.257166
0.000500 0.988211
0.000500 0.805429
0.999500 0.805429
0.999500 0.805429
0.999500 0.988211
0.000500 0.988211
0.000500 0.994574
0.000500 0.763737
0.999501 0.763737
0.999501 0.763737
0.999501 0.994574
0.000500 0.994574
0.999500 0.288623
0.999500 0.471405
0.000500 0.471405
0.000500 0.471405
0.000500 0.288623
0.999500 0.288623
0.999500 0.763737
0.999500 0.994574
0.000500 0.994574
0.000500 0.994574
0.000500 0.763737
0.999500 0.763737
0.000500 0.471405
0.000500 0.288623
0.999501 0.288623
0.999501 0.288623
0.999501 0.471405
0.000500 0.471405
0.000500 0.740775
0.000500 0.509938
0.999501 0.509938
0.999501 0.509938
0.999501 0.740775
0.000500 0.740775
0.999500 0.510708
0.999500 0.693490
0.000500 0.693490
0.000500 0.693490
0.000500 0.510708
0.999500 0.510708
0.999500 0.509938
0.999500 0.740775
0.000500 0.740775
0.000500 0.740775
0.000500 0.509938
0.999500 0.509938
0.000500 0.693490
0.000500 0.510708
0.999501 0.510708
0.999501 0.510708
0.999501 0.693490
0.000500 0.693490
0.000500 0.488003
0.000500 0.257166
0.999500 0.257166
0.999500 0.257166
0.999500 0.488003
0.000500 0.488003
0.999501 0.805429
0.999501 0.988210
0.000500 0.988210
0.000500 0.988210
0.000500 0.805429
0.999501 0.805429
0.999501 0.257166
0.999501 0.488003
0.000500 0.488003
0.000500 0.488003
0.000500 0.257166
0.999501 0.257166
0.000500 0.988211
0.000500 0.805429
0.999500 0.805429
0.999500 0.805429
0.999500 0.988211
0.000500 0.988211
0.000500 0.994574
0.000500 0.763737
0.999501 0.763737
0.999501 0.763737
0.999501 0.994574
0.000500 0.994574
0.999500 0.288623
0.999500 0.471405
0.000500 0.471405
0.000500 0.471405
0.000500 0.288623
0.999500 0.288623
0.999500 0.763737
0.999500 0.994574
0.000500 0.994574
0.000500 0.994574
0.000500 0.763737
0.999500 0.763737
0.000500 0.471405
0.000500 0.288623
0.999501 0.288623
0.999501 0.288623
0.999501 0.471405
0.000500 0.471405
0.000500 0.740775
0.000500 0.509938
0.999501 0.509938
0.999501 0.509938
0.999501 0.740775
0.000500 0.740775
0.999500 0.510708
0.999500 0.693490
0.000500 0.693490
0.000500 0.693490
0.000500 0.510708
0.999500 0.510708
0.999500 0.509938
0.999500 0.740775
0.000500 0.740775
0.000500 0.740775
0.000500 0.509938
0.999500 0.509938
0.000500 0.693490
0.000500 0.510708
0.999501 0.510708
0.999501 0.510708
0.999501 0.693490
0.000500 0.693490

240
0 0 8 2 1 9 3 2 10
3 3 11 1 4 12 0 5 13
4 6 14 5 7 15 7 8 16
7 9 17 6 10 18 4 11 19
0 12 20 1 13 21 5 14 22
5 15 23 4 16 24 0 17 25
1 18 26 3 19 27 7 20 28
7 21 29 5 22 5 1 23 1
3 24 30 2 25 31 6 26 32
6 27 33 7 28 7 3 29 3
2 30 34 0 31 0 4 32 35
4 33 4 6 34 6 2 35 2
8 36 44 10 37 45 11 38 46
11 39 47 9 40 48 8 41 49
12 42 50 13 43 51 15 44 52
15 45 53 14 46 54 12 47 55
8 48 56 9 49 57 13 50 58
13 51 59 12 52 60 8 53 61
9 54 62 11 55 63 15 56 64
15 57 65 13 58 41 9 59 37
11 60 66 10 61 67 14 62 68
14 63 69 15 64 43 11 65 39
10 66 70 8 67 36 12 68 71
12 69 40 14 70 42 10 71 38
16 72 92 17 73 93 21 74 94
21 75 95 20 76 96 16 77 97
17 78 98 19 79 99 23 80 100
23 81 101 21 82 77 17 83 73
19 84 102 18 85 103 22 86 104
22 87 105 23 88 79 19 89 75
18 90 106 16 91 72 20 92 107
20 93 76 22 94 78 18 95 74
24 96 128 25 97 129 29 98 130
29 99 131 28 100 132 24 101 133
25 102 134 27 103 135 31 104 136
31 105 137 29 106 113 25 107 109
27 108 138 26 109 139 30 110 140
30 111 141 31 112 115 27 113 111
26 114 142 24 115 108 28 116 143
28 117 112 30 118 114 26 119 110
32 120 164 33 121 165 36 122 166
36 123 167 35 124 168 32 125 169
33 126 170 7 127 171 11 128 172
11 129 173 36 130 149 33 131 145
7 132 174 34 133 175 37 134 176
37 135 177 11 136 151 7 137 147
34 138 178 32 139 144 35 140 179
35 141 148 37 142 150 34 143 146
4 144 180 5 145 181 9 146 182
9 147 183 8 148 184 4 149 185
5 150 186 38 151 187 39 152 188
39 153 189 9 154 190 5 155 191
38 156 192 40 157 193 41 158 194
41 159 195 39 160 196 38 161 197
40 162 198 4 163 199 8 164 200
8 165 201 41 166 202 40 167 203
42 168 204 43 169 205 44 170 206
44 171 207 45 172 208 42 173 209
43 174 210 46 175 211 47 176 212
47 177 213 44 178 214 43 179 215
46 180 216 48 181 217 49 182 218
49 183 219 47 184 220 46 185 221
48 186 222 42 187 223 45 188 224
45 189 225 49 190 226 48 191 227
50 192 228 51 193 229 52 194 230
52 195 231 53 196 232 50 197 233
51 198 234 54 199 235 55 200 236
55 201 237 52 202 238 51 203 239
54 204 240 56 205 241 57 206 242
57 207 243 55 208 244 54 209 245
56 210 246 50 211 247 53 212 248
53 213 249 57 214 250 56 215 251
58 216 252 59 217 253 60 218 254
60 219 255 61 220 256 58 221 257
59 222 258 62 223 259 63 224 260
63 225 261 60 226 262 59 227 263
62 228 264 64 229 265 65 230 266
65 231 267 63 232 268 62 233 269
64 234 270 58 235 271 61 236 272
61 237 273 65 238 274 64 239 275
66 240 276 67 241 277 68 242 278
68 243 279 69 244 280 66 245 281
67 246 282 70 247 283 71 248 284
71 249 285 68 250 286 67 251 287
70 252 288 72 253 289 73 254 290
73 255 291 71 256 292 70 257 293
72 258 294 66 259 295 69 260 296
69 261 297 73 262 298 72 263 299
74 264 300 75 265 301 76 266 302
76 267 303 77 268 304 74 269 305
75 270 306 78 271 307 79 272 308
79 273 309 76 274 310 75 275 311
78 276 312 80 277 313 3 278 314
3 279 315 79 280 316 78 281 317
80 282 318 74 283 319 77 284 320
77 285 321 3 286 322 80 287 323
81 288 324 82 289 325 83 290 326
83 291 327 1 292 328 81 293 329
82 294 330 84 295 331 85 296 332
85 297 333 83 298 334 82 299 335
84 300 336 86 301 337 87 302 338
87 303 339 85 304 340 84 305 341
86 306 342 81 307 343 1 308 344
1 309 345 87 310 346 86 311 347
88 312 348 89 313 349 90 314 350
90 315 351 91 316 352 88 317 353
89 318 354 92 319 355 93 320 356
93 321 357 90 322 358 89 323 359
92 324 360 94 325 361 95 326 362
95 327 363 93 328 364 92 329 365
94 330 366 88 331 367 91 332 368
91 333 369 95 334 370 94 335 371
96 336 372 97 337 373 98 338 374
98 339 375 99 340 376 96 341 377
97 342 378 100 343 379 101 344 380
101 345 381 98 346 382 97 347 383
100 348 384 102 349 385 103 350 386
103 351 387 101 352 388 100 353 389
102 354 390 96 355 391 99 356 392
99 357 393 103 358 394 102 359 395
81 360 404 80 361 405 105 362 406
105 363 407 104 364 408 81 365 409
106 366 410 107 367 411 109 368 412
109 369 413 108 370 414 106 371 415
81 372 416 104 373 417 107 374 418
107 375 419 106 376 420 81 377 421
104 378 422 105 379 423 109 380 424
109 381 425 107 382 401 104 383 397
105 384 426 80 385 427 108 386 428
108 387 429 109 388 403 105 389 399
80 390 430 81 391 396 106 392 431
106 393 400 108 394 402 80 395 398
110 396 440 112 397 441 113 398 442
113 399 443 111 400 444 110 401 445
114 402 446 115 403 447 117 404 448
117 405 449 116 406 450 114 407 451
110 408 452 111 409 453 115 410 454
115 411 455 114 412 456 110 413 457
111 414 458 113 415 459 117 416 460
117 417 461 115 418 437 111 419 433
113 420 462 112 421 463 116 422 464
116 423 465 117 424 439 113 425 435
112 426 466 110 427 432 114 428 467
114 429 436 116 430 438 112 431 434
118 432 488 119 433 489 123 434 490
123 435 491 122 436 492 118 437 493
119 438 494 121 439 495 125 440 496
125 441 497 123 442 473 119 443 469
121 444 498 120 445 499 124 446 500
124 447 501 125 448 475 121 449 471
120 450 502 118 451 468 122 452 503
122 453 472 124 454 474 120 455 470
126 456 524 127 457 525 131 458 526
131 459 527 130 460 528 126 461 529
127 462 530 129 463 531 133 464 532
133 465 533 131 466 509 127 467 505
129 468 534 128 469 535 132 470 536
132 471 537 133 472 511 129 473 507
128 474 538 126 475 504 130 476 539
130 477 508 132 478 510 128 479 506
134 480 560 135 481 561 138 482 562
138 483 563 137 484 564 134 485 565
135 486 566 109 487 567 113 488 568
113 489 569 138 490 545 135 491 541
109 492 570 136 493 571 139 494 572
139 495 573 113 496 547 109 497 543
136 498 574 134 499 540 137 500 575
137 501 544 139 502 546 136 503 542
106 504 576 107 505 577 111 506 578
111 507 579 110 508 580 106 509 581
107 510 582 140 511 583 141 512 584
141 513 585 111 514 586 107 515 587
140 516 588 142 517 589 143 518 590
143 519 591 141 520 592 140 521 593
142 522 594 106 523 595 110 524 596
110 525 597 143 526 598 142 527 599
144 528 600 145 529 601 146 530 602
146 531 603 147 532 604 144 533 605
145 534 606 148 535 607 149 536 608
149 537 609 146 538 610 145 539 611
148 540 612 150 541 613 151 542 614
151 543 615 149 544 616 148 545 617
150 546 618 144 547 619 147 548 620
147 549 621 151 550 622 150 551 623
152 552 624 153 553 625 154 554 626
154 555 627 155 556 628 152 557 629
153 558 630 156 559 631 157 560 632
157 561 633 154 562 634 153 563 635
156 564 636 158 565 637 159 566 638
159 567 639 157 568 640 156 569 641
158 570 642 152 571 643 155 572 644
155 573 645 159 574 646 158 575 647
122 576 648 160 577 649 161 578 650
161 579 651 21 580 652 122 581 653
160 582 654 162 583 655 163 584 656
163 585 657 161 586 658 160 587 659
162 588 660 124 589 661 23 590 662
23 591 663 163 592 664 162 593 665
124 594 666 122 595 667 21 596 668
21 597 669 23 598 670 124 599 671
130 600 672 164 601 673 165 602 674
165 603 675 29 604 676 130 605 677
164 606 678 166 607 679 167 608 680
167 609 681 165 610 682 164 611 683
166 612 684 132 613 685 31 614 686
31 615 687 167 616 688 166 617 689
132 618 690 130 619 691 29 620 692
29 621 693 31 622 694 132 623 695
137 624 696 168 625 697 169 626 698
169 627 699 36 628 700 137 629 701
168 630 702 170 631 703 171 632 704
171 633 705 169 634 706 168 635 707
170 636 708 112 637 709 11 638 710
11 639 711 171 640 712 170 641 713
112 642 714 137 643 715 36 644 716
36 645 717 11 646 718 112 647 719
110 648 720 172 649 721 173 650 722
173 651 723 9 652 724 110 653 725
172 654 726 174 655 727 175 656 728
175 657 729 173 658 730 172 659 731
174 660 732 143 661 733 39 662 734
39 663 735 175 664 736 174 665 737
143 666 738 110 667 739 9 668 740
9 669 741 39 670 742 143 671 743
147 672 744 176 673 745 177 674 746
177 675 747 44 676 748 147 677 749
176 678 750 178 679 751 179 680 752
179 681 753 177 682 754 176 683 755
178 684 756 151 685 757 47 686 758
47 687 759 179 688 760 178 689 761
151 690 762 147 691 763 44 692 764
44 693 765 47 694 766 151 695 767
155 696 768 180 697 769 181 698 770
181 699 771 52 700 772 155 701 773
180 702 774 182 703 775 183 704 776
183 705 777 181 706 778 180 707 779
182 708 780 159 709 781 55 710 782
55 711 783 183 712 784 182 713 785
159 714 786 155 715 787 52 716 788
52 717 789 55 718 790 159 719 791
