32
-2.654875 -0.333333 0.000000
2.654875 -0.333333 0.000000
-2.654875 0.333333 0.000000
2.654875 0.333333 0.000000
-2.328838 -0.333333 3.000000
2.328838 -0.333333 3.000000
-2.328838 0.333333 3.000000
2.328838 0.333333 3.000000
-2.654875 2.666667 0.000000
2.654875 2.666667 0.000000
-2.654875 3.333333 0.000000
2.654875 3.333333 0.000000
-2.328838 2.666667 3.000000
2.328838 2.666667 3.000000
-2.328838 3.333333 3.000000
2.328838 3.333333 3.000000
-1.583333 0.333333 0.000000
-0.916667 0.333333 0.000000
-1.583319 2.666667 0.000000
-0.916653 2.666667 0.000000
-1.583333 0.333333 1.416667
-0.916667 0.333333 1.416667
-1.583319 2.666667 1.416667
-0.916653 2.666667 1.416667
0.916660 0.333333 0.000000
1.583326 0.333333 0.000000
0.916674 2.666667 0.000000
1.583340 2.666667 0.000000
0.916660 0.333333 1.416667
1.583326 0.333333 1.416667
0.916674 2.666667 1.416667
1.583340 2.666667 1.416667

96
0.000000 0.000000 1.000000
0.000000 0.000000 1.000000
0.000000 0.000000 1.000000
0.000000 0.000000 1.000000
0.000000 0.000000 1.000000
0.000000 0.000000 1.000000
0.000000 -1.000000 0.000000
0.000000 -1.000000 0.000000
0.000000 -1.000000 0.000000
0.000000 -1.000000 0.000000
0.000000 -1.000000 0.000000
0.000000 -1.000000 0.000000
0.994146 0.000000 0.108043
0.994146 0.000000 0.108043
0.994146 0.000000 0.108043
0.994146 0.000000 0.108043
0.994146 0.000000 0.108043
0.994146 0.000000 0.108043
0.000000 1.000000 0.000000
0.000000 1.000000 0.000000
0.000000 1.000000 0.000000
0.000000 1.000000 0.000000
0.000000 1.000000 0.000000
0.000000 1.000000 0.000000
-0.994146 0.000000 0.108043
-0.994146 0.000000 0.108043
-0.994146 0.000000 0.108043
-0.994146 0.000000 0.108043
-0.994146 0.000000 0.108043
-0.994146 0.000000 0.108043
0.000000 0.000000 1.000000
0.000000 0.000000 1.000000
0.000000 0.000000 1.000000
0.000000 0.000000 1.000000
0.000000 0.000000 1.000000
0.000000 0.000000 1.000000
0.000000 -1.000000 0.000000
0.000000 -1.000000 0.000000
0.000000 -1.000000 0.000000
0.000000 -1.000000 0.000000
0.000000 -1.000000 0.000000
0.000000 -1.000000 0.000000
0.994146 0.000000 0.108043
0.994146 0.000000 0.108043
0.994146 0.000000 0.108043
0.994146 0.000000 0.108043
0.994146 0.000000 0.108043
0.994146 0.000000 0.108043
0.000000 1.000000 0.000000
0.000000 1.000000 0.000000
0.000000 1.000000 0.000000
0.000000 1.000000 0.000000
0.000000 1.000000 0.000000
0.000000 1.000000 0.000000
-0.994146 0.000000 0.108043
-0.994146 0.000000 0.108043
-0.994146 0.000000 0.108043
-0.994146 0.000000 0.108043
-0.994146 0.000000 0.108043
-0.994146 0.000000 0.108043
0.000000 0.000000 1.000000
0.000000 0.000000 1.000000
0.000000 0.000000 1.000000
0.000000 0.000000 1.000000
0.000000 0.000000 1.000000
0.000000 0.000000 1.000000
1.000000 -0.000006 0.000000
1.000000 -0.000006 0.000000
1.000000 -0.000006 0.000000
1.000000 -0.000006 0.000000
1.000000 -0.000006 0.000000
1.000000 -0.000006 0.000000
-1.000000 0.000006 0.000000
-1.000000 0.000006 0.000000
-1.000000 0.000006 0.000000
-1.000000 0.000006 0.000000
-1.000000 0.000006 0.000000
-1.000000 0.000006 0.000000
0.000000 0.000000 1.000000
0.000000 0.000000 1.000000
0.000000 0.000000 1.000000
0.000000 0.000000 1.000000
0.000000 0.000000 1.000000
0.000000 0.000000 1.000000
1.000000 -0.000006 0.000000
1.000000 -0.000006 0.000000
1.000000 -0.000006 0.000000
1.000000 -0.000006 0.000000
1.000000 -0.000006 0.000000
1.000000 -0.000006 0.000000
-1.000000 0.000006 0.000000
-1.000000 0.000006 0.000000
-1.000000 0.000006 0.000000
-1.000000 0.000006 0.000000
-1.000000 0.000006 0.000000
-1.000000 0.000006 0.000000

96
0.999500 0.000500
0.000500 0.000500
0.817864 0.000500
0.000500 0.000500
0.999500 0.999500
0.000500 0.999500
0.817864 0.999500
0.061842 0.999500
0.182136 0.000500
0.817864 0.000500
0.000500 0.000500
0.000499 0.000500
0.182136 0.999500
0.817864 0.999500
0.000500 0.999500
0.061842 0.999500
0.817864 0.000500
0.182136 0.000500
0.182136 0.000500
0.817864 0.000500
0.817864 0.472250
0.182136 0.472250
0.182136 0.472250
0.817864 0.472250
0.817864 0.000500
0.182136 0.000500
0.182136 0.000500
0.817864 0.000500
0.817864 0.472250
0.182136 0.472250
0.182136 0.472250
0.817864 0.472250
0.061842 0.000500
0.938158 0.000500
0.938158 0.182136
0.938158 0.182136
0.061842 0.182136
0.061842 0.000500
0.000499 0.000500
0.999500 0.000500
0.938158 0.999500
0.938158 0.999500
0.061842 0.999500
0.000499 0.000500
0.000500 0.000500
0.182136 0.000500
0.182136 0.999500
0.182136 0.999500
0.000500 0.000500
0.999501 0.000500
0.938158 0.999500
0.938158 0.999500
0.817864 0.000500
0.999500 0.999500
0.061842 0.817864
0.938158 0.817864
0.938158 0.999500
0.938158 0.999500
0.061842 0.999500
0.061842 0.817864
0.000500 0.000500
0.999501 0.000500
0.938158 0.999500
0.938158 0.999500
0.061842 0.999500
0.000500 0.000500
0.817864 0.000500
0.999500 0.000500
0.999500 0.999500
0.999500 0.999500
0.000499 0.000500
0.999500 0.000500
0.938158 0.999500
0.938158 0.999500
0.000500 0.000500
0.182136 0.999500
0.202104 0.182136
0.327534 0.182136
0.327537 0.817864
0.327537 0.817864
0.202107 0.817864
0.202104 0.182136
0.182136 0.000500
0.817864 0.472250
0.182136 0.000500
0.817864 0.472250
0.672464 0.182136
0.797894 0.182136
0.797897 0.817864
0.797897 0.817864
0.672467 0.817864
0.672464 0.182136
0.182136 0.000500
0.817864 0.472250
0.182136 0.000500
0.817864 0.472250

32
4 0 32 5 1 33 7 2 34
7 3 35 6 4 36 4 5 37
0 6 38 1 7 39 5 8 40
5 9 41 4 10 42 0 11 43
1 12 44 3 13 45 7 14 46
7 15 47 5 16 5 1 17 1
3 18 48 2 19 49 6 20 50
6 21 51 7 22 7 3 23 3
2 24 52 0 25 0 4 26 53
4 27 4 6 28 6 2 29 2
12 30 54 13 31 55 15 32 56
15 33 57 14 34 58 12 35 59
8 36 60 9 37 61 13 38 62
13 39 63 12 40 64 8 41 65
9 42 66 11 43 67 15 44 68
15 45 69 13 46 13 9 47 9
11 48 70 10 49 71 14 50 72
14 51 73 15 52 15 11 53 11
10 54 74 8 55 8 12 56 75
12 57 12 14 58 14 10 59 10
20 60 76 21 61 77 23 62 78
23 63 79 22 64 80 20 65 81
17 66 82 19 67 19 23 68 83
23 69 23 21 70 21 17 71 17
18 72 84 16 73 16 20 74 85
20 75 20 22 76 22 18 77 18
28 78 86 29 79 87 31 80 88
31 81 89 30 82 90 28 83 91
25 84 92 27 85 27 31 86 93
31 87 31 29 88 29 25 89 25
26 90 94 24 91 24 28 92 95
28 93 28 30 94 30 26 95 26
