38
-240.000000 -526.939636 -455.757111
240.000000 -526.939636 -455.757111
-239.999878 -306.568298 -455.757111
240.000122 -306.568298 -455.757111
-239.999771 -306.568298 349.049500
240.000229 -306.568329 349.049500
-239.999893 -296.348938 430.888489
240.000107 -296.348938 430.888489
-239.999893 -270.270264 518.209412
240.000107 -270.270233 518.209412
-239.999893 -224.999954 595.482666
240.000107 -224.999954 595.482666
-239.999893 -149.999969 673.037842
240.000107 -149.999954 673.037842
-239.999893 -74.999962 709.410583
240.000107 -74.999969 709.410583
-239.999847 0.000017 720.000122
240.000107 0.000017 720.000122
-239.999893 75.000038 709.410583
240.000107 75.000031 709.410583
-239.999893 150.000031 673.037842
240.000107 150.000046 673.037842
-239.999893 225.000046 595.482666
240.000107 225.000046 595.482666
-239.999893 270.270264 518.209412
240.000107 270.270294 518.209412
-239.999893 296.349030 430.888489
240.000107 296.348999 430.888489
-239.999802 306.567780 349.049500
240.000198 306.567719 349.049500
-239.999908 306.567688 0.000000
240.000092 306.567688 0.000000
-240.000000 600.000000 0.000000
240.000000 600.000000 0.000000
-239.999969 -526.939636 776.349365
240.000000 -526.939636 776.349365
-239.999969 600.000000 776.349365
239.999969 600.000000 776.349426

216
0.000000 0.000000 -1.000000
0.000000 0.707107 -0.707107
0.000000 0.707107 -0.707107
0.000000 0.707107 -0.707107
0.000000 0.000000 -1.000000
0.000000 0.000000 -1.000000
0.000000 0.707107 -0.707107
0.000000 0.998072 -0.062074
0.000000 0.998072 -0.062074
0.000000 0.998072 -0.062074
0.000000 0.707107 -0.707107
0.000000 0.707107 -0.707107
0.000000 0.998072 -0.062074
-0.000000 0.978606 -0.205745
0.000000 0.978606 -0.205745
0.000000 0.978606 -0.205745
0.000000 0.998072 -0.062074
0.000000 0.998072 -0.062074
-0.000000 0.978606 -0.205745
-0.000000 0.917087 -0.398687
-0.000000 0.917087 -0.398687
-0.000000 0.917087 -0.398687
0.000000 0.978606 -0.205745
-0.000000 0.978606 -0.205745
-0.000000 0.917087 -0.398687
-0.000000 0.796508 -0.604628
-0.000000 0.796508 -0.604628
-0.000000 0.796508 -0.604628
-0.000000 0.917087 -0.398687
-0.000000 0.917087 -0.398687
-0.000000 0.796508 -0.604628
-0.000000 0.586595 -0.809880
-0.000000 0.586595 -0.809880
-0.000000 0.586595 -0.809880
-0.000000 0.796508 -0.604628
-0.000000 0.796508 -0.604628
-0.000000 0.586595 -0.809880
0.000000 0.291609 -0.956537
-0.000000 0.291610 -0.956537
-0.000000 0.291610 -0.956537
-0.000000 0.586595 -0.809880
-0.000000 0.586595 -0.809880
0.000000 0.291609 -0.956537
-0.000000 0.000000 -1.000000
0.000000 0.000000 -1.000000
0.000000 0.000000 -1.000000
-0.000000 0.291610 -0.956537
0.000000 0.291609 -0.956537
-0.000000 0.000000 -1.000000
0.000000 -0.291609 -0.956537
-0.000000 -0.291609 -0.956537
-0.000000 -0.291609 -0.956537
0.000000 0.000000 -1.000000
-0.000000 0.000000 -1.000000
0.000000 -0.291609 -0.956537
0.000000 -0.586595 -0.809880
0.000000 -0.586595 -0.809880
0.000000 -0.586595 -0.809880
-0.000000 -0.291609 -0.956537
0.000000 -0.291609 -0.956537
0.000000 -0.586595 -0.809880
0.000000 -0.796508 -0.604628
0.000000 -0.796508 -0.604628
0.000000 -0.796508 -0.604628
0.000000 -0.586595 -0.809880
0.000000 -0.586595 -0.809880
0.000000 -0.796508 -0.604628
0.000000 -0.917087 -0.398687
0.000000 -0.917087 -0.398687
0.000000 -0.917087 -0.398687
0.000000 -0.796508 -0.604628
0.000000 -0.796508 -0.604628
0.000000 -0.917087 -0.398687
-0.000000 -0.978606 -0.205742
-0.000000 -0.978606 -0.205741
-0.000000 -0.978606 -0.205741
0.000000 -0.917087 -0.398687
0.000000 -0.917087 -0.398687
-0.000000 -0.978606 -0.205742
-0.000000 -0.998072 -0.062071
-0.000000 -0.998072 -0.062070
-0.000000 -0.998072 -0.062070
-0.000000 -0.978606 -0.205741
-0.000000 -0.978606 -0.205742
-0.000000 -0.998072 -0.062071
0.000000 -0.707107 -0.707107
-0.000000 -0.707107 -0.707107
-0.000000 -0.707107 -0.707107
-0.000000 -0.998072 -0.062070
-0.000000 -0.998072 -0.062071
0.000000 -0.707107 -0.707107
0.000000 -0.000000 -1.000000
0.000000 -0.000000 -1.000000
0.000000 -0.000000 -1.000000
-0.000000 -0.707107 -0.707107
0.000000 -0.707107 -0.707107
-0.000000 -0.000000 1.000000
0.000000 -0.000000 1.000000
-0.000000 -0.000000 1.000000
-0.000000 -0.000000 1.000000
-0.000000 0.000000 1.000000
-0.000000 -0.000000 1.000000
0.000000 -1.000000 0.000000
0.000000 -1.000000 0.000000
0.000000 -1.000000 0.000000
0.000000 -1.000000 0.000000
0.000000 -1.000000 0.000000
0.000000 -1.000000 0.000000
1.000000 -0.000001 0.000000
1.000000 -0.000001 -0.000000
1.000000 -0.000000 0.000000
1.000000 -0.000001 -0.000000
1.000000 -0.000001 0.000000
1.000000 -0.000000 0.000000
1.000000 -0.000001 0.000000
1.000000 0.000001 0.000001
1.000000 -0.000000 0.000000
1.000000 0.000001 0.000001
1.000000 -0.000000 0.000000
1.000000 -0.000000 0.000000
1.000000 -0.000000 0.000000
1.000000 -0.000000 0.000000
1.000000 -0.000000 0.000000
1.000000 -0.000000 0.000000
1.000000 -0.000000 0.000000
1.000000 -0.000000 0.000000
1.000000 -0.000000 0.000000
1.000000 -0.000000 0.000001
1.000000 -0.000000 0.000000
1.000000 0.000000 0.000001
1.000000 -0.000000 0.000000
1.000000 -0.000000 0.000001
1.000000 0.000000 0.000001
1.000000 0.000000 0.000001
1.000000 0.000000 0.000000
1.000000 0.000000 0.000001
1.000000 0.000000 0.000000
1.000000 0.000000 0.000000
1.000000 0.000000 0.000000
1.000000 0.000000 0.000000
1.000000 0.000000 0.000000
1.000000 0.000000 0.000000
1.000000 0.000000 0.000000
1.000000 0.000000 0.000000
1.000000 0.000000 0.000000
1.000000 -0.000000 0.000001
1.000000 0.000000 0.000000
1.000000 -0.000000 0.000001
1.000000 0.000001 -0.000000
1.000000 0.000000 0.000000
1.000000 0.000001 -0.000000
1.000000 0.000001 -0.000000
1.000000 0.000000 0.000000
1.000000 0.000001 -0.000000
1.000000 0.000000 0.000000
1.000000 0.000000 0.000000
0.000000 1.000000 0.000000
0.000000 1.000000 0.000000
0.000000 1.000000 0.000000
0.000000 1.000000 0.000000
0.000000 1.000000 0.000000
0.000000 1.000000 0.000000
-1.000000 -0.000000 0.000000
-1.000000 -0.000000 0.000000
-1.000000 -0.000000 -0.000000
-1.000000 -0.000000 0.000000
-1.000000 -0.000001 0.000000
-1.000000 -0.000000 -0.000000
-1.000000 -0.000001 0.000000
-1.000000 0.000001 -0.000001
-1.000000 -0.000000 -0.000000
-1.000000 0.000001 -0.000001
-1.000000 -0.000000 -0.000000
-1.000000 -0.000000 -0.000000
-1.000000 -0.000000 -0.000000
-1.000000 -0.000000 -0.000000
-1.000000 -0.000000 -0.000000
-1.000000 -0.000000 -0.000000
-1.000000 -0.000000 -0.000000
-1.000000 -0.000000 -0.000000
-1.000000 -0.000000 -0.000000
-1.000000 -0.000000 0.000001
-1.000000 -0.000000 -0.000000
-1.000000 0.000000 0.000002
-1.000000 -0.000000 -0.000000
-1.000000 -0.000000 0.000001
-1.000000 0.000000 0.000002
-1.000000 0.000000 0.000001
-1.000000 0.000000 -0.000000
-1.000000 0.000000 0.000001
-1.000000 0.000000 -0.000000
-1.000000 0.000000 -0.000000
-1.000000 0.000000 -0.000000
-1.000000 0.000000 -0.000000
-1.000000 0.000000 -0.000000
-1.000000 0.000000 -0.000000
-1.000000 0.000000 -0.000000
-1.000000 0.000000 -0.000000
-1.000000 0.000000 -0.000000
-1.000000 -0.000001 -0.000001
-1.000000 0.000000 -0.000000
-1.000000 -0.000001 -0.000001
-1.000000 0.000001 -0.000000
-1.000000 0.000000 -0.000000
-1.000000 0.000001 -0.000000
-1.000000 0.000001 0.000000
-1.000000 0.000000 -0.000000
-1.000000 0.000001 0.000000
-1.000000 0.000001 0.000000
-1.000000 0.000000 -0.000000
1.000000 0.000000 0.000002
1.000000 0.000000 0.000002
1.000000 0.000000 0.000002
-1.000000 0.000000 -0.000002
-1.000000 0.000000 -0.000002
-1.000000 0.000000 -0.000002

216
2.847791 -2.066889
-1.847791 -2.066889
1.929577 -2.066889
-0.929577 -2.066889
1.929577 1.286472
-0.929578 1.286472
1.886996 1.627468
-0.886997 1.627468
1.778335 1.991305
-0.778335 1.991305
1.589709 2.313277
-0.589709 2.313277
1.277209 2.636424
-0.277209 2.636424
0.964709 2.787977
0.035291 2.787977
0.652209 2.832100
0.347791 2.832100
0.339709 2.787977
0.660291 2.787977
0.027209 2.636424
0.972791 2.636424
-0.285291 2.313277
1.285291 2.313277
-0.473917 1.991305
1.473917 1.991305
-0.582579 1.627468
1.582578 1.627468
-0.625157 1.286472
1.625156 1.286472
-0.625157 -0.167901
1.625156 -0.167901
-1.847791 -0.167901
-0.500000 -0.167901
2.847791 3.066889
-1.847791 3.066889
-1.847791 3.066889
2.847791 3.066889
1.500001 -1.847791
1.500000 -0.929577
-0.500000 -0.929577
-0.500000 -0.929577
-0.499999 -1.847791
1.500001 -1.847791
1.500000 -2.066889
1.500000 1.286472
-0.500000 1.286472
-0.500000 1.286472
-0.500000 -2.066889
1.500000 -2.066889
1.500000 1.286472
1.500000 1.627468
-0.500000 1.627468
-0.500000 1.627468
-0.500000 1.286472
1.500000 1.286472
1.500000 1.627468
1.500000 1.991305
-0.500000 1.991305
-0.500000 1.991305
-0.500000 1.627468
1.500000 1.627468
1.500000 1.991305
1.500000 2.313277
-0.500000 2.313277
-0.500000 2.313277
-0.500000 1.991305
1.500000 1.991305
1.500000 2.313277
1.500000 2.636424
-0.500000 2.636424
-0.500000 2.636424
-0.500000 2.313277
1.500000 2.313277
1.500000 -0.277209
1.500000 0.035291
-0.500000 0.035291
-0.500000 0.035291
-0.500000 -0.277209
1.500000 -0.277209
1.500000 0.035291
1.500000 0.347791
-0.500000 0.347791
-0.500000 0.347791
-0.500000 0.035291
1.500000 0.035291
1.500000 0.347791
1.500000 0.660291
-0.500000 0.660291
-0.500000 0.660291
-0.500000 0.347791
1.500000 0.347791
1.500000 0.660291
1.500000 0.972791
-0.500000 0.972791
-0.500000 0.972791
-0.500000 0.660291
1.500000 0.660291
-0.500000 2.636424
-0.500000 2.313277
1.500000 2.313277
1.500000 2.313277
1.500000 2.636424
-0.500000 2.636424
-0.500000 2.313277
-0.500000 1.991305
1.500000 1.991305
1.500000 1.991305
1.500000 2.313277
-0.500000 2.313277
-0.500000 1.991305
-0.500000 1.627468
1.500000 1.627468
1.500000 1.627468
1.500000 1.991305
-0.500000 1.991305
-0.500000 1.627468
-0.499999 1.286472
1.500001 1.286472
1.500001 1.286472
1.500000 1.627468
-0.500000 1.627468
-0.499999 1.286472
-0.500000 -0.167901
1.500000 -0.167901
1.500000 -0.167901
1.500001 1.286472
-0.499999 1.286472
1.500000 1.625157
1.500000 2.847791
-0.500000 2.847791
-0.500000 2.847791
-0.500000 1.625156
1.500000 1.625157
-0.500001 -1.847791
1.499999 -1.847791
1.500000 2.847791
1.500000 2.847791
-0.500000 2.847791
-0.500001 -1.847791
-0.500001 -2.066889
1.499999 -2.066889
1.499999 3.066889
1.499999 3.066889
-0.500001 3.066889
-0.500001 -2.066889
-0.929577 -2.066889
-1.847791 3.066889
-0.929578 1.286472
-1.847791 3.066889
-0.886997 1.627468
-1.847791 3.066889
-0.778335 1.991305
-1.847791 3.066889
-0.589709 2.313277
-1.847791 3.066889
-0.277209 2.636424
-1.847791 3.066889
0.035291 2.787977
-1.847791 3.066889
0.347791 2.832100
-1.847791 3.066889
0.347791 2.832100
0.660291 2.787977
2.847791 3.066889
0.972791 2.636424
2.847791 3.066889
1.285291 2.313277
2.847791 3.066889
1.473917 1.991305
2.847791 3.066889
1.582578 1.627468
2.847791 3.066889
1.625156 1.286472
2.847791 3.066889
1.625156 -0.167901
2.847791 3.066889
2.847791 -0.167901
2.847791 3.066889
-0.500000 -0.167901
1.500000 -0.167901
1.500000 3.066889
1.500000 3.066889
-0.500000 3.066889
-0.625157 -0.167901
-1.847791 3.066889
-0.625157 1.286472
-1.847791 3.066889
-0.582579 1.627468
-1.847791 3.066889
-0.473917 1.991305
-1.847791 3.066889
-0.285291 2.313277
-1.847791 3.066889
0.027209 2.636424
-1.847791 3.066889
0.339709 2.787977
-1.847791 3.066889
0.652209 2.832100
-1.847791 3.066889
0.652209 2.832100
0.964709 2.787977
2.847791 3.066889
1.277209 2.636424
2.847791 3.066889
1.589709 2.313277
2.847791 3.066889
1.778335 1.991305
2.847791 3.066889
1.886996 1.627468
2.847791 3.066889
1.929577 1.286472
2.847791 3.066889
1.929577 -2.066889
2.847791 3.066889
2.847791 3.066889

72
0 0 38 2 1 39 3 2 40
3 3 41 1 4 42 0 5 43
2 6 44 4 7 45 5 8 46
5 9 47 3 10 48 2 11 49
4 12 50 6 13 51 7 14 52
7 15 53 5 16 54 4 17 55
6 18 56 8 19 57 9 20 58
9 21 59 7 22 60 6 23 61
8 24 62 10 25 63 11 26 64
11 27 65 9 28 66 8 29 67
10 30 68 12 31 69 13 32 70
13 33 71 11 34 72 10 35 73
12 36 74 14 37 75 15 38 76
15 39 77 13 40 78 12 41 79
14 42 80 16 43 81 17 44 82
17 45 83 15 46 84 14 47 85
16 48 86 18 49 87 19 50 88
19 51 89 17 52 90 16 53 91
18 54 92 20 55 93 21 56 94
21 57 95 19 58 96 18 59 97
20 60 98 22 61 99 23 62 100
23 63 101 21 64 102 20 65 103
22 66 104 24 67 105 25 68 106
25 69 107 23 70 108 22 71 109
24 72 110 26 73 111 27 74 112
27 75 113 25 76 114 24 77 115
26 78 116 28 79 117 29 80 118
29 81 119 27 82 120 26 83 121
28 84 122 30 85 123 31 86 124
31 87 125 29 88 126 28 89 127
30 90 128 32 91 129 33 92 130
33 93 131 31 94 132 30 95 133
34 96 134 35 97 135 37 98 136
37 99 137 36 100 138 34 101 139
0 102 140 1 103 141 35 104 142
35 105 143 34 106 144 0 107 145
1 108 1 3 109 146 35 110 147
3 111 3 5 112 148 35 113 149
5 114 5 7 115 150 35 116 151
7 117 7 9 118 152 35 119 153
9 120 9 11 121 154 35 122 155
11 123 11 13 124 156 35 125 157
13 126 13 15 127 158 35 128 159
17 129 160 35 130 161 15 131 15
17 132 162 19 133 163 37 134 164
19 135 19 21 136 165 37 137 166
21 138 21 23 139 167 37 140 168
23 141 23 25 142 169 37 143 170
25 144 25 27 145 171 37 146 172
27 147 27 29 148 173 37 149 174
29 150 29 31 151 175 37 152 176
31 153 31 33 154 177 37 155 178
33 156 179 32 157 180 36 158 181
36 159 182 37 160 183 33 161 33
32 162 32 30 163 184 36 164 185
30 165 30 28 166 186 36 167 187
28 168 28 26 169 188 36 170 189
26 171 26 24 172 190 36 173 191
24 174 24 22 175 192 36 176 193
22 177 22 20 178 194 36 179 195
20 180 20 18 181 196 36 182 197
16 183 198 36 184 199 18 185 18
16 186 200 14 187 201 34 188 202
14 189 14 12 190 203 34 191 204
12 192 12 10 193 205 34 194 206
10 195 10 8 196 207 34 197 208
8 198 8 6 199 209 34 200 210
6 201 6 4 202 211 34 203 212
4 204 4 2 205 213 34 206 214
2 207 2 0 208 0 34 209 215
37 210 37 35 211 35 17 212 17
36 213 36 16 214 16 34 215 34
