72
-1.750000 -3.250000 -0.250000
1.750000 -3.250000 -0.250000
-1.750000 3.250000 -0.250000
1.750000 3.250000 -0.250000
-1.750000 -3.250000 0.083333
1.750000 -3.250000 0.083333
-1.750000 3.250000 0.083333
1.750000 3.250000 0.083333
-1.500000 -3.000000 0.083333
1.500000 -3.000000 0.083333
-1.500000 3.000000 0.083333
1.500000 3.000000 0.083333
-1.500000 -3.000000 0.250000
1.500000 -3.000000 0.250000
-1.500000 3.000000 0.250000
1.500000 3.000000 0.250000
-1.750000 -3.250000 3.750027
1.750000 -3.250000 3.750027
-1.750000 3.250000 3.750027
1.750000 3.250000 3.750027
-1.750000 -3.250000 4.083361
1.750000 -3.250000 4.083361
-1.750000 3.250000 4.083361
1.750000 3.250000 4.083361
-1.500000 -3.000000 4.083361
1.500000 -3.000000 4.083361
-1.500000 3.000000 4.083361
1.500000 3.000000 4.083361
-1.500000 -3.000000 4.250027
1.500000 -3.000000 4.250027
-1.500000 3.000000 4.250027
1.500000 3.000000 4.250027
1.500000 -3.500000 -1.000000
2.000000 -3.500000 -1.000000
1.500000 -3.000000 -1.000000
2.000000 -3.000000 -1.000000
1.500000 -3.500000 5.000000
2.000000 -3.500000 5.000000
1.500000 -3.000000 5.000000
2.000000 -3.000000 5.000000
1.500000 3.000000 -1.000000
2.000000 3.000000 -1.000000
1.500000 3.500000 -1.000000
2.000000 3.500000 -1.000000
1.500000 3.000000 5.000000
2.000000 3.000000 5.000000
1.500000 3.500000 5.000000
2.000000 3.500000 5.000000
-2.000000 3.000000 -1.000000
-1.500000 3.000000 -1.000000
-2.000000 3.500000 -1.000000
-1.500000 3.500000 -1.000000
-2.000000 3.000000 5.000000
-1.500000 3.000000 5.000000
-2.000000 3.500000 5.000000
-1.500000 3.500000 5.000000
-2.000000 -3.500000 -1.000000
-1.500000 -3.500000 -1.000000
-2.000000 -3.000000 -1.000000
-1.500000 -3.000000 -1.000000
-2.000000 -3.500000 5.000000
-1.500000 -3.500000 5.000000
-2.000000 -3.000000 5.000000
-1.500000 -3.000000 5.000000
-1.500000 -3.000000 3.750027
1.500000 -3.000000 3.750027
-1.500000 3.000000 3.750027
1.500000 3.000000 3.750027
-1.500000 -3.000000 3.916694
1.500000 -3.000000 3.916694
-1.500000 3.000000 3.916694
1.500000 3.000000 3.916694

360
0.000000 0.000000 -1.000000
0.000000 0.000000 -1.000000
0.000000 0.000000 -1.000000
0.000000 0.000000 -1.000000
0.000000 0.000000 -1.000000
0.000000 0.000000 -1.000000
0.000000 0.000000 1.000000
0.000000 0.000000 1.000000
0.000000 0.000000 1.000000
0.000000 0.000000 1.000000
0.000000 0.000000 1.000000
0.000000 0.000000 1.000000
0.000000 -1.000000 0.000000
0.000000 -1.000000 0.000000
0.000000 -1.000000 0.000000
0.000000 -1.000000 0.000000
0.000000 -1.000000 0.000000
0.000000 -1.000000 0.000000
1.000000 0.000000 0.000000
1.000000 0.000000 0.000000
1.000000 0.000000 0.000000
1.000000 0.000000 0.000000
1.000000 0.000000 0.000000
1.000000 0.000000 0.000000
0.000000 1.000000 0.000000
0.000000 1.000000 0.000000
0.000000 1.000000 0.000000
0.000000 1.000000 0.000000
0.000000 1.000000 0.000000
0.000000 1.000000 0.000000
-1.000000 0.000000 0.000000
-1.000000 0.000000 0.000000
-1.000000 0.000000 0.000000
-1.000000 0.000000 0.000000
-1.000000 0.000000 0.000000
-1.000000 0.000000 0.000000
0.000000 0.000000 1.000000
0.000000 0.000000 1.000000
0.000000 0.000000 1.000000
0.000000 0.000000 1.000000
0.000000 0.000000 1.000000
0.000000 0.000000 1.000000
0.000000 0.000000 1.000000
0.000000 0.000000 1.000000
0.000000 0.000000 1.000000
0.000000 0.000000 1.000000
0.000000 0.000000 1.000000
0.000000 0.000000 1.000000
0.000000 0.000000 1.000000
0.000000 0.000000 1.000000
0.000000 0.000000 1.000000
0.000000 0.000000 1.000000
0.000000 0.000000 1.000000
0.000000 0.000000 1.000000
0.000000 0.000000 1.000000
0.000000 0.000000 1.000000
0.000000 0.000000 1.000000
0.000000 0.000000 1.000000
0.000000 0.000000 1.000000
0.000000 0.000000 1.000000
0.000000 -1.000000 0.000000
0.000000 -1.000000 0.000000
0.000000 -1.000000 0.000000
0.000000 -1.000000 0.000000
0.000000 -1.000000 0.000000
0.000000 -1.000000 0.000000
1.000000 0.000000 0.000000
1.000000 0.000000 0.000000
1.000000 0.000000 0.000000
1.000000 0.000000 0.000000
1.000000 0.000000 0.000000
1.000000 0.000000 0.000000
0.000000 1.000000 0.000000
0.000000 1.000000 0.000000
0.000000 1.000000 0.000000
0.000000 1.000000 0.000000
0.000000 1.000000 0.000000
0.000000 1.000000 0.000000
-1.000000 0.000000 0.000000
-1.000000 0.000000 0.000000
-1.000000 0.000000 0.000000
-1.000000 0.000000 0.000000
-1.000000 0.000000 0.000000
-1.000000 0.000000 0.000000
0.000000 0.000000 -1.000000
0.000000 0.000000 -1.000000
0.000000 0.000000 -1.000000
0.000000 0.000000 -1.000000
0.000000 0.000000 -1.000000
0.000000 0.000000 -1.000000
0.000000 0.000000 1.000000
0.000000 0.000000 1.000000
0.000000 0.000000 1.000000
0.000000 0.000000 1.000000
0.000000 0.000000 1.000000
0.000000 0.000000 1.000000
0.000000 -1.000000 0.000000
0.000000 -1.000000 0.000000
0.000000 -1.000000 0.000000
0.000000 -1.000000 0.000000
0.000000 -1.000000 0.000000
0.000000 -1.000000 0.000000
1.000000 0.000000 0.000000
1.000000 0.000000 0.000000
1.000000 0.000000 0.000000
1.000000 0.000000 0.000000
1.000000 0.000000 0.000000
1.000000 0.000000 0.000000
0.000000 1.000000 0.000000
0.000000 1.000000 0.000000
0.000000 1.000000 0.000000
0.000000 1.000000 0.000000
0.000000 1.000000 0.000000
0.000000 1.000000 0.000000
-1.000000 0.000000 0.000000
-1.000000 0.000000 0.000000
-1.000000 0.000000 0.000000
-1.000000 0.000000 0.000000
-1.000000 0.000000 0.000000
-1.000000 0.000000 0.000000
0.000000 0.000000 1.000000
0.000000 0.000000 1.000000
0.000000 0.000000 1.000000
0.000000 0.000000 1.000000
0.000000 0.000000 1.000000
0.000000 0.000000 1.000000
0.000000 0.000000 1.000000
0.000000 0.000000 1.000000
0.000000 0.000000 1.000000
0.000000 0.000000 1.000000
0.000000 0.000000 1.000000
0.000000 0.000000 1.000000
0.000000 0.000000 1.000000
0.000000 0.000000 1.000000
0.000000 0.000000 1.000000
0.000000 0.000000 1.000000
0.000000 0.000000 1.000000
0.000000 0.000000 1.000000
0.000000 0.000000 1.000000
0.000000 0.000000 1.000000
0.000000 0.000000 1.000000
0.000000 0.000000 1.000000
0.000000 0.000000 1.000000
0.000000 0.000000 1.000000
0.000000 -1.000000 0.000000
0.000000 -1.000000 0.000000
0.000000 -1.000000 0.000000
0.000000 -1.000000 0.000000
0.000000 -1.000000 0.000000
0.000000 -1.000000 0.000000
1.000000 0.000000 0.000000
1.000000 0.000000 0.000000
1.000000 0.000000 0.000000
1.000000 0.000000 0.000000
1.000000 0.000000 0.000000
1.000000 0.000000 0.000000
0.000000 1.000000 0.000000
0.000000 1.000000 0.000000
0.000000 1.000000 0.000000
0.000000 1.000000 0.000000
0.000000 1.000000 0.000000
0.000000 1.000000 0.000000
-1.000000 0.000000 0.000000
-1.000000 0.000000 0.000000
-1.000000 0.000000 0.000000
-1.000000 0.000000 0.000000
-1.000000 0.000000 0.000000
-1.000000 0.000000 0.000000
0.000000 0.000000 -1.000000
0.000000 0.000000 -1.000000
0.000000 0.000000 -1.000000
0.000000 0.000000 -1.000000
0.000000 0.000000 -1.000000
0.000000 0.000000 -1.000000
0.000000 0.000000 1.000000
0.000000 0.000000 1.000000
0.000000 0.000000 1.000000
0.000000 0.000000 1.000000
0.000000 0.000000 1.000000
0.000000 0.000000 1.000000
0.000000 -1.000000 0.000000
0.000000 -1.000000 0.000000
0.000000 -1.000000 0.000000
0.000000 -1.000000 0.000000
0.000000 -1.000000 0.000000
0.000000 -1.000000 0.000000
1.000000 0.000000 0.000000
1.000000 0.000000 0.000000
1.000000 0.000000 0.000000
1.000000 0.000000 0.000000
1.000000 0.000000 0.000000
1.000000 0.000000 0.000000
0.000000 1.000000 0.000000
0.000000 1.000000 0.000000
0.000000 1.000000 0.000000
0.000000 1.000000 0.000000
0.000000 1.000000 0.000000
0.000000 1.000000 0.000000
-1.000000 0.000000 0.000000
-1.000000 0.000000 0.000000
-1.000000 0.000000 0.000000
-1.000000 0.000000 0.000000
-1.000000 0.000000 0.000000
-1.000000 0.000000 0.000000
0.000000 0.000000 -1.000000
0.000000 0.000000 -1.000000
0.000000 0.000000 -1.000000
0.000000 0.000000 -1.000000
0.000000 0.000000 -1.000000
0.000000 0.000000 -1.000000
0.000000 0.000000 1.000000
0.000000 0.000000 1.000000
0.000000 0.000000 1.000000
0.000000 0.000000 1.000000
0.000000 0.000000 1.000000
0.000000 0.000000 1.000000
0.000000 -1.000000 0.000000
0.000000 -1.000000 0.000000
0.000000 -1.000000 0.000000
0.000000 -1.000000 0.000000
0.000000 -1.000000 0.000000
0.000000 -1.000000 0.000000
1.000000 0.000000 0.000000
1.000000 0.000000 0.000000
1.000000 0.000000 0.000000
1.000000 0.000000 0.000000
1.000000 0.000000 0.000000
1.000000 0.000000 0.000000
0.000000 1.000000 0.000000
0.000000 1.000000 0.000000
0.000000 1.000000 0.000000
0.000000 1.000000 0.000000
0.000000 1.000000 0.000000
0.000000 1.000000 0.000000
-1.000000 0.000000 0.000000
-1.000000 0.000000 0.000000
-1.000000 0.000000 0.000000
-1.000000 0.000000 0.000000
-1.000000 0.000000 0.000000
-1.000000 0.000000 0.000000
0.000000 0.000000 -1.000000
0.000000 0.000000 -1.000000
0.000000 0.000000 -1.000000
0.000000 0.000000 -1.000000
0.000000 0.000000 -1.000000
0.000000 0.000000 -1.000000
0.000000 0.000000 1.000000
0.000000 0.000000 1.000000
0.000000 0.000000 1.000000
0.000000 0.000000 1.000000
0.000000 0.000000 1.000000
0.000000 0.000000 1.000000
0.000000 -1.000000 0.000000
0.000000 -1.000000 0.000000
0.000000 -1.000000 0.000000
0.000000 -1.000000 0.000000
0.000000 -1.000000 0.000000
0.000000 -1.000000 0.000000
1.000000 0.000000 0.000000
1.000000 0.000000 0.000000
1.000000 0.000000 0.000000
1.000000 0.000000 0.000000
1.000000 0.000000 0.000000
1.000000 0.000000 0.000000
0.000000 1.000000 0.000000
0.000000 1.000000 0.000000
0.000000 1.000000 0.000000
0.000000 1.000000 0.000000
0.000000 1.000000 0.000000
0.000000 1.000000 0.000000
-1.000000 0.000000 0.000000
-1.000000 0.000000 0.000000
-1.000000 0.000000 0.000000
-1.000000 0.000000 0.000000
-1.000000 0.000000 0.000000
-1.000000 0.000000 0.000000
0.000000 0.000000 -1.000000
0.000000 0.000000 -1.000000
0.000000 0.000000 -1.000000
0.000000 0.000000 -1.000000
0.000000 0.000000 -1.000000
0.000000 0.000000 -1.000000
0.000000 0.000000 1.000000
0.000000 0.000000 1.000000
0.000000 0.000000 1.000000
0.000000 0.000000 1.000000
0.000000 0.000000 1.000000
0.000000 0.000000 1.000000
0.000000 -1.000000 0.000000
0.000000 -1.000000 0.000000
0.000000 -1.000000 0.000000
0.000000 -1.000000 0.000000
0.000000 -1.000000 0.000000
0.000000 -1.000000 0.000000
1.000000 0.000000 0.000000
1.000000 0.000000 0.000000
1.000000 0.000000 0.000000
1.000000 0.000000 0.000000
1.000000 0.000000 0.000000
1.000000 0.000000 0.000000
0.000000 1.000000 0.000000
0.000000 1.000000 0.000000
0.000000 1.000000 0.000000
0.000000 1.000000 0.000000
0.000000 1.000000 0.000000
0.000000 1.000000 0.000000
-1.000000 0.000000 0.000000
-1.000000 0.000000 0.000000
-1.000000 0.000000 0.000000
-1.000000 0.000000 0.000000
-1.000000 0.000000 0.000000
-1.000000 0.000000 0.000000
0.000000 0.000000 -1.000000
0.000000 0.000000 -1.000000
0.000000 0.000000 -1.000000
0.000000 0.000000 -1.000000
0.000000 0.000000 -1.000000
0.000000 0.000000 -1.000000
0.000000 0.000000 -1.000000
0.000000 0.000000 -1.000000
0.000000 0.000000 -1.000000
0.000000 0.000000 -1.000000
0.000000 0.000000 -1.000000
0.000000 0.000000 -1.000000
0.000000 0.000000 -1.000000
0.000000 0.000000 -1.000000
0.000000 0.000000 -1.000000
0.000000 0.000000 -1.000000
0.000000 0.000000 -1.000000
0.000000 0.000000 -1.000000
0.000000 0.000000 -1.000000
0.000000 0.000000 -1.000000
0.000000 0.000000 -1.000000
0.000000 0.000000 -1.000000
0.000000 0.000000 -1.000000
0.000000 0.000000 -1.000000
1.000000 0.000000 0.000000
1.000000 0.000000 0.000000
1.000000 0.000000 0.000000
1.000000 0.000000 0.000000
1.000000 0.000000 0.000000
1.000000 0.000000 0.000000
0.000000 -1.000000 0.000000
0.000000 -1.000000 0.000000
0.000000 -1.000000 0.000000
0.000000 -1.000000 0.000000
0.000000 -1.000000 0.000000
0.000000 -1.000000 0.000000
-1.000000 0.000000 0.000000
-1.000000 0.000000 0.000000
-1.000000 0.000000 0.000000
-1.000000 0.000000 0.000000
-1.000000 0.000000 0.000000
-1.000000 0.000000 0.000000
0.000000 1.000000 0.000000
0.000000 1.000000 0.000000
0.000000 1.000000 0.000000
0.000000 1.000000 0.000000
0.000000 1.000000 0.000000
0.000000 1.000000 0.000000

260
-0.391965 -0.983813
-0.391964 1.983813
1.391965 1.983813
1.391964 -0.983813
-0.264542 -0.869673
-0.264541 1.869674
1.264542 1.869673
1.264541 -0.869674
1.585871 0.257672
1.585871 0.479264
-0.585871 0.479264
-0.585871 0.257672
1.585871 0.479264
1.585871 0.257672
-0.585871 0.257672
-0.585871 0.479264
-1.032772 0.767265
-1.032772 0.993088
1.596178 0.993088
1.596178 0.767265
-1.032772 0.993088
-1.032772 0.767265
1.596178 0.767265
1.596178 0.993088
-0.919942 0.011242
-0.919942 0.229958
1.248748 0.229958
1.248748 0.011242
-0.919942 0.229958
-0.919942 0.011242
1.248748 0.011242
1.248748 0.229958
2.531971 0.522336
2.531971 0.739770
-0.168032 0.739770
-0.168032 0.522336
2.531971 0.739770
2.531971 0.522336
-0.168032 0.522336
-0.168032 0.739770
3.128950 0.485305
-2.128950 0.485306
-1.926723 0.266754
2.926723 0.266753
3.128950 0.485305
-2.128950 0.485306
-1.926723 0.266754
2.926723 0.266753
-2.128950 0.485306
3.128950 0.485305
2.926723 0.266753
-1.926723 0.266754
-0.824725 0.235680
2.505278 0.235680
2.505278 0.001846
-0.824725 0.001846
2.505278 0.235681
-0.824725 0.235681
-0.824725 0.001846
2.505278 0.001846
1.681716 0.511970
-1.093286 0.511970
-1.093286 0.727906
1.681716 0.727906
-1.093286 0.511971
1.681716 0.511971
1.681716 0.727907
-1.093286 0.727907
1.574985 0.511971
-0.986555 0.511971
-0.986555 0.619939
1.574985 0.619939
-0.986555 0.511970
1.574985 0.511970
1.574985 0.619938
-0.986555 0.619938
1.397960 0.942130
-0.667798 0.942130
-0.520244 0.762307
1.250406 0.762306
1.397960 0.942130
-0.667798 0.942130
-0.520244 0.762307
1.250406 0.762306
-0.667798 0.942130
1.397960 0.942130
1.250406 0.762306
-0.520244 0.762307
-0.433122 0.753362
1.433122 0.753362
1.433122 0.985481
-0.433122 0.985481
1.433122 0.753362
-0.433122 0.753362
-0.433122 0.985480
1.433122 0.985480
-0.251630 0.000683
1.441592 0.000683
1.441592 0.211165
-0.251630 0.211165
1.441592 0.000683
-0.251629 0.000683
-0.251629 0.211165
1.441592 0.211165
-0.130684 0.000683
1.320648 0.000683
1.320648 0.105924
-0.130684 0.105924
1.320647 0.000683
-0.130685 0.000683
-0.130685 0.105924
1.320647 0.105924
-0.600778 0.469137
-0.600778 0.250953
1.358047 0.250953
1.358047 0.469137
-0.600778 0.250953
-0.600778 0.469137
1.358047 0.469137
1.358047 0.250953
-0.657875 0.758605
-0.657875 0.981552
1.467659 0.981552
1.467659 0.758605
-0.657875 0.981552
-0.657875 0.758605
1.467659 0.758605
1.467659 0.981552
1.519389 0.942385
-0.519389 0.942386
-0.440974 0.772347
1.440974 0.772346
1.519389 0.942385
-0.519389 0.942386
-0.440974 0.772347
1.440974 0.772346
-0.519389 0.942386
1.519389 0.942385
1.440974 0.772346
-0.440974 0.772347
-0.660340 0.267632
1.420912 0.267631
1.272251 0.484710
-0.511679 0.484711
-0.660340 0.267632
1.420912 0.267631
1.272251 0.484710
-0.511679 0.484711
1.420912 0.267631
-0.660340 0.267632
-0.511679 0.484711
1.272251 0.484710
1.452326 0.512369
1.452326 0.746439
-0.719415 0.746439
-0.719415 0.512369
1.452327 0.746439
1.452327 0.512369
-0.719415 0.512369
-0.719415 0.746439
-0.562767 0.015736
-0.562767 0.229531
1.562767 0.229531
1.562767 0.015736
-0.562767 0.229531
-0.562767 0.015736
1.562767 0.015736
1.562767 0.229531
1.314403 0.289874
1.314403 0.478155
1.585871 0.478155
1.585870 0.289874
1.314403 0.289874
1.585870 0.289874
1.585871 0.478155
1.314403 0.478155
-0.585871 0.289874
-0.585871 0.478156
-0.314403 0.478156
-0.314403 0.289874
-0.585871 0.289874
-0.314403 0.289874
-0.314403 0.478156
-0.585871 0.478156
1.165173 0.017477
1.165173 0.231033
1.386897 0.231033
1.386897 0.017477
1.165173 0.017477
1.386897 0.017477
1.386897 0.231033
1.165173 0.231033
-0.386897 0.017478
-0.386897 0.231033
-0.165173 0.231033
-0.165173 0.017477
-0.386897 0.017478
-0.165173 0.017477
-0.165173 0.231033
-0.386897 0.231033
6.499999 -3.333360
-5.500001 -3.333360
-2.500001 -3.333360
-5.500001 -3.333360
6.499999 -3.666694
-5.500001 -3.666694
-2.500001 -3.666694
-5.500001 -3.666694
6.499999 4.666694
-5.500001 4.666694
-2.500001 4.666694
-5.500001 4.666694
6.499999 4.333361
-5.500001 4.333361
-2.500001 4.333361
-5.500001 4.333361
-2.500001 -5.499999
3.499999 -5.500001
3.500001 6.499999
3.500001 6.499999
-2.499999 6.500001
-2.500001 -5.499999
-2.500001 -3.666694
3.499999 -3.666694
3.499999 -3.333360
3.499999 -3.333360
-2.500001 -3.333360
-2.500001 -3.666694
-5.500001 -3.666694
6.499999 -3.666694
6.499999 -3.333360
6.499999 -3.333360
-2.500001 -3.666694
3.499999 -3.666694
3.499999 -3.333360
3.499999 -3.333360
-5.500001 -3.666694
6.499999 -3.333360
-2.500001 -5.499999
3.499999 -5.500001
3.500001 6.499999
3.500001 6.499999
-2.499999 6.500001
-2.500001 -5.499999
-2.500001 4.333361
3.499999 4.333361
3.499999 4.666694
3.499999 4.666694
-2.500001 4.666694
-2.500001 4.333361
-5.500001 4.333361
6.499999 4.333361
6.499999 4.666694
6.499999 4.666694
-2.500001 4.333361
3.499999 4.333361
3.499999 4.666694
3.499999 4.666694
-5.500001 4.333361
6.499999 4.666694

2
100
20

0 0 0 2 1 1 3 2 2
3 3 2 1 4 3 0 5 0
0 12 88 1 13 89 5 14 90
5 15 90 4 16 91 0 17 88
1 18 52 3 19 53 7 20 54
7 21 54 5 22 55 1 23 52
3 24 92 2 25 93 6 26 94
6 27 94 7 28 95 3 29 92
2 30 56 0 31 57 4 32 58
4 33 58 6 34 59 2 35 56
4 36 140 5 37 141 9 38 142
9 39 142 8 40 143 4 41 140
5 42 128 7 43 129 11 44 130
11 45 130 9 46 131 5 47 128
7 48 76 6 49 77 10 50 78
10 51 78 11 52 79 7 53 76
6 54 40 4 55 41 8 56 42
8 57 42 10 58 43 6 59 40
68 84 4 70 85 5 71 86 6
71 87 6 69 88 7 68 89 4
16 96 96 17 97 97 21 98 98
21 99 98 20 100 99 16 101 96
17 102 60 19 103 61 23 104 62
23 105 62 21 106 63 17 107 60
19 108 100 18 109 101 22 110 102
22 111 102 23 112 103 19 113 100
18 114 64 16 115 65 20 116 66
20 117 66 22 118 67 18 119 64
20 120 144 21 121 145 25 122 146
25 123 146 24 124 147 20 125 144
21 126 132 23 127 133 27 128 134
27 129 134 25 130 135 21 131 132
23 132 80 22 133 81 26 134 82
26 135 82 27 136 83 23 137 80
22 138 44 20 139 45 24 140 46
24 141 46 26 142 47 22 143 44
32 168 168 34 169 169 35 170 170
35 171 170 33 172 171 32 173 168
36 174 172 37 175 173 39 176 174
39 177 174 38 178 175 36 179 172
32 180 152 33 181 153 37 182 154
37 183 154 36 184 155 32 185 152
33 186 160 35 187 161 39 188 162
39 189 162 37 190 163 33 191 160
35 192 156 34 193 157 38 194 158
38 195 158 39 196 159 35 197 156
34 198 164 32 199 165 36 200 166
36 201 166 38 202 167 34 203 164
40 204 184 42 205 185 43 206 186
43 207 186 41 208 187 40 209 184
44 210 188 45 211 189 47 212 190
47 213 190 46 214 191 44 215 188
40 216 112 41 217 113 45 218 114
45 219 114 44 220 115 40 221 112
41 222 120 43 223 121 47 224 122
47 225 122 45 226 123 41 227 120
43 228 116 42 229 117 46 230 118
46 231 118 47 232 119 43 233 116
42 234 124 40 235 125 44 236 126
44 237 126 46 238 127 42 239 124
48 240 192 50 241 193 51 242 194
51 243 194 49 244 195 48 245 192
52 246 196 53 247 197 55 248 198
55 249 198 54 250 199 52 251 196
48 252 32 49 253 33 53 254 34
53 255 34 52 256 35 48 257 32
49 258 24 51 259 25 55 260 26
55 261 26 53 262 27 49 263 24
51 264 36 50 265 37 54 266 38
54 267 38 55 268 39 51 269 36
50 270 28 48 271 29 52 272 30
52 273 30 54 274 31 50 275 28
56 276 176 58 277 177 59 278 178
59 279 178 57 280 179 56 281 176
60 282 180 61 283 181 63 284 182
63 285 182 62 286 183 60 287 180
56 288 8 57 289 9 61 290 10
61 291 10 60 292 11 56 293 8
57 294 16 59 295 17 63 296 18
63 297 18 61 298 19 57 299 16
59 300 12 58 301 13 62 302 14
62 303 14 63 304 15 59 305 12
58 306 20 56 307 21 60 308 22
60 309 22 62 310 23 58 311 20
16 312 48 18 313 49 66 314 50
66 315 50 64 316 51 16 317 48
18 318 84 19 319 85 67 320 86
67 321 86 66 322 87 18 323 84
19 324 136 17 325 137 65 326 138
65 327 138 67 328 139 19 329 136
17 330 148 16 331 149 64 332 150
64 333 150 65 334 151 17 335 148
64 336 68 66 337 69 70 338 70
70 339 70 68 340 71 64 341 68
66 342 104 67 343 105 71 344 106
71 345 106 70 346 107 66 347 104
67 348 72 65 349 73 69 350 74
69 351 74 71 352 75 67 353 72
65 354 108 64 355 109 68 356 110
68 357 110 69 358 111 65 359 108

12 6 216 13 7 217 15 8 218
15 9 219 14 10 220 12 11 221
8 60 222 9 61 223 13 62 224
13 63 225 12 64 226 8 65 227
9 66 228 11 67 229 15 68 230
15 69 231 13 70 201 9 71 205
11 72 232 10 73 233 14 74 234
14 75 235 15 76 202 11 77 206
10 78 236 8 79 204 12 80 237
12 81 200 14 82 203 10 83 207
28 90 238 29 91 239 31 92 240
31 93 241 30 94 242 28 95 243
24 144 244 25 145 245 29 146 246
29 147 247 28 148 248 24 149 249
25 150 250 27 151 251 31 152 252
31 153 253 29 154 209 25 155 213
27 156 254 26 157 255 30 158 256
30 159 257 31 160 210 27 161 214
26 162 258 24 163 212 28 164 259
28 165 208 30 166 211 26 167 215
