291
-0.000000 3.000000 0.000000
-0.000000 3.000000 0.333333
-0.000000 2.500000 0.333333
-0.000000 2.500000 0.000000
1.500000 2.598076 0.000000
1.479167 2.561999 0.333333
1.270833 2.201155 0.333333
1.250000 2.165064 0.000000
2.598076 1.500000 0.000000
2.598076 1.500000 0.333333
2.165063 1.250000 0.333333
2.165063 1.250000 0.000000
3.000000 0.000000 0.000000
2.958333 0.000000 0.333333
2.541667 0.000000 0.333333
2.500000 0.000000 0.000000
2.598076 -1.500000 0.000000
2.598076 -1.500000 0.333333
2.165063 -1.250000 0.333333
2.165063 -1.250000 0.000000
1.500000 -2.598076 0.000000
1.479167 -2.561999 0.333333
1.270833 -2.201155 0.333333
1.250000 -2.165064 0.000000
-0.000000 -3.000000 0.000000
-0.000000 -3.000000 0.333333
-0.000000 -2.500000 0.333333
-0.000000 -2.500000 0.000000
-1.500000 -2.598076 0.000000
-1.479167 -2.561998 0.333333
-1.270833 -2.201155 0.333333
-1.250000 -2.165063 0.000000
-2.598076 -1.500000 0.000000
-2.598076 -1.500000 0.333333
-2.165064 -1.250000 0.333333
-2.165064 -1.250000 0.000000
-3.000000 0.000000 0.000000
-2.958333 0.000000 0.333333
-2.541667 0.000000 0.333333
-2.500000 0.000000 0.000000
-2.598090 1.500000 0.000000
-2.598090 1.500000 0.333333
-2.165077 1.250000 0.333333
-2.165077 1.250000 0.000000
-1.500000 2.598090 0.000000
-1.479167 2.562006 0.333333
-1.270833 2.201161 0.333333
-1.250000 2.165077 0.000000
0.166667 -2.625000 0.041667
0.166667 2.625000 0.041667
-0.166667 -2.625000 0.041667
-0.166667 2.625000 0.041667
0.166667 -2.625000 0.208333
0.166667 2.625000 0.208333
-0.166667 -2.625000 0.208333
-0.166667 2.625000 0.208333
-2.625000 -0.166667 0.083333
2.625000 -0.166667 0.083333
-2.625000 0.166667 0.083333
2.625000 0.166667 0.083333
-2.645833 -0.155502 0.291667
2.645833 -0.155502 0.291667
-2.645833 0.155502 0.291667
2.645833 0.155502 0.291667
-2.214917 -1.375000 0.333333
-2.298250 -1.230662 0.333333
-2.464917 -1.230662 0.333333
-2.548250 -1.375000 0.333333
-2.464917 -1.519338 0.333333
-2.298250 -1.519338 0.333333
-2.238973 -1.375000 0.500000
-2.310278 -1.251496 0.500000
-2.452888 -1.251496 0.500000
-2.524194 -1.375000 0.500000
-2.452888 -1.498504 0.500000
-2.310278 -1.498504 0.500000
-2.381583 -1.375000 1.000000
-1.208333 -2.381583 0.333333
-1.458333 -2.237246 0.333333
-1.541667 -2.381583 0.333333
-1.291667 -2.525921 0.333333
-1.232390 -2.381583 0.500000
-1.303695 -2.258079 0.500000
-1.446305 -2.258080 0.500000
-1.517611 -2.381583 0.500000
-1.446305 -2.505087 0.500000
-1.303695 -2.505087 0.500000
-1.375000 -2.381583 1.000000
0.166667 -2.750000 0.333333
0.083333 -2.605662 0.333333
-0.083333 -2.605662 0.333333
-0.166667 -2.750000 0.333333
-0.083333 -2.894338 0.333333
0.083333 -2.894338 0.333333
0.142610 -2.750000 0.500000
0.071305 -2.626496 0.500000
-0.071305 -2.626496 0.500000
-0.142610 -2.750000 0.500000
-0.071305 -2.873504 0.500000
0.071305 -2.873504 0.500000
0.000000 -2.750000 1.000000
1.541667 -2.381583 0.333333
1.458333 -2.237246 0.333333
1.208333 -2.381583 0.333333
1.291667 -2.525921 0.333333
1.517611 -2.381583 0.500000
1.446305 -2.258079 0.500000
1.303695 -2.258080 0.500000
1.232389 -2.381583 0.500000
1.303695 -2.505087 0.500000
1.446305 -2.505087 0.500000
1.375000 -2.381583 1.000000
2.548250 -1.375000 0.333333
2.464917 -1.230662 0.333333
2.298250 -1.230662 0.333333
2.214917 -1.375000 0.333333
2.298250 -1.519338 0.333333
2.464917 -1.519338 0.333333
2.524194 -1.375000 0.500000
2.452889 -1.251496 0.500000
2.310278 -1.251496 0.500000
2.238973 -1.375000 0.500000
2.310278 -1.498504 0.500000
2.452889 -1.498504 0.500000
2.381583 -1.375000 1.000000
2.833333 0.144338 0.333333
2.833333 -0.144338 0.333333
2.892610 0.000000 0.500000
2.821305 0.123504 0.500000
2.678694 0.123504 0.500000
2.607389 0.000000 0.500000
2.678694 -0.123504 0.500000
2.821305 -0.123504 0.500000
2.750000 0.000000 1.000000
2.548250 1.375000 0.333333
2.464917 1.519338 0.333333
2.298250 1.519338 0.333333
2.214917 1.375000 0.333333
2.298250 1.230662 0.333333
2.464917 1.230662 0.333333
2.524194 1.375000 0.500000
2.452889 1.498504 0.500000
2.310278 1.498504 0.500000
2.238973 1.375000 0.500000
2.310278 1.251496 0.500000
2.452889 1.251496 0.500000
2.381583 1.375000 1.000000
1.541667 2.381583 0.333333
1.291667 2.525921 0.333333
1.208333 2.381583 0.333333
1.458333 2.237246 0.333333
1.517611 2.381583 0.500000
1.446305 2.505088 0.500000
1.303695 2.505088 0.500000
1.232389 2.381583 0.500000
1.303695 2.258079 0.500000
1.446305 2.258079 0.500000
1.375000 2.381583 1.000000
0.166667 2.750000 0.333333
0.083333 2.894338 0.333333
-0.083333 2.894338 0.333333
-0.166667 2.750000 0.333333
-0.083333 2.605662 0.333333
0.083333 2.605662 0.333333
0.142610 2.750000 0.500000
0.071305 2.873504 0.500000
-0.071305 2.873504 0.500000
-0.142610 2.750000 0.500000
-0.071305 2.626496 0.500000
0.071305 2.626496 0.500000
0.000000 2.750000 1.000000
-1.208333 2.381583 0.333333
-1.291667 2.525921 0.333333
-1.541667 2.381583 0.333333
-1.458333 2.237246 0.333333
-1.232390 2.381583 0.500000
-1.303695 2.505088 0.500000
-1.446305 2.505088 0.500000
-1.517611 2.381583 0.500000
-1.446305 2.258079 0.500000
-1.303695 2.258079 0.500000
-1.375000 2.381583 1.000000
-2.214917 1.375000 0.333333
-2.298250 1.519338 0.333333
-2.464917 1.519338 0.333333
-2.548250 1.375000 0.333333
-2.464917 1.230662 0.333333
-2.298250 1.230662 0.333333
-2.238973 1.375000 0.500000
-2.310278 1.498504 0.500000
-2.452888 1.498504 0.500000
-2.524194 1.375000 0.500000
-2.452888 1.251496 0.500000
-2.310278 1.251496 0.500000
-2.381583 1.375000 1.000000
-2.833333 0.144338 0.333333
-2.833333 -0.144338 0.333333
-2.607389 -0.000000 0.500000
-2.678695 0.123504 0.500000
-2.821305 0.123504 0.500000
-2.892611 0.000000 0.500000
-2.821305 -0.123504 0.500000
-2.678695 -0.123504 0.500000
-2.750000 0.000000 1.000000
-2.263029 -1.375000 1.000000
-2.322306 -1.272329 1.000000
-2.440861 -1.272329 1.000000
-2.500138 -1.375000 1.000000
-2.440861 -1.477671 1.000000
-2.322306 -1.477671 1.000000
-1.256446 -2.381583 1.000000
-1.315723 -2.278913 1.000000
-1.434277 -2.278913 1.000000
-1.493554 -2.381583 1.000000
-1.434277 -2.484254 1.000000
-1.315723 -2.484254 1.000000
0.118554 -2.750000 1.000000
0.059277 -2.647329 1.000000
-0.059277 -2.647329 1.000000
-0.118554 -2.750000 1.000000
-0.059277 -2.852671 1.000000
0.059277 -2.852671 1.000000
1.493554 -2.381583 1.000000
1.434277 -2.278913 1.000000
1.315723 -2.278913 1.000000
1.256446 -2.381583 1.000000
1.315723 -2.484254 1.000000
1.434277 -2.484254 1.000000
2.500138 -1.375000 1.000000
2.440861 -1.272329 1.000000
2.322306 -1.272329 1.000000
2.263029 -1.375000 1.000000
2.322306 -1.477671 1.000000
2.440861 -1.477671 1.000000
2.868554 0.000000 1.000000
2.809277 0.102671 1.000000
2.690722 0.102671 1.000000
2.631446 0.000000 1.000000
2.690722 -0.102671 1.000000
2.809277 -0.102671 1.000000
2.500138 1.375000 1.000000
2.440861 1.477671 1.000000
2.322306 1.477671 1.000000
2.263029 1.375000 1.000000
2.322306 1.272329 1.000000
2.440861 1.272329 1.000000
1.493554 2.381583 1.000000
1.434277 2.484254 1.000000
1.315723 2.484254 1.000000
1.256446 2.381583 1.000000
1.315723 2.278913 1.000000
1.434277 2.278913 1.000000
0.118554 2.750000 1.000000
0.059277 2.852671 1.000000
-0.059277 2.852671 1.000000
-0.118554 2.750000 1.000000
-0.059277 2.647329 1.000000
0.059277 2.647329 1.000000
-1.256446 2.381583 1.000000
-1.315723 2.484254 1.000000
-1.434277 2.484254 1.000000
-1.493554 2.381583 1.000000
-1.434277 2.278913 1.000000
-1.315723 2.278913 1.000000
-2.263029 1.375000 1.000000
-2.322306 1.477671 1.000000
-2.440861 1.477671 1.000000
-2.500138 1.375000 1.000000
-2.440861 1.272329 1.000000
-2.322306 1.272329 1.000000
-2.631446 -0.000000 1.000000
-2.690723 0.102671 1.000000
-2.809277 0.102671 1.000000
-2.868554 0.000000 1.000000
-2.809277 -0.102671 1.000000
-2.690723 -0.102671 1.000000
2.250000 -0.000000 0.208333
2.375000 -0.072169 0.208333
2.375000 0.072169 0.208333
-0.062201 0.000000 6.000000
0.049292 -0.049292 6.000000
0.037945 0.065723 6.000000
0.000000 2.250000 0.208333
0.072169 2.375000 0.208333
-0.072169 2.375000 0.208333
-2.250000 -0.000000 0.208333
-2.375000 0.072169 0.208333
-2.375000 -0.072169 0.208333
-0.000000 -2.250000 0.208333
-0.072169 -2.375000 0.208333
0.072169 -2.375000 0.208333

1485
0.011277 0.999900 0.008493
0.486664 0.865880 0.115801
0.487157 0.865633 0.115578
0.011277 0.999900 0.008493
0.011295 0.999900 0.008504
0.486664 0.865880 0.115801
0.000000 0.000000 1.000000
0.000000 0.000000 1.000000
0.000000 0.000000 1.000000
0.000000 0.000000 1.000000
0.000000 0.000000 1.000000
0.000000 0.000000 1.000000
-0.012941 -0.999867 0.009900
-0.485227 -0.866882 0.114325
-0.485870 -0.866557 0.114056
-0.012941 -0.999867 0.009900
-0.012972 -0.999867 0.009914
-0.485227 -0.866882 0.114325
0.000000 0.000000 -1.000000
0.000000 0.000000 -1.000000
0.000000 0.000000 -1.000000
0.000000 0.000000 -1.000000
0.000000 0.000000 -1.000000
0.000000 0.000000 -1.000000
0.487157 0.865633 0.115578
0.871585 0.490170 0.008503
0.871576 0.490186 0.008494
0.487157 0.865633 0.115578
0.486664 0.865880 0.115801
0.871585 0.490170 0.008503
0.000000 0.000000 1.000000
0.000000 0.000000 1.000000
0.000000 0.000000 1.000000
0.000000 0.000000 1.000000
0.000000 0.000000 1.000000
0.000000 0.000000 1.000000
-0.485870 -0.866557 0.114056
-0.872394 -0.488702 0.009916
-0.872380 -0.488729 0.009898
-0.485870 -0.866557 0.114056
-0.485227 -0.866882 0.114325
-0.872394 -0.488702 0.009916
0.000000 0.000000 -1.000000
0.000000 0.000000 -1.000000
0.000000 0.000000 -1.000000
0.000000 0.000000 -1.000000
0.000000 0.000000 -1.000000
0.000000 0.000000 -1.000000
0.871576 0.490186 0.008494
0.993204 0.011476 0.115818
0.993236 0.010929 0.115596
0.871576 0.490186 0.008494
0.871585 0.490170 0.008503
0.993204 0.011476 0.115818
0.000000 0.000000 1.000000
0.000000 0.000000 1.000000
0.000000 0.000000 1.000000
0.000000 0.000000 1.000000
0.000000 0.000000 1.000000
0.000000 0.000000 1.000000
-0.872380 -0.488729 0.009898
-0.993357 -0.013221 0.114309
-0.993398 -0.012499 0.114039
-0.872380 -0.488729 0.009898
-0.872394 -0.488702 0.009916
-0.993357 -0.013221 0.114309
0.000000 0.000000 -1.000000
0.000000 0.000000 -1.000000
0.000000 0.000000 -1.000000
0.000000 0.000000 -1.000000
0.000000 0.000000 -1.000000
0.000000 0.000000 -1.000000
0.993236 0.010929 0.115596
0.860293 -0.509729 0.008504
0.860303 -0.509713 0.008493
0.993236 0.010929 0.115596
0.993204 0.011476 0.115818
0.860293 -0.509729 0.008504
0.000000 0.000000 1.000000
0.000000 0.000000 1.000000
0.000000 0.000000 1.000000
0.000000 0.000000 1.000000
0.000000 0.000000 1.000000
0.000000 0.000000 1.000000
-0.993398 -0.012499 0.114039
-0.859427 0.511163 0.009914
-0.859442 0.511137 0.009900
-0.993398 -0.012499 0.114039
-0.993357 -0.013221 0.114309
-0.859427 0.511163 0.009914
0.000000 0.000000 -1.000000
0.000000 0.000000 -1.000000
0.000000 0.000000 -1.000000
0.000000 0.000000 -1.000000
0.000000 0.000000 -1.000000
0.000000 0.000000 -1.000000
0.860303 -0.509713 0.008493
0.506539 -0.854406 0.115801
0.506083 -0.854705 0.115580
0.860303 -0.509713 0.008493
0.860293 -0.509729 0.008504
0.506539 -0.854406 0.115801
0.000000 0.000000 1.000000
0.000000 0.000000 1.000000
0.000000 0.000000 1.000000
0.000000 0.000000 1.000000
0.000000 0.000000 1.000000
0.000000 0.000000 1.000000
-0.859442 0.511137 0.009900
-0.508131 0.853658 0.114326
-0.507522 0.854057 0.114055
-0.859442 0.511137 0.009900
-0.859427 0.511163 0.009914
-0.508131 0.853658 0.114326
0.000000 0.000000 -1.000000
0.000000 0.000000 -1.000000
0.000000 0.000000 -1.000000
0.000000 0.000000 -1.000000
0.000000 0.000000 -1.000000
0.000000 0.000000 -1.000000
0.506083 -0.854705 0.115580
-0.011291 -0.999900 0.008503
-0.011273 -0.999900 0.008493
0.506083 -0.854705 0.115580
0.506539 -0.854406 0.115801
-0.011291 -0.999900 0.008503
0.000000 0.000000 1.000000
0.000000 0.000000 1.000000
0.000000 0.000000 1.000000
0.000000 0.000000 1.000000
0.000000 0.000000 1.000000
0.000000 0.000000 1.000000
-0.507522 0.854057 0.114055
0.012969 0.999867 0.009916
0.012939 0.999867 0.009900
-0.507522 0.854057 0.114055
-0.508131 0.853658 0.114326
0.012969 0.999867 0.009916
0.000000 0.000000 -1.000000
0.000000 0.000000 -1.000000
0.000000 0.000000 -1.000000
0.000000 0.000000 -1.000000
0.000000 0.000000 -1.000000
0.000000 0.000000 -1.000000
-0.011273 -0.999900 0.008493
-0.486664 -0.865880 0.115801
-0.487157 -0.865632 0.115579
-0.011273 -0.999900 0.008493
-0.011291 -0.999900 0.008503
-0.486664 -0.865880 0.115801
0.000000 0.000000 1.000000
0.000000 0.000000 1.000000
0.000000 0.000000 1.000000
0.000000 0.000000 1.000000
0.000000 0.000000 1.000000
0.000000 0.000000 1.000000
0.012939 0.999867 0.009900
0.485227 0.866882 0.114326
0.485870 0.866557 0.114056
0.012939 0.999867 0.009900
0.012969 0.999867 0.009916
0.485227 0.866882 0.114326
0.000000 0.000000 -1.000000
0.000000 0.000000 -1.000000
0.000000 0.000000 -1.000000
0.000000 0.000000 -1.000000
0.000000 0.000000 -1.000000
0.000000 0.000000 -1.000000
-0.487157 -0.865632 0.115579
-0.871585 -0.490170 0.008503
-0.871576 -0.490186 0.008494
-0.487157 -0.865632 0.115579
-0.486664 -0.865880 0.115801
-0.871585 -0.490170 0.008503
0.000000 0.000000 1.000000
0.000000 0.000000 1.000000
0.000000 0.000000 1.000000
0.000000 0.000000 1.000000
0.000000 0.000000 1.000000
0.000000 0.000000 1.000000
0.485870 0.866557 0.114056
0.872394 0.488702 0.009916
0.872380 0.488729 0.009898
0.485870 0.866557 0.114056
0.485227 0.866882 0.114326
0.872394 0.488702 0.009916
0.000000 0.000000 -1.000000
0.000000 0.000000 -1.000000
0.000000 0.000000 -1.000000
0.000000 0.000000 -1.000000
0.000000 0.000000 -1.000000
0.000000 0.000000 -1.000000
-0.871576 -0.490186 0.008494
-0.993204 -0.011480 0.115817
-0.993236 -0.010933 0.115594
-0.871576 -0.490186 0.008494
-0.871585 -0.490170 0.008503
-0.993204 -0.011480 0.115817
0.000000 0.000000 1.000000
0.000000 0.000000 1.000000
0.000000 0.000000 1.000000
0.000000 0.000000 1.000000
0.000000 0.000000 1.000000
0.000000 0.000000 1.000000
0.872380 0.488729 0.009898
0.993357 0.013226 0.114309
0.993398 0.012503 0.114039
0.872380 0.488729 0.009898
0.872394 0.488702 0.009916
0.993357 0.013226 0.114309
0.000000 0.000000 -1.000000
0.000000 0.000000 -1.000000
0.000000 0.000000 -1.000000
0.000000 0.000000 -1.000000
0.000000 0.000000 -1.000000
0.000000 0.000000 -1.000000
-0.993236 -0.010933 0.115594
-0.860295 0.509726 0.008504
-0.860304 0.509711 0.008494
-0.993236 -0.010933 0.115594
-0.993204 -0.011480 0.115817
-0.860295 0.509726 0.008504
0.000000 0.000000 1.000000
0.000000 0.000000 1.000000
0.000000 0.000000 1.000000
0.000000 0.000000 1.000000
0.000000 0.000000 1.000000
0.000000 0.000000 1.000000
0.993398 0.012503 0.114039
0.859429 -0.511159 0.009914
0.859445 -0.511133 0.009898
0.993398 0.012503 0.114039
0.993357 0.013226 0.114309
0.859429 -0.511159 0.009914
0.000000 0.000000 -1.000000
0.000000 0.000000 -1.000000
0.000000 0.000000 -1.000000
0.000000 0.000000 -1.000000
0.000000 0.000000 -1.000000
0.000000 0.000000 -1.000000
-0.860304 0.509711 0.008494
-0.506537 0.854404 0.115816
-0.506079 0.854706 0.115594
-0.860304 0.509711 0.008494
-0.860295 0.509726 0.008504
-0.506537 0.854404 0.115816
0.000000 0.000000 1.000000
0.000000 0.000000 1.000000
0.000000 0.000000 1.000000
0.000000 0.000000 1.000000
0.000000 0.000000 1.000000
0.000000 0.000000 1.000000
0.859445 -0.511133 0.009898
0.508124 -0.853665 0.114310
0.507518 -0.854061 0.114040
0.859445 -0.511133 0.009898
0.859429 -0.511159 0.009914
0.508124 -0.853665 0.114310
0.000000 0.000000 -1.000000
0.000000 0.000000 -1.000000
0.000000 0.000000 -1.000000
0.000000 0.000000 -1.000000
0.000000 0.000000 -1.000000
0.000000 0.000000 -1.000000
-0.506079 0.854706 0.115594
0.011295 0.999900 0.008504
0.011277 0.999900 0.008493
-0.506079 0.854706 0.115594
-0.506537 0.854404 0.115816
0.011295 0.999900 0.008504
0.000000 0.000000 1.000000
0.000000 0.000000 1.000000
0.000000 0.000000 1.000000
0.000000 0.000000 1.000000
0.000000 0.000000 1.000000
0.000000 0.000000 1.000000
0.507518 -0.854061 0.114040
-0.012972 -0.999867 0.009914
-0.012941 -0.999867 0.009900
0.507518 -0.854061 0.114040
0.508124 -0.853665 0.114310
-0.012972 -0.999867 0.009914
0.000000 0.000000 -1.000000
0.000000 0.000000 -1.000000
0.000000 0.000000 -1.000000
0.000000 0.000000 -1.000000
0.000000 0.000000 -1.000000
0.000000 0.000000 -1.000000
0.000000 0.000000 -1.000000
0.000000 0.000000 -1.000000
0.000000 0.000000 -1.000000
0.000000 0.000000 -1.000000
0.000000 0.000000 -1.000000
0.000000 0.000000 -1.000000
-0.000000 0.000000 1.000000
-0.000000 0.000000 1.000000
-0.000000 0.000000 1.000000
-0.000000 0.000000 1.000000
0.000000 0.000000 1.000000
-0.000000 0.000000 1.000000
1.000000 0.000000 0.000000
1.000000 0.000000 0.000000
1.000000 0.000000 0.000000
1.000000 0.000000 0.000000
1.000000 0.000000 0.000000
1.000000 0.000000 0.000000
-1.000000 0.000000 0.000000
-1.000000 0.000000 0.000000
-1.000000 0.000000 0.000000
-1.000000 0.000000 0.000000
-1.000000 0.000000 0.000000
-1.000000 0.000000 0.000000
0.000000 0.000000 -1.000000
0.000000 0.000000 -1.000000
0.000000 0.000000 -1.000000
0.000000 0.000000 -1.000000
0.000000 0.000000 -1.000000
0.000000 0.000000 -1.000000
0.000000 0.000000 1.000000
0.000000 0.000000 1.000000
0.000000 0.000000 1.000000
0.000000 0.000000 1.000000
0.000000 0.000000 1.000000
0.000000 0.000000 1.000000
0.000000 -0.998567 0.053513
0.000000 -0.998567 0.053513
-0.281351 -0.948520 0.145436
-0.281351 -0.948520 0.145436
0.285896 -0.943514 0.167466
0.000000 -0.998567 0.053513
0.000000 0.998567 0.053513
0.000000 0.998567 0.053513
0.000000 0.998567 0.053513
0.000000 0.998567 0.053513
0.000000 0.998567 0.053513
0.000000 0.998567 0.053513
0.989743 -0.000000 0.142858
0.494871 0.857143 0.142858
0.989743 -0.000000 0.142858
0.989743 -0.000000 0.142858
0.494871 0.857143 0.142858
0.494871 0.857143 0.142858
0.494871 0.857143 0.142858
-0.494871 0.857143 0.142858
0.494871 0.857143 0.142858
0.494871 0.857143 0.142858
-0.494871 0.857143 0.142858
-0.494871 0.857143 0.142858
-0.494871 0.857143 0.142858
-0.989743 0.000000 0.142858
-0.494871 0.857143 0.142858
-0.494871 0.857143 0.142858
-0.989743 0.000000 0.142858
-0.989743 0.000000 0.142858
-0.989743 0.000000 0.142858
-0.494871 -0.857143 0.142858
-0.989743 0.000000 0.142858
-0.989743 0.000000 0.142858
-0.494871 -0.857143 0.142858
-0.494871 -0.857143 0.142858
-0.494871 -0.857143 0.142858
0.494871 -0.857143 0.142858
-0.494871 -0.857143 0.142858
-0.494871 -0.857143 0.142858
0.494871 -0.857143 0.142858
0.494871 -0.857143 0.142858
0.494871 -0.857143 0.142858
0.989743 -0.000000 0.142858
0.494871 -0.857143 0.142858
0.494871 -0.857143 0.142858
0.989743 -0.000000 0.142858
0.989743 -0.000000 0.142858
0.000000 0.000000 1.000000
0.000000 0.000000 1.000000
0.000000 0.000000 1.000000
0.000000 0.000000 1.000000
0.000000 0.000000 1.000000
0.000000 0.000000 1.000000
0.000000 0.000000 1.000000
0.000000 0.000000 1.000000
0.000000 0.000000 1.000000
0.000000 0.000000 1.000000
0.000000 0.000000 1.000000
0.000000 0.000000 1.000000
0.000000 0.000000 1.000000
0.000000 0.000000 1.000000
0.000000 0.000000 1.000000
0.000000 0.000000 1.000000
0.000000 0.000000 1.000000
0.000000 0.000000 1.000000
0.980230 -0.051220 0.191116
0.524119 0.791519 0.314320
0.989743 -0.000001 0.142857
0.980230 -0.051220 0.191116
0.501529 0.804740 0.317588
0.524119 0.791519 0.314320
0.501529 0.804740 0.317588
-0.536343 0.820867 0.196250
0.524119 0.791519 0.314320
0.501529 0.804740 0.317588
-0.571315 0.808306 0.142270
-0.536343 0.820867 0.196250
-0.571315 0.808306 0.142270
-0.989743 -0.000001 0.142857
-0.536343 0.820867 0.196250
-0.571315 0.808306 0.142270
-0.980232 0.051213 0.191111
-0.989743 -0.000001 0.142857
-0.980232 0.051213 0.191111
-0.524106 -0.791546 0.314273
-0.989743 -0.000001 0.142857
-0.980232 0.051213 0.191111
-0.501554 -0.804739 0.317551
-0.524106 -0.791546 0.314273
-0.501554 -0.804739 0.317551
0.536328 -0.820881 0.196232
-0.524106 -0.791546 0.314273
-0.501554 -0.804739 0.317551
0.571287 -0.808326 0.142270
0.536328 -0.820881 0.196232
0.571287 -0.808326 0.142270
0.989743 -0.000001 0.142857
0.536328 -0.820881 0.196232
0.571287 -0.808326 0.142270
0.980230 -0.051220 0.191116
0.989743 -0.000001 0.142857
0.000000 0.000000 1.000000
0.000000 0.000000 1.000000
0.000000 0.000000 1.000000
0.000000 0.000000 1.000000
0.000000 0.000000 1.000000
0.000000 0.000000 1.000000
0.000000 0.000000 1.000000
0.000000 0.000000 1.000000
0.000000 0.000000 1.000000
0.000000 0.000000 1.000000
0.000000 0.000000 1.000000
0.000000 0.000000 1.000000
0.000000 0.000000 1.000000
0.000000 0.000000 1.000000
0.000000 0.000000 1.000000
0.000000 0.000000 1.000000
0.000000 0.000000 1.000000
0.000000 0.000000 1.000000
0.989743 0.000000 0.142857
0.494871 0.857143 0.142858
0.989743 0.000000 0.142857
0.989743 0.000000 0.142857
0.494871 0.857143 0.142858
0.494871 0.857143 0.142858
0.494871 0.857143 0.142858
-0.494871 0.857143 0.142858
0.494871 0.857143 0.142858
0.494871 0.857143 0.142858
-0.494871 0.857143 0.142858
-0.494871 0.857143 0.142858
-0.494871 0.857143 0.142858
-0.989743 -0.000000 0.142857
-0.494871 0.857143 0.142858
-0.494871 0.857143 0.142858
-0.989743 -0.000000 0.142857
-0.989743 -0.000000 0.142857
-0.989743 -0.000000 0.142857
-0.494871 -0.857143 0.142858
-0.989743 -0.000000 0.142857
-0.989743 -0.000000 0.142857
-0.494871 -0.857143 0.142858
-0.494871 -0.857143 0.142858
-0.494871 -0.857143 0.142858
0.494871 -0.857143 0.142858
-0.494871 -0.857143 0.142858
-0.494871 -0.857143 0.142858
0.494871 -0.857143 0.142858
0.494871 -0.857143 0.142858
0.494871 -0.857143 0.142858
0.989743 0.000000 0.142857
0.494871 -0.857143 0.142858
0.494871 -0.857143 0.142858
0.989743 0.000000 0.142857
0.989743 0.000000 0.142857
0.000000 0.000000 1.000000
0.000000 0.000000 1.000000
0.000000 0.000000 1.000000
0.000000 0.000000 1.000000
0.000000 0.000000 1.000000
0.000000 0.000000 1.000000
0.000000 0.000000 1.000000
0.000000 0.000000 1.000000
0.000000 0.000000 1.000000
0.000000 0.000000 1.000000
0.000000 0.000000 1.000000
0.000000 0.000000 1.000000
0.000000 0.000000 1.000000
0.000000 0.000000 1.000000
0.000000 0.000000 1.000000
0.000000 0.000000 1.000000
0.000000 0.000000 1.000000
0.000000 0.000000 1.000000
0.985673 0.090598 0.142269
0.494870 0.857144 0.142857
0.979066 0.054038 0.196238
0.985673 0.090598 0.142269
0.534476 0.823291 0.191122
0.494870 0.857144 0.142857
0.534476 0.823291 0.191122
-0.423423 0.849657 0.314319
0.494870 0.857144 0.142857
0.534476 0.823291 0.191122
-0.446135 0.836717 0.317597
-0.423423 0.849657 0.314319
-0.446135 0.836717 0.317597
-0.979064 -0.054048 0.196245
-0.423423 0.849657 0.314319
-0.446135 0.836717 0.317597
-0.985672 -0.090610 0.142269
-0.979064 -0.054048 0.196245
-0.985672 -0.090610 0.142269
-0.494871 -0.857143 0.142858
-0.979064 -0.054048 0.196245
-0.985672 -0.090610 0.142269
-0.534462 -0.823303 0.191106
-0.494871 -0.857143 0.142858
-0.534462 -0.823303 0.191106
0.423436 -0.849666 0.314277
-0.494871 -0.857143 0.142858
-0.534462 -0.823303 0.191106
0.446172 -0.836718 0.317543
0.423436 -0.849666 0.314277
0.446172 -0.836718 0.317543
0.979066 0.054038 0.196238
0.423436 -0.849666 0.314277
0.446172 -0.836718 0.317543
0.985673 0.090598 0.142269
0.979066 0.054038 0.196238
0.000000 0.000000 1.000000
0.000000 0.000000 1.000000
0.000000 0.000000 1.000000
0.000000 0.000000 1.000000
0.000000 0.000000 1.000000
0.000000 0.000000 1.000000
0.000000 0.000000 1.000000
0.000000 0.000000 1.000000
0.000000 0.000000 1.000000
0.000000 0.000000 1.000000
0.000000 0.000000 1.000000
0.000000 0.000000 1.000000
0.000000 0.000000 1.000000
0.000000 0.000000 1.000000
0.000000 0.000000 1.000000
0.000000 0.000000 1.000000
0.000000 0.000000 1.000000
0.000000 0.000000 1.000000
0.989743 -0.000000 0.142857
0.494873 0.857142 0.142857
0.989743 -0.000000 0.142857
0.989743 -0.000000 0.142857
0.494872 0.857143 0.142857
0.494873 0.857142 0.142857
0.494872 0.857143 0.142857
-0.494873 0.857142 0.142857
0.494873 0.857142 0.142857
0.494872 0.857143 0.142857
-0.494872 0.857143 0.142857
-0.494873 0.857142 0.142857
-0.494872 0.857143 0.142857
-0.989743 0.000000 0.142857
-0.494873 0.857142 0.142857
-0.494872 0.857143 0.142857
-0.989743 0.000000 0.142857
-0.989743 0.000000 0.142857
-0.989743 0.000000 0.142857
-0.494873 -0.857142 0.142857
-0.989743 0.000000 0.142857
-0.989743 0.000000 0.142857
-0.494872 -0.857143 0.142857
-0.494873 -0.857142 0.142857
-0.494872 -0.857143 0.142857
0.494873 -0.857142 0.142857
-0.494873 -0.857142 0.142857
-0.494872 -0.857143 0.142857
0.494872 -0.857143 0.142857
0.494873 -0.857142 0.142857
0.494872 -0.857143 0.142857
0.989743 -0.000000 0.142857
0.494873 -0.857142 0.142857
0.494872 -0.857143 0.142857
0.989743 -0.000000 0.142857
0.989743 -0.000000 0.142857
0.000000 0.000000 1.000000
0.000000 0.000000 1.000000
0.000000 0.000000 1.000000
0.000000 0.000000 1.000000
0.000000 0.000000 1.000000
0.000000 0.000000 1.000000
0.000000 0.000000 1.000000
0.000000 0.000000 1.000000
0.000000 0.000000 1.000000
0.000000 0.000000 1.000000
0.000000 0.000000 1.000000
0.000000 0.000000 1.000000
0.000000 0.000000 1.000000
0.000000 0.000000 1.000000
0.000000 0.000000 1.000000
0.000000 0.000000 1.000000
0.000000 0.000000 1.000000
0.000000 0.000000 1.000000
0.947696 -0.031978 0.317569
0.442731 0.874916 0.196241
0.947543 -0.058130 0.314297
0.947696 -0.031978 0.317569
0.393404 0.907102 0.149660
0.442731 0.874916 0.196241
0.393404 0.907102 0.149660
-0.465768 0.862503 0.197859
0.442731 0.874916 0.196241
0.393404 0.907102 0.149660
-0.460413 0.856267 0.234151
-0.465768 0.862503 0.197859
-0.460413 0.856267 0.234151
-0.942387 0.036343 0.332544
-0.465768 0.862503 0.197859
-0.460413 0.856267 0.234151
-0.941828 0.025433 0.335133
-0.942387 0.036343 0.332544
-0.941828 0.025433 0.335133
-0.440628 -0.866448 0.234767
-0.942387 0.036343 0.332544
-0.941828 0.025433 0.335133
-0.281351 -0.948520 0.145436
-0.440628 -0.866448 0.234767
-0.281351 -0.948520 0.145436
0.500982 -0.852127 0.151318
-0.440628 -0.866448 0.234767
-0.281351 -0.948520 0.145436
0.429970 -0.883208 0.187271
0.500982 -0.852127 0.151318
0.429970 -0.883208 0.187271
0.947543 -0.058130 0.314297
0.500982 -0.852127 0.151318
0.429970 -0.883208 0.187271
0.947696 -0.031978 0.317569
0.947543 -0.058130 0.314297
0.000000 0.000000 1.000000
0.000000 0.000000 1.000000
0.000000 0.000000 1.000000
0.000000 0.000000 1.000000
0.000000 0.000000 1.000000
0.000000 0.000000 1.000000
0.000000 0.000000 1.000000
0.000000 0.000000 1.000000
0.000000 0.000000 1.000000
0.000000 0.000000 1.000000
0.000000 0.000000 1.000000
0.000000 0.000000 1.000000
0.000000 0.000000 1.000000
0.000000 0.000000 1.000000
0.000000 0.000000 1.000000
0.000000 0.000000 1.000000
0.000000 0.000000 1.000000
0.000000 0.000000 1.000000
0.989743 -0.000000 0.142856
0.494873 0.857142 0.142857
0.989743 -0.000000 0.142856
0.989743 -0.000000 0.142856
0.494872 0.857143 0.142856
0.494873 0.857142 0.142857
0.494872 0.857143 0.142856
-0.494873 0.857142 0.142856
0.494873 0.857142 0.142857
0.494872 0.857143 0.142856
-0.494873 0.857142 0.142857
-0.494873 0.857142 0.142856
-0.494873 0.857142 0.142857
-0.989743 0.000000 0.142856
-0.494873 0.857142 0.142856
-0.494873 0.857142 0.142857
-0.989743 0.000000 0.142856
-0.989743 0.000000 0.142856
-0.989743 0.000000 0.142856
-0.494873 -0.857142 0.142857
-0.989743 0.000000 0.142856
-0.989743 0.000000 0.142856
-0.494872 -0.857143 0.142856
-0.494873 -0.857142 0.142857
-0.494872 -0.857143 0.142856
0.494873 -0.857142 0.142856
-0.494873 -0.857142 0.142857
-0.494872 -0.857143 0.142856
0.494873 -0.857142 0.142857
0.494873 -0.857142 0.142856
0.494873 -0.857142 0.142857
0.989743 -0.000000 0.142856
0.494873 -0.857142 0.142856
0.494873 -0.857142 0.142857
0.989743 -0.000000 0.142856
0.989743 -0.000000 0.142856
0.000000 0.000000 1.000000
0.000000 0.000000 1.000000
0.000000 0.000000 1.000000
0.000000 0.000000 1.000000
0.000000 0.000000 1.000000
0.000000 0.000000 1.000000
0.000000 0.000000 1.000000
0.000000 0.000000 1.000000
0.000000 0.000000 1.000000
0.000000 0.000000 1.000000
0.000000 0.000000 1.000000
0.000000 0.000000 1.000000
0.000000 0.000000 1.000000
0.000000 0.000000 1.000000
0.000000 0.000000 1.000000
0.000000 0.000000 1.000000
0.000000 0.000000 1.000000
0.000000 0.000000 1.000000
0.980232 -0.051213 0.191110
0.524107 0.791546 0.314273
0.989743 0.000000 0.142857
0.980232 -0.051213 0.191110
0.501554 0.804740 0.317550
0.524107 0.791546 0.314273
0.501554 0.804740 0.317550
-0.536328 0.820881 0.196231
0.524107 0.791546 0.314273
0.501554 0.804740 0.317550
-0.571288 0.808325 0.142269
-0.536328 0.820881 0.196231
-0.571288 0.808325 0.142269
-0.989743 0.000000 0.142857
-0.536328 0.820881 0.196231
-0.571288 0.808325 0.142269
-0.980230 0.051219 0.191116
-0.989743 0.000000 0.142857
-0.980230 0.051219 0.191116
-0.524120 -0.791519 0.314320
-0.989743 0.000000 0.142857
-0.980230 0.051219 0.191116
-0.501530 -0.804740 0.317588
-0.524120 -0.791519 0.314320
-0.501530 -0.804740 0.317588
0.536342 -0.820867 0.196250
-0.524120 -0.791519 0.314320
-0.501530 -0.804740 0.317588
0.571315 -0.808306 0.142269
0.536342 -0.820867 0.196250
0.571315 -0.808306 0.142269
0.989743 0.000000 0.142857
0.536342 -0.820867 0.196250
0.571315 -0.808306 0.142269
0.980232 -0.051213 0.191110
0.989743 0.000000 0.142857
0.000000 0.000000 1.000000
0.000000 0.000000 1.000000
0.000000 0.000000 1.000000
0.000000 0.000000 1.000000
0.000000 0.000000 1.000000
0.000000 0.000000 1.000000
0.000000 0.000000 1.000000
0.000000 0.000000 1.000000
0.000000 0.000000 1.000000
0.000000 0.000000 1.000000
0.000000 0.000000 1.000000
0.000000 0.000000 1.000000
0.000000 0.000000 1.000000
0.000000 0.000000 1.000000
0.000000 0.000000 1.000000
0.000000 0.000000 1.000000
0.000000 0.000000 1.000000
0.000000 0.000000 1.000000
0.989743 0.000000 0.142857
0.494871 0.857143 0.142858
0.989743 0.000000 0.142857
0.989743 0.000000 0.142857
0.494871 0.857143 0.142858
0.494871 0.857143 0.142858
0.494871 0.857143 0.142858
-0.494871 0.857143 0.142858
0.494871 0.857143 0.142858
0.494871 0.857143 0.142858
-0.494871 0.857143 0.142858
-0.494871 0.857143 0.142858
-0.494871 0.857143 0.142858
-0.989743 -0.000000 0.142857
-0.494871 0.857143 0.142858
-0.494871 0.857143 0.142858
-0.989743 -0.000000 0.142857
-0.989743 -0.000000 0.142857
-0.989743 -0.000000 0.142857
-0.494871 -0.857143 0.142858
-0.989743 -0.000000 0.142857
-0.989743 -0.000000 0.142857
-0.494871 -0.857143 0.142858
-0.494871 -0.857143 0.142858
-0.494871 -0.857143 0.142858
0.494871 -0.857143 0.142858
-0.494871 -0.857143 0.142858
-0.494871 -0.857143 0.142858
0.494871 -0.857143 0.142858
0.494871 -0.857143 0.142858
0.494871 -0.857143 0.142858
0.989743 0.000000 0.142857
0.494871 -0.857143 0.142858
0.494871 -0.857143 0.142858
0.989743 0.000000 0.142857
0.989743 0.000000 0.142857
0.000000 0.000000 1.000000
0.000000 0.000000 1.000000
0.000000 0.000000 1.000000
0.000000 0.000000 1.000000
0.000000 0.000000 1.000000
0.000000 0.000000 1.000000
0.000000 0.000000 1.000000
0.000000 0.000000 1.000000
0.000000 0.000000 1.000000
0.000000 0.000000 1.000000
0.000000 0.000000 1.000000
0.000000 0.000000 1.000000
0.000000 0.000000 1.000000
0.000000 0.000000 1.000000
0.000000 0.000000 1.000000
0.000000 0.000000 1.000000
0.000000 0.000000 1.000000
0.000000 0.000000 1.000000
0.985673 0.090603 0.142270
0.494872 0.857143 0.142857
0.979065 0.054043 0.196241
0.985673 0.090603 0.142270
0.534470 0.823297 0.191113
0.494872 0.857143 0.142857
0.534470 0.823297 0.191113
-0.423430 0.849662 0.314297
0.494872 0.857143 0.142857
0.534470 0.823297 0.191113
-0.446154 0.836718 0.317569
-0.423430 0.849662 0.314297
-0.446154 0.836718 0.317569
-0.979065 -0.054043 0.196241
-0.423430 0.849662 0.314297
-0.446154 0.836718 0.317569
-0.985673 -0.090604 0.142269
-0.979065 -0.054043 0.196241
-0.985673 -0.090604 0.142269
-0.494871 -0.857143 0.142857
-0.979065 -0.054043 0.196241
-0.985673 -0.090604 0.142269
-0.534470 -0.823297 0.191113
-0.494871 -0.857143 0.142857
-0.534470 -0.823297 0.191113
0.423431 -0.849661 0.314297
-0.494871 -0.857143 0.142857
-0.534470 -0.823297 0.191113
0.446154 -0.836718 0.317569
0.423431 -0.849661 0.314297
0.446154 -0.836718 0.317569
0.979065 0.054043 0.196241
0.423431 -0.849661 0.314297
0.446154 -0.836718 0.317569
0.985673 0.090603 0.142270
0.979065 0.054043 0.196241
0.000000 0.000000 1.000000
0.000000 0.000000 1.000000
0.000000 0.000000 1.000000
0.000000 0.000000 1.000000
0.000000 0.000000 1.000000
0.000000 0.000000 1.000000
0.000000 0.000000 1.000000
0.000000 0.000000 1.000000
0.000000 0.000000 1.000000
0.000000 0.000000 1.000000
0.000000 0.000000 1.000000
0.000000 0.000000 1.000000
0.000000 0.000000 1.000000
0.000000 0.000000 1.000000
0.000000 0.000000 1.000000
0.000000 0.000000 1.000000
0.000000 0.000000 1.000000
0.000000 0.000000 1.000000
0.989743 -0.000000 0.142858
0.494871 0.857143 0.142857
0.989743 -0.000000 0.142858
0.989743 -0.000000 0.142858
0.494872 0.857143 0.142857
0.494871 0.857143 0.142857
0.494872 0.857143 0.142857
-0.494872 0.857143 0.142857
0.494871 0.857143 0.142857
0.494872 0.857143 0.142857
-0.494872 0.857143 0.142857
-0.494872 0.857143 0.142857
-0.494872 0.857143 0.142857
-0.989743 0.000000 0.142858
-0.494872 0.857143 0.142857
-0.494872 0.857143 0.142857
-0.989743 0.000000 0.142858
-0.989743 0.000000 0.142858
-0.989743 0.000000 0.142858
-0.494871 -0.857143 0.142857
-0.989743 0.000000 0.142858
-0.989743 0.000000 0.142858
-0.494872 -0.857143 0.142857
-0.494871 -0.857143 0.142857
-0.494872 -0.857143 0.142857
0.494872 -0.857143 0.142857
-0.494871 -0.857143 0.142857
-0.494872 -0.857143 0.142857
0.494872 -0.857143 0.142857
0.494872 -0.857143 0.142857
0.494872 -0.857143 0.142857
0.989743 -0.000000 0.142858
0.494872 -0.857143 0.142857
0.494872 -0.857143 0.142857
0.989743 -0.000000 0.142858
0.989743 -0.000000 0.142858
0.000000 0.000000 1.000000
0.000000 0.000000 1.000000
0.000000 0.000000 1.000000
0.000000 0.000000 1.000000
0.000000 0.000000 1.000000
0.000000 0.000000 1.000000
0.000000 0.000000 1.000000
0.000000 0.000000 1.000000
0.000000 0.000000 1.000000
0.000000 0.000000 1.000000
0.000000 0.000000 1.000000
0.000000 0.000000 1.000000
0.000000 0.000000 1.000000
0.000000 0.000000 1.000000
0.000000 0.000000 1.000000
0.000000 0.000000 1.000000
0.000000 0.000000 1.000000
0.000000 0.000000 1.000000
0.941828 -0.025432 0.335133
0.440627 0.866448 0.234767
0.942387 -0.036342 0.332544
0.941828 -0.025432 0.335133
0.452402 0.869394 0.198712
0.440627 0.866448 0.234767
0.452402 0.869394 0.198712
-0.500981 0.852127 0.151318
0.440627 0.866448 0.234767
0.452402 0.869394 0.198712
-0.429969 0.883208 0.187271
-0.500981 0.852127 0.151318
-0.429969 0.883208 0.187271
-0.947543 0.058130 0.314297
-0.500981 0.852127 0.151318
-0.429969 0.883208 0.187271
-0.947696 0.031979 0.317569
-0.947543 0.058130 0.314297
-0.947696 0.031979 0.317569
-0.442730 -0.874917 0.196241
-0.947543 0.058130 0.314297
-0.947696 0.031979 0.317569
-0.393404 -0.907103 0.149660
-0.442730 -0.874917 0.196241
-0.393404 -0.907103 0.149660
0.465766 -0.862504 0.197859
-0.442730 -0.874917 0.196241
-0.393404 -0.907103 0.149660
0.285896 -0.943514 0.167466
0.465766 -0.862504 0.197859
0.285896 -0.943514 0.167466
0.942387 -0.036342 0.332544
0.465766 -0.862504 0.197859
0.285896 -0.943514 0.167466
0.941828 -0.025432 0.335133
0.942387 -0.036342 0.332544
0.000000 0.000000 1.000000
0.000000 0.000000 1.000000
0.000000 0.000000 1.000000
0.000000 0.000000 1.000000
0.000000 0.000000 1.000000
0.000000 0.000000 1.000000
0.000000 0.000000 1.000000
0.000000 0.000000 1.000000
0.000000 0.000000 1.000000
0.000000 0.000000 1.000000
0.000000 0.000000 1.000000
0.000000 0.000000 1.000000
0.000000 0.000000 1.000000
0.000000 0.000000 1.000000
0.000000 0.000000 1.000000
0.000000 0.000000 1.000000
0.000000 0.000000 1.000000
0.000000 0.000000 1.000000
0.865274 0.499567 0.041630
0.865274 0.499567 0.041630
0.865274 0.499567 0.041630
0.865275 0.499566 0.041630
0.865275 0.499566 0.041630
0.865275 0.499566 0.041630
0.000000 0.999133 0.041630
0.000000 0.999133 0.041630
0.000000 0.999133 0.041630
0.000000 0.999133 0.041630
0.000000 0.999133 0.041630
0.000000 0.999133 0.041630
-0.865274 0.499567 0.041630
-0.865274 0.499567 0.041630
-0.865274 0.499567 0.041630
-0.865275 0.499566 0.041630
-0.865275 0.499566 0.041630
-0.865275 0.499566 0.041630
-0.865274 -0.499567 0.041630
-0.865274 -0.499567 0.041630
-0.865274 -0.499567 0.041630
-0.865275 -0.499566 0.041630
-0.865275 -0.499566 0.041630
-0.865275 -0.499566 0.041630
0.000000 -0.999133 0.041630
0.000000 -0.999133 0.041630
0.000000 -0.999133 0.041630
0.000000 -0.999133 0.041630
0.000000 -0.999133 0.041630
0.000000 -0.999133 0.041630
0.865274 -0.499567 0.041630
0.865274 -0.499567 0.041630
0.865274 -0.499567 0.041630
0.865275 -0.499566 0.041630
0.865275 -0.499566 0.041630
0.865275 -0.499566 0.041630
0.865275 0.499565 0.041631
0.865275 0.499565 0.041631
0.865275 0.499565 0.041631
0.865275 0.499566 0.041630
0.865275 0.499566 0.041630
0.865275 0.499566 0.041630
-0.000003 0.999133 0.041630
-0.000003 0.999133 0.041630
-0.000003 0.999133 0.041630
-0.000002 0.999133 0.041631
-0.000002 0.999133 0.041631
-0.000002 0.999133 0.041631
-0.865274 0.499568 0.041631
-0.865274 0.499568 0.041631
-0.865274 0.499568 0.041631
-0.865274 0.499568 0.041631
-0.865274 0.499568 0.041631
-0.865274 0.499568 0.041631
-0.865274 -0.499568 0.041630
-0.865274 -0.499568 0.041630
-0.865273 -0.499568 0.041630
-0.865274 -0.499568 0.041631
-0.865274 -0.499568 0.041631
-0.865274 -0.499568 0.041631
0.000000 -0.999133 0.041630
0.000000 -0.999133 0.041630
0.000000 -0.999133 0.041630
0.000000 -0.999133 0.041630
0.000000 -0.999133 0.041630
0.000000 -0.999133 0.041630
0.865275 -0.499567 0.041630
0.865275 -0.499567 0.041630
0.865274 -0.499567 0.041630
0.865274 -0.499567 0.041631
0.865274 -0.499567 0.041631
0.865274 -0.499567 0.041631
0.865274 0.499567 0.041630
0.865274 0.499568 0.041630
0.865274 0.499567 0.041630
0.865274 0.499567 0.041631
0.865274 0.499567 0.041631
0.865274 0.499567 0.041631
0.000000 0.999133 0.041630
0.000000 0.999133 0.041630
0.000000 0.999133 0.041630
0.000000 0.999133 0.041630
0.000000 0.999133 0.041630
0.000000 0.999133 0.041630
-0.865274 0.499568 0.041631
-0.865274 0.499568 0.041631
-0.865274 0.499568 0.041631
-0.865274 0.499567 0.041630
-0.865274 0.499567 0.041630
-0.865274 0.499567 0.041630
-0.865274 -0.499567 0.041630
-0.865274 -0.499568 0.041630
-0.865274 -0.499567 0.041630
-0.865274 -0.499567 0.041631
-0.865274 -0.499567 0.041631
-0.865274 -0.499567 0.041631
0.000000 -0.999133 0.041630
0.000000 -0.999133 0.041630
0.000000 -0.999133 0.041630
0.000000 -0.999133 0.041630
0.000000 -0.999133 0.041630
0.000000 -0.999133 0.041630
0.865274 -0.499568 0.041631
0.865274 -0.499568 0.041631
0.865274 -0.499568 0.041631
0.865274 -0.499567 0.041630
0.865274 -0.499567 0.041630
0.865274 -0.499567 0.041630
0.865274 0.499567 0.041631
0.865274 0.499567 0.041631
0.865274 0.499567 0.041631
0.865274 0.499567 0.041631
0.865274 0.499567 0.041631
0.865274 0.499567 0.041631
-0.000003 0.999133 0.041630
-0.000003 0.999133 0.041630
-0.000003 0.999133 0.041630
-0.000002 0.999133 0.041631
-0.000002 0.999133 0.041631
-0.000002 0.999133 0.041631
-0.865274 0.499568 0.041631
-0.865274 0.499568 0.041631
-0.865273 0.499568 0.041631
-0.865274 0.499568 0.041630
-0.865274 0.499568 0.041630
-0.865274 0.499568 0.041630
-0.865274 -0.499568 0.041630
-0.865274 -0.499568 0.041630
-0.865273 -0.499568 0.041630
-0.865274 -0.499568 0.041631
-0.865274 -0.499568 0.041631
-0.865274 -0.499568 0.041631
0.000000 -0.999133 0.041630
0.000000 -0.999133 0.041630
0.000000 -0.999133 0.041630
0.000000 -0.999133 0.041630
0.000000 -0.999133 0.041630
0.000000 -0.999133 0.041630
0.865274 -0.499568 0.041631
0.865274 -0.499568 0.041631
0.865273 -0.499568 0.041631
0.865274 -0.499568 0.041630
0.865274 -0.499568 0.041630
0.865274 -0.499568 0.041630
0.865276 0.499565 0.041631
0.865276 0.499565 0.041631
0.865276 0.499565 0.041631
0.865276 0.499565 0.041630
0.865276 0.499565 0.041630
0.865276 0.499565 0.041630
0.000000 0.999133 0.041630
0.000000 0.999133 0.041630
0.000000 0.999133 0.041630
0.000000 0.999133 0.041630
0.000000 0.999133 0.041630
0.000000 0.999133 0.041630
-0.865276 0.499565 0.041630
-0.865276 0.499565 0.041630
-0.865276 0.499565 0.041630
-0.865276 0.499565 0.041631
-0.865276 0.499565 0.041631
-0.865276 0.499565 0.041631
-0.865276 -0.499565 0.041631
-0.865276 -0.499565 0.041631
-0.865276 -0.499565 0.041631
-0.865276 -0.499565 0.041630
-0.865276 -0.499565 0.041630
-0.865276 -0.499565 0.041630
0.000000 -0.999133 0.041630
0.000000 -0.999133 0.041630
0.000000 -0.999133 0.041630
0.000000 -0.999133 0.041630
0.000000 -0.999133 0.041630
0.000000 -0.999133 0.041630
0.865276 -0.499565 0.041630
0.865276 -0.499565 0.041630
0.865276 -0.499565 0.041630
0.865276 -0.499565 0.041631
0.865276 -0.499565 0.041631
0.865276 -0.499565 0.041631
0.865276 0.499565 0.041631
0.865276 0.499565 0.041631
0.865276 0.499564 0.041631
0.865276 0.499565 0.041630
0.865275 0.499565 0.041630
0.865275 0.499565 0.041630
0.000000 0.999133 0.041631
0.000000 0.999133 0.041631
0.000000 0.999133 0.041631
0.000000 0.999133 0.041631
0.000000 0.999133 0.041631
0.000000 0.999133 0.041631
-0.865276 0.499565 0.041630
-0.865276 0.499565 0.041630
-0.865276 0.499564 0.041630
-0.865276 0.499565 0.041631
-0.865276 0.499565 0.041631
-0.865276 0.499565 0.041631
-0.865276 -0.499565 0.041631
-0.865276 -0.499565 0.041631
-0.865276 -0.499564 0.041631
-0.865276 -0.499565 0.041630
-0.865275 -0.499565 0.041630
-0.865275 -0.499565 0.041630
0.000000 -0.999133 0.041631
0.000000 -0.999133 0.041631
0.000000 -0.999133 0.041631
0.000000 -0.999133 0.041631
0.000000 -0.999133 0.041631
0.000000 -0.999133 0.041631
0.865276 -0.499565 0.041630
0.865276 -0.499565 0.041630
0.865276 -0.499564 0.041630
0.865276 -0.499565 0.041631
0.865276 -0.499565 0.041631
0.865276 -0.499565 0.041631
0.865276 0.499564 0.041631
0.865276 0.499564 0.041631
0.865276 0.499564 0.041631
0.865276 0.499564 0.041630
0.865276 0.499564 0.041630
0.865276 0.499564 0.041630
0.000000 0.999133 0.041631
0.000000 0.999133 0.041631
0.000000 0.999133 0.041631
0.000000 0.999133 0.041631
0.000000 0.999133 0.041631
0.000000 0.999133 0.041631
-0.865276 0.499564 0.041631
-0.865276 0.499564 0.041631
-0.865276 0.499564 0.041631
-0.865276 0.499564 0.041631
-0.865276 0.499564 0.041631
-0.865276 0.499564 0.041631
-0.865276 -0.499564 0.041631
-0.865276 -0.499564 0.041631
-0.865276 -0.499564 0.041631
-0.865276 -0.499564 0.041630
-0.865276 -0.499564 0.041630
-0.865276 -0.499564 0.041630
0.000000 -0.999133 0.041631
0.000000 -0.999133 0.041631
0.000000 -0.999133 0.041631
0.000000 -0.999133 0.041631
0.000000 -0.999133 0.041631
0.000000 -0.999133 0.041631
0.865276 -0.499564 0.041631
0.865276 -0.499564 0.041631
0.865276 -0.499564 0.041631
0.865276 -0.499564 0.041631
0.865276 -0.499564 0.041631
0.865276 -0.499564 0.041631
0.865274 0.499567 0.041631
0.865274 0.499567 0.041631
0.865274 0.499567 0.041631
0.865274 0.499567 0.041631
0.865274 0.499567 0.041631
0.865274 0.499567 0.041631
0.000000 0.999133 0.041631
0.000000 0.999133 0.041631
0.000000 0.999133 0.041631
0.000000 0.999133 0.041631
0.000000 0.999133 0.041631
0.000000 0.999133 0.041631
-0.865274 0.499567 0.041631
-0.865274 0.499567 0.041631
-0.865274 0.499567 0.041631
-0.865274 0.499567 0.041631
-0.865274 0.499567 0.041631
-0.865274 0.499567 0.041631
-0.865274 -0.499567 0.041631
-0.865274 -0.499567 0.041631
-0.865274 -0.499567 0.041631
-0.865274 -0.499567 0.041631
-0.865274 -0.499567 0.041631
-0.865274 -0.499567 0.041631
0.000000 -0.999133 0.041631
0.000000 -0.999133 0.041631
0.000000 -0.999133 0.041631
0.000000 -0.999133 0.041631
0.000000 -0.999133 0.041631
0.000000 -0.999133 0.041631
0.865274 -0.499567 0.041631
0.865274 -0.499567 0.041631
0.865274 -0.499567 0.041631
0.865274 -0.499567 0.041631
0.865274 -0.499567 0.041631
0.865274 -0.499567 0.041631
0.865274 0.499567 0.041630
0.865274 0.499568 0.041630
0.865274 0.499567 0.041630
0.865274 0.499567 0.041631
0.865274 0.499567 0.041631
0.865274 0.499567 0.041631
0.000000 0.999133 0.041630
0.000000 0.999133 0.041630
0.000000 0.999133 0.041630
0.000000 0.999133 0.041630
0.000000 0.999133 0.041630
0.000000 0.999133 0.041630
-0.865274 0.499568 0.041631
-0.865274 0.499568 0.041631
-0.865274 0.499568 0.041631
-0.865274 0.499567 0.041630
-0.865274 0.499567 0.041630
-0.865274 0.499567 0.041630
-0.865274 -0.499567 0.041630
-0.865274 -0.499568 0.041630
-0.865274 -0.499567 0.041630
-0.865274 -0.499567 0.041631
-0.865274 -0.499567 0.041631
-0.865274 -0.499567 0.041631
0.000000 -0.999133 0.041630
0.000000 -0.999133 0.041630
0.000000 -0.999133 0.041630
0.000000 -0.999133 0.041630
0.000000 -0.999133 0.041630
0.000000 -0.999133 0.041630
0.865274 -0.499568 0.041631
0.865274 -0.499568 0.041631
0.865274 -0.499568 0.041631
0.865274 -0.499567 0.041630
0.865274 -0.499567 0.041630
0.865274 -0.499567 0.041630
0.865275 0.499565 0.041631
0.865275 0.499565 0.041631
0.865275 0.499565 0.041631
0.865275 0.499566 0.041630
0.865275 0.499566 0.041630
0.865275 0.499566 0.041630
0.000000 0.999133 0.041631
0.000000 0.999133 0.041631
0.000000 0.999133 0.041631
0.000000 0.999133 0.041631
0.000000 0.999133 0.041631
0.000000 0.999133 0.041631
-0.865275 0.499566 0.041631
-0.865275 0.499566 0.041631
-0.865275 0.499566 0.041631
-0.865274 0.499567 0.041631
-0.865274 0.499567 0.041631
-0.865274 0.499567 0.041631
-0.865274 -0.499567 0.041631
-0.865274 -0.499567 0.041631
-0.865274 -0.499567 0.041631
-0.865274 -0.499567 0.041631
-0.865274 -0.499567 0.041631
-0.865274 -0.499567 0.041631
0.000000 -0.999133 0.041631
0.000000 -0.999133 0.041631
0.000000 -0.999133 0.041631
0.000000 -0.999133 0.041631
0.000000 -0.999133 0.041631
0.000000 -0.999133 0.041631
0.865275 -0.499565 0.041630
0.865275 -0.499565 0.041630
0.865275 -0.499565 0.041630
0.865275 -0.499566 0.041631
0.865275 -0.499566 0.041631
0.865275 -0.499566 0.041631
0.865275 0.499566 0.041630
0.865275 0.499566 0.041630
0.865275 0.499566 0.041630
0.865275 0.499566 0.041630
0.865275 0.499566 0.041630
0.865275 0.499566 0.041630
0.000000 0.999133 0.041631
0.000000 0.999133 0.041631
0.000000 0.999133 0.041631
0.000000 0.999133 0.041631
0.000000 0.999133 0.041631
0.000000 0.999133 0.041631
-0.865275 0.499566 0.041630
-0.865275 0.499566 0.041630
-0.865275 0.499566 0.041630
-0.865275 0.499566 0.041630
-0.865275 0.499566 0.041630
-0.865275 0.499566 0.041630
-0.865275 -0.499566 0.041630
-0.865275 -0.499566 0.041630
-0.865275 -0.499566 0.041630
-0.865275 -0.499566 0.041630
-0.865275 -0.499566 0.041630
-0.865275 -0.499566 0.041630
0.000000 -0.999133 0.041631
0.000000 -0.999133 0.041631
0.000000 -0.999133 0.041631
0.000000 -0.999133 0.041631
0.000000 -0.999133 0.041631
0.000000 -0.999133 0.041631
0.865275 -0.499566 0.041630
0.865275 -0.499566 0.041630
0.865275 -0.499566 0.041630
0.865275 -0.499566 0.041630
0.865275 -0.499566 0.041630
0.865275 -0.499566 0.041630
0.865274 0.499567 0.041631
0.865274 0.499567 0.041631
0.865274 0.499567 0.041631
0.865275 0.499566 0.041631
0.865275 0.499566 0.041631
0.865275 0.499566 0.041631
0.000000 0.999133 0.041631
0.000000 0.999133 0.041631
0.000000 0.999133 0.041631
0.000000 0.999133 0.041631
0.000000 0.999133 0.041631
0.000000 0.999133 0.041631
-0.865274 0.499567 0.041631
-0.865274 0.499567 0.041631
-0.865274 0.499567 0.041631
-0.865275 0.499567 0.041631
-0.865275 0.499567 0.041631
-0.865275 0.499567 0.041631
-0.865274 -0.499567 0.041631
-0.865274 -0.499567 0.041631
-0.865274 -0.499567 0.041631
-0.865275 -0.499567 0.041631
-0.865275 -0.499567 0.041631
-0.865275 -0.499567 0.041631
0.000000 -0.999133 0.041631
0.000000 -0.999133 0.041631
0.000000 -0.999133 0.041631
0.000000 -0.999133 0.041631
0.000000 -0.999133 0.041631
0.000000 -0.999133 0.041631
0.865274 -0.499567 0.041631
0.865274 -0.499567 0.041631
0.865274 -0.499567 0.041631
0.865275 -0.499565 0.041630
0.865275 -0.499565 0.041630
0.865275 -0.499565 0.041630
-0.929437 -0.000889 -0.368980
0.556839 -0.826650 0.081124
-0.984749 -0.064630 -0.161530
-0.929437 -0.000889 -0.368980
0.606500 -0.755236 0.248550
0.556839 -0.826650 0.081124
0.606500 -0.755236 0.248550
0.388895 0.919195 0.061986
0.556839 -0.826650 0.081124
0.606500 -0.755236 0.248550
0.607352 0.755080 0.246935
0.388895 0.919195 0.061986
0.607352 0.755080 0.246935
-0.984749 -0.064630 -0.161530
0.388895 0.919195 0.061986
0.607352 0.755080 0.246935
-0.929437 -0.000889 -0.368980
-0.984749 -0.064630 -0.161530
-0.001223 -0.933092 -0.359636
0.388895 0.919195 0.061986
0.556839 -0.826650 0.081124
-0.001223 -0.933092 -0.359636
0.753671 0.604786 0.257321
0.388895 0.919195 0.061986
0.753671 0.604786 0.257321
-0.984749 -0.064630 -0.161530
0.388895 0.919195 0.061986
0.753671 0.604786 0.257321
-0.753859 0.603599 0.259549
-0.984749 -0.064630 -0.161530
-0.753859 0.603599 0.259549
0.556839 -0.826650 0.081124
-0.984749 -0.064630 -0.161530
-0.753859 0.603599 0.259549
-0.001223 -0.933092 -0.359636
0.556839 -0.826650 0.081124
0.930148 0.006697 -0.367125
-0.984749 -0.064630 -0.161530
0.556839 -0.826650 0.081124
0.930148 0.006697 -0.367125
-0.603594 0.756929 0.250466
-0.984749 -0.064630 -0.161530
-0.603594 0.756929 0.250466
-0.609966 -0.755718 0.238396
-0.984749 -0.064630 -0.161530
-0.609966 -0.755718 0.238396
0.556839 -0.826650 0.081124
-0.984749 -0.064630 -0.161530
-0.609966 -0.755718 0.238396
0.930148 0.006697 -0.367125
0.556839 -0.826650 0.081124
-0.000810 0.925565 -0.378588
-0.984749 -0.064630 -0.161530
0.388895 0.919195 0.061986
-0.000810 0.925565 -0.378588
-0.755313 -0.608950 0.242245
-0.984749 -0.064630 -0.161530
-0.755313 -0.608950 0.242245
0.556839 -0.826650 0.081124
-0.984749 -0.064630 -0.161530
-0.755313 -0.608950 0.242245
0.755157 -0.609730 0.240764
0.556839 -0.826650 0.081124
0.755157 -0.609730 0.240764
0.388895 0.919195 0.061986
0.556839 -0.826650 0.081124
0.755157 -0.609730 0.240764
-0.000810 0.925565 -0.378588
0.388895 0.919195 0.061986

1004
5.000000 0.522156
5.000000 0.724954
5.000000 0.724954
5.000000 0.522156
4.583333 0.522156
4.583333 0.724954
4.583333 0.724954
4.583333 0.522156
4.166667 0.522156
4.166667 0.724954
4.166667 0.724954
4.166667 0.522156
3.750000 0.522156
3.750000 0.724954
3.750000 0.724954
3.750000 0.522156
3.333333 0.522156
3.333333 0.724954
3.333333 0.724954
3.333333 0.522156
2.916667 0.522156
2.916667 0.724954
2.916666 0.724954
2.916666 0.522156
2.500000 0.522156
2.500000 0.724954
2.500000 0.724954
2.500000 0.522156
2.083333 0.522156
2.083333 0.724954
2.083333 0.724954
2.083333 0.522156
1.666666 0.522156
1.666666 0.724954
1.666666 0.724954
1.666666 0.522156
1.250000 0.522156
1.250000 0.724954
1.250000 0.724954
1.250000 0.522156
0.833335 0.522156
0.833335 0.724954
0.833335 0.724954
0.833335 0.522156
0.416665 0.522156
0.416665 0.724954
0.416664 0.724954
0.416664 0.522156
0.000000 0.000000
0.000000 0.000000
0.000000 0.000000
0.000000 0.000000
0.000000 0.000000
0.000000 0.000000
0.000000 0.000000
0.000000 0.000000
0.000000 0.000000
0.000000 0.000000
0.000000 0.000000
0.000000 0.000000
0.000000 0.000000
0.000000 0.000000
0.000000 0.000000
0.000000 0.000000
0.000000 0.000000
0.000000 0.000000
0.000000 0.000000
0.000000 0.000000
0.000000 0.000000
0.000000 0.000000
0.000000 0.000000
0.000000 0.000000
0.000000 0.000000
0.000000 0.000000
0.000000 0.000000
0.000000 0.000000
0.000000 0.000000
0.000000 0.000000
0.000000 0.000000
0.000000 0.000000
0.000000 0.000000
0.000000 0.000000
0.000000 0.000000
0.000000 0.000000
0.000000 0.000000
0.000000 0.000000
0.000000 0.000000
0.000000 0.000000
0.000000 0.000000
0.000000 0.000000
0.000000 0.000000
0.000000 0.000000
0.000000 0.000000
0.000000 0.000000
0.000000 0.000000
0.000000 0.000000
0.000000 0.000000
0.000000 0.000000
0.000000 0.000000
0.000000 0.000000
0.000000 0.000000
0.000000 0.000000
0.000000 0.000000
0.000000 0.000000
0.000000 0.000000
0.000000 0.000000
0.000000 0.000000
0.000000 0.000000
0.000000 0.000000
0.000000 0.000000
0.000000 0.000000
0.000000 0.000000
0.000000 0.000000
0.000000 0.000000
0.000000 0.000000
0.000000 0.000000
0.000000 0.000000
0.000000 0.000000
0.000000 0.000000
0.000000 0.000000
0.000000 0.000000
0.000000 0.000000
0.000000 0.000000
0.000000 0.000000
0.000000 0.000000
0.000000 0.000000
0.000000 0.000000
0.000000 0.000000
0.000000 0.000000
0.000000 0.000000
0.000000 0.000000
0.000000 0.000000
0.000000 0.000000
0.000000 0.000000
0.000000 0.000000
0.000000 0.000000
0.000000 0.000000
0.000000 0.000000
0.000000 0.000000
0.000000 0.000000
0.000000 0.000000
0.000000 0.000000
0.000000 0.000000
0.000000 0.000000
0.000000 0.000000
0.000000 0.000000
0.000000 0.000000
0.000000 0.000000
0.000000 0.000000
0.000000 0.000000
0.000000 0.000000
0.000000 0.000000
0.000000 0.000000
0.000000 0.000000
0.000000 0.000000
0.000000 0.000000
0.000000 0.000000
0.000000 0.000000
0.000000 0.000000
0.000000 0.000000
0.000000 0.000000
0.000000 0.000000
0.000000 0.000000
0.000000 0.000000
0.000000 0.000000
0.000000 0.000000
0.000000 0.000000
0.000000 0.000000
0.000000 0.000000
0.000000 0.000000
0.000000 0.000000
0.000000 0.000000
0.000000 0.000000
0.000000 0.000000
0.000000 0.000000
0.000000 0.000000
0.000000 0.000000
0.000000 0.000000
0.000000 0.000000
0.000000 0.000000
0.000000 0.000000
0.000000 0.000000
0.000000 0.000000
0.000000 0.000000
0.000000 0.000000
0.000000 0.000000
0.000000 0.000000
0.000000 0.000000
0.000000 0.000000
0.000000 0.000000
0.000000 0.000000
0.000000 0.000000
0.000000 0.000000
0.000000 0.000000
0.000000 0.000000
0.000000 0.000000
0.000000 0.000000
0.000000 0.000000
0.000000 0.000000
0.000000 0.000000
0.000000 0.000000
0.000000 0.000000
0.000000 0.000000
0.000000 0.000000
-0.000000 0.724954
-0.000000 0.522156
-0.000000 0.724954
-0.000000 0.522156
-0.000000 0.724954
-0.000000 0.522156
-0.519385 0.502466
1.519385 0.502466
-0.519385 0.502466
1.519385 0.502466
-0.519385 0.711628
1.519385 0.711628
-0.519385 0.711628
1.519385 0.711628
1.519385 0.503300
1.519385 0.739428
-0.519385 0.739427
-0.519385 0.739427
-0.519385 0.503299
1.519385 0.503300
-0.519385 0.503300
1.519385 0.503299
1.519385 0.739427
1.519385 0.739427
-0.519385 0.739428
-0.519385 0.503300
-0.519385 0.502466
1.519385 0.711628
-0.519385 0.502466
1.519385 0.711628
-0.519385 0.240134
1.519385 0.240134
-0.519385 0.240134
1.519385 0.240134
-0.519385 0.449295
1.519385 0.449295
-0.519385 0.449295
1.519385 0.449295
1.519385 0.002682
1.519385 0.238810
-0.519385 0.238809
-0.519385 0.238809
-0.519385 0.002681
1.519385 0.002682
-0.519385 0.002682
1.519385 0.002681
1.519385 0.238809
1.519385 0.238809
-0.519385 0.238810
-0.519385 0.002682
-0.519385 0.240134
1.519385 0.449295
-0.519385 0.240134
1.519385 0.449295
0.750000 0.493286
0.906416 0.713502
0.750000 0.713502
0.906416 0.493286
0.093583 0.713502
0.093583 0.493286
0.250000 0.713502
0.250000 0.493286
0.406417 0.713502
0.406417 0.493286
0.593584 0.713502
0.593584 0.493286
0.192295 0.705137
0.500000 0.910273
0.192295 0.294864
0.500000 0.089727
0.807705 0.294864
0.807705 0.705137
-0.093584 0.493286
-0.093584 0.713502
-0.093584 0.493286
0.500000 1.076773
0.067420 0.788387
0.192295 0.705137
0.192295 0.705137
0.500000 0.910273
0.500000 1.076773
0.067420 0.788387
0.067420 0.211614
0.192295 0.294864
0.192295 0.294864
0.067420 0.788387
0.067420 0.211614
0.500000 -0.076773
0.500000 0.089727
0.500000 0.089727
0.067420 0.211614
0.500000 -0.076773
0.932580 0.211614
0.807705 0.294864
0.807705 0.294864
0.500000 -0.076773
0.932580 0.211614
0.932581 0.788387
0.807705 0.705137
0.807705 0.705137
0.932580 0.211614
0.932581 0.788387
0.500000 1.076773
0.500000 0.910273
0.932581 0.788387
0.750000 0.029992
0.906417 0.231565
0.750000 0.231565
0.906417 0.029992
0.093583 0.231565
0.093583 0.029992
0.250000 0.231565
0.250000 0.029992
0.406417 0.231565
0.406417 0.029992
0.593583 0.231565
0.593583 0.029992
0.192295 0.705136
0.500000 0.910273
0.192295 0.294864
0.500000 0.089727
0.807705 0.294864
0.807705 0.705136
-0.093583 0.029992
-0.093583 0.231565
-0.093583 0.029992
0.500000 1.076773
0.067420 0.788386
0.192295 0.705136
0.192295 0.705136
0.500000 0.910273
0.500000 1.076773
0.067420 0.788386
0.067419 0.211614
0.192295 0.294864
0.192295 0.294864
0.067420 0.788386
0.067419 0.211614
0.500000 -0.076773
0.500000 0.089727
0.500000 0.089727
0.067419 0.211614
0.500000 -0.076773
0.932580 0.211614
0.807705 0.294864
0.807705 0.294864
0.500000 -0.076773
0.932580 0.211614
0.932580 0.788386
0.807705 0.705136
0.807705 0.705136
0.932580 0.211614
0.932580 0.788386
0.500000 1.076773
0.500000 0.910273
0.932580 0.788386
0.750000 0.784551
0.906417 0.983714
0.750000 0.983714
0.906417 0.784551
0.093583 0.983714
0.093583 0.784551
0.250000 0.983714
0.250000 0.784551
0.406417 0.983714
0.406417 0.784551
0.593583 0.983714
0.593583 0.784551
0.192295 0.705136
0.500000 0.910273
0.192295 0.294863
0.500000 0.089726
0.807705 0.294863
0.807705 0.705136
-0.093583 0.784551
-0.093583 0.983714
-0.093583 0.784551
0.500000 1.076773
0.067420 0.788386
0.192295 0.705136
0.192295 0.705136
0.500000 0.910273
0.500000 1.076773
0.067420 0.788386
0.067420 0.211614
0.192295 0.294863
0.192295 0.294863
0.067420 0.788386
0.067420 0.211614
0.500000 -0.076774
0.500000 0.089726
0.500000 0.089726
0.067420 0.211614
0.500000 -0.076774
0.932580 0.211613
0.807705 0.294863
0.807705 0.294863
0.500000 -0.076774
0.932580 0.211613
0.932580 0.788386
0.807705 0.705136
0.807705 0.705136
0.932580 0.211613
0.932580 0.788386
0.500000 1.076773
0.500000 0.910273
0.932580 0.788386
0.750000 0.056681
0.906416 0.215892
0.750000 0.215892
0.906416 0.056681
0.093583 0.215892
0.093583 0.056681
0.250000 0.215892
0.250000 0.056681
0.406417 0.215892
0.406417 0.056681
0.593584 0.215892
0.593584 0.056681
0.192294 0.705138
0.500000 0.910273
0.192294 0.294863
0.500000 0.089728
0.807705 0.294863
0.807706 0.705138
-0.093584 0.056681
-0.093584 0.215892
-0.093584 0.056681
0.500000 1.076773
0.067419 0.788388
0.192294 0.705138
0.192294 0.705138
0.500000 0.910273
0.500000 1.076773
0.067419 0.788388
0.067419 0.211613
0.192294 0.294863
0.192294 0.294863
0.067419 0.788388
0.067419 0.211613
0.500000 -0.076772
0.500000 0.089728
0.500000 0.089728
0.067419 0.211613
0.500000 -0.076772
0.932581 0.211613
0.807705 0.294863
0.807705 0.294863
0.500000 -0.076772
0.932581 0.211613
0.932581 0.788387
0.807706 0.705138
0.807706 0.705138
0.932581 0.211613
0.932581 0.788387
0.500000 1.076773
0.500000 0.910273
0.932581 0.788387
0.750000 0.247574
0.906416 0.459394
0.750000 0.459394
0.906416 0.247574
0.093584 0.459394
0.093584 0.247574
0.250000 0.459394
0.250000 0.247574
0.406416 0.459394
0.406416 0.247574
0.593583 0.459394
0.593583 0.247574
0.192295 0.705137
0.500000 0.910273
0.192295 0.294862
0.500000 0.089726
0.807705 0.294862
0.807705 0.705137
-0.093584 0.247574
-0.093584 0.459394
-0.093584 0.247574
0.500000 1.076773
0.067420 0.788387
0.192295 0.705137
0.192295 0.705137
0.500000 0.910273
0.500000 1.076773
0.067420 0.788387
0.067419 0.211612
0.192295 0.294862
0.192295 0.294862
0.067420 0.788387
0.067419 0.211612
0.500000 -0.076773
0.500000 0.089726
0.500000 0.089726
0.067419 0.211612
0.500000 -0.076773
0.932580 0.211612
0.807705 0.294862
0.807705 0.294862
0.500000 -0.076773
0.932580 0.211612
0.932580 0.788387
0.807705 0.705137
0.807705 0.705137
0.932580 0.211612
0.932580 0.788387
0.500000 1.076773
0.500000 0.910273
0.932580 0.788387
0.750000 0.007589
0.906416 0.224933
0.750000 0.224933
0.906416 0.007589
0.093584 0.224933
0.093584 0.007589
0.250000 0.224933
0.250000 0.007589
0.406416 0.224933
0.406416 0.007589
0.593583 0.224933
0.593583 0.007589
0.192295 0.705137
0.500000 0.910273
0.192295 0.294862
0.500000 0.089726
0.807705 0.294862
0.807706 0.705137
-0.093584 0.007589
-0.093584 0.224933
-0.093584 0.007589
0.500000 1.076773
0.067420 0.788387
0.192295 0.705137
0.192295 0.705137
0.500000 0.910273
0.500000 1.076773
0.067420 0.788387
0.067420 0.211612
0.192295 0.294862
0.192295 0.294862
0.067420 0.788387
0.067420 0.211612
0.500000 -0.076773
0.500000 0.089726
0.500000 0.089726
0.067420 0.211612
0.500000 -0.076773
0.932581 0.211612
0.807705 0.294862
0.807705 0.294862
0.500000 -0.076773
0.932581 0.211612
0.932581 0.788387
0.807706 0.705137
0.807706 0.705137
0.932581 0.211612
0.932581 0.788387
0.500000 1.076773
0.500000 0.910273
0.932581 0.788387
0.750000 0.529849
0.906416 0.736418
0.750000 0.736418
0.906416 0.529849
0.093583 0.736418
0.093583 0.529849
0.250000 0.736418
0.250000 0.529849
0.406416 0.736418
0.406416 0.529849
0.593584 0.736418
0.593584 0.529849
0.192295 0.705137
0.500000 0.910274
0.192296 0.294864
0.500000 0.089727
0.807704 0.294863
0.807704 0.705137
-0.093584 0.529849
-0.093584 0.736418
-0.093584 0.529849
0.500000 1.076774
0.067420 0.788387
0.192295 0.705137
0.192295 0.705137
0.500000 0.910274
0.500000 1.076774
0.067420 0.788387
0.067420 0.211614
0.192296 0.294864
0.192296 0.294864
0.067420 0.788387
0.067420 0.211614
0.500000 -0.076774
0.500000 0.089727
0.500000 0.089727
0.067420 0.211614
0.500000 -0.076774
0.932579 0.211614
0.807704 0.294863
0.807704 0.294863
0.500000 -0.076774
0.932579 0.211614
0.932579 0.788387
0.807704 0.705137
0.807704 0.705137
0.932579 0.211614
0.932579 0.788387
0.500000 1.076774
0.500000 0.910274
0.932579 0.788387
0.750000 0.012330
0.906417 0.221492
0.750000 0.221492
0.906417 0.012330
0.093583 0.221492
0.093583 0.012330
0.250000 0.221492
0.250000 0.012330
0.406417 0.221492
0.406417 0.012330
0.593583 0.221492
0.593583 0.012330
0.192295 0.705136
0.500000 0.910273
0.192295 0.294864
0.500000 0.089727
0.807705 0.294864
0.807705 0.705136
-0.093583 0.012330
-0.093583 0.221492
-0.093583 0.012330
0.500000 1.076773
0.067420 0.788386
0.192295 0.705136
0.192295 0.705136
0.500000 0.910273
0.500000 1.076773
0.067420 0.788386
0.067420 0.211614
0.192295 0.294864
0.192295 0.294864
0.067420 0.788386
0.067420 0.211614
0.500000 -0.076773
0.500000 0.089727
0.500000 0.089727
0.067420 0.211614
0.500000 -0.076773
0.932580 0.211614
0.807705 0.294864
0.807705 0.294864
0.500000 -0.076773
0.932580 0.211614
0.932580 0.788386
0.807705 0.705136
0.807705 0.705136
0.932580 0.211614
0.932580 0.788386
0.500000 1.076773
0.500000 0.910273
0.932580 0.788386
0.750000 0.527237
0.906416 0.744582
0.750000 0.744582
0.906416 0.527237
0.093584 0.744582
0.093584 0.527237
0.250000 0.744582
0.250000 0.527237
0.406416 0.744582
0.406416 0.527237
0.593584 0.744582
0.593584 0.527237
0.192296 0.705137
0.500001 0.910273
0.192296 0.294863
0.500000 0.089726
0.807705 0.294863
0.807705 0.705136
-0.093584 0.527237
-0.093584 0.744582
-0.093584 0.527237
0.500001 1.076773
0.067420 0.788387
0.192296 0.705137
0.192296 0.705137
0.500001 0.910273
0.500001 1.076773
0.067420 0.788387
0.067421 0.211613
0.192296 0.294863
0.192296 0.294863
0.067420 0.788387
0.067421 0.211613
0.500000 -0.076774
0.500000 0.089726
0.500000 0.089726
0.067421 0.211613
0.500000 -0.076774
0.932580 0.211613
0.807705 0.294863
0.807705 0.294863
0.500000 -0.076774
0.932580 0.211613
0.932580 0.788387
0.807705 0.705136
0.807705 0.705136
0.932580 0.211613
0.932580 0.788387
0.500001 1.076773
0.500001 0.910273
0.932580 0.788387
0.750000 0.752785
0.906416 0.991963
0.750000 0.991963
0.906416 0.752785
0.093583 0.991963
0.093583 0.752785
0.250000 0.991963
0.250000 0.752785
0.406417 0.991963
0.406417 0.752785
0.593584 0.991963
0.593584 0.752785
0.192295 0.705137
0.500000 0.910274
0.192295 0.294864
0.500000 0.089727
0.807705 0.294864
0.807705 0.705137
-0.093584 0.752785
-0.093584 0.991963
-0.093584 0.752785
0.500000 1.076774
0.067420 0.788387
0.192295 0.705137
0.192295 0.705137
0.500000 0.910274
0.500000 1.076774
0.067420 0.788387
0.067420 0.211614
0.192295 0.294864
0.192295 0.294864
0.067420 0.788387
0.067420 0.211614
0.500000 -0.076773
0.500000 0.089727
0.500000 0.089727
0.067420 0.211614
0.500000 -0.076773
0.932580 0.211614
0.807705 0.294864
0.807705 0.294864
0.500000 -0.076773
0.932580 0.211614
0.932580 0.788387
0.807705 0.705137
0.807705 0.705137
0.932580 0.211614
0.932580 0.788387
0.500000 1.076774
0.500000 0.910274
0.932580 0.788387
0.750000 0.005085
0.906417 0.228250
0.750000 0.228250
0.906417 0.005085
0.093584 0.228250
0.093584 0.005085
0.250000 0.228250
0.250000 0.005085
0.406416 0.228250
0.406416 0.005085
0.593584 0.228250
0.593584 0.005085
0.192295 0.705136
0.500000 0.910273
0.192295 0.294863
0.500000 0.089726
0.807705 0.294863
0.807705 0.705137
-0.093583 0.005085
-0.093583 0.228250
-0.093583 0.005085
0.500000 1.076773
0.067420 0.788386
0.192295 0.705136
0.192295 0.705136
0.500000 0.910273
0.500000 1.076773
0.067420 0.788386
0.067420 0.211613
0.192295 0.294863
0.192295 0.294863
0.067420 0.788386
0.067420 0.211613
0.500000 -0.076774
0.500000 0.089726
0.500000 0.089726
0.067420 0.211613
0.500000 -0.076774
0.932580 0.211613
0.807705 0.294863
0.807705 0.294863
0.500000 -0.076774
0.932580 0.211613
0.932580 0.788387
0.807705 0.705137
0.807705 0.705137
0.932580 0.211613
0.932580 0.788387
0.500000 1.076773
0.500000 0.910273
0.932580 0.788387
0.750000 0.030926
0.906416 0.245473
0.750000 0.245473
0.906416 0.030926
0.093583 0.245473
0.093583 0.030926
0.250000 0.245473
0.250000 0.030926
0.406417 0.245473
0.406417 0.030926
0.593583 0.245473
0.593583 0.030926
0.192295 0.705137
0.500000 0.910273
0.192295 0.294864
0.500000 0.089728
0.807705 0.294864
0.807705 0.705137
-0.093584 0.030926
-0.093584 0.245473
-0.093584 0.030926
0.500000 1.076774
0.067420 0.788387
0.192295 0.705137
0.192295 0.705137
0.500000 0.910273
0.500000 1.076774
0.067420 0.788387
0.067420 0.211614
0.192295 0.294864
0.192295 0.294864
0.067420 0.788387
0.067420 0.211614
0.500000 -0.076773
0.500000 0.089728
0.500000 0.089728
0.067420 0.211614
0.500000 -0.076773
0.932580 0.211614
0.807705 0.294864
0.807705 0.294864
0.500000 -0.076773
0.932580 0.211614
0.932580 0.788387
0.807705 0.705137
0.807705 0.705137
0.932580 0.211614
0.932580 0.788387
0.500000 1.076774
0.500000 0.910273
0.932580 0.788387
-0.046141 0.731956
0.869609 0.513184
0.952860 0.731962
0.037109 0.513178
0.037109 0.513178
0.952860 0.731962
0.869609 0.513184
-0.046141 0.731956
0.174838 0.486711
1.087879 0.252309
1.173839 0.480298
0.255376 0.257653
0.255376 0.257653
1.173839 0.480298
1.087879 0.252309
0.174838 0.486711
0.137668 0.987225
1.053419 0.760357
1.136669 0.987219
0.220918 0.760364
0.220918 0.760364
1.136669 0.987219
1.053419 0.760357
0.137668 0.987225
0.148983 0.227746
1.064734 0.015641
1.147984 0.227746
0.232233 0.015641
0.232233 0.015641
1.147984 0.227746
1.064734 0.015641
0.148983 0.227746
0.171086 0.736541
1.086837 0.511060
1.170087 0.736541
0.254336 0.511060
0.254336 0.511060
1.170087 0.736541
1.086837 0.511060
0.171086 0.736541
0.136744 0.989632
1.052495 0.760465
1.135745 0.989632
0.219994 0.760465
0.219994 0.760465
1.135745 0.989632
1.052495 0.760465
0.136744 0.989632
0.953224 0.512290
0.037473 0.732244
-0.045777 0.512290
0.869974 0.732243
0.869974 0.732243
-0.045777 0.512290
0.037473 0.732244
0.953224 0.512290
1.528775 0.765540
0.613024 0.986176
0.529774 0.765540
1.445525 0.986176
1.445525 0.986176
0.529774 0.765540
0.613024 0.986176
1.528775 0.765540
0.952370 0.263836
0.036619 0.485350
-0.046631 0.263836
0.869120 0.485350
0.869120 0.485350
-0.046631 0.263836
0.036619 0.485350
0.952370 0.263836
0.858900 0.765098
-0.056851 0.988077
-0.140101 0.765099
0.775650 0.988076
0.775650 0.988076
-0.140101 0.765099
-0.056851 0.988077
0.858900 0.765098
0.821513 0.262808
-0.094238 0.483889
-0.177488 0.262808
0.738263 0.483889
0.738263 0.483889
-0.177488 0.262808
-0.094238 0.483889
0.821513 0.262808
1.137110 0.761109
0.221359 0.987577
0.138109 0.761109
1.053860 0.987577
1.053860 0.987577
0.138109 0.761109
0.221359 0.987577
1.137110 0.761109
0.500000 -11.894393
0.861725 12.894392
0.500000 13.081696
0.853454 -12.081697
0.138275 12.894392
0.146546 -12.081697
-0.146546 -12.081697
-0.138275 12.894392
-0.146546 -12.081697
0.750000 -11.894392
0.111725 12.894393
0.750000 13.081696
0.103454 -12.081696
0.388275 12.894393
0.396546 -12.081696
-0.250000 -11.894392
-0.250000 13.081696
-0.250000 -11.894392
-0.000000 -11.894391
0.361725 12.894392
0.000000 13.081696
0.353454 -12.081695
0.638275 12.894392
0.646546 -12.081695
-0.000000 -11.894391
-0.000000 -11.894391
-0.353454 -12.081695
-0.361725 12.894392
-0.353454 -12.081695
0.250000 -11.894392
0.611725 12.894393
0.250000 13.081696
0.603454 -12.081695
0.888275 12.894393
0.896546 -12.081695
-0.103454 -12.081695
-0.111725 12.894393
-0.103454 -12.081695

3
256
216
23

0 0 0 5 1 5 4 2 4
0 3 0 1 4 1 5 5 5
1 6 894 6 7 895 5 8 896
1 9 894 2 10 897 6 11 895
2 12 2 7 13 7 6 14 6
2 15 2 3 16 3 7 17 7
3 18 898 4 19 899 7 20 900
3 21 898 0 22 901 4 23 899
4 24 4 9 25 9 8 26 8
4 27 4 5 28 5 9 29 9
5 30 902 10 31 903 9 32 904
5 33 902 6 34 905 10 35 903
6 36 6 11 37 11 10 38 10
6 39 6 7 40 7 11 41 11
7 42 906 8 43 907 11 44 908
7 45 906 4 46 909 8 47 907
8 48 8 13 49 13 12 50 12
8 51 8 9 52 9 13 53 13
9 54 910 14 55 911 13 56 912
9 57 910 10 58 913 14 59 911
10 60 10 15 61 15 14 62 14
10 63 10 11 64 11 15 65 15
11 66 914 12 67 915 15 68 916
11 69 914 8 70 917 12 71 915
12 72 12 17 73 17 16 74 16
12 75 12 13 76 13 17 77 17
13 78 918 18 79 919 17 80 920
13 81 918 14 82 921 18 83 919
14 84 14 19 85 19 18 86 18
14 87 14 15 88 15 19 89 19
15 90 922 16 91 923 19 92 924
15 93 922 12 94 925 16 95 923
16 96 16 21 97 21 20 98 20
16 99 16 17 100 17 21 101 21
17 102 926 22 103 927 21 104 928
17 105 926 18 106 929 22 107 927
18 108 18 23 109 23 22 110 22
18 111 18 19 112 19 23 113 23
19 114 930 20 115 931 23 116 932
19 117 930 16 118 933 20 119 931
20 120 20 25 121 25 24 122 24
20 123 20 21 124 21 25 125 25
21 126 934 26 127 935 25 128 936
21 129 934 22 130 937 26 131 935
22 132 22 27 133 27 26 134 26
22 135 22 23 136 23 27 137 27
23 138 938 24 139 939 27 140 940
23 141 938 20 142 941 24 143 939
24 144 24 29 145 29 28 146 28
24 147 24 25 148 25 29 149 29
25 150 942 30 151 943 29 152 944
25 153 942 26 154 945 30 155 943
26 156 26 31 157 31 30 158 30
26 159 26 27 160 27 31 161 31
27 162 946 28 163 947 31 164 948
27 165 946 24 166 949 28 167 947
28 168 28 33 169 33 32 170 32
28 171 28 29 172 29 33 173 33
29 174 950 34 175 951 33 176 952
29 177 950 30 178 953 34 179 951
30 180 30 35 181 35 34 182 34
30 183 30 31 184 31 35 185 35
31 186 954 32 187 955 35 188 956
31 189 954 28 190 957 32 191 955
32 192 32 37 193 37 36 194 36
32 195 32 33 196 33 37 197 37
33 198 958 38 199 959 37 200 960
33 201 958 34 202 961 38 203 959
34 204 34 39 205 39 38 206 38
34 207 34 35 208 35 39 209 39
35 210 962 36 211 963 39 212 964
35 213 962 32 214 965 36 215 963
36 216 36 41 217 41 40 218 40
36 219 36 37 220 37 41 221 41
37 222 870 42 223 871 41 224 872
37 225 870 38 226 873 42 227 871
38 228 38 43 229 43 42 230 42
38 231 38 39 232 39 43 233 43
39 234 874 40 235 875 43 236 876
39 237 874 36 238 877 40 239 875
40 240 40 45 241 45 44 242 44
40 243 40 41 244 41 45 245 45
41 246 878 46 247 879 45 248 880
41 249 878 42 250 881 46 251 879
42 252 42 47 253 47 46 254 46
42 255 42 43 256 43 47 257 47
43 258 882 44 259 883 47 260 884
43 261 882 40 262 885 44 263 883
44 264 44 1 265 204 0 266 205
44 267 44 45 268 45 1 269 206
45 270 886 2 271 887 1 272 888
45 273 886 46 274 889 2 275 887
46 276 46 3 277 207 2 278 208
46 279 46 47 280 47 3 281 209
47 282 890 0 283 891 3 284 892
47 285 890 44 286 893 0 287 891
48 288 218 50 289 219 51 290 220
51 291 221 49 292 222 48 293 223
52 294 224 53 295 225 55 296 226
55 297 227 54 298 228 52 299 229
48 300 230 49 301 213 53 302 231
53 303 215 52 304 214 48 305 210
51 306 232 50 307 211 54 308 233
54 309 217 55 310 216 51 311 212
56 312 242 58 313 243 59 314 244
59 315 245 57 316 246 56 317 247
60 318 248 61 319 249 63 320 250
63 321 251 62 322 252 60 323 253
56 324 254 57 325 237 61 326 255
61 327 239 60 328 238 56 329 234
59 330 256 58 331 235 62 332 257
62 333 241 63 334 240 59 335 236
64 336 717 71 337 718 70 338 719
64 339 717 65 340 720 71 341 718
65 342 735 72 343 721 71 344 736
65 345 737 66 346 722 72 347 721
66 348 722 73 349 723 72 350 721
66 351 722 67 352 724 73 353 723
67 354 724 74 355 725 73 356 723
67 357 724 68 358 726 74 359 725
68 360 726 75 361 727 74 362 725
68 363 726 69 364 728 75 365 727
69 366 728 70 367 719 75 368 727
69 369 728 64 370 717 70 371 719
77 390 666 82 391 667 81 392 668
77 393 666 30 394 669 82 395 667
30 396 684 83 397 670 82 398 685
30 399 686 78 400 671 83 401 670
78 402 671 84 403 672 83 404 670
78 405 671 79 406 673 84 407 672
79 408 673 85 409 674 84 410 672
79 411 673 29 412 675 85 413 674
29 414 675 86 415 676 85 416 674
29 417 675 80 418 677 86 419 676
80 420 677 81 421 668 86 422 676
80 423 677 77 424 666 81 425 668
88 444 615 95 445 616 94 446 617
88 447 615 89 448 618 95 449 616
89 450 633 96 451 619 95 452 634
89 453 635 90 454 620 96 455 619
90 456 620 97 457 621 96 458 619
90 459 620 91 460 622 97 461 621
91 462 622 98 463 623 97 464 621
91 465 622 92 466 624 98 467 623
92 468 624 99 469 625 98 470 623
92 471 624 93 472 626 99 473 625
93 474 626 94 475 617 99 476 625
93 477 626 88 478 615 94 479 617
101 498 564 106 499 565 105 500 566
101 501 564 102 502 567 106 503 565
102 504 582 107 505 568 106 506 583
102 507 584 22 508 569 107 509 568
22 510 569 108 511 570 107 512 568
22 513 569 103 514 571 108 515 570
103 516 571 109 517 572 108 518 570
103 519 571 104 520 573 109 521 572
104 522 573 110 523 574 109 524 572
104 525 573 21 526 575 110 527 574
21 528 575 105 529 566 110 530 574
21 531 575 101 532 564 105 533 566
112 552 513 119 553 514 118 554 515
112 555 513 113 556 516 119 557 514
113 558 531 120 559 517 119 560 532
113 561 533 114 562 518 120 563 517
114 564 518 121 565 519 120 566 517
114 567 518 115 568 520 121 569 519
115 570 520 122 571 521 121 572 519
115 573 520 116 574 522 122 575 521
116 576 522 123 577 523 122 578 521
116 579 522 117 580 524 123 581 523
117 582 524 118 583 515 123 584 523
117 585 524 112 586 513 118 587 515
13 606 462 128 607 463 127 608 464
13 609 462 125 610 465 128 611 463
125 612 480 129 613 466 128 614 481
125 615 482 63 616 467 129 617 466
63 618 467 130 619 468 129 620 466
63 621 467 14 622 469 130 623 468
14 624 469 131 625 470 130 626 468
14 627 469 61 628 471 131 629 470
61 630 471 132 631 472 131 632 470
61 633 471 126 634 473 132 635 472
126 636 473 127 637 464 132 638 472
126 639 473 13 640 462 127 641 464
134 660 411 141 661 412 140 662 413
134 663 411 135 664 414 141 665 412
135 666 429 142 667 415 141 668 430
135 669 431 136 670 416 142 671 415
136 672 416 143 673 417 142 674 415
136 675 416 137 676 418 143 677 417
137 678 418 144 679 419 143 680 417
137 681 418 138 682 420 144 683 419
138 684 420 145 685 421 144 686 419
138 687 420 139 688 422 145 689 421
139 690 422 140 691 413 145 692 421
139 693 422 134 694 411 140 695 413
147 714 360 152 715 361 151 716 362
147 717 360 5 718 363 152 719 361
5 720 378 153 721 364 152 722 379
5 723 380 148 724 365 153 725 364
148 726 365 154 727 366 153 728 364
148 729 365 149 730 367 154 731 366
149 732 367 155 733 368 154 734 366
149 735 367 6 736 369 155 737 368
6 738 369 156 739 370 155 740 368
6 741 369 150 742 371 156 743 370
150 744 371 151 745 362 156 746 370
150 747 371 147 748 360 151 749 362
158 768 309 165 769 310 164 770 311
158 771 309 159 772 312 165 773 310
159 774 327 166 775 313 165 776 328
159 777 329 160 778 314 166 779 313
160 780 314 167 781 315 166 782 313
160 783 314 161 784 316 167 785 315
161 786 316 168 787 317 167 788 315
161 789 316 162 790 318 168 791 317
162 792 318 169 793 319 168 794 317
162 795 318 163 796 320 169 797 319
163 798 320 164 799 311 169 800 319
163 801 320 158 802 309 164 803 311
171 822 258 176 823 259 175 824 260
171 825 258 172 826 261 176 827 259
172 828 276 177 829 262 176 830 277
172 831 278 45 832 263 177 833 262
45 834 263 178 835 264 177 836 262
45 837 263 173 838 265 178 839 264
173 840 265 179 841 266 178 842 264
173 843 265 174 844 267 179 845 266
174 846 267 180 847 268 179 848 266
174 849 267 46 850 269 180 851 268
46 852 269 175 853 260 180 854 268
46 855 269 171 856 258 175 857 260
182 876 819 189 877 820 188 878 821
182 879 819 183 880 822 189 881 820
183 882 837 190 883 823 189 884 838
183 885 839 184 886 824 190 887 823
184 888 824 191 889 825 190 890 823
184 891 824 185 892 826 191 893 825
185 894 826 192 895 827 191 896 825
185 897 826 186 898 828 192 899 827
186 900 828 193 901 829 192 902 827
186 903 828 187 904 830 193 905 829
187 906 830 188 907 821 193 908 829
187 909 830 182 910 819 188 911 821
38 930 768 198 931 769 197 932 770
38 933 768 62 934 771 198 935 769
62 936 786 199 937 772 198 938 787
62 939 788 195 940 773 199 941 772
195 942 773 200 943 774 199 944 772
195 945 773 37 946 775 200 947 774
37 948 775 201 949 776 200 950 774
37 951 775 196 952 777 201 953 776
196 954 777 202 955 778 201 956 776
196 957 777 60 958 779 202 959 778
60 960 779 197 961 770 202 962 778
60 963 779 38 964 768 197 965 770

76 372 48 204 373 132 205 374 133
76 375 48 205 376 133 206 377 134
76 378 48 206 379 134 207 380 135
76 381 48 207 382 135 208 383 136
76 384 48 208 385 136 209 386 137
76 387 48 209 388 137 204 389 132
87 426 49 210 427 138 211 428 139
87 429 49 211 430 139 212 431 140
87 432 49 212 433 140 213 434 141
87 435 49 213 436 141 214 437 142
87 438 49 214 439 142 215 440 143
87 441 49 215 442 143 210 443 138
100 480 50 216 481 144 217 482 145
100 483 50 217 484 145 218 485 146
100 486 50 218 487 146 219 488 147
100 489 50 219 490 147 220 491 148
100 492 50 220 493 148 221 494 149
100 495 50 221 496 149 216 497 144
111 534 51 222 535 150 223 536 151
111 537 51 223 538 151 224 539 152
111 540 51 224 541 152 225 542 153
111 543 51 225 544 153 226 545 154
111 546 51 226 547 154 227 548 155
111 549 51 227 550 155 222 551 150
124 588 52 228 589 156 229 590 157
124 591 52 229 592 157 230 593 158
124 594 52 230 595 158 231 596 159
124 597 52 231 598 159 232 599 160
124 600 52 232 601 160 233 602 161
124 603 52 233 604 161 228 605 156
133 642 53 234 643 162 235 644 163
133 645 53 235 646 163 236 647 164
133 648 53 236 649 164 237 650 165
133 651 53 237 652 165 238 653 166
133 654 53 238 655 166 239 656 167
133 657 53 239 658 167 234 659 162
146 696 54 240 697 168 241 698 169
146 699 54 241 700 169 242 701 170
146 702 54 242 703 170 243 704 171
146 705 54 243 706 171 244 707 172
146 708 54 244 709 172 245 710 173
146 711 54 245 712 173 240 713 168
157 750 55 246 751 174 247 752 175
157 753 55 247 754 175 248 755 176
157 756 55 248 757 176 249 758 177
157 759 55 249 760 177 250 761 178
157 762 55 250 763 178 251 764 179
157 765 55 251 766 179 246 767 174
170 804 56 252 805 180 253 806 181
170 807 56 253 808 181 254 809 182
170 810 56 254 811 182 255 812 183
170 813 56 255 814 183 256 815 184
170 816 56 256 817 184 257 818 185
170 819 56 257 820 185 252 821 180
181 858 57 258 859 186 259 860 187
181 861 57 259 862 187 260 863 188
181 864 57 260 865 188 261 866 189
181 867 57 261 868 189 262 869 190
181 870 57 262 871 190 263 872 191
181 873 57 263 874 191 258 875 186
194 912 58 264 913 192 265 914 193
194 915 58 265 916 193 266 917 194
194 918 58 266 919 194 267 920 195
194 921 58 267 922 195 268 923 196
194 924 58 268 925 196 269 926 197
194 927 58 269 928 197 264 929 192
203 966 59 270 967 198 271 968 199
203 969 59 271 970 199 272 971 200
203 972 59 272 973 200 273 974 201
203 975 59 273 976 201 274 977 202
203 978 59 274 979 202 275 980 203
203 981 59 275 982 203 270 983 198
70 984 60 71 985 61 205 986 133
205 987 133 204 988 132 70 989 60
71 990 61 72 991 62 206 992 134
206 993 134 205 994 133 71 995 61
72 996 62 73 997 63 207 998 135
207 999 135 206 1000 134 72 1001 62
73 1002 63 74 1003 64 208 1004 136
208 1005 136 207 1006 135 73 1007 63
74 1008 64 75 1009 65 209 1010 137
209 1011 137 208 1012 136 74 1013 64
75 1014 65 70 1015 60 204 1016 132
204 1017 132 209 1018 137 75 1019 65
81 1020 66 82 1021 67 211 1022 139
211 1023 139 210 1024 138 81 1025 66
82 1026 67 83 1027 68 212 1028 140
212 1029 140 211 1030 139 82 1031 67
83 1032 68 84 1033 69 213 1034 141
213 1035 141 212 1036 140 83 1037 68
84 1038 69 85 1039 70 214 1040 142
214 1041 142 213 1042 141 84 1043 69
85 1044 70 86 1045 71 215 1046 143
215 1047 143 214 1048 142 85 1049 70
86 1050 71 81 1051 66 210 1052 138
210 1053 138 215 1054 143 86 1055 71
94 1056 72 95 1057 73 217 1058 145
217 1059 145 216 1060 144 94 1061 72
95 1062 73 96 1063 74 218 1064 146
218 1065 146 217 1066 145 95 1067 73
96 1068 74 97 1069 75 219 1070 147
219 1071 147 218 1072 146 96 1073 74
97 1074 75 98 1075 76 220 1076 148
220 1077 148 219 1078 147 97 1079 75
98 1080 76 99 1081 77 221 1082 149
221 1083 149 220 1084 148 98 1085 76
99 1086 77 94 1087 72 216 1088 144
216 1089 144 221 1090 149 99 1091 77
105 1092 78 106 1093 79 223 1094 151
223 1095 151 222 1096 150 105 1097 78
106 1098 79 107 1099 80 224 1100 152
224 1101 152 223 1102 151 106 1103 79
107 1104 80 108 1105 81 225 1106 153
225 1107 153 224 1108 152 107 1109 80
108 1110 81 109 1111 82 226 1112 154
226 1113 154 225 1114 153 108 1115 81
109 1116 82 110 1117 83 227 1118 155
227 1119 155 226 1120 154 109 1121 82
110 1122 83 105 1123 78 222 1124 150
222 1125 150 227 1126 155 110 1127 83
118 1128 84 119 1129 85 229 1130 157
229 1131 157 228 1132 156 118 1133 84
119 1134 85 120 1135 86 230 1136 158
230 1137 158 229 1138 157 119 1139 85
120 1140 86 121 1141 87 231 1142 159
231 1143 159 230 1144 158 120 1145 86
121 1146 87 122 1147 88 232 1148 160
232 1149 160 231 1150 159 121 1151 87
122 1152 88 123 1153 89 233 1154 161
233 1155 161 232 1156 160 122 1157 88
123 1158 89 118 1159 84 228 1160 156
228 1161 156 233 1162 161 123 1163 89
127 1164 90 128 1165 91 235 1166 163
235 1167 163 234 1168 162 127 1169 90
128 1170 91 129 1171 92 236 1172 164
236 1173 164 235 1174 163 128 1175 91
129 1176 92 130 1177 93 237 1178 165
237 1179 165 236 1180 164 129 1181 92
130 1182 93 131 1183 94 238 1184 166
238 1185 166 237 1186 165 130 1187 93
131 1188 94 132 1189 95 239 1190 167
239 1191 167 238 1192 166 131 1193 94
132 1194 95 127 1195 90 234 1196 162
234 1197 162 239 1198 167 132 1199 95
140 1200 96 141 1201 97 241 1202 169
241 1203 169 240 1204 168 140 1205 96
141 1206 97 142 1207 98 242 1208 170
242 1209 170 241 1210 169 141 1211 97
142 1212 98 143 1213 99 243 1214 171
243 1215 171 242 1216 170 142 1217 98
143 1218 99 144 1219 100 244 1220 172
244 1221 172 243 1222 171 143 1223 99
144 1224 100 145 1225 101 245 1226 173
245 1227 173 244 1228 172 144 1229 100
145 1230 101 140 1231 96 240 1232 168
240 1233 168 245 1234 173 145 1235 101
151 1236 102 152 1237 103 247 1238 175
247 1239 175 246 1240 174 151 1241 102
152 1242 103 153 1243 104 248 1244 176
248 1245 176 247 1246 175 152 1247 103
153 1248 104 154 1249 105 249 1250 177
249 1251 177 248 1252 176 153 1253 104
154 1254 105 155 1255 106 250 1256 178
250 1257 178 249 1258 177 154 1259 105
155 1260 106 156 1261 107 251 1262 179
251 1263 179 250 1264 178 155 1265 106
156 1266 107 151 1267 102 246 1268 174
246 1269 174 251 1270 179 156 1271 107
164 1272 108 165 1273 109 253 1274 181
253 1275 181 252 1276 180 164 1277 108
165 1278 109 166 1279 110 254 1280 182
254 1281 182 253 1282 181 165 1283 109
166 1284 110 167 1285 111 255 1286 183
255 1287 183 254 1288 182 166 1289 110
167 1290 111 168 1291 112 256 1292 184
256 1293 184 255 1294 183 167 1295 111
168 1296 112 169 1297 113 257 1298 185
257 1299 185 256 1300 184 168 1301 112
169 1302 113 164 1303 108 252 1304 180
252 1305 180 257 1306 185 169 1307 113
175 1308 114 176 1309 115 259 1310 187
259 1311 187 258 1312 186 175 1313 114
176 1314 115 177 1315 116 260 1316 188
260 1317 188 259 1318 187 176 1319 115
177 1320 116 178 1321 117 261 1322 189
261 1323 189 260 1324 188 177 1325 116
178 1326 117 179 1327 118 262 1328 190
262 1329 190 261 1330 189 178 1331 117
179 1332 118 180 1333 119 263 1334 191
263 1335 191 262 1336 190 179 1337 118
180 1338 119 175 1339 114 258 1340 186
258 1341 186 263 1342 191 180 1343 119
188 1344 120 189 1345 121 265 1346 193
265 1347 193 264 1348 192 188 1349 120
189 1350 121 190 1351 122 266 1352 194
266 1353 194 265 1354 193 189 1355 121
190 1356 122 191 1357 123 267 1358 195
267 1359 195 266 1360 194 190 1361 122
191 1362 123 192 1363 124 268 1364 196
268 1365 196 267 1366 195 191 1367 123
192 1368 124 193 1369 125 269 1370 197
269 1371 197 268 1372 196 192 1373 124
193 1374 125 188 1375 120 264 1376 192
264 1377 192 269 1378 197 193 1379 125
197 1380 126 198 1381 127 271 1382 199
271 1383 199 270 1384 198 197 1385 126
198 1386 127 199 1387 128 272 1388 200
272 1389 200 271 1390 199 198 1391 127
199 1392 128 200 1393 129 273 1394 201
273 1395 201 272 1396 200 199 1397 128
200 1398 129 201 1399 130 274 1400 202
274 1401 202 273 1402 201 200 1403 129
201 1404 130 202 1405 131 275 1406 203
275 1407 203 274 1408 202 201 1409 130
202 1410 131 197 1411 126 270 1412 198
270 1413 198 275 1414 203 202 1415 131

276 1416 995 280 1417 996 279 1418 997
276 1419 995 277 1420 998 280 1421 996
277 1422 998 281 1423 999 280 1424 996
277 1425 998 278 1426 1000 281 1427 999
278 1428 1001 279 1429 997 281 1430 1002
278 1431 1003 276 1432 995 279 1433 997
282 1434 966 281 1435 967 280 1436 968
282 1437 966 283 1438 969 281 1439 967
283 1440 972 279 1441 970 281 1442 973
283 1443 974 284 1444 971 279 1445 970
284 1446 971 280 1447 968 279 1448 970
284 1449 971 282 1450 966 280 1451 968
285 1452 981 279 1453 976 280 1454 982
285 1455 983 286 1456 978 279 1457 976
286 1458 978 287 1459 980 279 1460 979
287 1461 980 280 1462 977 279 1463 979
287 1464 980 285 1465 975 280 1466 977
288 1467 990 279 1468 985 281 1469 986
288 1470 991 289 1471 987 279 1472 985
289 1473 987 280 1474 988 279 1475 985
289 1476 987 290 1477 989 280 1478 988
290 1479 992 281 1480 986 280 1481 993
290 1482 994 288 1483 984 281 1484 986
