16
-1.000000 -1.500000 0.000000
1.000000 -1.500000 0.000000
-1.000000 1.500000 0.000000
1.000000 1.500000 0.000000
-0.833333 -1.333333 0.166667
0.833333 -1.333333 0.166667
-0.833333 1.333333 0.166667
0.833333 1.333333 0.166667
-0.833333 -1.333333 1.583333
0.833333 -1.333333 1.583333
-0.833333 1.333333 1.583333
0.833333 1.333333 1.583333
-1.000000 -1.500000 1.583333
1.000000 -1.500000 1.583333
-1.000000 1.500000 1.583333
1.000000 1.500000 1.583333

84
0.000000 0.000000 -1.000000
0.000000 0.000000 -1.000000
0.000000 0.000000 -1.000000
0.000000 0.000000 -1.000000
0.000000 0.000000 -1.000000
0.000000 0.000000 -1.000000
0.000000 1.000000 0.000000
0.000000 1.000000 0.000000
0.000000 1.000000 0.000000
0.000000 1.000000 0.000000
0.000000 1.000000 0.000000
0.000000 1.000000 0.000000
-1.000000 0.000000 0.000000
-1.000000 0.000000 0.000000
-1.000000 0.000000 0.000000
-1.000000 0.000000 0.000000
-1.000000 0.000000 0.000000
-1.000000 0.000000 0.000000
0.000000 0.000000 1.000000
0.000000 0.000000 1.000000
0.000000 0.000000 1.000000
0.000000 0.000000 1.000000
0.000000 0.000000 1.000000
0.000000 0.000000 1.000000
0.000000 0.000000 1.000000
0.000000 0.000000 1.000000
0.000000 0.000000 1.000000
0.000000 0.000000 1.000000
0.000000 0.000000 1.000000
0.000000 0.000000 1.000000
0.000000 -1.000000 0.000000
0.000000 -1.000000 0.000000
0.000000 -1.000000 0.000000
0.000000 -1.000000 0.000000
0.000000 -1.000000 0.000000
0.000000 -1.000000 0.000000
0.000000 0.000000 1.000000
0.000000 0.000000 1.000000
0.000000 0.000000 1.000000
0.000000 0.000000 1.000000
0.000000 0.000000 1.000000
0.000000 0.000000 1.000000
0.000000 0.000000 1.000000
0.000000 0.000000 1.000000
0.000000 0.000000 1.000000
0.000000 0.000000 1.000000
0.000000 0.000000 1.000000
0.000000 0.000000 1.000000
1.000000 0.000000 0.000000
1.000000 0.000000 0.000000
1.000000 0.000000 0.000000
1.000000 0.000000 0.000000
1.000000 0.000000 0.000000
1.000000 0.000000 0.000000
0.000000 -1.000000 0.000000
0.000000 -1.000000 0.000000
0.000000 -1.000000 0.000000
0.000000 -1.000000 0.000000
0.000000 -1.000000 0.000000
0.000000 -1.000000 0.000000
0.000000 0.000000 1.000000
0.000000 0.000000 1.000000
0.000000 0.000000 1.000000
0.000000 0.000000 1.000000
0.000000 0.000000 1.000000
0.000000 0.000000 1.000000
1.000000 0.000000 0.000000
1.000000 0.000000 0.000000
1.000000 0.000000 0.000000
1.000000 0.000000 0.000000
1.000000 0.000000 0.000000
1.000000 0.000000 0.000000
-1.000000 0.000000 0.000000
-1.000000 0.000000 0.000000
-1.000000 0.000000 0.000000
-1.000000 0.000000 0.000000
-1.000000 0.000000 0.000000
-1.000000 0.000000 0.000000
0.000000 1.000000 0.000000
0.000000 1.000000 0.000000
0.000000 1.000000 0.000000
0.000000 1.000000 0.000000
0.000000 1.000000 0.000000
0.000000 1.000000 0.000000

48
0.500499 0.895937
0.500499 0.500499
1.000000 0.500499
1.000000 0.895937
0.499516 0.395169
0.499516 -0.000269
0.000016 -0.000269
0.000016 0.395169
0.000016 0.395169
0.000016 -0.000269
0.499516 -0.000269
0.499516 0.395169
0.998683 0.000436
0.499182 0.000436
0.499183 0.499937
0.998683 0.499936
0.000055 0.895937
0.000055 0.500499
0.499556 0.500499
0.499556 0.895937
0.552684 0.432362
0.527993 0.467450
0.527993 0.046397
0.552684 0.081485
0.972437 0.046397
0.947746 0.081485
0.972437 0.467450
0.947746 0.432362
0.552684 0.081485
0.947746 0.081485
0.947746 0.432362
0.552684 0.432362
0.972608 0.442479
0.972608 0.088313
0.528164 0.088313
0.528164 0.442479
0.528164 0.442479
0.528164 0.088313
0.972608 0.088313
0.972608 0.442479
0.068193 0.356214
0.068193 0.025147
0.426952 0.025147
0.426952 0.356214
0.426952 0.356214
0.426952 0.025147
0.068193 0.025147
0.068193 0.356214

28
0 0 12 2 1 13 3 2 14
3 3 14 1 4 15 0 5 12
15 6 4 3 7 5 2 8 6
15 9 4 2 10 6 14 11 7
14 12 16 2 13 17 0 14 18
14 15 16 0 16 18 12 17 19
11 18 20 15 19 21 14 20 22
11 21 20 14 22 22 10 23 23
10 24 23 14 25 22 12 26 24
10 27 23 12 28 24 8 29 25
12 30 8 0 31 9 1 32 10
12 33 8 1 34 10 13 35 11
13 36 26 9 37 27 8 38 25
13 39 26 8 40 25 12 41 24
9 42 27 13 43 26 15 44 21
9 45 27 15 46 21 11 47 20
13 48 0 1 49 1 3 50 2
13 51 0 3 52 2 15 53 3
10 54 40 6 55 41 7 56 42
10 57 40 7 58 42 11 59 43
6 60 28 4 61 29 5 62 30
6 63 28 5 64 30 7 65 31
8 66 32 4 67 33 6 68 34
8 69 32 6 70 34 10 71 35
11 72 36 7 73 37 5 74 38
11 75 36 5 76 38 9 77 39
9 78 44 5 79 45 4 80 46
9 81 44 4 82 46 8 83 47
