16
-1.000000 -1.500000 2.000000
1.000000 -1.500000 2.000000
-1.000000 1.500000 2.000000
1.000000 1.500000 2.000000
-0.833333 -1.333333 1.833333
0.833333 -1.333333 1.833333
-0.833333 1.333333 1.833333
0.833333 1.333333 1.833333
-0.833333 -1.333333 1.583333
0.833333 -1.333333 1.583333
-0.833333 1.333333 1.583333
0.833333 1.333333 1.583333
-1.000000 -1.500000 1.583333
1.000000 -1.500000 1.583333
-1.000000 1.500000 1.583333
1.000000 1.500000 1.583333

84
0.000000 0.000000 1.000000
0.000000 0.000000 1.000000
0.000000 0.000000 1.000000
0.000000 0.000000 1.000000
0.000000 0.000000 1.000000
0.000000 0.000000 1.000000
1.000000 0.000000 0.000000
1.000000 0.000000 0.000000
1.000000 0.000000 0.000000
1.000000 0.000000 0.000000
1.000000 0.000000 0.000000
1.000000 0.000000 0.000000
0.000000 0.000000 -1.000000
0.000000 0.000000 -1.000000
0.000000 0.000000 -1.000000
0.000000 0.000000 -1.000000
0.000000 0.000000 -1.000000
0.000000 0.000000 -1.000000
0.000000 -1.000000 0.000000
0.000000 -1.000000 0.000000
0.000000 -1.000000 0.000000
0.000000 -1.000000 0.000000
0.000000 -1.000000 0.000000
0.000000 -1.000000 0.000000
0.000000 1.000000 0.000000
0.000000 1.000000 0.000000
0.000000 1.000000 0.000000
0.000000 1.000000 0.000000
0.000000 1.000000 0.000000
0.000000 1.000000 0.000000
-1.000000 0.000000 0.000000
-1.000000 0.000000 0.000000
-1.000000 0.000000 0.000000
-1.000000 0.000000 0.000000
-1.000000 0.000000 0.000000
-1.000000 0.000000 0.000000
0.000000 0.000000 -1.000000
0.000000 0.000000 -1.000000
0.000000 0.000000 -1.000000
0.000000 0.000000 -1.000000
0.000000 0.000000 -1.000000
0.000000 0.000000 -1.000000
0.000000 0.000000 -1.000000
0.000000 0.000000 -1.000000
0.000000 0.000000 -1.000000
0.000000 0.000000 -1.000000
0.000000 0.000000 -1.000000
0.000000 0.000000 -1.000000
-0.000000 -0.000000 -1.000000
-0.000000 -0.000000 -1.000000
-0.000000 -0.000000 -1.000000
0.000000 -0.000002 -1.000000
0.000000 -0.000002 -1.000000
0.000000 -0.000002 -1.000000
-0.000000 -0.000000 -1.000000
-0.000000 -0.000000 -1.000000
-0.000000 -0.000000 -1.000000
-0.000002 0.000000 -1.000000
-0.000002 0.000000 -1.000000
-0.000002 0.000000 -1.000000
-1.000000 0.000000 0.000000
-1.000000 0.000000 0.000000
-1.000000 0.000000 0.000000
-1.000000 0.000000 0.000000
-1.000000 0.000000 0.000000
-1.000000 0.000000 0.000000
0.000000 -1.000000 0.000000
0.000000 -1.000000 0.000000
0.000000 -1.000000 0.000000
0.000000 -1.000000 0.000000
0.000000 -1.000000 0.000000
0.000000 -1.000000 0.000000
1.000000 0.000000 0.000000
1.000000 0.000000 0.000000
1.000000 0.000000 0.000000
1.000000 0.000000 0.000000
1.000000 0.000000 0.000000
1.000000 0.000000 0.000000
0.000000 1.000000 0.000000
0.000000 1.000000 0.000000
0.000000 1.000000 0.000000
0.000000 1.000000 0.000000
0.000000 1.000000 0.000000
0.000000 1.000000 0.000000

48
0.500499 1.000000
0.500499 0.895937
1.000000 0.895937
1.000000 1.000000
0.000016 0.499231
0.000016 0.395169
0.499516 0.395169
0.499516 0.499231
0.499516 0.499231
0.499516 0.395169
0.000016 0.395169
0.000016 0.499231
0.998683 0.000436
0.998683 0.499936
0.499183 0.499937
0.499182 0.000436
0.000055 1.000000
0.000055 0.895937
0.499556 0.895937
0.499556 1.000000
0.553125 0.079246
0.553125 0.430123
0.948187 0.430123
0.948186 0.079246
0.553125 0.079246
0.528433 0.044158
0.528433 0.465211
0.553125 0.430123
0.972878 0.465211
0.948187 0.430123
0.972878 0.044158
0.948186 0.079246
0.966190 0.245662
0.966190 0.133062
0.521745 0.133062
0.521745 0.245662
0.521746 0.245662
0.521746 0.133062
0.966190 0.133062
0.966190 0.245662
0.996348 0.360042
0.538091 0.360042
0.538091 0.238380
0.996348 0.238380
0.996348 0.360042
0.996348 0.238381
0.538091 0.238381
0.538091 0.360042

28
0 0 12 1 1 13 3 2 14
3 3 14 2 4 15 0 5 12
4 6 32 8 7 33 10 8 34
4 9 32 10 10 34 6 11 35
5 12 20 4 13 21 6 14 22
5 15 20 6 16 22 7 17 23
7 18 40 6 19 41 10 20 42
7 21 40 10 22 42 11 23 43
5 24 44 9 25 45 8 26 46
5 27 44 8 28 46 4 29 47
7 30 36 11 31 37 9 32 38
7 33 36 9 34 38 5 35 39
9 36 24 13 37 25 12 38 26
9 39 24 12 40 26 8 41 27
8 42 27 12 43 26 14 44 28
8 45 27 14 46 28 10 47 29
10 48 29 14 49 28 15 50 30
10 51 29 15 52 30 11 53 31
15 54 30 13 55 25 9 56 24
15 57 30 9 58 24 11 59 31
2 60 16 14 61 17 12 62 18
2 63 16 12 64 18 0 65 19
0 66 4 12 67 5 13 68 6
0 69 4 13 70 6 1 71 7
1 72 0 13 73 1 15 74 2
1 75 0 15 76 2 3 77 3
3 78 8 15 79 9 14 80 10
3 81 8 14 82 10 2 83 11
