15
0.000000 0.000000 0.083333
0.061339 0.000000 0.779762
-0.020270 0.065604 0.783333
-0.065604 -0.020270 0.783333
0.000000 -0.075555 0.791667
0.058926 0.058926 0.833333
-0.058926 0.058926 0.833333
-0.058926 -0.058925 0.833333
0.058926 -0.058925 0.833333
0.050296 0.000000 1.000000
-0.029463 0.071129 1.000000
-0.071129 -0.029463 1.000000
0.000000 -0.083333 1.000000
0.250000 -0.000000 0.919667
-0.250000 0.000000 0.919667

66
0.007145 0.008523 -0.999938
-0.201348 0.935651 -0.289857
0.964936 0.063242 -0.254753
0.007145 0.008523 -0.999938
-0.959104 -0.189759 -0.210028
-0.201348 0.935651 -0.289857
0.007145 0.008523 -0.999938
0.075230 -0.978833 -0.190333
-0.959104 -0.189759 -0.210028
0.007145 0.008523 -0.999938
0.964936 0.063242 -0.254753
0.075230 -0.978833 -0.190333
0.964936 0.063242 -0.254753
-0.201348 0.935651 -0.289857
0.730808 0.667651 -0.141992
-0.201348 0.935651 -0.289857
-0.959104 -0.189759 -0.210028
-0.749451 0.645862 -0.145553
-0.959104 -0.189759 -0.210028
0.075230 -0.978833 -0.190333
-0.721794 -0.678116 -0.138464
0.075230 -0.978833 -0.190333
0.964936 0.063242 -0.254753
0.708995 -0.705211 0.001785
0.964936 0.063242 -0.254753
0.730808 0.667651 -0.141992
0.980300 0.051432 0.190698
0.730808 0.667651 -0.141992
-0.263526 0.935930 0.233643
0.980300 0.051432 0.190698
0.730808 0.667651 -0.141992
-0.201348 0.935651 -0.289857
-0.263526 0.935930 0.233643
-0.201348 0.935651 -0.289857
-0.749451 0.645862 -0.145553
-0.263526 0.935930 0.233643
-0.749451 0.645862 -0.145553
-0.957818 -0.268934 0.101287
-0.263526 0.935930 0.233643
-0.749451 0.645862 -0.145553
-0.959104 -0.189759 -0.210028
-0.957818 -0.268934 0.101287
-0.959104 -0.189759 -0.210028
-0.721794 -0.678116 -0.138464
-0.957818 -0.268934 0.101287
-0.721794 -0.678116 -0.138464
0.223533 -0.974075 0.034801
-0.957818 -0.268934 0.101287
-0.721794 -0.678116 -0.138464
0.075230 -0.978833 -0.190333
0.223533 -0.974075 0.034801
0.075230 -0.978833 -0.190333
0.980300 0.051432 0.190698
0.223533 -0.974075 0.034801
0.075230 -0.978833 -0.190333
0.708995 -0.705211 0.001785
0.980300 0.051432 0.190698
0.708995 -0.705211 0.001785
0.964936 0.063242 -0.254753
0.980300 0.051432 0.190698
0.000000 0.000000 1.000000
0.000000 0.000000 1.000000
0.000000 0.000000 1.000000
0.000000 0.000000 1.000000
0.000000 0.000000 1.000000
0.000000 0.000000 1.000000

151
0.500000 0.500000
0.750000 0.000500
0.875000 0.000500
1.000000 0.000500
0.125000 0.000500
0.250000 0.000500
0.375000 0.000500
0.500000 0.000500
0.625000 0.000500
0.750000 0.727046
0.875000 0.727046
1.000000 0.727046
0.125000 0.727046
0.250000 0.727046
0.375000 0.727046
0.500000 0.727046
0.625000 0.727046
0.750000 0.772455
0.875000 0.772455
1.000000 0.772455
0.125000 0.772455
0.250000 0.772455
0.375000 0.772455
0.500000 0.772455
0.625000 0.772455
0.750000 0.817864
0.875000 0.817864
1.000000 0.817864
0.125000 0.817864
0.250000 0.817864
0.375000 0.817864
0.500000 0.817864
0.625000 0.817864
0.750000 0.999501
0.875000 0.999501
1.000000 0.999501
0.125000 0.999501
0.250000 0.999501
0.375000 0.999501
0.500000 0.999501
0.625000 0.999501
0.500000 0.500000
0.500000 0.500000
0.146800 0.853200
0.500000 0.999500
0.500000 0.500000
0.000499 0.500000
0.146800 0.853200
0.500000 0.500000
0.146800 0.146800
0.000499 0.500000
0.500000 0.500000
0.500000 0.000500
0.146800 0.146800
0.500000 0.500000
0.853200 0.146800
0.500000 0.000500
0.500000 0.500000
0.999500 0.500000
0.853200 0.146800
0.500000 0.500000
0.853200 0.853200
0.999500 0.500000
0.500000 0.999500
0.853200 0.853200
-0.000000 0.000500
-0.000000 0.727046
-0.000000 0.000500
-0.000000 0.727046
-0.000000 0.772455
-0.000000 0.727046
-0.000000 0.772455
-0.000000 0.817864
-0.000000 0.772455
-0.000000 0.817864
-0.000000 0.999501
-0.000000 0.817864
0.500000 0.500000
0.500001 0.999500
0.146800 0.853200
0.500000 0.500000
0.146800 0.853200
0.000500 0.500000
0.500000 0.500000
0.000500 0.500000
0.146800 0.146800
0.500000 0.500000
0.146800 0.146800
0.500000 0.000500
0.500000 0.500000
0.500000 0.000500
0.853201 0.146800
0.500000 0.500000
0.853201 0.146800
0.999501 0.500000
0.500000 0.500000
0.999501 0.500000
0.853201 0.853200
0.853201 0.853200
0.500001 0.999500
0.500000 0.500000
0.333333 0.999501
0.500000 0.999501
0.166667 0.999501
1.000000 0.999501
0.833333 0.999501
0.666667 0.999501
0.333333 0.000500
0.500000 0.000500
0.166667 0.000500
0.000000 0.000500
0.833333 0.000500
0.666667 0.000500
0.500000 0.500000
0.500000 0.500000
0.749750 0.067420
0.999501 0.500000
0.500000 0.500000
0.250250 0.067420
0.749750 0.067420
0.500000 0.500000
0.000500 0.500000
0.250250 0.067420
0.500000 0.500000
0.250250 0.932580
0.000500 0.500000
0.500000 0.500000
0.749750 0.932580
0.250250 0.932580
0.999501 0.500000
0.749750 0.932580
-0.000000 0.999501
-0.000000 0.999501
-0.166667 0.000500
0.500000 0.500000
0.999500 0.500000
0.749750 0.067419
0.500000 0.500000
0.749750 0.067419
0.250250 0.067419
0.500000 0.500000
0.250250 0.067419
0.000499 0.500000
0.500000 0.500000
0.000499 0.500000
0.250250 0.932580
0.500000 0.500000
0.250250 0.932580
0.749750 0.932580
0.749750 0.932580
0.999500 0.500000

22
0 0 2 2 1 11 1 2 10
0 3 4 3 4 13 2 5 12
0 6 6 4 7 15 3 8 14
0 9 7 1 10 16 4 11 15
1 12 18 2 13 27 5 14 26
2 15 20 3 16 29 6 17 28
3 18 22 4 19 31 7 20 30
4 21 23 1 22 24 8 23 32
1 24 25 5 25 26 9 26 34
5 27 26 10 28 35 9 29 34
5 30 26 2 31 27 10 32 35
2 33 76 6 34 28 10 35 36
6 36 28 11 37 37 10 38 36
6 39 28 3 40 29 11 41 37
3 42 29 7 43 30 11 44 38
7 45 30 12 46 39 11 47 38
7 48 30 4 49 31 12 50 39
4 51 31 9 52 40 12 53 39
4 54 31 8 55 32 9 56 40
8 57 32 1 58 25 9 59 33
9 60 86 10 61 87 11 62 88
9 63 92 11 64 93 12 65 94
