21
36.000000 0.000000 0.000000
29.124611 21.160269 0.000000
11.124611 34.238033 0.000000
-11.124614 34.238033 0.000000
-29.124613 21.160267 0.000000
-36.000000 -0.000003 0.000000
-29.124609 -21.160273 0.000000
-11.124608 -34.238037 0.000000
11.124617 -34.238033 0.000000
29.124615 -21.160265 0.000000
36.000000 0.000000 2650.000000
29.124611 21.160269 2650.000000
11.124611 34.238033 2650.000000
-11.124614 34.238033 2650.000000
-29.124613 21.160267 2650.000000
-36.000000 -0.000003 2650.000000
-29.124609 -21.160273 2650.000000
-11.124608 -34.238037 2650.000000
11.124617 -34.238033 2650.000000
29.124615 -21.160265 2650.000000
0.000050 0.000000 2650.000000

90
1.000000 -0.000000 0.000000
0.809017 0.587785 0.000000
1.000000 0.000000 0.000000
1.000000 -0.000000 0.000000
0.809017 0.587785 0.000000
0.809017 0.587785 0.000000
0.809017 0.587785 0.000000
0.309017 0.951057 0.000000
0.809017 0.587785 0.000000
0.809017 0.587785 0.000000
0.309017 0.951056 0.000000
0.309017 0.951057 0.000000
0.309017 0.951056 0.000000
-0.309017 0.951056 0.000000
0.309017 0.951057 0.000000
0.309017 0.951056 0.000000
-0.309017 0.951057 0.000000
-0.309017 0.951056 0.000000
-0.309017 0.951057 0.000000
-0.809017 0.587785 0.000000
-0.309017 0.951056 0.000000
-0.309017 0.951057 0.000000
-0.809017 0.587785 0.000000
-0.809017 0.587785 0.000000
-0.809017 0.587785 0.000000
-1.000000 -0.000000 0.000000
-0.809017 0.587785 0.000000
-0.809017 0.587785 0.000000
-1.000000 0.000000 0.000000
-1.000000 -0.000000 0.000000
-1.000000 0.000000 0.000000
-0.809017 -0.587786 0.000000
-1.000000 -0.000000 0.000000
-1.000000 0.000000 0.000000
-0.809017 -0.587785 0.000000
-0.809017 -0.587786 0.000000
-0.809017 -0.587785 0.000000
-0.309017 -0.951057 0.000000
-0.809017 -0.587786 0.000000
-0.809017 -0.587785 0.000000
-0.309017 -0.951056 0.000000
-0.309017 -0.951057 0.000000
-0.309017 -0.951056 0.000000
0.309017 -0.951056 0.000000
-0.309017 -0.951057 0.000000
-0.309017 -0.951056 0.000000
0.309017 -0.951057 0.000000
0.309017 -0.951056 0.000000
0.309017 -0.951057 0.000000
0.809017 -0.587785 0.000000
0.309017 -0.951056 0.000000
0.309017 -0.951057 0.000000
0.809017 -0.587785 0.000000
0.809017 -0.587785 0.000000
0.809017 -0.587785 0.000000
1.000000 0.000000 0.000000
0.809017 -0.587785 0.000000
0.809017 -0.587785 0.000000
1.000000 -0.000000 0.000000
1.000000 0.000000 0.000000
0.000000 0.000000 1.000000
0.000000 0.000000 1.000000
0.000000 0.000000 1.000000
0.000000 0.000000 1.000000
0.000000 0.000000 1.000000
0.000000 0.000000 1.000000
0.000000 0.000000 1.000000
0.000000 0.000000 1.000000
0.000000 0.000000 1.000000
0.000000 0.000000 1.000000
0.000000 0.000000 1.000000
0.000000 0.000000 1.000000
0.000000 0.000000 1.000000
0.000000 0.000000 1.000000
0.000000 0.000000 1.000000
0.000000 0.000000 1.000000
0.000000 0.000000 1.000000
0.000000 0.000000 1.000000
0.000000 0.000000 1.000000
0.000000 0.000000 1.000000
0.000000 0.000000 1.000000
0.000000 0.000000 1.000000
0.000000 0.000000 1.000000
0.000000 0.000000 1.000000
0.000000 0.000000 1.000000
0.000000 0.000000 1.000000
0.000000 0.000000 1.000000
0.000000 0.000000 1.000000
0.000000 0.000000 1.000000
0.000000 0.000000 1.000000

34
0.650000 0.500000
0.621353 0.588168
0.546353 0.642658
0.453647 0.642658
0.378647 0.588168
0.350000 0.500000
0.378647 0.411832
0.453647 0.357342
0.546353 0.357342
0.621353 0.411832
0.500000 0.500000
0.750000 -5.020833
0.850000 6.020834
0.750000 6.020834
0.850000 -5.020833
0.950000 6.020834
0.950000 -5.020833
0.050000 6.020834
0.050000 -5.020833
0.150000 6.020834
0.150000 -5.020833
0.250000 6.020834
0.250000 -5.020833
0.350000 6.020834
0.350000 -5.020833
0.450000 6.020834
0.450000 -5.020833
0.550000 6.020834
0.550000 -5.020833
0.650000 6.020834
0.650000 -5.020833
-0.050000 -5.020833
-0.050000 6.020834
-0.050000 -5.020833

2
10
20

20 60 10 13 61 3 14 62 4
20 63 10 14 64 4 15 65 5
20 66 10 15 67 5 16 68 6
20 69 10 16 70 6 17 71 7
20 72 10 19 73 9 10 74 0
20 75 10 10 76 0 11 77 1
20 78 10 11 79 1 12 80 2
20 81 10 12 82 2 13 83 3
20 84 10 17 85 7 18 86 8
20 87 10 18 88 8 19 89 9

0 0 11 11 1 12 10 2 13
0 3 11 1 4 14 11 5 12
1 6 14 12 7 15 11 8 12
1 9 14 2 10 16 12 11 15
2 12 31 13 13 17 12 14 32
2 15 33 3 16 18 13 17 17
3 18 18 14 19 19 13 20 17
3 21 18 4 22 20 14 23 19
4 24 20 15 25 21 14 26 19
4 27 20 5 28 22 15 29 21
5 30 22 16 31 23 15 32 21
5 33 22 6 34 24 16 35 23
6 36 24 17 37 25 16 38 23
6 39 24 7 40 26 17 41 25
7 42 26 18 43 27 17 44 25
7 45 26 8 46 28 18 47 27
8 48 28 19 49 29 18 50 27
8 51 28 9 52 30 19 53 29
9 54 30 10 55 13 19 56 29
9 57 30 0 58 11 10 59 13
