25
0.100592 0.000000 0.000000
-0.044194 0.106694 0.000000
-0.106694 -0.044194 0.000000
0.000000 -0.125000 0.000000
0.100592 0.000000 0.291667
-0.044194 0.106694 0.291667
-0.106694 -0.044194 0.291667
0.000000 -0.125000 0.291667
0.151250 0.000000 0.458333
0.106950 0.106950 0.458333
-0.000000 0.151250 0.458333
-0.106950 0.106950 0.458333
-0.151250 -0.000000 0.458333
-0.106950 -0.106950 0.458333
0.000000 -0.151250 0.458333
0.106950 -0.106950 0.458333
0.151250 0.000000 0.750000
0.106950 0.106950 0.750000
-0.000000 0.151250 0.750000
-0.106950 0.106950 0.750000
-0.151250 -0.000000 0.750000
-0.106950 -0.106950 0.750000
0.000000 -0.151250 0.750000
0.106950 -0.106950 0.750000
-0.000000 0.000000 0.750000

132
0.991684 0.128694 0.000000
-0.265586 0.931787 -0.247463
0.955130 0.122176 -0.269813
0.991684 0.128694 0.000000
-0.268190 0.963366 0.000000
-0.265586 0.931787 -0.247463
-0.268190 0.963366 0.000000
-0.943689 -0.288637 -0.161678
-0.265586 0.931787 -0.247463
-0.268190 0.963366 0.000000
-0.965105 -0.261862 0.000000
-0.943689 -0.288637 -0.161678
-0.965105 -0.261862 0.000000
0.069185 -0.985465 -0.155151
-0.943689 -0.288637 -0.161678
-0.965105 -0.261862 0.000000
0.122183 -0.992508 0.000000
0.069185 -0.985465 -0.155151
0.122183 -0.992508 0.000000
0.955130 0.122176 -0.269813
0.069185 -0.985465 -0.155151
0.122183 -0.992508 0.000000
0.991684 0.128694 0.000000
0.955130 0.122176 -0.269813
0.955130 0.122176 -0.269813
0.665173 0.712702 -0.222714
0.989860 0.000000 -0.142048
0.955130 0.122176 -0.269813
0.051775 0.983800 -0.171628
0.665173 0.712702 -0.222714
0.955130 0.122176 -0.269813
-0.265586 0.931787 -0.247463
0.051775 0.983800 -0.171628
-0.265586 0.931787 -0.247463
-0.719200 0.682023 -0.132655
0.051775 0.983800 -0.171628
-0.265586 0.931787 -0.247463
-0.990814 0.026288 -0.132655
-0.719200 0.682023 -0.132655
-0.265586 0.931787 -0.247463
-0.943689 -0.288637 -0.161678
-0.990814 0.026288 -0.132655
-0.943689 -0.288637 -0.161678
-0.682022 -0.719200 -0.132655
-0.990814 0.026288 -0.132655
-0.943689 -0.288637 -0.161678
-0.023778 -0.994098 -0.105849
-0.682022 -0.719200 -0.132655
-0.943689 -0.288637 -0.161678
0.069185 -0.985465 -0.155151
-0.023778 -0.994098 -0.105849
0.069185 -0.985465 -0.155151
0.711926 -0.688839 -0.136610
-0.023778 -0.994098 -0.105849
0.069185 -0.985465 -0.155151
0.955130 0.122176 -0.269813
0.711926 -0.688839 -0.136610
0.955130 0.122176 -0.269813
0.989860 0.000000 -0.142048
0.711926 -0.688839 -0.136610
0.989860 0.000000 -0.142048
0.707107 0.707107 -0.000000
1.000000 -0.000000 -0.000000
0.989860 0.000000 -0.142048
0.665173 0.712702 -0.222714
0.707107 0.707107 -0.000000
0.665173 0.712702 -0.222714
-0.000000 1.000000 -0.000000
0.707107 0.707107 -0.000000
0.665173 0.712702 -0.222714
0.051775 0.983800 -0.171628
-0.000000 1.000000 -0.000000
0.051775 0.983800 -0.171628
-0.707107 0.707107 -0.000000
-0.000000 1.000000 -0.000000
0.051775 0.983800 -0.171628
-0.719200 0.682023 -0.132655
-0.707107 0.707107 -0.000000
-0.719200 0.682023 -0.132655
-1.000000 -0.000000 0.000000
-0.707107 0.707107 -0.000000
-0.719200 0.682023 -0.132655
-0.990814 0.026288 -0.132655
-1.000000 -0.000000 0.000000
-0.990814 0.026288 -0.132655
-0.707107 -0.707107 -0.000000
-1.000000 -0.000000 0.000000
-0.990814 0.026288 -0.132655
-0.682022 -0.719200 -0.132655
-0.707107 -0.707107 -0.000000
-0.682022 -0.719200 -0.132655
0.000000 -1.000000 -0.000000
-0.707107 -0.707107 -0.000000
-0.682022 -0.719200 -0.132655
-0.023778 -0.994098 -0.105849
0.000000 -1.000000 -0.000000
-0.023778 -0.994098 -0.105849
0.707107 -0.707107 -0.000000
0.000000 -1.000000 -0.000000
-0.023778 -0.994098 -0.105849
0.711926 -0.688839 -0.136610
0.707107 -0.707107 -0.000000
0.711926 -0.688839 -0.136610
1.000000 -0.000000 -0.000000
0.707107 -0.707107 -0.000000
0.711926 -0.688839 -0.136610
0.989860 0.000000 -0.142048
1.000000 -0.000000 -0.000000
0.000000 0.000000 1.000000
0.000000 0.000000 1.000000
0.000000 0.000000 1.000000
0.000000 0.000000 1.000000
0.000000 0.000000 1.000000
0.000000 0.000000 1.000000
0.000000 0.000000 1.000000
0.000000 0.000000 1.000000
0.000000 0.000000 1.000000
0.000000 0.000000 1.000000
0.000000 0.000000 1.000000
0.000000 0.000000 1.000000
0.000000 0.000000 1.000000
0.000000 0.000000 1.000000
0.000000 0.000000 1.000000
0.000000 0.000000 1.000000
0.000000 0.000000 1.000000
0.000000 0.000000 1.000000
0.000000 0.000000 1.000000
0.000000 0.000000 1.000000
0.000000 0.000000 1.000000
0.000000 0.000000 1.000000
0.000000 0.000000 1.000000
0.000000 0.000000 1.000000

65
0.750000 0.000499
0.875000 0.000499
1.000000 0.000499
0.125000 0.000499
0.250000 0.000499
0.375000 0.000499
0.500000 0.000499
0.625000 0.000499
0.750000 0.389000
0.875000 0.389000
1.000000 0.389000
0.125000 0.389000
0.250000 0.389000
0.375000 0.389000
0.500000 0.389000
0.625000 0.389000
0.750000 0.611000
0.875000 0.611000
1.000000 0.611000
0.125000 0.611000
0.250000 0.611000
0.375000 0.611000
0.500000 0.611000
0.625000 0.611000
0.750000 0.999501
0.875000 0.999501
1.000000 0.999501
0.125000 0.999501
0.250000 0.999501
0.375000 0.999501
0.500000 0.999501
0.625000 0.999501
0.500000 0.500000
-0.000000 0.000499
-0.000000 0.389000
-0.000000 0.000499
-0.000000 0.389000
-0.000000 0.611000
-0.000000 0.389000
-0.000000 0.611000
-0.000000 0.999501
-0.000000 0.611000
0.500000 0.500000
0.500000 0.999501
0.146800 0.853200
0.500000 0.500000
0.146800 0.853200
0.000500 0.500000
0.500000 0.500000
0.000500 0.500000
0.146800 0.146800
0.500000 0.500000
0.146800 0.146800
0.500000 0.000499
0.500000 0.500000
0.500000 0.000499
0.853200 0.146800
0.500000 0.500000
0.853200 0.146800
0.999500 0.500000
0.500000 0.500000
0.999500 0.500000
0.853200 0.853200
0.853200 0.853200
0.500000 0.999501

44
0 0 1 5 1 10 4 2 9
0 3 1 1 4 2 5 5 10
1 6 3 6 7 12 5 8 11
1 9 3 2 10 4 6 11 12
2 12 5 7 13 14 6 14 13
2 15 5 3 16 6 7 17 14
3 18 6 4 19 15 7 20 14
3 21 6 0 22 7 4 23 15
4 24 8 9 25 17 8 26 16
4 27 9 10 28 18 9 29 17
4 30 9 5 31 10 10 32 18
5 33 36 11 34 19 10 35 37
5 36 11 12 37 20 11 38 19
5 39 11 6 40 12 12 41 20
6 42 12 13 43 21 12 44 20
6 45 13 14 46 22 13 47 21
6 48 13 7 49 14 14 50 22
7 51 14 15 52 23 14 53 22
7 54 14 4 55 15 15 56 23
4 57 15 8 58 16 15 59 23
8 60 16 17 61 25 16 62 24
8 63 16 9 64 17 17 65 25
9 66 17 18 67 26 17 68 25
9 69 17 10 70 18 18 71 26
10 72 39 19 73 27 18 74 40
10 75 41 11 76 19 19 77 27
11 78 19 20 79 28 19 80 27
11 81 19 12 82 20 20 83 28
12 84 20 21 85 29 20 86 28
12 87 20 13 88 21 21 89 29
13 90 21 22 91 30 21 92 29
13 93 21 14 94 22 22 95 30
14 96 22 23 97 31 22 98 30
14 99 22 15 100 23 23 101 31
15 102 23 16 103 24 23 104 31
15 105 23 8 106 16 16 107 24
24 108 42 16 109 43 17 110 44
24 111 45 17 112 46 18 113 47
24 114 48 18 115 49 19 116 50
24 117 51 19 118 52 20 119 53
24 120 54 20 121 55 21 122 56
24 123 57 21 124 58 22 125 59
24 126 60 22 127 61 23 128 62
24 129 32 23 130 63 16 131 64
