8
-2.000000 -0.250000 0.000000
2.000000 -0.250000 0.000000
-2.000000 0.250000 0.000000
2.000000 0.250000 0.000000
-2.000000 -0.250000 7.833332
2.000000 -0.250000 7.833332
-2.000000 0.250000 7.833332
2.000000 0.250000 7.833332

36
0.000000 0.000000 -1.000000
0.000000 0.000000 -1.000000
0.000000 0.000000 -1.000000
0.000000 0.000000 -1.000000
0.000000 0.000000 -1.000000
0.000000 0.000000 -1.000000
0.000000 0.000000 1.000000
0.000000 0.000000 1.000000
0.000000 0.000000 1.000000
0.000000 0.000000 1.000000
0.000000 0.000000 1.000000
0.000000 0.000000 1.000000
0.000000 -1.000000 0.000000
0.000000 -1.000000 0.000000
0.000000 -1.000000 0.000000
0.000000 -1.000000 0.000000
0.000000 -1.000000 0.000000
0.000000 -1.000000 0.000000
1.000000 0.000000 0.000000
1.000000 0.000000 0.000000
1.000000 0.000000 0.000000
1.000000 0.000000 0.000000
1.000000 0.000000 0.000000
1.000000 0.000000 0.000000
0.000000 1.000000 0.000000
0.000000 1.000000 0.000000
0.000000 1.000000 0.000000
0.000000 1.000000 0.000000
0.000000 1.000000 0.000000
0.000000 1.000000 0.000000
-1.000000 -0.000000 0.000000
-1.000000 0.000000 0.000000
-1.000000 -0.000000 0.000000
-1.000000 -0.000000 0.000000
-1.000000 -0.000000 0.000000
-1.000000 -0.000000 0.000000

26
0.000499 0.999501
0.000499 0.000500
0.999501 0.000500
0.999501 0.000500
0.999501 0.999501
0.000499 0.999501
0.282873 0.515926
0.282873 0.740689
0.717127 0.740689
0.717127 0.515926
0.282873 0.740689
0.282873 0.515926
0.717127 0.515926
0.717127 0.740689
0.560052 0.999501
0.716606 0.999500
0.716606 0.000499
0.560051 0.000500
0.560052 0.999501
0.560051 0.000500
0.716606 0.000499
0.716606 0.999500
0.000500 0.000500
0.000500 0.999501
0.999501 0.999501
0.999501 0.000500

12
0 0 14 2 1 15 3 2 16
3 3 16 1 4 17 0 5 14
4 6 18 5 7 19 7 8 20
7 9 20 6 10 21 4 11 18
0 12 0 1 13 1 5 14 2
5 15 3 4 16 4 0 17 5
1 18 6 3 19 7 7 20 8
7 21 8 5 22 9 1 23 6
3 24 22 2 25 23 6 26 24
6 27 24 7 28 25 3 29 22
2 30 10 0 31 11 4 32 12
4 33 12 6 34 13 2 35 10
