20
-2.663244 -1.166667 3.229051
2.671545 -1.166681 3.229100
-2.663244 1.166667 3.229051
2.671545 1.166652 3.229100
-2.666445 -1.166692 4.229070
2.667243 -1.166692 4.229120
-2.666445 1.166641 4.229070
2.667243 1.166641 4.229120
1.916341 -1.166696 -7.833416
2.675848 -1.166696 -7.833367
1.916341 1.166637 -7.833416
2.675848 1.166637 -7.833367
1.916341 -1.166696 3.229009
1.916341 1.166637 3.229009
-2.660043 -1.166666 -7.833416
-1.899984 -1.166667 -7.833418
-2.660043 1.166667 -7.833416
-1.899984 1.166667 -7.833416
-1.899983 -1.166667 3.229009
-1.899983 1.166667 3.229009

84
0.000009 0.000000 -1.000000
0.000009 0.000000 -1.000000
0.000009 0.000000 -1.000000
0.000009 0.000000 -1.000000
0.000009 0.000000 -1.000000
0.000009 0.000000 -1.000000
-0.000009 0.000000 1.000000
-0.000009 0.000000 1.000000
-0.000009 0.000000 1.000000
-0.000009 0.000000 1.000000
-0.000009 0.000000 1.000000
-0.000009 0.000000 1.000000
-0.000000 -1.000000 -0.000012
0.000008 -1.000000 -0.000005
-0.000002 -1.000000 -0.000013
-0.000002 -1.000000 -0.000013
0.000000 -1.000000 -0.000026
-0.000000 -1.000000 -0.000012
0.999997 0.000000 0.002346
0.999997 0.000000 0.002346
0.999991 0.000000 0.004302
0.999991 0.000000 0.004302
0.999991 0.000000 0.004302
0.999997 0.000000 0.002346
-0.000010 1.000000 0.000006
0.000001 1.000000 0.000013
0.000002 1.000000 0.000024
0.000002 1.000000 0.000024
-0.000000 1.000000 0.000011
-0.000010 1.000000 0.000006
-0.999998 0.000000 -0.001745
-0.999999 0.000000 -0.001745
-0.999995 0.000000 -0.003201
-0.999995 0.000000 -0.003201
-0.999995 0.000000 -0.003201
-0.999998 0.000000 -0.001745
0.000001 -1.000000 0.000001
-0.000000 -1.000000 0.000001
0.000008 -1.000000 -0.000005
0.000008 -1.000000 -0.000005
0.000020 -1.000000 0.000000
0.000001 -1.000000 0.000001
1.000000 0.000000 0.000389
1.000000 0.000000 0.000389
0.999997 0.000000 0.002346
0.999997 0.000000 0.002346
0.999997 0.000000 0.002346
1.000000 0.000000 0.000389
-0.000001 1.000000 -0.000000
0.000000 1.000000 0.000000
-0.000019 1.000000 -0.000001
-0.000019 1.000000 -0.000001
-0.000010 1.000000 0.000006
-0.000001 1.000000 -0.000000
-1.000000 -0.000000 -0.000000
-1.000000 0.000000 -0.000000
-1.000000 -0.000000 -0.000000
-1.000000 -0.000000 -0.000000
-1.000000 -0.000000 -0.000000
-1.000000 -0.000000 -0.000000
-0.000000 -1.000000 -0.000000
-0.000000 -1.000000 0.000000
-0.000000 -1.000000 -0.000000
-0.000000 -1.000000 -0.000000
-0.000000 -1.000000 -0.000012
-0.000000 -1.000000 -0.000000
1.000000 0.000000 -0.000000
1.000000 0.000000 -0.000000
1.000000 0.000000 -0.000000
1.000000 0.000000 -0.000000
1.000000 0.000000 -0.000000
1.000000 0.000000 -0.000000
-0.000000 1.000000 0.000000
-0.000000 1.000000 0.000000
0.000001 1.000000 0.000013
0.000001 1.000000 0.000013
-0.000000 1.000000 0.000000
-0.000000 1.000000 0.000000
-1.000000 0.000000 -0.000289
-1.000000 0.000000 -0.000289
-0.999999 0.000000 -0.001745
-0.999999 0.000000 -0.001745
-0.999998 0.000000 -0.001745
-1.000000 0.000000 -0.000289

56
0.299528 0.491096
0.700476 0.491096
0.700472 0.382593
0.299524 0.382593
0.700476 0.491101
0.299528 0.491101
0.299524 0.382599
0.700472 0.382599
1.175365 0.260502
1.175366 0.477772
-0.175366 0.477772
-0.175366 0.260503
1.175365 0.477772
1.175366 0.260502
-0.175366 0.260502
-0.175366 0.477772
-0.655290 0.237245
-0.655283 0.013234
1.009712 0.013234
1.009704 0.237245
-0.655283 0.013234
-0.655290 0.237245
1.009704 0.237245
1.009712 0.013234
-0.718294 0.519997
-0.718294 0.989012
1.718294 0.989012
1.718294 0.519997
-0.718294 0.989012
-0.718294 0.519997
1.718294 0.519997
1.718294 0.989012
-0.371635 0.005873
-0.371635 0.477100
1.898812 0.477100
1.898812 0.005873
-0.371645 0.477100
-0.371645 0.005873
1.898802 0.005873
1.898802 0.477100
0.000500 0.272960
0.000500 0.727046
0.999501 0.727045
0.999500 0.272959
0.000499 0.272955
0.999500 0.272954
0.999500 0.727040
0.000500 0.727041
-0.280469 0.755167
1.280469 0.755179
1.280469 0.991181
-0.280469 0.991169
1.280469 0.755179
-0.280469 0.755167
-0.280469 0.991169
1.280469 0.991181

28
0 0 40 2 1 41 3 2 42
3 3 42 1 4 43 0 5 40
4 6 44 5 7 45 7 8 46
7 9 46 6 10 47 4 11 44
0 12 48 1 13 49 5 14 50
5 15 50 4 16 51 0 17 48
1 18 0 3 19 1 7 20 2
7 21 2 5 22 3 1 23 0
3 24 52 2 25 53 6 26 54
6 27 54 7 28 55 3 29 52
2 30 4 0 31 5 4 32 6
4 33 6 6 34 7 2 35 4
8 36 16 9 37 17 1 38 18
1 39 18 12 40 19 8 41 16
9 42 32 11 43 33 3 44 34
3 45 34 1 46 35 9 47 32
11 48 20 10 49 21 13 50 22
13 51 22 3 52 23 11 53 20
10 54 36 8 55 37 12 56 38
12 57 38 13 58 39 10 59 36
14 60 8 15 61 9 18 62 10
18 63 10 0 64 11 14 65 8
15 66 24 17 67 25 19 68 26
19 69 26 18 70 27 15 71 24
17 72 12 16 73 13 2 74 14
2 75 14 19 76 15 17 77 12
16 78 28 14 79 29 0 80 30
0 81 30 2 82 31 16 83 28
