20
-2.903310 -1.166667 -0.000041
2.911611 -1.166681 0.000008
-2.903310 1.166667 -0.000041
2.911611 1.166652 0.000008
-2.906799 -1.166692 0.999979
2.906921 -1.166692 1.000028
-2.906799 1.166641 0.999979
2.906921 1.166641 1.000028
1.916341 -1.166696 -7.833416
2.916301 -1.166696 -7.833366
1.916341 1.166637 -7.833416
2.916301 1.166637 -7.833366
1.916341 -1.166696 -0.000082
1.916341 1.166637 -0.000082
-2.899821 -1.166667 -7.833416
-1.899984 -1.166667 -7.833416
-2.899821 1.166667 -7.833416
-1.899984 1.166667 -7.833416
-1.899984 -1.166667 -0.000082
-1.899984 1.166667 -0.000082

84
0.000009 0.000000 -1.000000
0.000009 0.000000 -1.000000
0.000009 0.000000 -1.000000
0.000009 0.000000 -1.000000
0.000009 0.000000 -1.000000
0.000009 0.000000 -1.000000
-0.000009 0.000000 1.000000
-0.000009 0.000000 1.000000
-0.000009 0.000000 1.000000
-0.000009 0.000000 1.000000
-0.000009 0.000000 1.000000
-0.000009 0.000000 1.000000
-0.000000 -1.000000 -0.000012
0.000006 -1.000000 -0.000005
-0.000002 -1.000000 -0.000013
-0.000002 -1.000000 -0.000013
0.000000 -1.000000 -0.000026
-0.000000 -1.000000 -0.000012
0.999997 0.000000 0.002644
0.999997 0.000000 0.002644
0.999989 0.000000 0.004690
0.999989 0.000000 0.004690
0.999989 0.000000 0.004690
0.999997 0.000000 0.002644
-0.000007 1.000000 0.000005
0.000001 1.000000 0.000013
0.000002 1.000000 0.000024
0.000002 1.000000 0.000024
-0.000000 1.000000 0.000011
-0.000007 1.000000 0.000005
-0.999998 0.000000 -0.001967
-0.999998 0.000000 -0.001967
-0.999994 0.000000 -0.003489
-0.999994 0.000000 -0.003489
-0.999994 0.000000 -0.003489
-0.999998 0.000000 -0.001967
0.000001 -1.000000 0.000002
-0.000000 -1.000000 0.000002
0.000006 -1.000000 -0.000005
0.000006 -1.000000 -0.000005
0.000015 -1.000000 0.000000
0.000001 -1.000000 0.000002
1.000000 0.000000 0.000599
1.000000 0.000000 0.000599
0.999997 0.000000 0.002644
0.999997 0.000000 0.002644
0.999997 0.000000 0.002644
1.000000 0.000000 0.000599
-0.000001 1.000000 -0.000000
0.000000 1.000000 0.000000
-0.000014 1.000000 -0.000002
-0.000014 1.000000 -0.000002
-0.000007 1.000000 0.000005
-0.000001 1.000000 -0.000000
-1.000000 0.000000 0.000000
-1.000000 0.000000 0.000000
-1.000000 0.000000 0.000000
-1.000000 0.000000 0.000000
-1.000000 0.000000 0.000000
-1.000000 0.000000 0.000000
0.000000 -1.000000 0.000000
0.000000 -1.000000 0.000000
0.000000 -1.000000 0.000000
0.000000 -1.000000 0.000000
-0.000000 -1.000000 -0.000012
0.000000 -1.000000 0.000000
1.000000 0.000000 0.000000
1.000000 0.000000 0.000000
1.000000 0.000000 0.000000
1.000000 0.000000 0.000000
1.000000 0.000000 0.000000
1.000000 0.000000 0.000000
0.000000 1.000000 0.000000
0.000000 1.000000 0.000000
0.000001 1.000000 0.000013
0.000001 1.000000 0.000013
0.000000 1.000000 0.000000
0.000000 1.000000 0.000000
-1.000000 0.000000 -0.000445
-1.000000 0.000000 -0.000445
-0.999998 0.000000 -0.001967
-0.999998 0.000000 -0.001967
-0.999998 0.000000 -0.001967
-1.000000 0.000000 -0.000445

56
0.155919 0.504210
0.155919 0.743635
0.981609 0.743635
0.981609 0.504210
0.155914 0.743635
0.155914 0.504210
0.981605 0.504210
0.981605 0.743635
0.164459 0.635406
0.164459 0.870144
0.984990 0.870144
0.984990 0.635406
0.164459 0.870144
0.164459 0.635406
0.984990 0.635406
0.984990 0.870144
0.000500 0.629484
0.000500 0.861807
0.999501 0.861807
0.999501 0.629483
0.000500 0.629481
0.999501 0.629481
0.999501 0.861804
0.000500 0.861804
0.000500 0.754089
0.999500 0.754093
0.999500 0.868436
0.000500 0.868432
0.999501 0.754093
0.000500 0.754089
0.000500 0.868432
0.999501 0.868436
0.999500 1.005938
0.999495 1.116407
0.000500 1.116407
0.000505 1.005938
0.999495 1.116407
0.999501 1.005938
0.000505 1.005938
0.000500 1.116407
0.999500 0.382963
0.999500 0.490984
0.000499 0.490984
0.000499 0.382963
0.999500 0.490984
0.999500 0.382963
0.000500 0.382963
0.000500 0.490984
0.299528 0.491096
0.700476 0.491096
0.700472 0.382593
0.299524 0.382593
0.700476 0.491101
0.299528 0.491101
0.299524 0.382599
0.700472 0.382599

28
0 0 16 2 1 17 3 2 18
3 3 18 1 4 19 0 5 16
4 6 20 5 7 21 7 8 22
7 9 22 6 10 23 4 11 20
0 12 24 1 13 25 5 14 26
5 15 26 4 16 27 0 17 24
1 18 48 3 19 49 7 20 50
7 21 50 5 22 51 1 23 48
3 24 28 2 25 29 6 26 30
6 27 30 7 28 31 3 29 28
2 30 52 0 31 53 4 32 54
4 33 54 6 34 55 2 35 52
8 36 32 9 37 33 1 38 34
1 39 34 12 40 35 8 41 32
9 42 0 11 43 1 3 44 2
3 45 2 1 46 3 9 47 0
11 48 36 10 49 37 13 50 38
13 51 38 3 52 39 11 53 36
10 54 4 8 55 5 12 56 6
12 57 6 13 58 7 10 59 4
14 60 40 15 61 41 18 62 42
18 63 42 0 64 43 14 65 40
15 66 8 17 67 9 19 68 10
19 69 10 18 70 11 15 71 8
17 72 44 16 73 45 2 74 46
2 75 46 19 76 47 17 77 44
16 78 12 14 79 13 0 80 14
0 81 14 2 82 15 16 83 12
