8
-623.466553 -404.567627 0.000000
623.466553 -404.567627 0.000000
-623.466553 404.567627 0.000000
623.466553 404.567627 0.000000
-623.466553 -404.567627 36.000000
623.466553 -404.567627 36.000000
-623.466553 404.567627 36.000000
623.466553 404.567627 36.000000

36
0.000000 0.000000 -1.000000
0.000000 0.000000 -1.000000
0.000000 0.000000 -1.000000
0.000000 0.000000 -1.000000
0.000000 0.000000 -1.000000
0.000000 0.000000 -1.000000
0.000000 0.000000 1.000000
0.000000 0.000000 1.000000
0.000000 0.000000 1.000000
0.000000 0.000000 1.000000
0.000000 0.000000 1.000000
0.000000 0.000000 1.000000
0.000000 -1.000000 0.000000
0.000000 -1.000000 0.000000
0.000000 -1.000000 0.000000
0.000000 -1.000000 0.000000
0.000000 -1.000000 0.000000
0.000000 -1.000000 0.000000
1.000000 0.000000 0.000000
1.000000 0.000000 0.000000
1.000000 0.000000 0.000000
1.000000 0.000000 0.000000
1.000000 0.000000 0.000000
1.000000 0.000000 0.000000
0.000000 1.000000 0.000000
0.000000 1.000000 0.000000
0.000000 1.000000 0.000000
0.000000 1.000000 0.000000
0.000000 1.000000 0.000000
0.000000 1.000000 0.000000
-1.000000 0.000000 0.000000
-1.000000 0.000000 0.000000
-1.000000 0.000000 0.000000
-1.000000 0.000000 0.000000
-1.000000 0.000000 0.000000
-1.000000 0.000000 0.000000

36
2.998500 1.528964
0.001498 1.528964
0.001498 1.528964
0.001498 1.528964
2.998500 1.723923
0.001498 1.723923
0.001498 1.723923
0.001498 1.723923
2.998502 0.001500
2.998501 2.998502
0.001498 2.998500
0.001498 2.998500
0.001499 0.001498
2.998502 0.001500
0.001498 0.001500
2.998501 0.001498
2.998502 2.998500
2.998502 2.998500
0.001499 2.998502
0.001498 0.001500
0.001498 1.528964
2.998501 1.528964
2.998501 1.723923
2.998501 1.723923
0.001498 1.723923
0.001498 1.528964
0.001498 1.528964
2.998500 1.528964
2.998500 1.723923
2.998500 1.723923
0.001498 1.528964
2.998501 1.528964
2.998501 1.723923
2.998501 1.723923
0.001498 1.528964
2.998500 1.723923

12
0 0 8 2 1 9 3 2 10
3 3 11 1 4 12 0 5 13
4 6 14 5 7 15 7 8 16
7 9 17 6 10 18 4 11 19
0 12 20 1 13 21 5 14 22
5 15 23 4 16 24 0 17 25
1 18 26 3 19 27 7 20 28
7 21 29 5 22 5 1 23 1
3 24 30 2 25 31 6 26 32
6 27 33 7 28 7 3 29 3
2 30 34 0 31 0 4 32 35
4 33 4 6 34 6 2 35 2
