237
-1.000000 -1.000006 62.551769
1.000000 -1.000006 62.551769
-1.000000 0.999994 62.551769
1.000000 0.999994 62.551769
-0.999997 -0.997191 2.000000
0.999988 -0.997192 2.000000
0.999987 1.002807 2.000000
-1.000013 1.002807 2.000000
-1.000000 -5.000006 62.551769
1.000000 -5.000006 62.551769
-1.000000 -3.000006 62.551769
1.000000 -3.000006 62.551769
-0.999997 -4.997191 2.000000
1.000031 -4.997193 2.000000
1.000031 -2.997192 2.000000
-0.999969 -2.997192 2.000000
-1.000000 2.999998 62.551769
1.000000 2.999998 62.551769
-1.000000 4.999998 62.551769
1.000000 4.999998 62.551769
-1.000007 3.002808 2.000000
0.999993 3.002808 2.000000
0.999994 5.002808 2.000000
-0.999997 5.002809 2.000000
-1.000000 6.999998 62.551769
1.000000 6.999998 62.551769
-1.000000 8.999998 62.551769
1.000000 8.999998 62.551769
-0.999988 7.002808 2.000000
1.000012 7.002808 2.000000
1.000012 9.002808 2.000000
-0.999997 9.002809 2.000000
0.000006 11.999996 0.000000
-1.000000 10.999998 62.551769
1.000000 10.999998 62.551769
-1.000000 12.999998 62.551769
1.000000 12.999998 62.551769
-0.999997 10.999997 2.000000
1.000006 10.999996 2.000000
1.000006 12.999996 2.000000
-0.999994 12.999996 2.000000
0.000004 15.999996 0.000001
-1.000000 14.999998 62.551769
1.000000 14.999998 62.551769
-1.000000 16.999998 62.551769
1.000000 16.999998 62.551769
-0.999997 14.999997 2.000000
1.000004 14.999996 2.000000
1.000004 16.999996 2.000000
-0.999996 16.999996 2.000000
0.000013 19.999996 0.000001
-1.000000 18.999998 62.551769
1.000000 18.999998 62.551769
-1.000000 20.999998 62.551769
1.000000 20.999998 62.551769
-0.999987 18.999996 2.000001
1.000013 18.999996 2.000001
1.000014 20.999996 2.000001
-0.999997 20.999996 2.000001
-0.000008 23.999996 0.000001
-1.000000 22.999998 62.551769
1.000000 22.999998 62.551769
-1.000000 24.999998 62.551769
1.000000 24.999998 62.551769
-1.000008 22.999996 2.000001
0.999992 22.999996 2.000001
0.999992 24.999996 2.000001
-0.999997 24.999996 2.000001
-1.000000 -9.000002 62.551769
1.000000 -9.000002 62.551769
-1.000000 -7.000002 62.551769
1.000000 -7.000002 62.551769
-0.999979 -9.000008 2.000000
1.000021 -9.000008 2.000000
1.000021 -7.000008 2.000000
-0.999997 -7.000008 2.000000
-1.000000 -13.000002 62.551769
1.000000 -13.000002 62.551769
-1.000000 -11.000002 62.551769
1.000000 -11.000002 62.551769
-1.000002 -13.000008 2.000000
0.999998 -13.000008 2.000000
0.999997 -11.000008 2.000000
-0.999997 -11.000008 2.000000
-1.000000 -17.000010 62.551769
1.000000 -17.000010 62.551769
-1.000000 -15.000010 62.551769
1.000000 -15.000010 62.551769
-0.999997 -17.000008 2.000000
0.999975 -17.000008 2.000000
0.999974 -15.000008 2.000000
-1.000025 -15.000008 2.000000
-1.000000 -21.000010 62.551769
1.000000 -21.000010 62.551769
-1.000000 -19.000010 62.551769
1.000000 -19.000010 62.551769
-0.999997 -21.000010 2.000000
1.000011 -21.000008 2.000000
1.000011 -19.000008 2.000000
-0.999988 -19.000008 2.000000
-1.000000 -25.000002 62.551769
1.000000 -25.000002 62.551769
-1.000000 -23.000002 62.551769
1.000000 -23.000002 62.551769
-0.999997 -25.000002 2.000000
0.999994 -25.000000 2.000000
0.999994 -23.000000 2.000000
-1.000006 -23.000000 2.000000
-0.941040 -26.000000 2.500000
1.058960 -26.000000 2.500000
-0.941040 26.000000 2.500000
1.058960 26.000000 2.500000
-0.941040 -26.000000 4.500000
1.058960 -26.000000 4.500000
-0.941040 26.000000 4.500000
1.058960 26.000000 4.500000
-0.941040 -26.000000 6.500000
1.058960 -26.000000 6.500000
-0.941040 26.000000 6.500000
1.058960 26.000000 6.500000
-0.941040 -26.000000 8.500000
1.058960 -26.000000 8.500000
-0.941040 26.000000 8.500000
1.058960 26.000000 8.500000
-0.941040 -26.000000 10.500000
1.058960 -26.000000 10.500000
-0.941040 26.000000 10.500000
1.058960 26.000000 10.500000
-0.941040 -26.000000 12.500000
1.058960 -26.000000 12.500000
-0.941040 26.000000 12.500000
1.058960 26.000000 12.500000
-0.941040 -26.000002 14.500000
1.058960 -26.000002 14.500000
-0.941040 25.999998 14.500000
1.058960 25.999998 14.500000
-0.941040 -26.000002 16.500000
1.058960 -26.000002 16.500000
-0.941040 25.999998 16.500000
1.058960 25.999998 16.500000
-0.941040 -26.000000 18.500000
1.058960 -26.000000 18.500000
-0.941040 26.000000 18.500000
1.058960 26.000000 18.500000
-0.941040 -26.000000 20.500000
1.058960 -26.000000 20.500000
-0.941040 26.000000 20.500000
1.058960 26.000000 20.500000
-0.941040 -25.999998 22.500000
1.058960 -25.999998 22.500000
-0.941040 26.000002 22.500000
1.058960 26.000002 22.500000
-0.941040 -25.999998 24.500000
1.058960 -25.999998 24.500000
-0.941040 26.000002 24.500000
1.058960 26.000002 24.500000
-0.941040 -26.000000 26.500000
1.058960 -26.000000 26.500000
-0.941040 26.000000 26.500000
1.058960 26.000000 26.500000
-0.941040 -26.000000 28.500000
1.058960 -26.000000 28.500000
-0.941040 26.000000 28.500000
1.058960 26.000000 28.500000
-0.941040 -26.000000 30.499998
1.058960 -26.000000 30.499998
-0.941040 26.000000 30.499998
1.058960 26.000000 30.499998
-0.941040 -26.000000 32.500000
1.058960 -26.000000 32.500000
-0.941040 26.000000 32.500000
1.058960 26.000000 32.500000
-0.941040 -26.000002 34.500000
1.058960 -26.000002 34.500000
-0.941040 25.999998 34.500000
1.058960 25.999998 34.500000
-0.941040 -26.000002 36.500000
1.058960 -26.000002 36.500000
-0.941040 25.999998 36.500000
1.058960 25.999998 36.500000
-0.941040 -26.000002 38.500000
1.058960 -26.000002 38.500000
-0.941040 25.999998 38.500000
1.058960 25.999998 38.500000
-0.941040 -26.000002 40.500000
1.058960 -26.000002 40.500000
-0.941040 25.999998 40.500000
1.058960 25.999998 40.500000
-0.941040 -26.000000 42.500000
1.058960 -26.000000 42.500000
-0.941040 26.000000 42.500000
1.058960 26.000000 42.500000
-0.941040 -26.000000 44.500000
1.058960 -26.000000 44.500000
-0.941040 26.000000 44.500000
1.058960 26.000000 44.500000
-0.941040 -26.000000 46.500000
1.058960 -26.000000 46.500000
-0.941040 26.000000 46.500000
1.058960 26.000000 46.500000
-0.941040 -26.000000 48.500000
1.058960 -26.000000 48.500000
-0.941040 26.000000 48.500000
1.058960 26.000000 48.500000
-0.941040 -26.000000 50.500000
1.058960 -26.000000 50.500000
-0.941040 26.000000 50.500000
1.058960 26.000000 50.500000
-0.941040 -26.000000 52.500000
1.058960 -26.000000 52.500000
-0.941040 26.000000 52.500000
1.058960 26.000000 52.500000
-0.941040 -26.000000 54.500000
1.058960 -26.000000 54.500000
-0.941040 26.000000 54.500000
1.058960 26.000000 54.500000
-0.941040 -26.000000 56.500000
1.058960 -26.000000 56.500000
-0.941040 26.000000 56.500000
1.058960 26.000000 56.500000
-0.941040 -26.000000 58.500000
1.058960 -26.000000 58.500000
-0.941040 26.000000 58.500000
1.058960 26.000000 58.500000
-0.941040 -26.000000 60.500000
1.058960 -26.000000 60.500000
-0.941040 26.000000 60.500000
1.058960 26.000000 60.500000
0.000031 -3.997192 0.000000
-0.000013 0.002808 0.000001
-0.000007 4.002808 0.000001
0.000012 8.002808 0.000001
0.000011 -20.000008 0.000000
-0.000026 -16.000008 0.000001
-0.000003 -12.000008 0.000001
0.000021 -8.000008 0.000001
-0.000006 -24.000000 0.000000

828
-0.000000 -0.894427 -0.447213
-0.000000 -0.894427 -0.447213
-0.000000 -0.894427 -0.447213
-0.000000 -1.000000 0.000000
-0.000000 -1.000000 0.000000
-0.000000 -1.000000 0.000000
-0.000000 -1.000000 0.000000
0.000000 -1.000000 0.000000
-0.000000 -1.000000 0.000000
1.000000 0.000000 0.000000
1.000000 0.000000 0.000000
1.000000 0.000000 0.000000
1.000000 0.000000 0.000000
1.000000 0.000000 0.000000
1.000000 0.000000 0.000000
0.000000 1.000000 -0.000000
0.000000 1.000000 -0.000000
0.000000 1.000000 -0.000000
0.000000 1.000000 -0.000000
0.000000 1.000000 -0.000000
0.000000 1.000000 -0.000000
-0.894427 0.000001 -0.447214
-0.894427 0.000001 -0.447214
-0.894427 0.000001 -0.447214
-1.000000 0.000002 -0.000000
-1.000000 0.000002 -0.000000
-1.000000 0.000000 -0.000000
-1.000000 0.000000 -0.000000
-1.000000 0.000000 -0.000000
-1.000000 0.000002 -0.000000
-0.000000 -0.894427 -0.447213
-0.000000 -0.894427 -0.447213
-0.000000 -0.894427 -0.447213
-0.000000 -1.000000 0.000000
-0.000000 -1.000000 0.000000
-0.000000 -1.000000 0.000000
-0.000000 -1.000000 0.000000
0.000000 -1.000000 0.000000
-0.000000 -1.000000 0.000000
1.000000 -0.000000 0.000000
1.000000 -0.000000 0.000000
1.000000 -0.000000 0.000000
1.000000 -0.000000 0.000000
1.000000 0.000000 0.000000
1.000000 -0.000000 0.000000
0.000000 1.000000 -0.000000
0.000000 1.000000 -0.000000
0.000000 1.000000 -0.000000
0.000000 1.000000 -0.000000
0.000000 1.000000 -0.000000
0.000000 1.000000 -0.000000
-0.894427 0.000000 -0.447214
-0.894427 0.000000 -0.447214
-0.894427 0.000000 -0.447214
-1.000000 0.000000 -0.000000
-1.000000 0.000000 -0.000000
-1.000000 0.000000 -0.000000
-1.000000 0.000000 -0.000000
-1.000000 0.000000 -0.000000
-1.000000 0.000000 -0.000000
0.000000 -1.000000 0.000000
0.000000 -1.000000 0.000000
0.000000 -1.000000 0.000000
0.000000 -1.000000 0.000000
0.000000 -1.000000 0.000000
0.000000 -1.000000 0.000000
1.000000 -0.000000 0.000000
1.000000 -0.000000 0.000000
1.000000 -0.000000 0.000000
1.000000 -0.000000 0.000000
1.000000 0.000000 0.000000
1.000000 -0.000000 0.000000
0.000000 0.894427 -0.447214
0.000000 0.894427 -0.447214
0.000000 0.894427 -0.447214
0.000000 1.000000 -0.000000
0.000000 1.000000 -0.000000
0.000000 1.000000 -0.000000
0.000000 1.000000 -0.000000
0.000000 1.000000 -0.000000
0.000000 1.000000 -0.000000
-0.894426 -0.000005 -0.447215
-0.894426 -0.000005 -0.447215
-0.894426 -0.000005 -0.447215
-1.000000 -0.000005 -0.000000
-1.000000 -0.000005 -0.000000
-1.000000 -0.000000 -0.000000
-1.000000 -0.000000 -0.000000
-1.000000 0.000000 -0.000000
-1.000000 -0.000005 -0.000000
0.000000 -1.000000 0.000000
0.000000 -1.000000 0.000000
0.000000 -1.000000 0.000000
0.000000 -1.000000 0.000000
0.000000 -1.000000 0.000000
0.000000 -1.000000 0.000000
1.000000 -0.000000 -0.000000
1.000000 -0.000000 -0.000000
1.000000 -0.000000 -0.000000
1.000000 -0.000000 -0.000000
1.000000 0.000000 -0.000000
1.000000 -0.000000 -0.000000
0.000000 0.894427 -0.447214
0.000000 0.894427 -0.447214
0.000000 0.894427 -0.447214
0.000000 1.000000 -0.000000
0.000000 1.000000 -0.000000
0.000000 1.000000 -0.000000
0.000000 1.000000 -0.000000
0.000000 1.000000 -0.000000
0.000000 1.000000 -0.000000
-0.894428 0.000005 -0.447212
-0.894428 0.000005 -0.447212
-0.894428 0.000005 -0.447212
-1.000000 0.000005 0.000000
-1.000000 0.000005 0.000000
-1.000000 0.000000 -0.000000
-1.000000 0.000000 -0.000000
-1.000000 0.000000 -0.000000
-1.000000 0.000005 0.000000
0.000000 0.000000 -1.000000
0.000000 0.000000 -1.000000
0.000000 0.000000 -1.000000
0.000000 0.000000 -1.000000
0.000000 0.000000 -1.000000
0.000000 0.000000 -1.000000
0.000000 0.000000 1.000000
0.000000 0.000000 1.000000
0.000000 0.000000 1.000000
0.000000 0.000000 1.000000
0.000000 0.000000 1.000000
0.000000 0.000000 1.000000
1.000000 0.000000 0.000000
1.000000 0.000000 0.000000
1.000000 0.000000 0.000000
1.000000 0.000000 0.000000
1.000000 0.000000 0.000000
1.000000 0.000000 0.000000
-1.000000 0.000000 0.000000
-1.000000 0.000000 0.000000
-1.000000 0.000000 0.000000
-1.000000 0.000000 0.000000
-1.000000 0.000000 0.000000
-1.000000 0.000000 0.000000
0.000000 0.000000 -1.000000
0.000000 0.000000 -1.000000
0.000000 0.000000 -1.000000
0.000000 0.000000 -1.000000
0.000000 0.000000 -1.000000
0.000000 0.000000 -1.000000
0.000000 0.000000 1.000000
0.000000 0.000000 1.000000
0.000000 0.000000 1.000000
0.000000 0.000000 1.000000
0.000000 0.000000 1.000000
0.000000 0.000000 1.000000
1.000000 0.000000 0.000000
1.000000 0.000000 0.000000
1.000000 0.000000 0.000000
1.000000 0.000000 0.000000
1.000000 0.000000 0.000000
1.000000 0.000000 0.000000
-1.000000 0.000000 0.000000
-1.000000 0.000000 0.000000
-1.000000 0.000000 0.000000
-1.000000 0.000000 0.000000
-1.000000 0.000000 0.000000
-1.000000 0.000000 0.000000
0.000000 0.000000 -1.000000
0.000000 0.000000 -1.000000
0.000000 0.000000 -1.000000
0.000000 0.000000 -1.000000
0.000000 0.000000 -1.000000
0.000000 0.000000 -1.000000
0.000000 0.000000 1.000000
0.000000 0.000000 1.000000
0.000000 0.000000 1.000000
0.000000 0.000000 1.000000
0.000000 0.000000 1.000000
0.000000 0.000000 1.000000
1.000000 0.000000 0.000000
1.000000 0.000000 0.000000
1.000000 0.000000 0.000000
1.000000 0.000000 0.000000
1.000000 0.000000 0.000000
1.000000 0.000000 0.000000
-1.000000 0.000000 0.000000
-1.000000 0.000000 0.000000
-1.000000 0.000000 0.000000
-1.000000 0.000000 0.000000
-1.000000 0.000000 0.000000
-1.000000 0.000000 0.000000
0.000000 0.000000 -1.000000
0.000000 0.000000 -1.000000
0.000000 0.000000 -1.000000
0.000000 0.000000 -1.000000
0.000000 0.000000 -1.000000
0.000000 0.000000 -1.000000
0.000000 0.000000 1.000000
0.000000 0.000000 1.000000
0.000000 0.000000 1.000000
0.000000 0.000000 1.000000
0.000000 0.000000 1.000000
0.000000 0.000000 1.000000
1.000000 0.000000 0.000000
1.000000 0.000000 0.000000
1.000000 0.000000 0.000000
1.000000 0.000000 0.000000
1.000000 0.000000 0.000000
1.000000 0.000000 0.000000
-1.000000 0.000000 0.000000
-1.000000 0.000000 0.000000
-1.000000 0.000000 0.000000
-1.000000 0.000000 0.000000
-1.000000 0.000000 0.000000
-1.000000 0.000000 0.000000
-0.000001 -1.000000 -0.000046
-0.000001 -1.000000 -0.000046
-0.000000 -1.000000 -0.000046
-0.000000 -1.000000 -0.000046
0.000000 -1.000000 -0.000046
-0.000001 -1.000000 -0.000046
1.000000 0.000000 0.000001
1.000000 0.000000 0.000001
1.000000 0.000000 0.000001
1.000000 0.000000 0.000001
1.000000 0.000000 0.000001
1.000000 0.000000 0.000001
0.000000 1.000000 0.000046
0.000000 1.000000 0.000046
0.000000 1.000000 0.000046
0.000000 1.000000 0.000046
0.000000 1.000000 0.000046
0.000000 1.000000 0.000046
-1.000000 0.000014 -0.000000
-1.000000 0.000014 -0.000000
-1.000000 0.000000 -0.000000
-1.000000 0.000000 -0.000000
-1.000000 0.000000 -0.000001
-1.000000 0.000014 -0.000000
-0.000001 -1.000000 -0.000046
-0.000001 -1.000000 -0.000046
0.000000 -1.000000 -0.000046
0.000000 -1.000000 -0.000046
0.000000 -1.000000 -0.000046
-0.000001 -1.000000 -0.000046
1.000000 0.000000 -0.000000
1.000000 0.000000 -0.000000
1.000000 0.000000 -0.000000
1.000000 0.000000 -0.000000
1.000000 0.000000 -0.000000
1.000000 0.000000 -0.000000
-0.000000 1.000000 0.000046
-0.000000 1.000000 0.000046
-0.000000 1.000000 0.000046
-0.000000 1.000000 0.000046
0.000000 1.000000 0.000046
-0.000000 1.000000 0.000046
-1.000000 -0.000008 -0.000000
-1.000000 -0.000008 -0.000000
-1.000000 -0.000000 0.000000
-1.000000 -0.000000 0.000000
-1.000000 0.000000 0.000000
-1.000000 -0.000008 -0.000000
-0.000000 -1.000000 -0.000046
-0.000000 -1.000000 -0.000046
-0.000000 -1.000000 -0.000046
-0.000000 -1.000000 -0.000046
0.000000 -1.000000 -0.000046
-0.000000 -1.000000 -0.000046
1.000000 -0.000000 -0.000000
1.000000 -0.000000 -0.000000
1.000000 -0.000000 -0.000000
1.000000 -0.000000 -0.000000
1.000000 0.000000 -0.000000
1.000000 -0.000000 -0.000000
0.000000 1.000000 0.000046
0.000000 1.000000 0.000046
0.000000 1.000000 0.000046
0.000000 1.000000 0.000046
0.000000 1.000000 0.000046
0.000000 1.000000 0.000046
-1.000000 0.000005 0.000000
-1.000000 0.000005 0.000000
-1.000000 0.000000 -0.000000
-1.000000 0.000000 -0.000000
-1.000000 0.000000 -0.000000
-1.000000 0.000005 0.000000
0.000000 -1.000000 -0.000046
0.000000 -1.000000 -0.000046
0.000000 -1.000000 -0.000046
0.000000 -1.000000 -0.000046
0.000000 -1.000000 -0.000046
0.000000 -1.000000 -0.000046
1.000000 0.000000 0.000000
1.000000 0.000000 0.000000
1.000000 0.000000 0.000000
1.000000 0.000000 0.000000
1.000000 0.000000 0.000000
1.000000 0.000000 0.000000
0.000000 1.000000 0.000046
0.000000 1.000000 0.000046
0.000000 1.000000 0.000046
0.000000 1.000000 0.000046
0.000000 1.000000 0.000046
0.000000 1.000000 0.000046
-1.000000 -0.000004 -0.000000
-1.000000 -0.000005 -0.000000
-1.000000 -0.000000 -0.000000
-1.000000 -0.000000 -0.000000
-1.000000 0.000000 -0.000000
-1.000000 -0.000004 -0.000000
0.000001 -1.000000 -0.000000
0.000001 -1.000000 -0.000000
0.000000 -1.000000 -0.000000
0.000000 -1.000000 -0.000000
0.000000 -1.000000 0.000000
0.000001 -1.000000 -0.000000
1.000000 0.000000 0.000000
1.000000 0.000000 0.000000
1.000000 0.000000 0.000000
1.000000 0.000000 0.000000
1.000000 0.000000 0.000000
1.000000 0.000000 0.000000
0.000000 1.000000 0.000000
0.000000 1.000000 0.000000
0.000000 1.000000 0.000000
0.000000 1.000000 0.000000
0.000000 1.000000 0.000000
0.000000 1.000000 0.000000
-1.000000 0.000004 -0.000000
-1.000000 0.000004 -0.000000
-1.000000 0.000000 -0.000000
-1.000000 0.000000 -0.000000
-1.000000 0.000000 -0.000000
-1.000000 0.000004 -0.000000
0.000000 -1.000000 -0.000000
0.000000 -1.000000 -0.000000
0.000000 -1.000000 -0.000000
0.000000 -1.000000 -0.000000
0.000000 -1.000000 -0.000000
0.000000 -1.000000 -0.000000
1.000000 0.000000 -0.000000
1.000000 0.000000 -0.000000
1.000000 0.000000 -0.000000
1.000000 0.000000 -0.000000
1.000000 0.000000 -0.000000
1.000000 0.000000 -0.000000
0.000000 1.000000 0.000000
0.000000 1.000000 0.000000
0.000000 1.000000 0.000000
0.000000 1.000000 0.000000
0.000000 1.000000 0.000000
0.000000 1.000000 0.000000
-1.000000 -0.000014 -0.000000
-1.000000 -0.000014 -0.000000
-1.000000 -0.000000 0.000000
-1.000000 -0.000000 0.000000
-1.000000 0.000000 0.000000
-1.000000 -0.000014 -0.000000
0.000000 -1.000000 0.000000
0.000000 -1.000000 0.000000
0.000000 -1.000000 0.000000
0.000000 -1.000000 0.000000
0.000000 -1.000000 0.000000
0.000000 -1.000000 0.000000
1.000000 0.000000 -0.000000
1.000000 0.000000 -0.000000
1.000000 0.000000 -0.000000
1.000000 0.000000 -0.000000
1.000000 0.000000 -0.000000
1.000000 0.000000 -0.000000
0.000000 1.000000 -0.000000
0.000000 1.000000 -0.000000
0.000000 1.000000 -0.000000
0.000000 1.000000 -0.000000
0.000000 1.000000 -0.000000
0.000000 1.000000 -0.000000
-1.000000 0.000003 0.000000
-1.000000 0.000003 0.000000
-1.000000 0.000000 -0.000000
-1.000000 0.000000 -0.000000
-1.000000 0.000000 -0.000000
-1.000000 0.000003 0.000000
0.000000 -1.000000 0.000000
0.000000 -1.000000 0.000000
0.000000 -1.000000 0.000000
0.000000 -1.000000 0.000000
0.000000 -1.000000 0.000000
0.000000 -1.000000 0.000000
1.000000 0.000000 0.000000
1.000000 0.000000 0.000000
1.000000 0.000000 0.000000
1.000000 0.000000 0.000000
1.000000 0.000000 0.000000
1.000000 0.000000 0.000000
0.000000 1.000000 -0.000000
0.000000 1.000000 -0.000000
0.000000 1.000000 -0.000000
0.000000 1.000000 -0.000000
0.000000 1.000000 -0.000000
0.000000 1.000000 -0.000000
-1.000000 -0.000009 -0.000000
-1.000000 -0.000009 -0.000000
-1.000000 -0.000000 -0.000000
-1.000000 -0.000000 -0.000000
-1.000000 0.000000 -0.000000
-1.000000 -0.000009 -0.000000
0.000001 -1.000000 -0.000000
0.000001 -1.000000 -0.000000
0.000000 -1.000000 -0.000000
0.000000 -1.000000 -0.000000
0.000000 -1.000000 0.000000
0.000001 -1.000000 -0.000000
1.000000 -0.000000 -0.000000
1.000000 -0.000000 -0.000000
1.000000 -0.000000 -0.000000
1.000000 -0.000000 -0.000000
1.000000 0.000000 -0.000000
1.000000 -0.000000 -0.000000
0.000000 1.000000 0.000000
0.000000 1.000000 0.000000
0.000000 1.000000 0.000000
0.000000 1.000000 0.000000
0.000000 1.000000 0.000000
0.000000 1.000000 0.000000
-1.000000 -0.000004 -0.000000
-1.000000 -0.000005 -0.000000
-1.000000 -0.000000 0.000000
-1.000000 -0.000000 0.000000
-1.000000 0.000000 0.000000
-1.000000 -0.000004 -0.000000
0.000000 0.000000 -1.000000
0.000000 0.000000 -1.000000
0.000000 0.000000 -1.000000
0.000000 0.000000 -1.000000
0.000000 0.000000 -1.000000
0.000000 0.000000 -1.000000
0.000000 0.000000 1.000000
0.000000 0.000000 1.000000
0.000000 0.000000 1.000000
0.000000 0.000000 1.000000
0.000000 0.000000 1.000000
0.000000 0.000000 1.000000
1.000000 0.000000 0.000000
1.000000 0.000000 0.000000
1.000000 0.000000 0.000000
1.000000 0.000000 0.000000
1.000000 0.000000 0.000000
1.000000 0.000000 0.000000
-1.000000 0.000000 0.000000
-1.000000 0.000000 0.000000
-1.000000 0.000000 0.000000
-1.000000 0.000000 0.000000
-1.000000 0.000000 0.000000
-1.000000 0.000000 0.000000
0.000000 0.000000 -1.000000
0.000000 0.000000 -1.000000
0.000000 0.000000 -1.000000
0.000000 0.000000 -1.000000
0.000000 0.000000 -1.000000
0.000000 0.000000 -1.000000
0.000000 0.000000 1.000000
0.000000 0.000000 1.000000
0.000000 0.000000 1.000000
0.000000 0.000000 1.000000
0.000000 0.000000 1.000000
0.000000 0.000000 1.000000
1.000000 0.000000 0.000000
1.000000 0.000000 0.000000
1.000000 0.000000 0.000000
1.000000 0.000000 0.000000
1.000000 0.000000 0.000000
1.000000 0.000000 0.000000
-1.000000 0.000000 0.000000
-1.000000 0.000000 0.000000
-1.000000 0.000000 0.000000
-1.000000 0.000000 0.000000
-1.000000 0.000000 0.000000
-1.000000 0.000000 0.000000
0.000000 0.000000 -1.000000
0.000000 0.000000 -1.000000
0.000000 0.000000 -1.000000
0.000000 0.000000 -1.000000
0.000000 0.000000 -1.000000
0.000000 0.000000 -1.000000
0.000000 0.000000 1.000000
0.000000 0.000000 1.000000
0.000000 0.000000 1.000000
0.000000 0.000000 1.000000
0.000000 0.000000 1.000000
0.000000 0.000000 1.000000
1.000000 0.000000 0.000000
1.000000 0.000000 0.000000
1.000000 0.000000 0.000000
1.000000 0.000000 0.000000
1.000000 0.000000 0.000000
1.000000 0.000000 0.000000
-1.000000 0.000000 0.000000
-1.000000 0.000000 0.000000
-1.000000 0.000000 0.000000
-1.000000 0.000000 0.000000
-1.000000 0.000000 0.000000
-1.000000 0.000000 0.000000
0.000000 0.000000 -1.000000
0.000000 0.000000 -1.000000
0.000000 0.000000 -1.000000
0.000000 0.000000 -1.000000
0.000000 0.000000 -1.000000
0.000000 0.000000 -1.000000
0.000000 0.000000 1.000000
0.000000 0.000000 1.000000
0.000000 0.000000 1.000000
0.000000 0.000000 1.000000
0.000000 0.000000 1.000000
0.000000 0.000000 1.000000
1.000000 0.000000 0.000000
1.000000 0.000000 0.000000
1.000000 0.000000 0.000000
1.000000 0.000000 0.000000
1.000000 0.000000 0.000000
1.000000 0.000000 0.000000
-1.000000 0.000000 0.000000
-1.000000 0.000000 0.000000
-1.000000 0.000000 0.000000
-1.000000 0.000000 0.000000
-1.000000 0.000000 0.000000
-1.000000 0.000000 0.000000
0.000000 0.000000 -1.000000
0.000000 0.000000 -1.000000
0.000000 0.000000 -1.000000
0.000000 0.000000 -1.000000
0.000000 0.000000 -1.000000
0.000000 0.000000 -1.000000
0.000000 0.000000 1.000000
0.000000 0.000000 1.000000
0.000000 0.000000 1.000000
0.000000 0.000000 1.000000
0.000000 0.000000 1.000000
0.000000 0.000000 1.000000
1.000000 0.000000 0.000000
1.000000 0.000000 0.000000
1.000000 0.000000 0.000000
1.000000 0.000000 0.000000
1.000000 0.000000 0.000000
1.000000 0.000000 0.000000
-1.000000 0.000000 0.000000
-1.000000 0.000000 0.000000
-1.000000 0.000000 0.000000
-1.000000 0.000000 0.000000
-1.000000 0.000000 0.000000
-1.000000 0.000000 0.000000
0.000000 0.000000 -1.000000
0.000000 0.000000 -1.000000
0.000000 0.000000 -1.000000
0.000000 0.000000 -1.000000
0.000000 0.000000 -1.000000
0.000000 0.000000 -1.000000
0.000000 0.000000 1.000000
0.000000 0.000000 1.000000
0.000000 0.000000 1.000000
0.000000 0.000000 1.000000
0.000000 0.000000 1.000000
0.000000 0.000000 1.000000
1.000000 0.000000 0.000000
1.000000 0.000000 0.000000
1.000000 0.000000 0.000000
1.000000 0.000000 0.000000
1.000000 0.000000 0.000000
1.000000 0.000000 0.000000
-1.000000 0.000000 0.000000
-1.000000 0.000000 0.000000
-1.000000 0.000000 0.000000
-1.000000 0.000000 0.000000
-1.000000 0.000000 0.000000
-1.000000 0.000000 0.000000
0.000000 0.000000 -1.000000
0.000000 0.000000 -1.000000
0.000000 0.000000 -1.000000
0.000000 0.000000 -1.000000
0.000000 0.000000 -1.000000
0.000000 0.000000 -1.000000
0.000000 0.000000 1.000000
0.000000 0.000000 1.000000
0.000000 0.000000 1.000000
0.000000 0.000000 1.000000
0.000000 0.000000 1.000000
0.000000 0.000000 1.000000
1.000000 0.000000 0.000000
1.000000 0.000000 0.000000
1.000000 0.000000 0.000000
1.000000 0.000000 0.000000
1.000000 0.000000 0.000000
1.000000 0.000000 0.000000
-1.000000 0.000000 0.000000
-1.000000 0.000000 0.000000
-1.000000 0.000000 0.000000
-1.000000 0.000000 0.000000
-1.000000 0.000000 0.000000
-1.000000 0.000000 0.000000
0.000000 0.000000 -1.000000
0.000000 0.000000 -1.000000
0.000000 0.000000 -1.000000
0.000000 0.000000 -1.000000
0.000000 0.000000 -1.000000
0.000000 0.000000 -1.000000
0.000000 0.000000 1.000000
0.000000 0.000000 1.000000
0.000000 0.000000 1.000000
0.000000 0.000000 1.000000
0.000000 0.000000 1.000000
0.000000 0.000000 1.000000
1.000000 0.000000 0.000000
1.000000 0.000000 0.000000
1.000000 0.000000 0.000000
1.000000 0.000000 0.000000
1.000000 0.000000 0.000000
1.000000 0.000000 0.000000
-1.000000 0.000000 0.000000
-1.000000 0.000000 0.000000
-1.000000 0.000000 0.000000
-1.000000 0.000000 0.000000
-1.000000 0.000000 0.000000
-1.000000 0.000000 0.000000
0.000000 0.000000 -1.000000
0.000000 0.000000 -1.000000
0.000000 0.000000 -1.000000
0.000000 0.000000 -1.000000
0.000000 0.000000 -1.000000
0.000000 0.000000 -1.000000
0.000000 0.000000 1.000000
0.000000 0.000000 1.000000
0.000000 0.000000 1.000000
0.000000 0.000000 1.000000
0.000000 0.000000 1.000000
0.000000 0.000000 1.000000
1.000000 0.000000 0.000000
1.000000 0.000000 0.000000
1.000000 0.000000 0.000000
1.000000 0.000000 0.000000
1.000000 0.000000 0.000000
1.000000 0.000000 0.000000
-1.000000 0.000000 0.000000
-1.000000 0.000000 0.000000
-1.000000 0.000000 0.000000
-1.000000 0.000000 0.000000
-1.000000 0.000000 0.000000
-1.000000 0.000000 0.000000
0.000000 0.000000 -1.000000
0.000000 0.000000 -1.000000
0.000000 0.000000 -1.000000
0.000000 0.000000 -1.000000
0.000000 0.000000 -1.000000
0.000000 0.000000 -1.000000
0.000000 0.000000 1.000000
0.000000 0.000000 1.000000
0.000000 0.000000 1.000000
0.000000 0.000000 1.000000
0.000000 0.000000 1.000000
0.000000 0.000000 1.000000
1.000000 0.000000 0.000000
1.000000 0.000000 0.000000
1.000000 0.000000 0.000000
1.000000 0.000000 0.000000
1.000000 0.000000 0.000000
1.000000 0.000000 0.000000
-1.000000 0.000000 0.000000
-1.000000 0.000000 0.000000
-1.000000 0.000000 0.000000
-1.000000 0.000000 0.000000
-1.000000 0.000000 0.000000
-1.000000 0.000000 0.000000
0.000000 0.000000 -1.000000
0.000000 0.000000 -1.000000
0.000000 0.000000 -1.000000
0.000000 0.000000 -1.000000
0.000000 0.000000 -1.000000
0.000000 0.000000 -1.000000
0.000000 0.000000 1.000000
0.000000 0.000000 1.000000
0.000000 0.000000 1.000000
0.000000 0.000000 1.000000
0.000000 0.000000 1.000000
0.000000 0.000000 1.000000
1.000000 0.000000 0.000000
1.000000 0.000000 0.000000
1.000000 0.000000 0.000000
1.000000 0.000000 0.000000
1.000000 0.000000 0.000000
1.000000 0.000000 0.000000
-1.000000 0.000000 0.000000
-1.000000 0.000000 0.000000
-1.000000 0.000000 0.000000
-1.000000 0.000000 0.000000
-1.000000 0.000000 0.000000
-1.000000 0.000000 0.000000
-0.000001 -0.894427 -0.447214
-0.000001 -0.894427 -0.447214
-0.000001 -0.894427 -0.447214
-0.894425 0.000012 -0.447219
-0.894425 0.000012 -0.447219
-0.894425 0.000012 -0.447219
-0.000001 -0.894427 -0.447213
-0.000001 -0.894427 -0.447213
-0.000001 -0.894427 -0.447213
-0.894428 -0.000007 -0.447211
-0.894429 -0.000007 -0.447211
-0.894429 -0.000007 -0.447211
0.000000 0.894427 -0.447214
0.000000 0.894427 -0.447214
0.000000 0.894427 -0.447214
-0.894428 0.000004 -0.447212
-0.894428 0.000004 -0.447212
-0.894428 0.000004 -0.447212
0.000000 0.894427 -0.447214
0.000000 0.894427 -0.447214
0.000000 0.894427 -0.447214
-0.894426 -0.000004 -0.447215
-0.894426 -0.000004 -0.447215
-0.894426 -0.000004 -0.447215
0.000001 -0.894427 -0.447214
0.000001 -0.894427 -0.447214
0.000001 -0.894427 -0.447214
-0.894426 0.000004 -0.447215
-0.894426 0.000004 -0.447215
-0.894426 0.000004 -0.447215
0.000000 -0.894427 -0.447214
0.000000 -0.894427 -0.447214
0.000000 -0.894427 -0.447214
-0.894430 -0.000013 -0.447208
-0.894430 -0.000013 -0.447209
-0.894430 -0.000013 -0.447209
0.000000 0.894427 -0.447214
0.000000 0.894427 -0.447214
0.000000 0.894427 -0.447214
-0.894428 0.000002 -0.447213
-0.894428 0.000002 -0.447213
-0.894428 0.000002 -0.447213
0.000000 0.894427 -0.447214
0.000000 0.894427 -0.447214
0.000000 0.894427 -0.447214
-0.894426 -0.000008 -0.447217
-0.894426 -0.000008 -0.447217
-0.894426 -0.000008 -0.447217
0.000001 -0.894427 -0.447214
0.000001 -0.894427 -0.447214
0.000001 -0.894427 -0.447214
-0.894428 -0.000004 -0.447212
-0.894428 -0.000004 -0.447212
-0.894428 -0.000004 -0.447212
0.000000 -0.894427 -0.447214
0.000000 -0.894427 -0.447214
0.000000 -0.894427 -0.447214
0.894427 -0.000000 -0.447214
0.894427 -0.000000 -0.447214
0.894427 -0.000000 -0.447214
0.000000 -0.894427 -0.447214
0.000000 -0.894427 -0.447214
0.000000 -0.894427 -0.447214
0.894427 -0.000000 -0.447214
0.894427 -0.000000 -0.447214
0.894427 -0.000000 -0.447214
0.000000 0.894427 -0.447214
0.000000 0.894427 -0.447214
0.000000 0.894427 -0.447214
0.894427 -0.000000 -0.447214
0.894427 -0.000000 -0.447214
0.894427 -0.000000 -0.447214
0.000000 0.894427 -0.447214
0.000000 0.894427 -0.447214
0.000000 0.894427 -0.447214
0.894427 0.000000 -0.447214
0.894427 0.000000 -0.447214
0.894427 0.000000 -0.447214
0.000000 -0.894427 -0.447214
0.000000 -0.894427 -0.447214
0.000000 -0.894427 -0.447214
0.894427 0.000000 -0.447214
0.894427 0.000000 -0.447214
0.894427 0.000000 -0.447214
-0.000000 -0.894427 -0.447214
-0.000000 -0.894427 -0.447214
-0.000000 -0.894427 -0.447214
0.894427 -0.000000 -0.447214
0.894427 -0.000000 -0.447214
0.894427 -0.000000 -0.447214
-0.000000 0.894427 -0.447214
-0.000000 0.894427 -0.447214
-0.000000 0.894427 -0.447214
0.894427 0.000000 -0.447214
0.894427 0.000000 -0.447214
0.894427 0.000000 -0.447214
0.000000 0.894427 -0.447214
0.000000 0.894427 -0.447214
0.000000 0.894427 -0.447214
0.894427 0.000000 -0.447214
0.894427 0.000000 -0.447214
0.894427 0.000000 -0.447214
0.000000 -0.894427 -0.447214
0.000000 -0.894427 -0.447214
0.000000 -0.894427 -0.447214
0.894427 0.000000 -0.447214
0.894427 0.000000 -0.447214
0.894427 0.000000 -0.447214
0.000000 -0.894427 -0.447214
0.000000 -0.894427 -0.447214
0.000000 -0.894427 -0.447214
0.894427 0.000000 -0.447214
0.894427 0.000000 -0.447214
0.894427 0.000000 -0.447214
0.000000 0.894427 -0.447214
0.000000 0.894427 -0.447214
0.000000 0.894427 -0.447214
0.894427 0.000000 -0.447214
0.894427 0.000000 -0.447214
0.894427 0.000000 -0.447214
0.000000 0.894427 -0.447214
0.000000 0.894427 -0.447214
0.000000 0.894427 -0.447214
0.894427 0.000000 -0.447214
0.894427 0.000000 -0.447214
0.894427 0.000000 -0.447214
0.000000 0.894427 -0.447214
0.000000 0.894427 -0.447214
0.000000 0.894427 -0.447214
0.894427 -0.000000 -0.447214
0.894427 -0.000000 -0.447214
0.894427 -0.000000 -0.447214

701
0.000000 0.000000
0.926924 0.734536
0.073077 0.737552
0.926924 0.737552
0.222500 0.256341
0.222500 0.743659
0.777500 0.743659
0.222500 0.743659
0.000500 0.259856
0.000500 0.740144
0.999500 0.740144
0.999500 0.740144
0.000500 0.535341
0.999500 0.535341
0.999500 0.700877
0.000500 0.700877
0.000500 0.460196
0.000500 0.527572
0.999500 0.527572
0.999500 0.460195
-2.714859 0.253465
-2.714859 0.253465
-2.714859 0.486586
-2.714859 0.486587
4.852221 0.253464
4.852221 0.253464
4.852221 0.486585
4.852221 0.486585
0.000499 0.703047
0.000500 0.703047
0.999501 0.703047
0.999501 0.535851
-0.269083 0.944684
-0.269083 0.834175
1.269083 0.944684
1.269083 0.834175
0.003670 0.502354
0.013249 0.704894
1.005773 0.697320
1.005773 0.697320
0.972492 0.008214
0.982041 0.217742
-0.007411 0.225577
-0.016959 0.016050
0.008135 0.726875
-0.000574 0.511640
1.001879 0.520612
1.010588 0.735847
-0.000574 0.511639
-0.001424 0.490523
1.001029 0.499613
0.992321 0.281553
-0.001424 0.490523
-3.519050 0.510152
-3.519050 0.740988
4.048029 0.740987
4.048029 0.510151
-3.519050 0.740988
-3.519050 0.510152
4.048029 0.510151
4.048029 0.740987
4.854509 0.504107
4.854509 0.744292
-2.712569 0.744291
-2.712569 0.504106
4.854509 0.744292
4.854509 0.504107
-2.712569 0.504106
-2.712569 0.744291
-3.522999 0.257479
-3.522999 0.488292
4.044080 0.488292
4.044080 0.257479
-3.522999 0.488292
-3.522999 0.257479
4.044080 0.257479
4.044080 0.488292
4.845748 0.754080
4.845748 0.989532
-2.721331 0.989533
-2.721331 0.754081
4.845748 0.989532
4.845748 0.754079
-2.721331 0.754081
-2.721331 0.989533
4.847950 0.747386
4.847950 0.511934
-2.719130 0.511934
-2.719130 0.747387
4.847950 0.511934
4.847950 0.747386
-2.719130 0.747387
-2.719130 0.511934
4.845597 0.250640
4.845597 0.490825
-2.721482 0.490827
-2.721482 0.250642
4.845597 0.490825
4.845597 0.250640
-2.721482 0.250642
-2.721482 0.490827
-3.518818 0.987329
-3.518818 0.751876
4.048261 0.751877
4.048261 0.987329
-3.518818 0.751876
-3.518818 0.987329
4.048261 0.987329
4.048261 0.751877
-3.518818 0.987329
-3.518818 0.751876
4.048261 0.751877
4.048261 0.987329
4.845597 0.250640
4.845597 0.490825
-2.721482 0.490827
-2.721482 0.250642
-3.518818 0.751876
-3.518818 0.987329
4.048261 0.987329
4.048261 0.751877
4.845597 0.490825
4.845597 0.250640
-2.721482 0.250642
-2.721482 0.490827
4.847950 0.747386
4.847950 0.511934
-2.719130 0.511934
-2.719130 0.747387
4.845748 0.754080
4.845748 0.989532
-2.721331 0.989533
-2.721331 0.754081
4.847950 0.511934
4.847950 0.747386
-2.719130 0.747387
-2.719130 0.511934
4.845748 0.989532
4.845748 0.754079
-2.721331 0.754081
-2.721331 0.989533
-3.522999 0.257479
-3.522999 0.488292
4.044080 0.488292
4.044080 0.257479
4.854509 0.504107
4.854509 0.744292
-2.712569 0.744291
-2.712569 0.504106
-3.522999 0.488292
-3.522999 0.257479
4.044080 0.257479
4.044080 0.488292
4.854509 0.744292
4.854509 0.504107
-2.712569 0.504106
-2.712569 0.744291
-3.519050 0.510152
-3.519050 0.740988
4.048029 0.740987
4.048029 0.510151
4.852221 0.253464
4.852221 0.486585
-2.714859 0.486587
-2.714859 0.253465
-3.519050 0.740988
-3.519050 0.510152
4.048029 0.510151
4.048029 0.740987
4.852221 0.486585
4.852221 0.253464
-2.714859 0.253465
-2.714859 0.486586
-3.518818 0.987329
-3.518818 0.751876
4.048261 0.751877
4.048261 0.987329
4.845597 0.250640
4.845597 0.490825
-2.721482 0.490827
-2.721482 0.250642
-3.518818 0.751876
-3.518818 0.987329
4.048261 0.987329
4.048261 0.751877
4.845597 0.490825
4.845597 0.250640
-2.721482 0.250642
-2.721482 0.490827
4.847950 0.747386
4.847950 0.511934
-2.719130 0.511934
-2.719130 0.747387
4.845748 0.754080
4.845748 0.989532
-2.721331 0.989533
-2.721331 0.754081
4.847950 0.511934
4.847950 0.747386
-2.719130 0.747387
-2.719130 0.511934
4.845748 0.989532
4.845748 0.754079
-2.721331 0.754081
-2.721331 0.989533
-3.522999 0.257479
-3.522999 0.488292
4.044080 0.488292
4.044080 0.257479
4.854509 0.504107
4.854509 0.744292
-2.712569 0.744291
-2.712569 0.504106
-3.522999 0.488292
-3.522999 0.257479
4.044080 0.257479
4.044080 0.488292
4.854509 0.744292
4.854509 0.504107
-2.712569 0.504106
-2.712569 0.744291
-3.519050 0.510152
-3.519050 0.740988
4.048029 0.740987
4.048029 0.510151
4.852221 0.253464
4.852221 0.486585
-2.714859 0.486587
-2.714859 0.253465
-3.519050 0.740988
-3.519050 0.510152
4.048029 0.510151
4.048029 0.740987
4.852221 0.486585
4.852221 0.253464
-2.714859 0.253465
-2.714859 0.486586
-3.518818 0.987329
-3.518818 0.751876
4.048261 0.751877
4.048261 0.987329
4.845597 0.250640
4.845597 0.490825
-2.721482 0.490827
-2.721482 0.250642
-3.518818 0.751876
-3.518818 0.987329
4.048261 0.987329
4.048261 0.751877
4.845597 0.490825
4.845597 0.250640
-2.721482 0.250642
-2.721482 0.490827
3.914616 0.513166
-2.583760 0.513167
-2.583760 0.743980
3.914616 0.743979
-2.583760 0.513167
3.914616 0.513166
3.914616 0.743979
-2.583760 0.743980
3.914552 0.754020
-2.583823 0.754022
-2.583823 0.989474
3.914552 0.989472
3.914552 0.754020
3.914552 0.989472
-2.583823 0.989474
-2.583823 0.754022
3.914498 0.007904
-2.583878 0.007905
-2.583878 0.227515
3.914498 0.227515
-2.583878 0.007905
3.914498 0.007904
3.914498 0.227515
-2.583878 0.227515
-2.584653 0.992287
3.913723 0.992286
3.913722 0.763758
-2.584653 0.763759
-2.584653 0.992287
-2.584653 0.763759
3.913722 0.763758
3.913723 0.992286
3.907738 0.256789
-2.590637 0.256789
-2.590637 0.483055
3.907738 0.483054
-2.590637 0.256789
3.907738 0.256789
3.907738 0.483054
-2.590637 0.483055
-2.581907 0.242767
3.916469 0.242766
3.916469 0.011953
-2.581907 0.011954
-2.581907 0.242767
-2.581907 0.011954
3.916469 0.011953
3.916469 0.242766
3.915561 0.759771
-2.582814 0.759771
-2.582814 0.986036
3.915561 0.986036
-2.582814 0.759771
3.915561 0.759771
3.915561 0.986036
-2.582814 0.986036
3.915018 0.501822
-2.583358 0.501824
-2.583358 0.737276
3.915018 0.737275
3.915018 0.501822
3.915018 0.737275
-2.583358 0.737276
-2.583358 0.501824
3.915018 0.501822
-2.583358 0.501824
-2.583358 0.737276
3.915018 0.737275
3.915018 0.501822
3.915018 0.737275
-2.583358 0.737276
-2.583358 0.501824
3.915561 0.759771
-2.582814 0.759771
-2.582814 0.986036
3.915561 0.986036
-2.582814 0.759771
3.915561 0.759771
3.915561 0.986036
-2.582814 0.986036
3.915018 0.501822
-2.583358 0.501824
-2.583358 0.737276
3.915018 0.737275
3.915018 0.501822
3.915018 0.737275
-2.583358 0.737276
-2.583358 0.501824
3.915561 0.759771
-2.582814 0.759771
-2.582814 0.986036
3.915561 0.986036
-2.582814 0.759771
3.915561 0.759771
3.915561 0.986036
-2.582814 0.986036
-2.581907 0.242767
3.916469 0.242766
3.916469 0.011953
-2.581907 0.011954
-2.581907 0.242767
-2.581907 0.011954
3.916469 0.011953
3.916469 0.242766
3.907738 0.256789
-2.590637 0.256789
-2.590637 0.483055
3.907738 0.483054
-2.590637 0.256789
3.907738 0.256789
3.907738 0.483054
-2.590637 0.483055
-2.581907 0.242767
3.916469 0.242766
3.916469 0.011953
-2.581907 0.011954
-2.581907 0.242767
-2.581907 0.011954
3.916469 0.011953
3.916469 0.242766
3.907738 0.256789
-2.590637 0.256789
-2.590637 0.483055
3.907738 0.483054
-2.590637 0.256789
3.907738 0.256789
3.907738 0.483054
-2.590637 0.483055
3.914552 0.754020
-2.583823 0.754022
-2.583823 0.989474
3.914552 0.989472
3.914552 0.754020
3.914552 0.989472
-2.583823 0.989474
-2.583823 0.754022
3.914616 0.513166
-2.583760 0.513167
-2.583760 0.743980
3.914616 0.743979
-2.583760 0.513167
3.914616 0.513166
3.914616 0.743979
-2.583760 0.743980
3.914552 0.754020
-2.583823 0.754022
-2.583823 0.989474
3.914552 0.989472
3.914552 0.754020
3.914552 0.989472
-2.583823 0.989474
-2.583823 0.754022
3.914616 0.513166
-2.583760 0.513167
-2.583760 0.743980
3.914616 0.743979
-2.583760 0.513167
3.914616 0.513166
3.914616 0.743979
-2.583760 0.743980
3.914552 0.754020
-2.583823 0.754022
-2.583823 0.989474
3.914552 0.989472
3.914552 0.754020
3.914552 0.989472
-2.583823 0.989474
-2.583823 0.754022
3.914616 0.513166
-2.583760 0.513167
-2.583760 0.743980
3.914616 0.743979
-2.583760 0.513167
3.914616 0.513166
3.914616 0.743979
-2.583760 0.743980
-2.584653 0.992287
3.913723 0.992286
3.913722 0.763758
-2.584653 0.763759
-2.584653 0.992287
-2.584653 0.763759
3.913722 0.763758
3.913723 0.992286
3.914498 0.007904
-2.583878 0.007905
-2.583878 0.227515
3.914498 0.227515
-2.583878 0.007905
3.914498 0.007904
3.914498 0.227515
-2.583878 0.227515
-2.584653 0.992287
3.913723 0.992286
3.913722 0.763758
-2.584653 0.763759
-2.584653 0.992287
-2.584653 0.763759
3.913722 0.763758
3.913723 0.992286
3.914498 0.007904
-2.583878 0.007905
-2.583878 0.227515
3.914498 0.227515
-2.583878 0.007905
3.914498 0.007904
3.914498 0.227515
-2.583878 0.227515
-2.581907 0.242767
3.916469 0.242766
3.916469 0.011953
-2.581907 0.011954
-2.581907 0.242767
-2.581907 0.011954
3.916469 0.011953
3.916469 0.242766
3.907738 0.256789
-2.590637 0.256789
-2.590637 0.483055
3.907738 0.483054
-2.590637 0.256789
3.907738 0.256789
3.907738 0.483054
-2.590637 0.483055
3.915018 0.501822
-2.583358 0.501824
-2.583358 0.737276
3.915018 0.737275
3.915018 0.501822
3.915018 0.737275
-2.583358 0.737276
-2.583358 0.501824
3.915561 0.759771
-2.582814 0.759771
-2.582814 0.986036
3.915561 0.986036
-2.582814 0.759771
3.915561 0.759771
3.915561 0.986036
-2.582814 0.986036
0.624969 0.494959
0.624969 0.257152
0.499999 0.376056
0.375031 0.257152
0.375031 0.494959
0.624969 0.752060
0.624969 0.502122
0.499999 0.627090
0.375031 0.502122
0.375031 0.752060
0.624969 0.736883
0.624969 0.508355
0.499999 0.622620
0.375031 0.508355
0.375031 0.736883
0.624969 0.492801
0.624969 0.252616
0.499999 0.372708
0.375031 0.252616
0.375031 0.492801
0.624969 0.989795
0.624969 0.749610
0.499999 0.869704
0.375031 0.749610
0.375031 0.989795
0.375031 0.004506
0.375031 0.244691
0.500001 0.124600
0.624969 0.244691
0.624969 0.004506
0.624969 0.739160
0.624969 0.508347
0.499999 0.623754
0.375031 0.508347
0.375031 0.739160
0.375031 0.751736
0.375031 0.994323
0.500001 0.873030
0.624969 0.994323
0.624969 0.751736
0.375031 0.751736
0.375031 0.994323
0.500001 0.873030
0.624969 0.739160
0.624969 0.508347
0.499999 0.623754
0.624969 0.994323
0.624969 0.751736
0.375031 0.508347
0.375031 0.739160
0.375031 0.004506
0.375031 0.244691
0.500001 0.124600
0.624969 0.989795
0.624969 0.749610
0.499999 0.869704
0.624969 0.244691
0.624969 0.004506
0.375031 0.749610
0.375031 0.989795
0.624969 0.492801
0.624969 0.252616
0.499999 0.372708
0.624969 0.736883
0.624969 0.508355
0.499999 0.622620
0.375031 0.252616
0.375031 0.492801
0.375031 0.508355
0.375031 0.736883
0.624969 0.752060
0.624969 0.502122
0.499999 0.627090
0.624969 0.494959
0.624969 0.257152
0.499999 0.376056
0.375031 0.502122
0.375031 0.752060
0.375031 0.257152
0.375031 0.494959
0.375031 0.751736
0.375031 0.994323
0.500001 0.873030
0.624969 0.739160
0.624969 0.508347
0.499999 0.623754
0.624969 0.994323
0.624969 0.751736
0.375031 0.508347
0.375031 0.739160
0.375031 0.004506
0.375031 0.244691
0.500001 0.124600
0.624969 0.989795
0.624969 0.749610
0.499999 0.869704
0.624969 0.244691
0.624969 0.004506
0.375031 0.749610
0.375031 0.989795
0.624969 0.492801
0.624969 0.252616
0.499999 0.372708
0.624969 0.736883
0.624969 0.508355
0.499999 0.622620
0.375031 0.252616
0.375031 0.492801
0.375031 0.508355
0.375031 0.736883
0.624969 0.752060
0.624969 0.502122
0.499999 0.627090
0.624969 0.494959
0.624969 0.257152
0.499999 0.376056
0.375031 0.502122
0.375031 0.752060
0.375031 0.257152
0.375031 0.494959
0.375031 0.751736
0.375031 0.994323
0.500001 0.873030
0.624969 0.739160
0.624969 0.508347
0.499999 0.623754
0.624969 0.994323
0.624969 0.751736
0.375031 0.508347
0.375031 0.739160
0.375031 0.502122
0.375031 0.752060
0.499999 0.627090
0.375031 0.257152
0.375031 0.494959
0.499999 0.376056
0.375031 0.252616
0.375031 0.492801
0.499999 0.372708
0.375031 0.508355
0.375031 0.736883
0.499999 0.622620
0.375031 0.004506
0.375031 0.244691
0.500001 0.124600
0.375031 0.749610
0.375031 0.989795
0.499999 0.869704
0.375031 0.751736
0.375031 0.994323
0.500001 0.873030
0.375031 0.508347
0.375031 0.739160
0.499999 0.623754
0.375031 0.502122
0.375031 0.752060
0.499999 0.627090
0.375031 0.257152
0.375031 0.494959
0.499999 0.376056
0.375031 0.252616
0.375031 0.492801
0.499999 0.372708
0.375031 0.508355
0.375031 0.736883
0.499999 0.622620
0.375031 0.004506
0.375031 0.244691
0.500001 0.124600
0.375031 0.749610
0.375031 0.989795
0.499999 0.869704
0.375031 0.751736
0.375031 0.994323
0.500001 0.873030
0.375031 0.508347
0.375031 0.739160
0.499999 0.623754
0.375031 0.502122
0.375031 0.752060
0.499999 0.627090
0.375031 0.257152
0.375031 0.494959
0.499999 0.376056
0.375031 0.252616
0.375031 0.492801
0.499999 0.372708
0.375031 0.508355
0.375031 0.736883
0.499999 0.622620
0.375031 0.004506
0.375031 0.244691
0.500001 0.124600
0.375031 0.749610
0.375031 0.989795
0.499999 0.869704
0.375031 0.751736
0.375031 0.994323
0.500001 0.873030
0.375031 0.508347
0.375031 0.739160
0.499999 0.623754
0.375031 0.751736
0.375031 0.994323
0.500001 0.873030
0.375031 0.508347
0.375031 0.739160
0.499999 0.623754

276
38 0 528 37 1 529 32 2 530
37 3 101 38 4 102 34 5 103
34 6 103 33 7 104 37 8 101
38 9 93 39 10 94 36 11 95
36 12 95 34 13 96 38 14 93
39 15 105 40 16 106 35 17 107
35 18 107 36 19 108 39 20 105
37 21 526 40 22 527 32 23 525
40 24 97 37 25 98 33 26 99
33 27 99 35 28 100 40 29 97
47 30 518 46 31 519 41 32 520
46 33 85 47 34 86 43 35 87
43 36 87 42 37 88 46 38 85
47 39 77 48 40 78 45 41 79
45 42 79 43 43 80 47 44 77
48 45 89 49 46 90 44 47 91
44 48 91 45 49 92 48 50 89
46 51 516 49 52 517 41 53 515
49 54 81 46 55 82 42 56 83
42 57 83 44 58 84 49 59 81
55 60 69 56 61 70 52 62 71
52 63 71 51 64 72 55 65 69
56 66 61 57 67 62 54 68 63
54 69 63 52 70 64 56 71 61
58 72 511 57 73 512 50 74 510
57 75 73 58 76 74 53 77 75
53 78 75 54 79 76 57 80 73
55 81 506 58 82 507 50 83 505
58 84 65 55 85 66 51 86 67
51 87 67 53 88 68 58 89 65
64 90 53 65 91 54 61 92 55
61 93 55 60 94 56 64 95 53
65 96 25 66 97 26 63 98 23
63 99 23 61 100 21 65 101 25
67 102 501 66 103 502 59 104 500
66 105 57 67 106 58 62 107 59
62 108 59 63 109 60 66 110 57
64 111 496 67 112 497 59 113 495
67 114 27 64 115 24 60 116 20
60 117 20 62 118 22 67 119 27
196 120 309 198 121 310 199 122 311
199 123 311 197 124 312 196 125 309
200 126 313 201 127 314 203 128 315
203 129 315 202 130 316 200 131 313
197 132 301 199 133 302 203 134 303
203 135 303 201 136 304 197 137 301
198 138 305 196 139 306 200 140 307
200 141 307 202 142 308 198 143 305
204 144 293 206 145 294 207 146 295
207 147 295 205 148 296 204 149 293
208 150 297 209 151 298 211 152 299
211 153 299 210 154 300 208 155 297
205 156 285 207 157 286 211 158 287
211 159 287 209 160 288 205 161 285
206 162 289 204 163 290 208 164 291
208 165 291 210 166 292 206 167 289
212 168 277 214 169 278 215 170 279
215 171 279 213 172 280 212 173 277
216 174 281 217 175 282 219 176 283
219 177 283 218 178 284 216 179 281
213 180 269 215 181 270 219 182 271
219 183 271 217 184 272 213 185 269
214 186 273 212 187 274 216 188 275
216 189 275 218 190 276 214 191 273
220 192 261 222 193 262 223 194 263
223 195 263 221 196 264 220 197 261
224 198 265 225 199 266 227 200 267
227 201 267 226 202 268 224 203 265
221 204 253 223 205 254 227 206 255
227 207 255 225 208 256 221 209 253
222 210 257 220 211 258 224 212 259
224 213 259 226 214 260 222 215 257
12 216 109 13 217 110 9 218 111
9 219 111 8 220 112 12 221 109
13 222 113 14 223 114 11 224 115
11 225 115 9 226 116 13 227 113
14 228 117 15 229 118 10 230 119
10 231 119 11 232 120 14 233 117
15 234 121 12 235 122 8 236 123
8 237 123 10 238 124 15 239 121
4 240 125 5 241 126 1 242 127
1 243 127 0 244 128 4 245 125
5 246 129 6 247 130 3 248 131
3 249 131 1 250 132 5 251 129
6 252 133 7 253 134 2 254 135
2 255 135 3 256 136 6 257 133
7 258 137 4 259 138 0 260 139
0 261 139 2 262 140 7 263 137
20 264 141 21 265 142 17 266 143
17 267 143 16 268 144 20 269 141
21 270 145 22 271 146 19 272 147
19 273 147 17 274 148 21 275 145
22 276 149 23 277 150 18 278 151
18 279 151 19 280 152 22 281 149
23 282 153 20 283 154 16 284 155
16 285 155 18 286 156 23 287 153
28 288 157 29 289 158 25 290 159
25 291 159 24 292 160 28 293 157
29 294 161 30 295 162 27 296 163
27 297 163 25 298 164 29 299 161
30 300 165 31 301 166 26 302 167
26 303 167 27 304 168 30 305 165
31 306 169 28 307 170 24 308 171
24 309 171 26 310 172 31 311 169
96 312 173 97 313 174 93 314 175
93 315 175 92 316 176 96 317 173
97 318 177 98 319 178 95 320 179
95 321 179 93 322 180 97 323 177
98 324 181 99 325 182 94 326 183
94 327 183 95 328 184 98 329 181
99 330 185 96 331 186 92 332 187
92 333 187 94 334 188 99 335 185
88 336 189 89 337 190 85 338 191
85 339 191 84 340 192 88 341 189
89 342 193 90 343 194 87 344 195
87 345 195 85 346 196 89 347 193
90 348 197 91 349 198 86 350 199
86 351 199 87 352 200 90 353 197
91 354 201 88 355 202 84 356 203
84 357 203 86 358 204 91 359 201
80 360 205 81 361 206 77 362 207
77 363 207 76 364 208 80 365 205
81 366 209 82 367 210 79 368 211
79 369 211 77 370 212 81 371 209
82 372 213 83 373 214 78 374 215
78 375 215 79 376 216 82 377 213
83 378 217 80 379 218 76 380 219
76 381 219 78 382 220 83 383 217
72 384 221 73 385 222 69 386 223
69 387 223 68 388 224 72 389 221
73 390 225 74 391 226 71 392 227
71 393 227 69 394 228 73 395 225
74 396 229 75 397 230 70 398 231
70 399 231 71 400 232 74 401 229
75 402 233 72 403 234 68 404 235
68 405 235 70 406 236 75 407 233
104 408 237 105 409 238 101 410 239
101 411 239 100 412 240 104 413 237
105 414 241 106 415 242 103 416 243
103 417 243 101 418 244 105 419 241
106 420 245 107 421 246 102 422 247
102 423 247 103 424 248 106 425 245
107 426 249 104 427 250 100 428 251
100 429 251 102 430 252 107 431 249
108 432 317 110 433 318 111 434 319
111 435 319 109 436 320 108 437 317
112 438 321 113 439 322 115 440 323
115 441 323 114 442 324 112 443 321
109 444 325 111 445 326 115 446 327
115 447 327 113 448 328 109 449 325
110 450 329 108 451 330 112 452 331
112 453 331 114 454 332 110 455 329
132 456 333 134 457 334 135 458 335
135 459 335 133 460 336 132 461 333
136 462 337 137 463 338 139 464 339
139 465 339 138 466 340 136 467 337
133 468 341 135 469 342 139 470 343
139 471 343 137 472 344 133 473 341
134 474 345 132 475 346 136 476 347
136 477 347 138 478 348 134 479 345
124 480 349 126 481 350 127 482 351
127 483 351 125 484 352 124 485 349
128 486 353 129 487 354 131 488 355
131 489 355 130 490 356 128 491 353
125 492 357 127 493 358 131 494 359
131 495 359 129 496 360 125 497 357
126 498 361 124 499 362 128 500 363
128 501 363 130 502 364 126 503 361
180 504 365 182 505 366 183 506 367
183 507 367 181 508 368 180 509 365
184 510 369 185 511 370 187 512 371
187 513 371 186 514 372 184 515 369
181 516 373 183 517 374 187 518 375
187 519 375 185 520 376 181 521 373
182 522 377 180 523 378 184 524 379
184 525 379 186 526 380 182 527 377
116 528 381 118 529 382 119 530 383
119 531 383 117 532 384 116 533 381
120 534 385 121 535 386 123 536 387
123 537 387 122 538 388 120 539 385
117 540 389 119 541 390 123 542 391
123 543 391 121 544 392 117 545 389
118 546 393 116 547 394 120 548 395
120 549 395 122 550 396 118 551 393
188 552 397 190 553 398 191 554 399
191 555 399 189 556 400 188 557 397
192 558 401 193 559 402 195 560 403
195 561 403 194 562 404 192 563 401
189 564 405 191 565 406 195 566 407
195 567 407 193 568 408 189 569 405
190 570 409 188 571 410 192 572 411
192 573 411 194 574 412 190 575 409
140 576 413 142 577 414 143 578 415
143 579 415 141 580 416 140 581 413
144 582 417 145 583 418 147 584 419
147 585 419 146 586 420 144 587 417
141 588 421 143 589 422 147 590 423
147 591 423 145 592 424 141 593 421
142 594 425 140 595 426 144 596 427
144 597 427 146 598 428 142 599 425
148 600 429 150 601 430 151 602 431
151 603 431 149 604 432 148 605 429
152 606 433 153 607 434 155 608 435
155 609 435 154 610 436 152 611 433
149 612 437 151 613 438 155 614 439
155 615 439 153 616 440 149 617 437
150 618 441 148 619 442 152 620 443
152 621 443 154 622 444 150 623 441
172 624 445 174 625 446 175 626 447
175 627 447 173 628 448 172 629 445
176 630 449 177 631 450 179 632 451
179 633 451 178 634 452 176 635 449
173 636 453 175 637 454 179 638 455
179 639 455 177 640 456 173 641 453
174 642 457 172 643 458 176 644 459
176 645 459 178 646 460 174 647 457
164 648 461 166 649 462 167 650 463
167 651 463 165 652 464 164 653 461
168 654 465 169 655 466 171 656 467
171 657 467 170 658 468 168 659 465
165 660 469 167 661 470 171 662 471
171 663 471 169 664 472 165 665 469
166 666 473 164 667 474 168 668 475
168 669 475 170 670 476 166 671 473
156 672 477 158 673 478 159 674 479
159 675 479 157 676 480 156 677 477
160 678 481 161 679 482 163 680 483
163 681 483 162 682 484 160 683 481
157 684 485 159 685 486 163 686 487
163 687 487 161 688 488 157 689 485
158 690 489 156 691 490 160 692 491
160 693 491 162 694 492 158 695 489
13 696 533 12 697 534 228 698 535
12 699 541 15 700 542 228 701 538
5 702 543 4 703 544 229 704 545
4 705 551 7 706 552 229 707 548
23 708 559 22 709 560 230 710 555
20 711 561 23 712 562 230 713 558
31 714 569 30 715 570 231 716 565
28 717 571 31 718 572 231 719 568
97 720 573 96 721 574 232 722 575
96 723 581 99 724 582 232 725 578
89 726 583 88 727 584 233 728 585
88 729 591 91 730 592 233 731 588
83 732 599 82 733 600 234 734 595
80 735 601 83 736 602 234 737 598
75 738 609 74 739 610 235 740 605
72 741 611 75 742 612 235 743 608
105 744 613 104 745 614 236 746 615
104 747 621 107 748 622 236 749 618
65 750 623 64 751 624 59 752 625
66 753 626 65 754 627 59 755 628
56 756 629 55 757 630 50 758 631
57 759 632 56 760 633 50 761 634
49 762 635 48 763 636 41 764 637
48 765 638 47 766 639 41 767 640
40 768 641 39 769 642 32 770 643
39 771 644 38 772 645 32 773 646
29 774 647 28 775 648 231 776 649
30 777 650 29 778 651 231 779 652
21 780 653 20 781 654 230 782 655
22 783 656 21 784 657 230 785 658
7 786 659 6 787 660 229 788 661
6 789 662 5 790 663 229 791 664
15 792 665 14 793 666 228 794 667
14 795 668 13 796 669 228 797 670
73 798 671 72 799 672 235 800 673
74 801 674 73 802 675 235 803 676
81 804 677 80 805 678 234 806 679
82 807 680 81 808 681 234 809 682
91 810 683 90 811 684 233 812 685
90 813 686 89 814 687 233 815 688
99 816 689 98 817 690 232 818 691
98 819 692 97 820 693 232 821 694
107 822 695 106 823 696 236 824 697
106 825 698 105 826 699 236 827 700
