55
0.000000 0.000000 0.000000
0.333333 0.000000 0.000000
0.235702 0.235702 0.000000
-0.000000 0.333333 0.000000
-0.235702 0.235702 0.000000
-0.333333 -0.000000 0.000000
-0.235702 -0.235702 0.000000
0.000000 -0.333333 0.000000
0.235702 -0.235702 0.000000
0.300300 0.000000 0.833333
0.212344 0.212344 0.833333
-0.000000 0.300300 0.833333
-0.212344 0.212344 0.833333
-0.300300 -0.000000 0.833333
-0.212344 -0.212344 0.833333
0.000000 -0.300300 0.833333
0.212344 -0.212344 0.833333
-0.000000 -0.000000 0.041667
0.259670 -0.000000 0.833333
0.183614 0.183614 0.833333
-0.000000 0.259670 0.833333
-0.183614 0.183614 0.833333
-0.259670 -0.000000 0.833333
-0.183614 -0.183614 0.833333
0.000000 -0.259670 0.833333
0.183614 -0.183614 0.833333
0.259670 -0.000000 0.041667
0.183614 0.183614 0.041667
-0.000000 0.259670 0.041667
-0.183614 0.183614 0.041667
-0.259670 -0.000000 0.041667
-0.183614 -0.183614 0.041667
0.000000 -0.259670 0.041667
0.183614 -0.183614 0.041667
0.290198 -0.000000 0.200914
0.298356 -0.036084 0.138948
0.298356 0.036084 0.138948
0.410426 -0.000000 0.260531
0.458997 -0.036084 0.221198
0.458997 0.036084 0.221198
0.512315 -0.000000 0.347503
0.569631 -0.036084 0.322582
0.569631 0.036084 0.322582
0.539300 -0.000000 0.479812
0.601800 -0.036084 0.479812
0.601800 0.036084 0.479812
0.498655 -0.000000 0.573478
0.543233 -0.036084 0.617285
0.543233 0.036084 0.617285
0.408112 -0.000000 0.615985
0.427944 -0.036084 0.675256
0.427944 0.036084 0.675256
0.287297 -0.000000 0.591885
0.283482 -0.036084 0.654268
0.283481 0.036084 0.654268

300
0.000000 0.000000 -1.000000
0.000000 0.000000 -1.000000
0.000000 0.000000 -1.000000
0.000000 0.000000 -1.000000
0.000000 0.000000 -1.000000
0.000000 0.000000 -1.000000
0.000000 0.000000 -1.000000
0.000000 0.000000 -1.000000
0.000000 0.000000 -1.000000
0.000000 0.000000 -1.000000
0.000000 0.000000 -1.000000
0.000000 0.000000 -1.000000
0.000000 0.000000 -1.000000
0.000000 0.000000 -1.000000
0.000000 0.000000 -1.000000
0.000000 0.000000 -1.000000
0.000000 0.000000 -1.000000
0.000000 0.000000 -1.000000
0.000000 0.000000 -1.000000
0.000000 0.000000 -1.000000
0.000000 0.000000 -1.000000
0.000000 0.000000 -1.000000
0.000000 0.000000 -1.000000
0.000000 0.000000 -1.000000
0.999215 0.000000 0.039609
0.706552 0.706552 0.039609
0.999215 0.000000 0.039609
0.999215 0.000000 0.039609
0.706552 0.706552 0.039609
0.706552 0.706552 0.039609
0.706552 0.706552 0.039609
-0.000000 0.999215 0.039609
0.706552 0.706552 0.039609
0.706552 0.706552 0.039609
-0.000000 0.999215 0.039609
-0.000000 0.999215 0.039609
-0.000000 0.999215 0.039609
-0.706552 0.706552 0.039609
-0.000000 0.999215 0.039609
-0.000000 0.999215 0.039609
-0.706552 0.706552 0.039609
-0.706552 0.706552 0.039609
-0.706552 0.706552 0.039609
-0.999215 -0.000000 0.039609
-0.706552 0.706552 0.039609
-0.706552 0.706552 0.039609
-0.999215 -0.000000 0.039609
-0.999215 -0.000000 0.039609
-0.999215 -0.000000 0.039609
-0.706552 -0.706552 0.039609
-0.999215 -0.000000 0.039609
-0.999215 -0.000000 0.039609
-0.706552 -0.706552 0.039609
-0.706552 -0.706552 0.039609
-0.706552 -0.706552 0.039609
0.000000 -0.999215 0.039609
-0.706552 -0.706552 0.039609
-0.706552 -0.706552 0.039609
0.000000 -0.999215 0.039609
0.000000 -0.999215 0.039609
0.000000 -0.999215 0.039609
0.706552 -0.706552 0.039609
0.000000 -0.999215 0.039609
0.000000 -0.999215 0.039609
0.706552 -0.706552 0.039609
0.706552 -0.706552 0.039609
0.706552 -0.706552 0.039609
0.999215 0.000000 0.039609
0.706552 -0.706552 0.039609
0.706552 -0.706552 0.039609
0.999215 0.000000 0.039609
0.999215 0.000000 0.039609
0.000000 0.000000 1.000000
0.000000 0.000000 1.000000
0.000000 0.000000 1.000000
0.000000 0.000000 1.000000
0.000000 0.000000 1.000000
0.000000 0.000000 1.000000
0.000000 0.000000 1.000000
0.000000 0.000000 1.000000
0.000000 0.000000 1.000000
0.000000 0.000000 1.000000
0.000000 0.000000 1.000000
0.000000 0.000000 1.000000
0.000000 0.000000 1.000000
0.000000 0.000000 1.000000
0.000000 0.000000 1.000000
0.000000 0.000000 1.000000
0.000000 0.000000 1.000000
0.000000 0.000000 1.000000
0.000000 0.000000 1.000000
0.000000 0.000000 1.000000
0.000000 0.000000 1.000000
0.000000 0.000000 1.000000
0.000000 0.000000 1.000000
0.000000 0.000000 1.000000
0.000001 0.000001 1.000000
0.000001 0.000001 1.000000
0.000001 0.000001 1.000000
0.000001 0.000001 1.000000
0.000001 0.000001 1.000000
0.000001 0.000001 1.000000
0.000001 0.000001 1.000000
0.000001 0.000001 1.000000
0.000001 0.000001 1.000000
0.000001 0.000001 1.000000
0.000001 0.000001 1.000000
0.000001 0.000001 1.000000
-0.000001 0.000001 1.000000
-0.000001 0.000001 1.000000
-0.000001 0.000001 1.000000
-0.000001 0.000001 1.000000
-0.000001 0.000001 1.000000
-0.000001 0.000001 1.000000
-0.000001 0.000001 1.000000
-0.000001 0.000001 1.000000
-0.000001 0.000001 1.000000
-0.000001 0.000001 1.000000
-0.000001 0.000001 1.000000
-0.000001 0.000001 1.000000
-0.000001 -0.000001 1.000000
-0.000001 -0.000001 1.000000
-0.000001 -0.000001 1.000000
-0.000001 -0.000001 1.000000
-0.000001 -0.000001 1.000000
-0.000001 -0.000001 1.000000
-0.000001 -0.000001 1.000000
-0.000001 -0.000001 1.000000
-0.000001 -0.000001 1.000000
-0.000001 -0.000001 1.000000
-0.000001 -0.000001 1.000000
-0.000001 -0.000001 1.000000
0.000001 -0.000001 1.000000
0.000001 -0.000001 1.000000
0.000001 -0.000001 1.000000
0.000001 -0.000001 1.000000
0.000001 -0.000001 1.000000
0.000001 -0.000001 1.000000
0.000001 -0.000001 1.000000
0.000001 -0.000001 1.000000
0.000001 -0.000001 1.000000
0.000001 -0.000001 1.000000
0.000001 -0.000001 1.000000
0.000001 -0.000001 1.000000
-1.000000 -0.000000 -0.000000
-0.707107 -0.707107 -0.000000
-0.707107 -0.707107 -0.000000
-0.707107 -0.707107 -0.000000
-1.000000 -0.000000 -0.000000
-1.000000 -0.000000 -0.000000
-0.707107 -0.707107 -0.000000
0.000000 -1.000000 -0.000000
0.000000 -1.000000 -0.000000
0.000000 -1.000000 -0.000000
-0.707107 -0.707107 -0.000000
-0.707107 -0.707107 -0.000000
0.000000 -1.000000 -0.000000
0.707107 -0.707107 -0.000000
0.707107 -0.707107 -0.000000
0.707107 -0.707107 -0.000000
0.000000 -1.000000 -0.000000
0.000000 -1.000000 -0.000000
0.707107 -0.707107 -0.000000
1.000000 0.000000 0.000000
1.000000 0.000000 -0.000000
1.000000 0.000000 -0.000000
0.707107 -0.707107 -0.000000
0.707107 -0.707107 -0.000000
1.000000 0.000000 0.000000
0.707107 0.707107 0.000000
0.707107 0.707107 -0.000000
0.707107 0.707107 -0.000000
1.000000 0.000000 -0.000000
1.000000 0.000000 0.000000
0.707107 0.707107 0.000000
-0.000000 1.000000 0.000000
-0.000000 1.000000 0.000000
-0.000000 1.000000 0.000000
0.707107 0.707107 -0.000000
0.707107 0.707107 0.000000
-0.000000 1.000000 0.000000
-0.707107 0.707107 -0.000000
-0.707107 0.707107 0.000000
-0.707107 0.707107 0.000000
-0.000000 1.000000 0.000000
-0.000000 1.000000 0.000000
-0.707107 0.707107 -0.000000
-1.000000 -0.000000 -0.000000
-1.000000 -0.000000 -0.000000
-1.000000 -0.000000 -0.000000
-0.707107 0.707107 0.000000
-0.707107 0.707107 -0.000000
-0.448769 0.002703 0.893644
0.305452 -0.837636 -0.452841
-0.539131 0.003670 0.842214
-0.448769 0.002703 0.893644
0.291304 -0.769056 -0.568941
0.305452 -0.837636 -0.452841
0.291304 -0.769056 -0.568941
0.307108 0.840088 -0.447142
0.305452 -0.837636 -0.452841
0.291304 -0.769056 -0.568941
0.294666 0.769586 -0.566488
0.307108 0.840088 -0.447142
0.294666 0.769586 -0.566488
-0.539131 0.003670 0.842214
0.307108 0.840088 -0.447142
0.294666 0.769586 -0.566488
-0.448769 0.002703 0.893644
-0.539131 0.003670 0.842214
-0.539131 0.003670 0.842214
0.529423 -0.792551 -0.302613
-0.850668 0.004606 0.525683
-0.539131 0.003670 0.842214
0.305452 -0.837636 -0.452841
0.529423 -0.792551 -0.302613
0.305452 -0.837636 -0.452841
0.525681 0.793945 -0.305468
0.529423 -0.792551 -0.302613
0.305452 -0.837636 -0.452841
0.307108 0.840088 -0.447142
0.525681 0.793945 -0.305468
0.307108 0.840088 -0.447142
-0.850668 0.004606 0.525683
0.525681 0.793945 -0.305468
0.307108 0.840088 -0.447142
-0.539131 0.003670 0.842214
-0.850668 0.004606 0.525683
-0.850668 0.004606 0.525683
0.601035 -0.796437 0.066679
-0.992183 -0.000893 -0.124786
-0.850668 0.004606 0.525683
0.529423 -0.792551 -0.302613
0.601035 -0.796437 0.066679
0.529423 -0.792551 -0.302613
0.601470 0.796159 0.066068
0.601035 -0.796437 0.066679
0.529423 -0.792551 -0.302613
0.525681 0.793945 -0.305468
0.601470 0.796159 0.066068
0.525681 0.793945 -0.305468
-0.992183 -0.000893 -0.124786
0.601470 0.796159 0.066068
0.525681 0.793945 -0.305468
-0.850668 0.004606 0.525683
-0.992183 -0.000893 -0.124786
-0.992183 -0.000893 -0.124786
0.452440 -0.785829 0.421628
-0.724128 -0.003679 -0.689655
-0.992183 -0.000893 -0.124786
0.601035 -0.796437 0.066679
0.452440 -0.785829 0.421628
0.601035 -0.796437 0.066679
0.455207 0.784377 0.421354
0.452440 -0.785829 0.421628
0.601035 -0.796437 0.066679
0.601470 0.796159 0.066068
0.455207 0.784377 0.421354
0.601470 0.796159 0.066068
-0.724128 -0.003679 -0.689655
0.455207 0.784377 0.421354
0.601470 0.796159 0.066068
-0.992183 -0.000893 -0.124786
-0.724128 -0.003679 -0.689655
-0.724128 -0.003679 -0.689655
0.089738 -0.797774 0.596242
-0.093693 -0.009762 -0.995553
-0.724128 -0.003679 -0.689655
0.452440 -0.785829 0.421628
0.089738 -0.797774 0.596242
0.452440 -0.785829 0.421628
0.093319 0.794474 0.600085
0.089738 -0.797774 0.596242
0.452440 -0.785829 0.421628
0.455207 0.784377 0.421354
0.093319 0.794474 0.600085
0.455207 0.784377 0.421354
-0.093693 -0.009762 -0.995553
0.093319 0.794474 0.600085
0.455207 0.784377 0.421354
-0.724128 -0.003679 -0.689655
-0.093693 -0.009762 -0.995553
-0.093693 -0.009762 -0.995553
-0.047032 -0.889132 0.455228
0.177179 -0.007116 -0.984153
-0.093693 -0.009762 -0.995553
0.089738 -0.797774 0.596242
-0.047032 -0.889132 0.455228
0.089738 -0.797774 0.596242
-0.066898 0.885147 0.460477
-0.047032 -0.889132 0.455228
0.089738 -0.797774 0.596242
0.093319 0.794474 0.600085
-0.066898 0.885147 0.460477
0.093319 0.794474 0.600085
0.177179 -0.007116 -0.984153
-0.066898 0.885147 0.460477
0.093319 0.794474 0.600085
-0.093693 -0.009762 -0.995553
0.177179 -0.007116 -0.984153

172
0.750000 0.000500
0.875000 0.000500
1.000000 0.000500
0.125000 0.000500
0.250000 0.000500
0.375000 0.000500
0.500000 0.000500
0.625000 0.000500
0.750000 0.999500
0.875000 0.999500
1.000000 0.999500
0.125000 0.999500
0.250000 0.999500
0.375000 0.999500
0.500000 0.999500
0.625000 0.999500
0.750000 0.999500
0.875000 0.999500
1.000000 0.999500
0.125000 0.999500
0.250000 0.999500
0.375000 0.999500
0.500000 0.999500
0.625000 0.999500
-0.000000 0.000500
-0.000000 0.999500
-0.000000 0.000500
0.978421 0.275111
0.792475 0.000500
0.952818 0.207525
0.601102 0.340135
0.702765 0.000500
0.448667 0.297235
0.281337 0.434996
0.592186 0.000500
0.101457 0.407814
0.196648 0.579305
0.420695 0.000499
0.000500 0.579305
0.324207 0.681466
0.270754 0.000499
0.184304 0.729246
0.608362 0.727829
0.453877 0.000500
0.546123 0.792475
0.987526 0.701542
0.000500 0.000500
0.999501 0.769584
0.021579 0.275111
0.551333 0.297235
0.398898 0.340135
0.021579 0.275111
0.047182 0.207525
0.551333 0.297235
0.792475 0.000500
0.702765 0.999500
0.702765 0.000500
0.792475 0.999501
0.702765 0.999500
0.952818 0.207525
0.601102 0.340135
0.448667 0.297235
0.601102 0.340135
0.398898 0.340135
0.898543 0.407814
0.718663 0.434996
0.398898 0.340135
0.551333 0.297235
0.898543 0.407814
0.702765 0.000500
0.592186 0.999500
0.592186 0.000500
0.702765 0.999500
0.592186 0.999500
0.448667 0.297235
0.281337 0.434996
0.101457 0.407814
0.281337 0.434996
0.718663 0.434996
0.999500 0.579305
0.803352 0.579305
0.718663 0.434996
0.898543 0.407814
0.999500 0.579305
0.592186 0.000500
0.420695 0.999500
0.420695 0.000499
0.592186 0.999500
0.420695 0.999500
0.101457 0.407814
0.196648 0.579305
0.000500 0.579305
0.196648 0.579305
0.803352 0.579305
0.815696 0.729246
0.675793 0.681466
0.803352 0.579305
0.999500 0.579305
0.815696 0.729246
0.420695 0.000499
0.270754 0.999500
0.270754 0.000499
0.420695 0.999500
0.270754 0.999500
0.000500 0.579305
0.324207 0.681466
0.184304 0.729246
0.324207 0.681466
0.675793 0.681466
0.453877 0.792475
0.391638 0.727829
0.675793 0.681466
0.815696 0.729246
0.453877 0.792475
0.270754 0.000499
0.207525 0.999500
0.207525 0.000500
0.270754 0.999500
0.207525 0.999500
0.184304 0.729246
0.608362 0.727829
0.546123 0.792475
0.608362 0.727829
0.391638 0.727829
0.000500 0.769584
0.012474 0.701542
0.391638 0.727829
0.453877 0.792475
0.000500 0.769584
0.453877 0.000500
0.000500 0.999500
0.453877 0.999500
0.000500 0.999500
0.546123 0.792475
0.987526 0.701542
0.500000 0.500000
0.741169 0.683093
0.841064 0.500000
0.500000 0.758933
0.258831 0.683093
0.158936 0.500000
0.258831 0.316907
0.500000 0.241067
0.741169 0.316907
0.500000 0.500000
0.832970 0.500000
0.735446 0.726724
0.500000 0.820636
0.264555 0.726724
0.167030 0.500000
0.264554 0.273276
0.500000 0.179364
0.735446 0.273276
0.750000 0.861817
0.875000 0.861817
0.875000 0.138183
0.750000 0.138183
1.000000 0.861817
1.000000 0.138183
0.125000 0.861817
0.125000 0.138183
0.250000 0.861817
0.250000 0.138183
0.375000 0.861817
0.375000 0.138183
0.500000 0.861817
0.500000 0.138183
0.625000 0.861817
0.625000 0.138183
-0.000000 0.861817
-0.000000 0.138183
-0.000000 0.861817

100
0 0 135 2 1 136 1 2 137
0 3 135 3 4 138 2 5 136
0 6 135 4 7 139 3 8 138
0 9 135 5 10 140 4 11 139
0 12 135 6 13 141 5 14 140
0 15 135 7 16 142 6 17 141
0 18 135 8 19 143 7 20 142
0 21 135 1 22 137 8 23 143
1 24 0 10 25 9 9 26 8
1 27 0 2 28 1 10 29 9
2 30 1 11 31 10 10 32 9
2 33 1 3 34 2 11 35 10
3 36 24 12 37 11 11 38 25
3 39 26 4 40 3 12 41 11
4 42 3 13 43 12 12 44 11
4 45 3 5 46 4 13 47 12
5 48 4 14 49 13 13 50 12
5 51 4 6 52 5 14 53 13
6 54 5 15 55 14 14 56 13
6 57 5 7 58 6 15 59 14
7 60 6 16 61 15 15 62 14
7 63 6 8 64 7 16 65 15
8 66 7 9 67 8 16 68 15
8 69 7 1 70 0 9 71 8
17 72 144 26 73 145 27 74 146
17 75 144 27 76 146 28 77 147
17 78 144 28 79 147 29 80 148
17 81 144 29 82 148 30 83 149
17 84 144 30 85 149 31 86 150
17 87 144 31 88 150 32 89 151
17 90 144 32 91 151 33 92 152
17 93 144 33 94 152 26 95 145
9 96 8 10 97 9 19 98 17
19 99 17 18 100 16 9 101 8
10 102 9 11 103 10 20 104 18
20 105 18 19 106 17 10 107 9
11 108 10 12 109 11 21 110 19
21 111 19 20 112 18 11 113 10
12 114 11 13 115 12 22 116 20
22 117 20 21 118 19 12 119 11
13 120 12 14 121 13 23 122 21
23 123 21 22 124 20 13 125 12
14 126 13 15 127 14 24 128 22
24 129 22 23 130 21 14 131 13
15 132 14 16 133 15 25 134 23
25 135 23 24 136 22 15 137 14
16 138 15 9 139 8 18 140 16
18 141 16 25 142 23 16 143 15
18 144 153 19 145 154 27 146 155
27 147 155 26 148 156 18 149 153
19 150 154 20 151 157 28 152 158
28 153 158 27 154 155 19 155 154
20 156 169 21 157 159 29 158 160
29 159 160 28 160 170 20 161 171
21 162 159 22 163 161 30 164 162
30 165 162 29 166 160 21 167 159
22 168 161 23 169 163 31 170 164
31 171 164 30 172 162 22 173 161
23 174 163 24 175 165 32 176 166
32 177 166 31 178 164 23 179 163
24 180 165 25 181 167 33 182 168
33 183 168 32 184 166 24 185 165
25 186 167 18 187 153 26 188 156
26 189 156 33 190 168 25 191 167
34 192 48 38 193 49 37 194 50
34 195 51 35 196 52 38 197 53
35 198 54 39 199 55 38 200 56
35 201 28 36 202 57 39 203 58
36 204 59 37 205 60 39 206 61
36 207 29 34 208 27 37 209 62
37 210 63 41 211 64 40 212 65
37 213 66 38 214 67 41 215 68
38 216 69 42 217 70 41 218 71
38 219 31 39 220 72 42 221 73
39 222 74 40 223 75 42 224 76
39 225 32 37 226 30 40 227 77
40 228 78 44 229 79 43 230 80
40 231 81 41 232 82 44 233 83
41 234 84 45 235 85 44 236 86
41 237 34 42 238 87 45 239 88
42 240 89 43 241 90 45 242 91
42 243 35 40 244 33 43 245 92
43 246 93 47 247 94 46 248 95
43 249 96 44 250 97 47 251 98
44 252 99 48 253 100 47 254 101
44 255 37 45 256 102 48 257 103
45 258 104 46 259 105 48 260 106
45 261 38 43 262 36 46 263 107
46 264 108 50 265 109 49 266 110
46 267 111 47 268 112 50 269 113
47 270 114 51 271 115 50 272 116
47 273 40 48 274 117 51 275 118
48 276 119 49 277 120 51 278 121
48 279 41 46 280 39 49 281 122
49 282 123 53 283 124 52 284 125
49 285 126 50 286 127 53 287 128
50 288 129 54 289 130 53 290 46
50 291 43 51 292 131 54 293 132
51 294 133 52 295 134 54 296 47
51 297 44 49 298 42 52 299 45
