118
-3082.295410 2141.773438 2865.824219
69.411865 1493.378662 8638.589844
1224.587036 4840.045410 3339.933105
2993.220459 3984.174072 8638.589844
-4370.281250 451.522888 2391.714844
-1918.918213 -362.615417 4974.489258
1633.106201 -70.446686 9902.880859
3278.985107 2376.092041 9902.880859
-2977.872070 -4261.149414 2308.036865
-1181.252686 -3586.613525 4882.855957
868.937012 -1977.294434 9902.880859
4333.309570 260.417664 12194.408203
4786.141602 1997.863525 10930.118164
585.997131 -2903.971436 9569.595703
4422.676270 -946.701965 12194.408203
3514.849121 -2426.273926 10930.118164
4723.653320 2991.505615 8928.723633
4999.462402 3905.861816 5280.617188
-1843.720703 2021.085938 4362.466797
-717.456238 1718.979248 7141.947266
718.734680 2354.793945 8638.589844
1903.871094 3359.483154 8638.589844
2521.760254 4429.730957 7264.863281
1816.618164 4528.772949 4713.658691
-233.769806 4049.885986 3217.015381
-2145.004883 3079.871338 2988.741211
-3409.309326 1470.938843 2742.906738
-4039.401855 992.192505 2514.632080
-3469.633057 271.059509 3061.322754
-2836.927979 -127.655411 4304.881348
-1407.574341 282.121246 5924.440918
-500.893433 904.052124 7688.638184
589.848328 1045.517700 8966.368164
907.218506 353.214233 9575.102539
2212.848389 1052.816162 10173.038086
2908.043213 1696.791016 10037.959961
3153.989258 2912.991699 9575.101563
3118.097168 3370.456543 8966.369141
-4004.944580 -916.463684 2370.020264
-3343.178223 -2894.176514 2329.731201
-2246.972412 -4055.659668 2975.582275
-1929.514160 -3737.606201 4215.310547
-1357.030518 -2606.015137 4906.612305
-1743.194092 -1343.717896 4950.732422
-819.353210 -789.027527 6252.220215
69.683533 -1557.092529 8625.150391
1077.874023 -1366.384644 9902.879883
1410.112793 -766.980225 9902.880859
2435.744873 -120.291733 10496.979492
3408.557129 112.532959 11600.308594
4477.339355 896.486450 11866.628906
4661.306152 1350.723633 11257.897461
4299.245117 1990.755615 10663.796875
3723.530518 2322.179199 10169.202148
-346.289124 -3417.423096 6097.936523
51.345009 -3079.371094 8354.515625
674.856445 -2518.638672 9656.002930
780.077637 -2362.627197 9816.473633
1966.856812 -1713.755005 10496.979492
3324.756836 -1210.241089 11600.308594
4410.285156 -532.889282 12194.407227
4331.521484 -286.076904 12194.408203
1521.909058 -2783.775391 9922.323242
2578.937256 -2546.469971 10577.390625
3765.715820 -1897.597778 11257.896484
4171.809082 -1475.377563 11866.628906
4669.093750 2416.585938 10411.237305
4690.766602 2619.331299 9447.603516
3967.294189 3563.582764 8853.502930
3564.961426 3970.931396 8713.810547
4910.931641 3397.314453 7982.917480
5019.732910 3573.108154 6226.422363
3863.912354 4484.265137 4777.476563
2401.793701 4852.709961 3843.073242
-1055.746826 2903.838135 4453.517090
-4.666267 2643.355713 7173.814941
528.588562 3816.978027 4622.609863
1347.934082 3719.061035 7232.997070
-1305.759644 1099.807007 6406.411133
-2274.347412 1367.026489 4025.133545
-2291.297363 498.814911 5040.415527
-3051.430176 843.066528 3398.656738
2231.657227 2771.632568 9001.388672
1204.475708 1934.794678 9036.410156
2526.903320 2221.465332 9675.161133
1574.890625 1434.974121 9775.218750
-2612.044922 -1209.061279 4281.658203
-3153.456055 -996.623657 3039.094238
-2154.428955 -2656.836426 4238.532227
-2563.142090 -2788.858643 2997.811523
177.448837 437.375793 8262.701172
-454.273346 -162.039825 6955.888184
657.442993 -319.839874 9328.818359
293.760620 -933.098022 8871.434570
3429.041504 1604.608765 10354.240234
2889.876953 923.268677 10612.117188
4077.277832 1346.441895 10941.616211
3698.876953 863.747070 11427.549805
49.419819 -2096.884033 8554.986328
-712.224976 -1615.671143 6212.220215
71.594620 -2539.710449 8424.678711
-453.457550 -2591.154053 6137.936523
2289.284668 -743.711121 10496.980469
2099.229004 -1188.160156 10496.980469
3361.894775 -455.812653 11600.307617
3357.271240 -762.377319 11600.309570
3115.891113 -1701.753906 11335.107422
1835.995361 -2136.250977 10347.996094
2787.802002 -2054.957031 10842.591797
1652.770386 -2361.280029 10071.308594
3630.967285 3367.991943 9091.134766
3618.563965 2880.284180 9791.877930
4030.162109 3019.927002 9322.838867
4125.284668 2548.976318 10194.461914
3283.840332 4408.969727 7451.026855
4022.898193 3985.268799 7796.756348
2826.035889 4533.082031 5105.856934
3993.308838 4151.510254 5834.224121

594
-0.600098 0.691515 0.402106
-0.663646 0.641887 0.384129
-0.537194 0.782234 0.315488
-0.537194 0.782234 0.315488
-0.487095 0.823661 0.290382
-0.600098 0.691515 0.402106
-0.709313 0.355423 0.608728
-0.756101 0.439385 0.485029
-0.600098 0.691515 0.402106
-0.600098 0.691515 0.402106
-0.584122 0.637548 0.502330
-0.709313 0.355423 0.608728
-0.543616 0.505734 0.669861
-0.663646 0.641887 0.384129
-0.800132 0.410880 0.436997
-0.800132 0.410880 0.436997
-0.686113 0.154132 0.710980
-0.543616 0.505734 0.669861
-0.221056 0.749459 0.624056
-0.260873 0.935930 0.236600
-0.537194 0.782234 0.315488
-0.537194 0.782234 0.315488
-0.418616 0.618701 0.664808
-0.221056 0.749459 0.624056
-0.458553 0.802785 0.381136
-0.487095 0.823661 0.290382
-0.287994 0.927404 0.238709
-0.287994 0.927404 0.238709
-0.371232 0.858224 0.354454
-0.458553 0.802785 0.381136
-0.756101 0.439385 0.485029
-0.800132 0.410880 0.436997
-0.663646 0.641887 0.384129
-0.663646 0.641887 0.384129
-0.600098 0.691515 0.402106
-0.756101 0.439385 0.485029
-0.418616 0.618701 0.664808
-0.537194 0.782234 0.315488
-0.663646 0.641887 0.384129
-0.663646 0.641887 0.384129
-0.543616 0.505734 0.669861
-0.418616 0.618701 0.664808
-0.260873 0.935930 0.236600
-0.287994 0.927404 0.238709
-0.487095 0.823661 0.290382
-0.487095 0.823661 0.290382
-0.537194 0.782234 0.315488
-0.260873 0.935930 0.236600
-0.584122 0.637548 0.502330
-0.600098 0.691515 0.402106
-0.487095 0.823661 0.290382
-0.487095 0.823661 0.290382
-0.458553 0.802785 0.381136
-0.584122 0.637548 0.502330
-0.846674 0.244776 0.472471
-0.762143 0.388556 0.517844
-0.741545 0.224441 0.632248
-0.741545 0.224441 0.632248
-0.816451 0.079667 0.571892
-0.846674 0.244776 0.472471
-0.686113 0.154132 0.710980
-0.800132 0.410880 0.436997
-0.846674 0.244776 0.472471
-0.846674 0.244776 0.472471
-0.799675 -0.222076 0.557854
-0.686113 0.154132 0.710980
-0.664989 0.427803 0.612188
-0.762143 0.388556 0.517844
-0.756101 0.439385 0.485029
-0.756101 0.439385 0.485029
-0.709313 0.355423 0.608728
-0.664989 0.427803 0.612188
-0.625630 -0.022132 0.779806
-0.731317 -0.056302 0.679710
-0.741545 0.224441 0.632248
-0.741545 0.224441 0.632248
-0.638433 0.269768 0.720852
-0.625630 -0.022132 0.779806
-0.717410 -0.395150 0.573742
-0.816451 0.079667 0.571892
-0.827007 -0.080776 0.556359
-0.827007 -0.080776 0.556359
-0.670759 -0.285322 0.684598
-0.717410 -0.395150 0.573742
-0.800132 0.410880 0.436997
-0.756101 0.439385 0.485029
-0.762143 0.388556 0.517844
-0.762143 0.388556 0.517844
-0.846674 0.244776 0.472471
-0.800132 0.410880 0.436997
-0.638433 0.269768 0.720852
-0.741545 0.224441 0.632248
-0.762143 0.388556 0.517844
-0.762143 0.388556 0.517844
-0.664989 0.427803 0.612188
-0.638433 0.269768 0.720852
-0.731317 -0.056302 0.679710
-0.827007 -0.080776 0.556359
-0.816451 0.079667 0.571892
-0.816451 0.079667 0.571892
-0.741545 0.224441 0.632248
-0.731317 -0.056302 0.679710
-0.799675 -0.222076 0.557854
-0.846674 0.244776 0.472471
-0.816451 0.079667 0.571892
-0.816451 0.079667 0.571892
-0.717410 -0.395150 0.573742
-0.799675 -0.222076 0.557854
-0.343180 0.510110 0.788680
-0.488158 0.412505 0.769117
-0.513113 0.363130 0.777722
-0.513113 0.363130 0.777722
-0.361487 0.515109 0.777168
-0.343180 0.510110 0.788680
-0.221056 0.749459 0.624056
-0.418616 0.618701 0.664808
-0.343180 0.510110 0.788680
-0.343180 0.510110 0.788680
-0.275973 0.557367 0.783059
-0.221056 0.749459 0.624056
-0.677489 0.132968 0.723415
-0.488158 0.412505 0.769117
-0.543616 0.505734 0.669861
-0.543616 0.505734 0.669861
-0.686113 0.154132 0.710980
-0.677489 0.132968 0.723415
-0.476739 0.114063 0.871613
-0.439442 0.279306 0.853744
-0.513113 0.363130 0.777722
-0.513113 0.363130 0.777722
-0.633441 0.124814 0.763658
-0.476739 0.114063 0.871613
-0.413971 0.622223 0.664430
-0.361487 0.515109 0.777168
-0.337510 0.461999 0.820149
-0.337510 0.461999 0.820149
-0.432936 0.393236 0.811130
-0.413971 0.622223 0.664430
-0.418616 0.618701 0.664808
-0.543616 0.505734 0.669861
-0.488158 0.412505 0.769117
-0.488158 0.412505 0.769117
-0.343180 0.510110 0.788680
-0.418616 0.618701 0.664808
-0.633441 0.124814 0.763658
-0.513113 0.363130 0.777722
-0.488158 0.412505 0.769117
-0.488158 0.412505 0.769117
-0.677489 0.132968 0.723415
-0.633441 0.124814 0.763658
-0.439442 0.279306 0.853744
-0.337510 0.461999 0.820149
-0.361487 0.515109 0.777168
-0.361487 0.515109 0.777168
-0.513113 0.363130 0.777722
-0.439442 0.279306 0.853744
-0.275973 0.557367 0.783059
-0.343180 0.510110 0.788680
-0.361487 0.515109 0.777168
-0.361487 0.515109 0.777168
-0.413971 0.622223 0.664430
-0.275973 0.557367 0.783059
-0.787794 -0.220624 0.575070
-0.780419 -0.232734 0.580328
-0.793728 -0.239786 0.559015
-0.793728 -0.239786 0.559015
-0.794400 -0.228576 0.562745
-0.787794 -0.220624 0.575070
-0.670759 -0.285322 0.684598
-0.827007 -0.080776 0.556359
-0.787794 -0.220624 0.575070
-0.787794 -0.220624 0.575070
-0.700063 -0.187756 0.688955
-0.670759 -0.285322 0.684598
-0.615247 -0.191517 0.764717
-0.780419 -0.232734 0.580328
-0.731317 -0.056302 0.679710
-0.731317 -0.056302 0.679710
-0.625630 -0.022132 0.779806
-0.615247 -0.191517 0.764717
-0.632549 -0.175270 0.754429
-0.798297 -0.201224 0.567654
-0.793728 -0.239786 0.559015
-0.793728 -0.239786 0.559015
-0.621037 -0.201547 0.757424
-0.632549 -0.175270 0.754429
-0.714468 -0.194261 0.672159
-0.794400 -0.228576 0.562745
-0.828563 -0.179901 0.530207
-0.828563 -0.179901 0.530207
-0.725315 -0.142207 0.673569
-0.714468 -0.194261 0.672159
-0.827007 -0.080776 0.556359
-0.731317 -0.056302 0.679710
-0.780419 -0.232734 0.580328
-0.780419 -0.232734 0.580328
-0.787794 -0.220624 0.575070
-0.827007 -0.080776 0.556359
-0.621037 -0.201547 0.757424
-0.793728 -0.239786 0.559015
-0.780419 -0.232734 0.580328
-0.780419 -0.232734 0.580328
-0.615247 -0.191517 0.764717
-0.621037 -0.201547 0.757424
-0.798297 -0.201224 0.567654
-0.828563 -0.179901 0.530207
-0.794400 -0.228576 0.562745
-0.794400 -0.228576 0.562745
-0.793728 -0.239786 0.559015
-0.798297 -0.201224 0.567654
-0.700063 -0.187756 0.688955
-0.787794 -0.220624 0.575070
-0.794400 -0.228576 0.562745
-0.794400 -0.228576 0.562745
-0.714468 -0.194261 0.672159
-0.700063 -0.187756 0.688955
-0.841194 -0.105312 0.530380
-0.857240 -0.143156 0.494616
-0.853777 0.113303 0.508160
-0.853777 0.113303 0.508160
-0.770587 0.069049 0.633584
-0.841194 -0.105312 0.530380
-0.686113 0.154132 0.710980
-0.799675 -0.222076 0.557854
-0.841194 -0.105312 0.530380
-0.841194 -0.105312 0.530380
-0.677489 0.132968 0.723415
-0.686113 0.154132 0.710980
-0.844017 -0.137228 0.518463
-0.857240 -0.143156 0.494616
-0.717410 -0.395150 0.573742
-0.717410 -0.395150 0.573742
-0.670759 -0.285322 0.684598
-0.844017 -0.137228 0.518463
-0.658989 0.061930 0.749598
-0.598695 0.208076 0.773478
-0.853777 0.113303 0.508160
-0.853777 0.113303 0.508160
-0.896812 0.043138 0.440303
-0.658989 0.061930 0.749598
-0.633441 0.124814 0.763658
-0.770587 0.069049 0.633584
-0.513448 0.201450 0.834140
-0.513448 0.201450 0.834140
-0.476739 0.114063 0.871613
-0.633441 0.124814 0.763658
-0.799675 -0.222076 0.557854
-0.717410 -0.395150 0.573742
-0.857240 -0.143156 0.494616
-0.857240 -0.143156 0.494616
-0.841194 -0.105312 0.530380
-0.799675 -0.222076 0.557854
-0.896812 0.043138 0.440303
-0.853777 0.113303 0.508160
-0.857240 -0.143156 0.494616
-0.857240 -0.143156 0.494616
-0.844017 -0.137228 0.518463
-0.896812 0.043138 0.440303
-0.598695 0.208076 0.773478
-0.513448 0.201450 0.834140
-0.770587 0.069049 0.633584
-0.770587 0.069049 0.633584
-0.853777 0.113303 0.508160
-0.598695 0.208076 0.773478
-0.677489 0.132968 0.723415
-0.841194 -0.105312 0.530380
-0.770587 0.069049 0.633584
-0.770587 0.069049 0.633584
-0.633441 0.124814 0.763658
-0.677489 0.132968 0.723415
-0.441609 0.516294 0.733773
-0.553810 0.426632 0.715038
-0.480864 0.582373 0.655448
-0.480864 0.582373 0.655448
-0.351659 0.657070 0.666779
-0.441609 0.516294 0.733773
-0.432936 0.393236 0.811130
-0.337510 0.461999 0.820149
-0.441609 0.516294 0.733773
-0.441609 0.516294 0.733773
-0.429181 0.432306 0.793042
-0.432936 0.393236 0.811130
-0.656637 0.157293 0.737622
-0.553810 0.426632 0.715038
-0.439442 0.279306 0.853744
-0.439442 0.279306 0.853744
-0.476739 0.114063 0.871613
-0.656637 0.157293 0.737622
-0.527555 0.240006 0.814913
-0.388896 0.646339 0.656510
-0.480864 0.582373 0.655448
-0.480864 0.582373 0.655448
-0.642305 0.202406 0.739240
-0.527555 0.240006 0.814913
-0.407323 0.488790 0.771474
-0.351659 0.657070 0.666779
-0.358883 0.669022 0.650855
-0.358883 0.669022 0.650855
-0.371703 0.538216 0.756413
-0.407323 0.488790 0.771474
-0.337510 0.461999 0.820149
-0.439442 0.279306 0.853744
-0.553810 0.426632 0.715038
-0.553810 0.426632 0.715038
-0.441609 0.516294 0.733773
-0.337510 0.461999 0.820149
-0.642305 0.202406 0.739240
-0.480864 0.582373 0.655448
-0.553810 0.426632 0.715038
-0.553810 0.426632 0.715038
-0.656637 0.157293 0.737622
-0.642305 0.202406 0.739240
-0.388896 0.646339 0.656510
-0.358883 0.669022 0.650855
-0.351659 0.657070 0.666779
-0.351659 0.657070 0.666779
-0.480864 0.582373 0.655448
-0.388896 0.646339 0.656510
-0.429181 0.432306 0.793042
-0.441609 0.516294 0.733773
-0.351659 0.657070 0.666779
-0.351659 0.657070 0.666779
-0.407323 0.488790 0.771474
-0.429181 0.432306 0.793042
-0.916591 -0.090475 0.389455
-0.873254 -0.196421 0.445923
-0.889656 -0.196450 0.412213
-0.889656 -0.196450 0.412213
-0.941530 -0.078300 0.327706
-0.916591 -0.090475 0.389455
-0.658989 0.061930 0.749598
-0.896812 0.043138 0.440303
-0.916591 -0.090475 0.389455
-0.916591 -0.090475 0.389455
-0.608300 -0.265630 0.747938
-0.658989 0.061930 0.749598
-0.700063 -0.187756 0.688955
-0.873254 -0.196421 0.445923
-0.844017 -0.137228 0.518463
-0.844017 -0.137228 0.518463
-0.670759 -0.285322 0.684598
-0.700063 -0.187756 0.688955
-0.725315 -0.142207 0.673569
-0.899573 -0.126386 0.418086
-0.889656 -0.196450 0.412213
-0.889656 -0.196450 0.412213
-0.714468 -0.194261 0.672159
-0.725315 -0.142207 0.673569
-0.730691 -0.039704 0.681553
-0.941530 -0.078300 0.327706
-0.959585 0.010267 0.281231
-0.959585 0.010267 0.281231
-0.771777 0.025189 0.635394
-0.730691 -0.039704 0.681553
-0.896812 0.043138 0.440303
-0.844017 -0.137228 0.518463
-0.873254 -0.196421 0.445923
-0.873254 -0.196421 0.445923
-0.916591 -0.090475 0.389455
-0.896812 0.043138 0.440303
-0.714468 -0.194261 0.672159
-0.889656 -0.196450 0.412213
-0.873254 -0.196421 0.445923
-0.873254 -0.196421 0.445923
-0.700063 -0.187756 0.688955
-0.714468 -0.194261 0.672159
-0.899573 -0.126386 0.418086
-0.959585 0.010267 0.281231
-0.941530 -0.078300 0.327706
-0.941530 -0.078300 0.327706
-0.889656 -0.196450 0.412213
-0.899573 -0.126386 0.418086
-0.608300 -0.265630 0.747938
-0.916591 -0.090475 0.389455
-0.941530 -0.078300 0.327706
-0.941530 -0.078300 0.327706
-0.730691 -0.039704 0.681553
-0.608300 -0.265630 0.747938
-0.640562 0.210342 0.738537
-0.600695 0.203722 0.773087
-0.596073 0.034600 0.802184
-0.596073 0.034600 0.802184
-0.631806 0.033750 0.774391
-0.640562 0.210342 0.738537
-0.476739 0.114063 0.871613
-0.513448 0.201450 0.834140
-0.640562 0.210342 0.738537
-0.640562 0.210342 0.738537
-0.656637 0.157293 0.737622
-0.476739 0.114063 0.871613
-0.565643 0.016109 0.824493
-0.600695 0.203722 0.773087
-0.598695 0.208076 0.773478
-0.598695 0.208076 0.773478
-0.658989 0.061930 0.749598
-0.565643 0.016109 0.824493
-0.457526 -0.110346 0.882323
-0.493417 -0.074277 0.866616
-0.596073 0.034600 0.802184
-0.596073 0.034600 0.802184
-0.528713 -0.105643 0.842201
-0.457526 -0.110346 0.882323
-0.642305 0.202406 0.739240
-0.631806 0.033750 0.774391
-0.518542 -0.071598 0.852049
-0.518542 -0.071598 0.852049
-0.527555 0.240006 0.814913
-0.642305 0.202406 0.739240
-0.513448 0.201450 0.834140
-0.598695 0.208076 0.773478
-0.600695 0.203722 0.773087
-0.600695 0.203722 0.773087
-0.640562 0.210342 0.738537
-0.513448 0.201450 0.834140
-0.528713 -0.105643 0.842201
-0.596073 0.034600 0.802184
-0.600695 0.203722 0.773087
-0.600695 0.203722 0.773087
-0.565643 0.016109 0.824493
-0.528713 -0.105643 0.842201
-0.493417 -0.074277 0.866616
-0.518542 -0.071598 0.852049
-0.631806 0.033750 0.774391
-0.631806 0.033750 0.774391
-0.596073 0.034600 0.802184
-0.493417 -0.074277 0.866616
-0.656637 0.157293 0.737622
-0.640562 0.210342 0.738537
-0.631806 0.033750 0.774391
-0.631806 0.033750 0.774391
-0.642305 0.202406 0.739240
-0.656637 0.157293 0.737622
-0.374050 -0.497770 0.782504
-0.403670 -0.414905 0.815416
-0.363310 -0.430320 0.826335
-0.363310 -0.430320 0.826335
-0.312681 -0.530352 0.788008
-0.374050 -0.497770 0.782504
-0.457526 -0.110346 0.882323
-0.528713 -0.105643 0.842201
-0.374050 -0.497770 0.782504
-0.374050 -0.497770 0.782504
-0.320497 -0.453129 0.831839
-0.457526 -0.110346 0.882323
-0.608300 -0.265630 0.747938
-0.403670 -0.414905 0.815416
-0.565643 0.016109 0.824493
-0.565643 0.016109 0.824493
-0.658989 0.061930 0.749598
-0.608300 -0.265630 0.747938
-0.771777 0.025189 0.635394
-0.383128 -0.207606 0.900063
-0.363310 -0.430320 0.826335
-0.363310 -0.430320 0.826335
-0.730691 -0.039704 0.681553
-0.771777 0.025189 0.635394
-0.185751 -0.682226 0.707152
-0.312681 -0.530352 0.788008
-0.420658 -0.291061 0.859262
-0.420658 -0.291061 0.859262
-0.275425 -0.408760 0.870090
-0.185751 -0.682226 0.707152
-0.528713 -0.105643 0.842201
-0.565643 0.016109 0.824493
-0.403670 -0.414905 0.815416
-0.403670 -0.414905 0.815416
-0.374050 -0.497770 0.782504
-0.528713 -0.105643 0.842201
-0.730691 -0.039704 0.681553
-0.363310 -0.430320 0.826335
-0.403670 -0.414905 0.815416
-0.403670 -0.414905 0.815416
-0.608300 -0.265630 0.747938
-0.730691 -0.039704 0.681553
-0.383128 -0.207606 0.900063
-0.420658 -0.291061 0.859262
-0.312681 -0.530352 0.788008
-0.312681 -0.530352 0.788008
-0.363310 -0.430320 0.826335
-0.383128 -0.207606 0.900063
-0.320497 -0.453129 0.831839
-0.374050 -0.497770 0.782504
-0.312681 -0.530352 0.788008
-0.312681 -0.530352 0.788008
-0.185751 -0.682226 0.707152
-0.320497 -0.453129 0.831839
-0.042664 0.656969 0.752710
-0.158181 0.697438 0.698970
-0.100476 0.745469 0.658924
-0.100476 0.745469 0.658924
0.354836 0.762458 0.541064
-0.042664 0.656969 0.752710
-0.221056 0.749459 0.624056
-0.275973 0.557367 0.783059
-0.042664 0.656969 0.752710
-0.042664 0.656969 0.752710
0.219638 0.789323 0.573349
-0.221056 0.749459 0.624056
-0.429181 0.432306 0.793042
-0.158181 0.697438 0.698970
-0.413971 0.622223 0.664430
-0.413971 0.622223 0.664430
-0.432936 0.393236 0.811130
-0.429181 0.432306 0.793042
-0.371703 0.538216 0.756413
0.045544 0.834735 0.548765
-0.100476 0.745469 0.658924
-0.100476 0.745469 0.658924
-0.407323 0.488790 0.771474
-0.371703 0.538216 0.756413
0.468497 0.707104 0.529637
0.354836 0.762458 0.541064
0.459835 0.809450 0.365161
0.459835 0.809450 0.365161
0.495607 0.719270 0.486851
0.468497 0.707104 0.529637
-0.275973 0.557367 0.783059
-0.413971 0.622223 0.664430
-0.158181 0.697438 0.698970
-0.158181 0.697438 0.698970
-0.042664 0.656969 0.752710
-0.275973 0.557367 0.783059
-0.407323 0.488790 0.771474
-0.100476 0.745469 0.658924
-0.158181 0.697438 0.698970
-0.158181 0.697438 0.698970
-0.429181 0.432306 0.793042
-0.407323 0.488790 0.771474
0.045544 0.834735 0.548765
0.459835 0.809450 0.365161
0.354836 0.762458 0.541064
0.354836 0.762458 0.541064
-0.100476 0.745469 0.658924
0.045544 0.834735 0.548765
0.219638 0.789323 0.573349
-0.042664 0.656969 0.752710
0.354836 0.762458 0.541064
0.354836 0.762458 0.541064
0.468497 0.707104 0.529637
0.219638 0.789323 0.573349
0.200498 0.965320 0.167207
0.482147 0.854597 0.192870
0.353793 0.924173 0.143996
0.353793 0.924173 0.143996
0.068204 0.986751 0.147208
0.200498 0.965320 0.167207
-0.221056 0.749459 0.624056
0.219638 0.789323 0.573349
0.200498 0.965320 0.167207
0.200498 0.965320 0.167207
-0.260873 0.935930 0.236600
-0.221056 0.749459 0.624056
0.513227 0.815086 0.268763
0.482147 0.854597 0.192870
0.468497 0.707104 0.529637
0.468497 0.707104 0.529637
0.495607 0.719270 0.486851
0.513227 0.815086 0.268763
0.368195 0.888118 0.275098
0.194227 0.948067 0.251882
0.353793 0.924173 0.143996
0.353793 0.924173 0.143996
0.452372 0.876757 0.163271
0.368195 0.888118 0.275098
-0.287994 0.927404 0.238709
0.068204 0.986751 0.147208
-0.068672 0.963036 0.260473
-0.068672 0.963036 0.260473
-0.371232 0.858224 0.354454
-0.287994 0.927404 0.238709
0.219638 0.789323 0.573349
0.468497 0.707104 0.529637
0.482147 0.854597 0.192870
0.482147 0.854597 0.192870
0.200498 0.965320 0.167207
0.219638 0.789323 0.573349
0.452372 0.876757 0.163271
0.353793 0.924173 0.143996
0.482147 0.854597 0.192870
0.482147 0.854597 0.192870
0.513227 0.815086 0.268763
0.452372 0.876757 0.163271
0.194227 0.948067 0.251882
-0.068672 0.963036 0.260473
0.068204 0.986751 0.147208
0.068204 0.986751 0.147208
0.353793 0.924173 0.143996
0.194227 0.948067 0.251882
-0.260873 0.935930 0.236600
0.200498 0.965320 0.167207
0.068204 0.986751 0.147208
0.068204 0.986751 0.147208
-0.287994 0.927404 0.238709
-0.260873 0.935930 0.236600

176
3.372674 -0.556252
3.586816 -0.584825
3.800959 -0.613398
4.015101 -0.641971
3.558929 -0.437346
3.751595 -0.468966
3.944261 -0.500587
4.136927 -0.532208
3.745184 -0.318440
3.916373 -0.353108
4.087563 -0.387777
4.258752 -0.422445
3.931439 -0.199534
4.081152 -0.237250
4.230865 -0.274966
4.380577 -0.312682
4.015101 -0.641971
3.800959 -0.613398
3.586816 -0.584825
3.372674 -0.556252
3.879686 -0.723760
3.690526 -0.692752
3.501366 -0.661744
3.312206 -0.630737
3.744270 -0.805549
3.580093 -0.772106
3.415915 -0.738664
3.251738 -0.705222
3.608854 -0.887338
3.469659 -0.851461
3.330465 -0.815584
3.191270 -0.779707
4.380577 -0.312682
4.258752 -0.422445
4.136927 -0.532208
4.015101 -0.641971
4.410623 -0.383546
4.306546 -0.492659
4.202470 -0.601772
4.098394 -0.710885
4.440668 -0.454410
4.354341 -0.562873
4.268013 -0.671336
4.181686 -0.779799
4.470714 -0.525274
4.402135 -0.633087
4.333557 -0.740900
4.264979 -0.848712
3.608854 -0.887338
3.469659 -0.851461
3.330465 -0.815584
3.191270 -0.779707
3.638276 -1.029411
3.508212 -1.015401
3.378149 -1.001392
3.248086 -0.987382
3.667697 -1.171484
3.546766 -1.179342
3.425834 -1.187200
3.304903 -1.195058
3.697118 -1.313558
3.585319 -1.343283
3.473519 -1.373008
3.361719 -1.402733
4.015101 -0.641971
3.879686 -0.723760
3.744270 -0.805549
3.608854 -0.887338
4.098394 -0.710885
3.997503 -0.793421
3.896613 -0.875957
3.795722 -0.958493
4.181686 -0.779799
4.115321 -0.863082
4.048955 -0.946364
3.982590 -1.029647
4.264979 -0.848712
4.233139 -0.932742
4.201298 -1.016772
4.169457 -1.100802
4.470714 -0.525274
4.402135 -0.633087
4.333557 -0.740900
4.264979 -0.848712
4.548249 -0.541942
4.502287 -0.639339
4.456326 -0.736735
4.410364 -0.834132
4.625785 -0.558609
4.602439 -0.645590
4.579094 -0.732571
4.555748 -0.819552
4.703321 -0.575277
4.702591 -0.651842
4.701862 -0.728407
4.701133 -0.804971
4.169457 -1.100802
3.982590 -1.029647
3.795722 -0.958493
3.608854 -0.887338
4.152887 -1.141639
3.981350 -1.104229
3.809813 -1.066820
3.638276 -1.029411
4.136316 -1.182475
3.980109 -1.178811
3.823903 -1.175148
3.667697 -1.171484
4.119745 -1.223311
3.978870 -1.253393
3.837994 -1.283476
3.697118 -1.313558
4.264979 -0.848712
4.233139 -0.932742
4.201298 -1.016772
4.169457 -1.100802
4.410364 -0.834132
4.390378 -0.907884
4.370392 -0.981635
4.350406 -1.055387
4.555748 -0.819552
4.547617 -0.883025
4.539486 -0.946498
4.531355 -1.009971
4.701133 -0.804971
4.704856 -0.858166
4.708580 -0.911361
4.712304 -0.964556
4.712304 -0.964556
4.531355 -1.009971
4.350406 -1.055387
4.169457 -1.100802
4.656339 -1.029757
4.488522 -1.067051
4.320704 -1.104344
4.152887 -1.141639
4.600374 -1.094957
4.445688 -1.124130
4.291002 -1.153302
4.136316 -1.182475
4.544409 -1.160158
4.402854 -1.181209
4.261300 -1.202260
4.119745 -1.223311
4.380577 -0.312682
4.410623 -0.383546
4.440668 -0.454410
4.470714 -0.525274
4.456841 -0.356426
4.487310 -0.418265
4.517780 -0.480103
4.548249 -0.541942
4.533104 -0.400171
4.563998 -0.452984
4.594892 -0.505797
4.625785 -0.558609
4.609368 -0.443915
4.640686 -0.487702
4.672003 -0.531490
4.703321 -0.575277
4.380577 -0.312682
4.456841 -0.356426
4.533104 -0.400171
4.609368 -0.443915
4.230865 -0.274966
4.343417 -0.317851
4.455968 -0.360737
4.568521 -0.403622
4.081152 -0.237250
4.229992 -0.279276
4.378833 -0.321302
4.527674 -0.363328
3.931439 -0.199534
4.116568 -0.240701
4.301697 -0.281868
4.486826 -0.323035

198
74 0 5 75 1 6 77 2 10
77 3 10 76 4 9 74 5 5
0 6 0 18 7 1 74 8 5
74 9 5 25 10 4 0 11 0
20 12 7 75 13 6 19 14 2
19 15 2 1 16 3 20 17 7
3 18 15 22 19 14 77 20 10
77 21 10 21 22 11 3 23 15
24 24 8 76 25 9 23 26 13
23 27 13 2 28 12 24 29 8
18 30 1 19 31 2 75 32 6
75 33 6 74 34 5 18 35 1
21 36 11 77 37 10 75 38 6
75 39 6 20 40 7 21 41 11
22 42 14 23 43 13 76 44 9
76 45 9 77 46 10 22 47 14
25 48 4 74 49 5 76 50 9
76 51 9 24 52 8 25 53 4
78 54 21 79 55 22 81 56 26
81 57 26 80 58 25 78 59 21
1 60 16 19 61 17 78 62 21
78 63 21 31 64 20 1 65 16
26 66 23 79 67 22 18 68 18
18 69 18 0 70 19 26 71 23
4 72 31 28 73 30 81 74 26
81 75 26 27 76 27 4 77 31
30 78 24 80 79 25 29 80 29
29 81 29 5 82 28 30 83 24
19 84 17 18 85 18 79 86 22
79 87 22 78 88 21 19 89 17
27 90 27 81 91 26 79 92 22
79 93 22 26 94 23 27 95 27
28 96 30 29 97 29 80 98 25
80 99 25 81 100 26 28 101 30
31 102 20 78 103 21 80 104 25
80 105 25 30 106 24 31 107 20
82 108 37 83 109 38 85 110 42
85 111 42 84 112 41 82 113 37
3 114 32 21 115 33 82 116 37
82 117 37 37 118 36 3 119 32
32 120 39 83 121 38 20 122 34
20 123 34 1 124 35 32 125 39
6 126 47 34 127 46 85 128 42
85 129 42 33 130 43 6 131 47
36 132 40 84 133 41 35 134 45
35 135 45 7 136 44 36 137 40
21 138 33 20 139 34 83 140 38
83 141 38 82 142 37 21 143 33
33 144 43 85 145 42 83 146 38
83 147 38 32 148 39 33 149 43
34 150 46 35 151 45 84 152 41
84 153 41 85 154 42 34 155 46
37 156 36 82 157 37 84 158 41
84 159 41 36 160 40 37 161 36
86 162 53 87 163 54 89 164 58
89 165 58 88 166 57 86 167 53
5 168 48 29 169 49 86 170 53
86 171 53 43 172 52 5 173 48
38 174 55 87 175 54 28 176 50
28 177 50 4 178 51 38 179 55
8 180 63 40 181 62 89 182 58
89 183 58 39 184 59 8 185 63
42 186 56 88 187 57 41 188 61
41 189 61 9 190 60 42 191 56
29 192 49 28 193 50 87 194 54
87 195 54 86 196 53 29 197 49
39 198 59 89 199 58 87 200 54
87 201 54 38 202 55 39 203 59
40 204 62 41 205 61 88 206 57
88 207 57 89 208 58 40 209 62
43 210 52 86 211 53 88 212 57
88 213 57 42 214 56 43 215 52
90 216 69 91 217 70 93 218 74
93 219 74 92 220 73 90 221 69
1 222 64 31 223 65 90 224 69
90 225 69 32 226 68 1 227 64
44 228 71 91 229 70 30 230 66
30 231 66 5 232 67 44 233 71
10 234 79 46 235 78 93 236 74
93 237 74 45 238 75 10 239 79
33 240 72 92 241 73 47 242 77
47 243 77 6 244 76 33 245 72
31 246 65 30 247 66 91 248 70
91 249 70 90 250 69 31 251 65
45 252 75 93 253 74 91 254 70
91 255 70 44 256 71 45 257 75
46 258 78 47 259 77 92 260 73
92 261 73 93 262 74 46 263 78
32 264 68 90 265 69 92 266 73
92 267 73 33 268 72 32 269 68
94 270 85 95 271 86 97 272 90
97 273 90 96 274 89 94 275 85
7 276 80 35 277 81 94 278 85
94 279 85 53 280 84 7 281 80
48 282 87 95 283 86 34 284 82
34 285 82 6 286 83 48 287 87
11 288 95 50 289 94 97 290 90
97 291 90 49 292 91 11 293 95
52 294 88 96 295 89 51 296 93
51 297 93 12 298 92 52 299 88
35 300 81 34 301 82 95 302 86
95 303 86 94 304 85 35 305 81
49 306 91 97 307 90 95 308 86
95 309 86 48 310 87 49 311 91
50 312 94 51 313 93 96 314 89
96 315 89 97 316 90 50 317 94
53 318 84 94 319 85 96 320 89
96 321 89 52 322 88 53 323 84
98 324 101 99 325 102 101 326 106
101 327 106 100 328 105 98 329 101
10 330 96 45 331 97 98 332 101
98 333 101 57 334 100 10 335 96
43 336 103 99 337 102 44 338 98
44 339 98 5 340 99 43 341 103
9 342 111 54 343 110 101 344 106
101 345 106 42 346 107 9 347 111
56 348 104 100 349 105 55 350 109
55 351 109 13 352 108 56 353 104
45 354 97 44 355 98 99 356 102
99 357 102 98 358 101 45 359 97
42 360 107 101 361 106 99 362 102
99 363 102 43 364 103 42 365 107
54 366 110 55 367 109 100 368 105
100 369 105 101 370 106 54 371 110
57 372 100 98 373 101 100 374 105
100 375 105 56 376 104 57 377 100
102 378 117 103 379 118 105 380 122
105 381 122 104 382 121 102 383 117
6 384 112 47 385 113 102 386 117
102 387 117 48 388 116 6 389 112
58 390 119 103 391 118 46 392 114
46 393 114 10 394 115 58 395 119
14 396 127 60 397 126 105 398 122
105 399 122 59 400 123 14 401 127
49 402 120 104 403 121 61 404 125
61 405 125 11 406 124 49 407 120
47 408 113 46 409 114 103 410 118
103 411 118 102 412 117 47 413 113
59 414 123 105 415 122 103 416 118
103 417 118 58 418 119 59 419 123
60 420 126 61 421 125 104 422 121
104 423 121 105 424 122 60 425 126
48 426 116 102 427 117 104 428 121
104 429 121 49 430 120 48 431 116
106 432 133 107 433 134 109 434 138
109 435 138 108 436 137 106 437 133
14 438 128 59 439 129 106 440 133
106 441 133 65 442 132 14 443 128
57 444 135 107 445 134 58 446 130
58 447 130 10 448 131 57 449 135
13 450 143 62 451 142 109 452 138
109 453 138 56 454 139 13 455 143
64 456 136 108 457 137 63 458 141
63 459 141 15 460 140 64 461 136
59 462 129 58 463 130 107 464 134
107 465 134 106 466 133 59 467 129
56 468 139 109 469 138 107 470 134
107 471 134 57 472 135 56 473 139
62 474 142 63 475 141 108 476 137
108 477 137 109 478 138 62 479 142
65 480 132 106 481 133 108 482 137
108 483 137 64 484 136 65 485 132
110 486 149 111 487 150 113 488 154
113 489 154 112 490 153 110 491 149
3 492 144 37 493 145 110 494 149
110 495 149 69 496 148 3 497 144
53 498 151 111 499 150 36 500 146
36 501 146 7 502 147 53 503 151
12 504 159 66 505 158 113 506 154
113 507 154 52 508 155 12 509 159
68 510 152 112 511 153 67 512 157
67 513 157 16 514 156 68 515 152
37 516 145 36 517 146 111 518 150
111 519 150 110 520 149 37 521 145
52 522 155 113 523 154 111 524 150
111 525 150 53 526 151 52 527 155
66 528 158 67 529 157 112 530 153
112 531 153 113 532 154 66 533 158
69 534 148 110 535 149 112 536 153
112 537 153 68 538 152 69 539 148
114 540 165 115 541 166 117 542 170
117 543 170 116 544 169 114 545 165
3 546 160 69 547 161 114 548 165
114 549 165 22 550 164 3 551 160
70 552 167 115 553 166 68 554 162
68 555 162 16 556 163 70 557 167
17 558 175 72 559 174 117 560 170
117 561 170 71 562 171 17 563 175
23 564 168 116 565 169 73 566 173
73 567 173 2 568 172 23 569 168
69 570 161 68 571 162 115 572 166
115 573 166 114 574 165 69 575 161
71 576 171 117 577 170 115 578 166
115 579 166 70 580 167 71 581 171
72 582 174 73 583 173 116 584 169
116 585 169 117 586 170 72 587 174
22 588 164 114 589 165 116 590 169
116 591 169 23 592 168 22 593 164
