32
0.000000 0.000000 0.000000
0.416667 0.000000 0.000000
0.128757 0.396274 0.000000
-0.337090 0.244910 0.000000
-0.337090 -0.244911 0.000000
0.128757 -0.396274 0.000000
3.376281 0.000000 29.047771
3.088370 0.396274 29.047771
2.622523 0.244911 29.047773
2.622523 -0.244911 29.047773
3.088370 -0.396273 29.047771
4.358850 0.000000 58.738297
4.070940 0.396274 58.738297
3.605093 0.244911 58.738297
3.605093 -0.244910 58.738297
4.070940 -0.396273 58.738297
4.358850 0.000000 88.738304
4.070940 0.396274 88.738304
3.605093 0.244911 88.738304
3.605093 -0.244910 88.738304
4.070940 -0.396273 88.738304
3.376280 0.000000 119.047775
3.088369 0.396274 119.047775
2.622522 0.244911 119.047775
2.622522 -0.244911 119.047775
3.088370 -0.396273 119.047775
0.416667 0.000000 150.000000
0.128757 0.396274 150.000000
-0.337090 0.244910 150.000000
-0.337090 -0.244911 150.000000
0.128757 -0.396274 150.000000
0.000000 0.000000 150.000000

180
0.000000 0.000000 -1.000000
0.000000 0.000000 -1.000000
0.000000 0.000000 -1.000000
0.000000 0.000000 -1.000000
0.000000 0.000000 -1.000000
0.000000 0.000000 -1.000000
0.000000 0.000000 -1.000000
0.000000 0.000000 -1.000000
0.000000 0.000000 -1.000000
0.000000 0.000000 -1.000000
0.000000 0.000000 -1.000000
0.000000 0.000000 -1.000000
0.000000 0.000000 -1.000000
0.000000 0.000000 -1.000000
0.000000 0.000000 -1.000000
0.994850 -0.000000 -0.101363
0.319969 0.947166 -0.022273
0.997792 0.000001 -0.066415
0.994850 -0.000000 -0.101363
0.273780 0.961388 -0.027895
0.319969 0.947166 -0.022273
0.273780 0.961388 -0.027895
-0.802870 0.593666 0.054401
0.319969 0.947166 -0.022273
0.273780 0.961388 -0.027895
-0.818513 0.568402 0.083396
-0.802870 0.593666 0.054401
-0.818513 0.568402 0.083396
-0.802870 -0.593666 0.054401
-0.802870 0.593666 0.054401
-0.818513 0.568402 0.083396
-0.818513 -0.568403 0.083396
-0.802870 -0.593666 0.054401
-0.818513 -0.568403 0.083396
0.319969 -0.947166 -0.022273
-0.802870 -0.593666 0.054401
-0.818513 -0.568403 0.083396
0.273779 -0.961388 -0.027895
0.319969 -0.947166 -0.022273
0.273779 -0.961388 -0.027895
0.997792 0.000001 -0.066415
0.319969 -0.947166 -0.022273
0.273779 -0.961388 -0.027895
0.994850 -0.000000 -0.101363
0.997792 0.000001 -0.066415
0.997792 0.000001 -0.066415
0.314564 0.949222 -0.005287
0.999865 -0.000000 -0.016439
0.997792 0.000001 -0.066415
0.319969 0.947166 -0.022273
0.314564 0.949222 -0.005287
0.319969 0.947166 -0.022273
-0.806759 0.590730 0.013378
0.314564 0.949222 -0.005287
0.319969 0.947166 -0.022273
-0.802870 0.593666 0.054401
-0.806759 0.590730 0.013378
-0.802870 0.593666 0.054401
-0.806759 -0.590730 0.013378
-0.806759 0.590730 0.013378
-0.802870 0.593666 0.054401
-0.802870 -0.593666 0.054401
-0.806759 -0.590730 0.013378
-0.802870 -0.593666 0.054401
0.314563 -0.949222 -0.005287
-0.806759 -0.590730 0.013378
-0.802870 -0.593666 0.054401
0.319969 -0.947166 -0.022273
0.314563 -0.949222 -0.005287
0.319969 -0.947166 -0.022273
0.999865 -0.000000 -0.016439
0.314563 -0.949222 -0.005287
0.319969 -0.947166 -0.022273
0.997792 0.000001 -0.066415
0.999865 -0.000000 -0.016439
0.999865 -0.000000 -0.016439
0.314449 0.949260 0.005175
0.999870 0.000001 0.016105
0.999865 -0.000000 -0.016439
0.314564 0.949222 -0.005287
0.314449 0.949260 0.005175
0.314564 0.949222 -0.005287
-0.806808 0.590669 -0.013105
0.314449 0.949260 0.005175
0.314564 0.949222 -0.005287
-0.806759 0.590730 0.013378
-0.806808 0.590669 -0.013105
-0.806759 0.590730 0.013378
-0.806807 -0.590670 -0.013105
-0.806808 0.590669 -0.013105
-0.806759 0.590730 0.013378
-0.806759 -0.590730 0.013378
-0.806807 -0.590670 -0.013105
-0.806759 -0.590730 0.013378
0.314452 -0.949259 0.005175
-0.806807 -0.590670 -0.013105
-0.806759 -0.590730 0.013378
0.314563 -0.949222 -0.005287
0.314452 -0.949259 0.005175
0.314563 -0.949222 -0.005287
0.999870 0.000001 0.016105
0.314452 -0.949259 0.005175
0.314563 -0.949222 -0.005287
0.999865 -0.000000 -0.016439
0.999870 0.000001 0.016105
0.999870 0.000001 0.016105
0.319105 0.947486 0.021021
0.998008 -0.000000 0.063087
0.999870 0.000001 0.016105
0.314449 0.949260 0.005175
0.319105 0.947486 0.021021
0.314449 0.949260 0.005175
-0.803404 0.593192 -0.051624
0.319105 0.947486 0.021021
0.314449 0.949260 0.005175
-0.806808 0.590669 -0.013105
-0.803404 0.593192 -0.051624
-0.806808 0.590669 -0.013105
-0.803404 -0.593192 -0.051624
-0.803404 0.593192 -0.051624
-0.806808 0.590669 -0.013105
-0.806807 -0.590670 -0.013105
-0.803404 -0.593192 -0.051624
-0.806807 -0.590670 -0.013105
0.319103 -0.947487 0.021021
-0.803404 -0.593192 -0.051624
-0.806807 -0.590670 -0.013105
0.314452 -0.949259 0.005175
0.319103 -0.947487 0.021021
0.314452 -0.949259 0.005175
0.998008 -0.000000 0.063087
0.319103 -0.947487 0.021021
0.314452 -0.949259 0.005175
0.999870 0.000001 0.016105
0.998008 -0.000000 0.063087
0.998008 -0.000000 0.063087
0.275980 0.960801 0.026389
0.995460 -0.000001 0.095185
0.998008 -0.000000 0.063087
0.319105 0.947486 0.021021
0.275980 0.960801 0.026389
0.319105 0.947486 0.021021
-0.818148 0.569661 -0.078230
0.275980 0.960801 0.026389
0.319105 0.947486 0.021021
-0.803404 0.593192 -0.051624
-0.818148 0.569661 -0.078230
-0.803404 0.593192 -0.051624
-0.818147 -0.569662 -0.078230
-0.818148 0.569661 -0.078230
-0.803404 0.593192 -0.051624
-0.803404 -0.593192 -0.051624
-0.818147 -0.569662 -0.078230
-0.803404 -0.593192 -0.051624
0.275981 -0.960801 0.026389
-0.818147 -0.569662 -0.078230
-0.803404 -0.593192 -0.051624
0.319103 -0.947487 0.021021
0.275981 -0.960801 0.026389
0.319103 -0.947487 0.021021
0.995460 -0.000001 0.095185
0.275981 -0.960801 0.026389
0.319103 -0.947487 0.021021
0.998008 -0.000000 0.063087
0.995460 -0.000001 0.095185
0.000000 0.000000 1.000000
0.000000 0.000000 1.000000
0.000000 0.000000 1.000000
0.000000 0.000000 1.000000
0.000000 0.000000 1.000000
0.000000 0.000000 1.000000
0.000000 0.000000 1.000000
0.000000 0.000000 1.000000
0.000000 0.000000 1.000000
0.000000 0.000000 1.000000
0.000000 0.000000 1.000000
0.000000 0.000000 1.000000
0.000000 0.000000 1.000000
0.000000 0.000000 1.000000
0.000000 0.000000 1.000000

47
0.000000 0.000000
0.750000 -74.500000
0.960753 -74.500000
0.151377 -74.500000
0.348623 -74.500000
0.539247 -74.500000
0.750000 -44.500000
0.960753 -44.500000
0.151377 -44.500000
0.348623 -44.500000
0.539247 -44.500000
0.750000 -14.500000
0.960753 -14.500000
0.151377 -14.500000
0.348623 -14.500000
0.539247 -14.500000
0.750000 15.500000
0.960753 15.500000
0.151377 15.500000
0.348623 15.500000
0.539247 15.500000
0.750000 45.500000
0.960753 45.500000
0.151377 45.500000
0.348623 45.500000
0.539247 45.500000
0.750000 75.500000
0.960753 75.500000
0.151377 75.500000
0.348623 75.500000
0.539247 75.500000
0.000000 -0.750000
-0.039247 -74.500000
-0.039247 -44.500000
-0.039247 -74.500000
-0.039247 -44.500000
-0.039247 -14.500000
-0.039247 -44.500000
-0.039247 -14.500000
-0.039247 15.500000
-0.039247 -14.500000
-0.039247 15.500000
-0.039247 45.500000
-0.039247 15.500000
-0.039247 45.500000
-0.039247 75.500000
-0.039247 45.500000

60
0 0 0 2 1 2 1 2 1
0 3 0 3 4 3 2 5 2
0 6 0 4 7 4 3 8 3
0 9 0 5 10 5 4 11 4
0 12 0 1 13 1 5 14 5
1 15 1 7 16 7 6 17 6
1 18 1 2 19 2 7 20 7
2 21 32 8 22 8 7 23 33
2 24 34 3 25 3 8 26 8
3 27 3 9 28 9 8 29 8
3 30 3 4 31 4 9 32 9
4 33 4 10 34 10 9 35 9
4 36 4 5 37 5 10 38 10
5 39 5 6 40 6 10 41 10
5 42 5 1 43 1 6 44 6
6 45 6 12 46 12 11 47 11
6 48 6 7 49 7 12 50 12
7 51 35 13 52 13 12 53 36
7 54 37 8 55 8 13 56 13
8 57 8 14 58 14 13 59 13
8 60 8 9 61 9 14 62 14
9 63 9 15 64 15 14 65 14
9 66 9 10 67 10 15 68 15
10 69 10 11 70 11 15 71 15
10 72 10 6 73 6 11 74 11
11 75 11 17 76 17 16 77 16
11 78 11 12 79 12 17 80 17
12 81 38 18 82 18 17 83 39
12 84 40 13 85 13 18 86 18
13 87 13 19 88 19 18 89 18
13 90 13 14 91 14 19 92 19
14 93 14 20 94 20 19 95 19
14 96 14 15 97 15 20 98 20
15 99 15 16 100 16 20 101 20
15 102 15 11 103 11 16 104 16
16 105 16 22 106 22 21 107 21
16 108 16 17 109 17 22 110 22
17 111 41 23 112 23 22 113 42
17 114 43 18 115 18 23 116 23
18 117 18 24 118 24 23 119 23
18 120 18 19 121 19 24 122 24
19 123 19 25 124 25 24 125 24
19 126 19 20 127 20 25 128 25
20 129 20 21 130 21 25 131 25
20 132 20 16 133 16 21 134 21
21 135 21 27 136 27 26 137 26
21 138 21 22 139 22 27 140 27
22 141 44 28 142 28 27 143 45
22 144 46 23 145 23 28 146 28
23 147 23 29 148 29 28 149 28
23 150 23 24 151 24 29 152 29
24 153 24 30 154 30 29 155 29
24 156 24 25 157 25 30 158 30
25 159 25 26 160 26 30 161 30
25 162 25 21 163 21 26 164 26
31 165 31 26 166 26 27 167 27
31 168 31 27 169 27 28 170 28
31 171 31 28 172 28 29 173 29
31 174 31 29 175 29 30 176 30
31 177 31 30 178 30 26 179 26
