54
-0.729167 -0.729167 0.000000
0.729167 -0.729167 0.000000
-0.729167 0.729167 0.000000
0.729167 0.729167 0.000000
-0.729167 -0.729167 0.166667
0.729167 -0.729167 0.166667
-0.750000 0.750000 0.166667
0.750000 0.750000 0.166667
0.666667 0.583333 -1.500000
0.833333 0.583333 -1.500000
0.666667 0.750000 -1.500000
0.833333 0.750000 -1.500000
0.541667 0.541667 0.000000
0.708333 0.541667 0.000000
0.541667 0.708333 0.000000
-0.833333 0.583333 -1.500000
-0.666667 0.583333 -1.500000
-0.833333 0.750000 -1.500000
-0.666667 0.750000 -1.500000
-0.708333 0.541667 0.000000
-0.541667 0.541667 0.000000
-0.541667 0.708333 0.000000
-0.833333 -0.833333 -1.500000
-0.666667 -0.833333 -1.500000
-0.833333 -0.666667 -1.500000
-0.666667 -0.666667 -1.500000
-0.541667 -0.708333 0.000000
-0.708333 -0.541667 0.000000
-0.541667 -0.541667 0.000000
0.666667 -0.833333 -1.500000
0.833333 -0.833333 -1.500000
0.666667 -0.666667 -1.500000
0.833333 -0.666667 -1.500000
0.541667 -0.708333 0.000000
0.541667 -0.541667 0.000000
0.708333 -0.541667 0.000000
0.541667 -0.708333 0.166667
0.541667 -0.541667 0.166667
0.708333 -0.541667 0.166667
0.541667 -0.875000 1.500000
0.708333 -0.875000 1.500000
0.541667 -0.708333 1.500000
0.729167 -0.703125 1.458333
-0.541667 -0.708333 0.166667
-0.708333 -0.541667 0.166667
-0.541667 -0.541667 0.166667
-0.708333 -0.875000 1.500000
-0.541667 -0.875000 1.500000
-0.729167 -0.703125 1.458333
-0.541667 -0.708333 1.500000
-0.750000 -0.572917 0.754420
0.750000 -0.572917 0.754420
-0.750000 -0.614583 1.425507
0.750000 -0.614583 1.425507

240
0.000000 0.000000 -1.000000
0.000000 0.000000 -1.000000
0.000000 0.000000 -1.000000
0.000000 0.000000 -1.000000
0.000000 0.000000 -1.000000
0.000000 0.000000 -1.000000
0.000000 -0.000000 1.000000
0.000000 -0.000000 1.000000
0.000000 -0.000000 1.000000
0.000000 -0.000000 1.000000
0.000000 -0.000000 1.000000
0.000000 -0.000000 1.000000
0.056533 -0.997907 0.031407
-0.052713 -0.997904 0.037530
-0.054989 -0.996972 -0.054989
-0.054989 -0.996972 -0.054989
0.050612 -0.996840 -0.061226
0.056533 -0.997907 0.031407
0.998375 0.050163 0.027054
0.998414 -0.049976 -0.025919
0.993425 -0.001093 -0.114479
0.993425 -0.001093 -0.114479
0.999151 0.041174 -0.000968
0.998375 0.050163 0.027054
-0.054537 0.996695 -0.060203
0.050874 0.997228 -0.054303
0.000000 0.992278 -0.124035
0.000000 0.992278 -0.124035
0.000000 0.992278 -0.124035
-0.054537 0.996695 -0.060203
-0.997825 -0.060426 -0.026364
-0.997904 0.052713 0.037530
-0.998347 0.056608 0.009951
-0.998347 0.056608 0.009951
-0.992394 -0.013977 -0.122302
-0.997825 -0.060426 -0.026364
0.000000 0.000000 -1.000000
0.000000 0.000000 -1.000000
0.000000 0.000000 -1.000000
0.000000 0.000000 -1.000000
0.000000 0.000000 -1.000000
0.000000 0.000000 -1.000000
0.000000 -0.999614 -0.027767
0.000000 -0.999614 -0.027767
0.000000 -0.999614 -0.027767
0.000000 -0.999614 -0.027767
0.000000 -0.999614 -0.027767
0.000000 -0.999614 -0.027767
0.997502 -0.008617 0.070109
0.997597 0.000000 0.069278
0.998414 -0.049976 -0.025919
0.998414 -0.049976 -0.025919
0.990738 -0.110082 0.079504
0.997502 -0.008617 0.070109
-0.009077 0.999621 0.026002
0.000000 0.999614 0.027767
-0.102382 0.994715 0.007723
-0.102382 0.994715 0.007723
-0.054537 0.996695 -0.060203
-0.009077 0.999621 0.026002
-0.996546 0.000000 -0.083045
-0.996546 0.000000 -0.083045
-0.996546 0.000000 -0.083045
-0.996546 0.000000 -0.083045
-0.996546 0.000000 -0.083045
-0.996546 0.000000 -0.083045
0.000000 0.000000 -1.000000
0.000000 0.000000 -1.000000
0.000000 0.000000 -1.000000
0.000000 0.000000 -1.000000
0.000000 0.000000 -1.000000
0.000000 0.000000 -1.000000
0.000000 -0.999614 -0.027767
0.000000 -0.999614 -0.027767
0.000000 -0.999614 -0.027767
0.000000 -0.999614 -0.027767
0.000000 -0.999614 -0.027767
0.000000 -0.999614 -0.027767
0.996546 0.000000 -0.083045
0.996546 0.000000 -0.083045
0.996546 0.000000 -0.083045
0.996546 0.000000 -0.083045
0.996546 0.000000 -0.083045
0.996546 0.000000 -0.083045
0.008379 0.999864 0.014236
0.000000 0.999904 0.013888
0.050874 0.997228 -0.054303
0.050874 0.997228 -0.054303
0.110413 0.993715 0.018402
0.008379 0.999864 0.014236
-0.996608 -0.008806 0.081828
-0.996546 0.000000 0.083045
-0.992390 -0.102336 0.068486
-0.992390 -0.102336 0.068486
-0.997825 -0.060426 -0.026364
-0.996608 -0.008806 0.081828
0.000000 0.000000 -1.000000
0.000000 0.000000 -1.000000
0.000000 0.000000 -1.000000
0.000000 0.000000 -1.000000
0.000000 0.000000 -1.000000
0.000000 0.000000 -1.000000
0.009028 -0.996649 0.081299
0.000000 -0.996546 0.083045
0.102184 -0.992777 0.062862
0.102184 -0.992777 0.062862
0.056533 -0.997907 0.031407
0.009028 -0.996649 0.081299
0.996546 0.000000 -0.083045
0.996546 0.000000 -0.083045
0.996546 0.000000 -0.083045
0.996546 0.000000 -0.083045
0.996546 0.000000 -0.083045
0.996546 0.000000 -0.083045
0.000000 0.996546 -0.083045
0.000000 0.996546 -0.083045
0.000000 0.996546 -0.083045
0.000000 0.996546 -0.083045
0.000000 0.996546 -0.083045
0.000000 0.996546 -0.083045
-0.997539 0.008335 0.069621
-0.997597 0.000000 0.069278
-0.997904 0.052713 0.037530
-0.997904 0.052713 0.037530
-0.991201 0.110133 0.073422
-0.997539 0.008335 0.069621
0.000000 0.000000 -1.000000
0.000000 0.000000 -1.000000
0.000000 0.000000 -1.000000
0.000000 0.000000 -1.000000
0.000000 0.000000 -1.000000
0.000000 0.000000 -1.000000
-0.008335 -0.997539 0.069621
0.000000 -0.997597 0.069278
-0.052713 -0.997904 0.037530
-0.052713 -0.997904 0.037530
-0.110133 -0.991201 0.073422
-0.008335 -0.997539 0.069621
0.996649 0.009028 0.081299
0.996546 0.000000 0.083045
0.992777 0.102184 0.062862
0.992777 0.102184 0.062862
0.998375 0.050163 0.027054
0.996649 0.009028 0.081299
0.000000 0.996546 -0.083045
0.000000 0.996546 -0.083045
0.000000 0.996546 -0.083045
0.000000 0.996546 -0.083045
0.000000 0.996546 -0.083045
0.000000 0.996546 -0.083045
-0.996546 0.000000 -0.083045
-0.996546 0.000000 -0.083045
-0.996546 0.000000 -0.083045
-0.996546 0.000000 -0.083045
-0.996546 0.000000 -0.083045
-0.996546 0.000000 -0.083045
0.115703 0.113010 0.986834
0.000000 0.235599 0.971850
0.048497 0.249953 0.967043
0.048497 0.249953 0.967043
0.216930 0.000000 0.976187
0.115703 0.113010 0.986834
-0.101114 -0.988669 -0.110944
-0.054989 -0.996972 -0.054989
-0.009672 -0.992380 -0.122838
-0.009672 -0.992380 -0.122838
0.000000 -0.992278 -0.124035
-0.101114 -0.988669 -0.110944
0.999151 0.041174 -0.000968
0.993881 0.110431 -0.002226
0.988832 -0.148989 -0.003755
0.988832 -0.148989 -0.003755
0.992801 -0.119754 0.002414
0.999151 0.041174 -0.000968
-0.000000 0.992278 0.124035
0.000000 0.992278 0.124035
-0.000000 0.992278 0.124035
-0.000000 0.992278 0.124035
-0.000000 0.992278 0.124035
-0.000000 0.992278 0.124035
-1.000000 0.000000 0.000000
-1.000000 0.000000 0.000000
-1.000000 0.000000 0.000000
-1.000000 0.000000 0.000000
-1.000000 0.000000 0.000000
-1.000000 0.000000 0.000000
-0.113200 0.113200 0.987103
0.000000 0.000000 1.000000
-0.107758 0.107758 0.988320
-0.107758 0.107758 0.988320
-0.090721 0.288540 0.953160
-0.113200 0.113200 0.987103
0.050612 -0.996840 -0.061226
0.109589 -0.986301 -0.123288
0.009749 -0.993875 -0.110076
0.009749 -0.993875 -0.110076
0.000000 -0.994072 -0.108727
0.050612 -0.996840 -0.061226
1.000000 0.000000 0.000000
1.000000 0.000000 0.000000
1.000000 0.000000 0.000000
1.000000 0.000000 0.000000
1.000000 0.000000 0.000000
1.000000 0.000000 0.000000
0.000000 0.992278 0.124035
0.000000 0.992278 0.124035
0.000000 0.992278 0.124035
0.000000 0.992278 0.124035
0.000000 0.992278 0.124035
0.000000 0.992278 0.124035
-0.995631 0.090590 0.022647
-0.998347 0.056608 0.009951
-0.994495 -0.101652 -0.025413
-0.994495 -0.101652 -0.025413
-0.985897 -0.165339 -0.025902
-0.995631 0.090590 0.022647
-0.090721 0.288540 0.953160
0.048497 0.249953 0.967043
0.000000 0.347622 0.937635
0.000000 0.347622 0.937635
0.000000 0.347622 0.937635
-0.090721 0.288540 0.953160
0.000000 -0.983319 -0.181892
0.000000 -0.983319 -0.181892
0.000000 -0.983319 -0.181892
0.000000 -0.983319 -0.181892
0.000000 -0.983319 -0.181892
0.000000 -0.983319 -0.181892
0.972099 -0.234119 -0.014536
0.988832 -0.148989 -0.003755
0.972099 -0.234119 -0.014536
0.000000 0.998078 0.061969
0.000000 0.998078 0.061969
0.000000 0.998078 0.061969
0.000000 0.998078 0.061969
0.000000 0.998078 0.061969
0.000000 0.998078 0.061969
-0.985897 -0.165339 -0.025902
-0.972100 -0.234118 -0.014536
-0.972099 -0.234118 -0.014536

168
0.073077 0.507081
0.926924 0.507081
0.073077 0.510097
0.926924 0.510097
0.073077 0.734536
0.926924 0.734536
0.073077 0.737552
0.926924 0.737552
0.222500 0.256341
0.222500 0.743659
0.777500 0.743659
0.777500 0.256341
0.222500 0.256341
0.777500 0.256341
0.777500 0.743659
0.222500 0.743659
0.000500 0.259856
0.000500 0.740144
0.999500 0.740144
0.999500 0.259856
0.000500 0.740144
0.000500 0.259856
0.999500 0.259856
0.999500 0.740144
0.000500 0.535341
0.999500 0.535341
0.999500 0.700877
0.000500 0.700877
0.999500 0.535341
0.000500 0.535341
0.000500 0.700877
0.999500 0.700877
0.000500 0.460196
0.000500 0.527572
0.999500 0.527572
0.999500 0.460195
0.000500 0.392819
0.999500 0.392819
0.999500 0.460195
0.000500 0.460196
-0.404192 0.729355
0.514465 0.729561
0.434121 0.516710
-0.484536 0.516504
0.514465 0.729561
-0.404191 0.729355
-0.484535 0.516505
0.434122 0.516711
0.036682 0.049557
0.021463 0.221218
1.028236 0.218176
1.043455 0.046515
0.021463 0.221218
0.036682 0.049557
1.043455 0.046515
1.028236 0.218176
0.036682 0.049557
0.021463 0.221219
1.028236 0.218176
1.043455 0.046515
0.021463 0.221219
0.036682 0.049557
1.043455 0.046515
1.028236 0.218176
2.746888 0.501201
3.438238 0.501201
3.438238 0.736994
2.746888 0.736994
-2.438238 0.501201
-1.746888 0.501201
-1.746888 0.736994
-2.438238 0.736994
0.000499 0.703047
0.000499 0.535851
0.999501 0.535851
0.999501 0.703047
0.000500 0.535851
0.000500 0.703047
0.999501 0.703047
0.999501 0.535851
-0.269083 0.944684
-0.269083 0.834175
1.269083 0.834175
1.269083 0.944684
-0.269083 0.834175
-0.269083 0.944684
1.269083 0.944684
1.269083 0.834175
0.003670 0.502354
0.013249 0.704894
1.005773 0.697320
0.996195 0.494779
0.013248 0.704895
0.003670 0.502354
0.996194 0.494780
1.005773 0.697320
0.972492 0.008214
0.982041 0.217742
-0.007411 0.225577
-0.016959 0.016050
0.982041 0.217742
0.972492 0.008214
-0.016960 0.016050
-0.007411 0.225577
0.008135 0.726875
-0.000574 0.511640
1.001879 0.520612
1.010588 0.735847
-0.000574 0.511639
0.008135 0.726874
1.010588 0.735847
1.001879 0.520611
-0.010132 0.272463
-0.001424 0.490523
1.001029 0.499613
0.992321 0.281553
-0.001424 0.490523
-0.010133 0.272463
0.992321 0.281553
1.001029 0.499613
0.967770 0.956998
0.977319 0.796178
-0.012133 0.790164
-0.021682 0.950984
0.977319 0.796178
0.967770 0.956998
-0.021682 0.950984
-0.012133 0.790164
-0.006163 0.716402
0.004329 0.515416
0.992838 0.538851
0.982347 0.739837
0.004329 0.515416
-0.006163 0.716402
0.982347 0.739837
0.992838 0.538851
0.004851 0.261271
0.000977 0.459908
1.000338 0.472678
1.004212 0.274041
0.000977 0.459908
0.004851 0.261272
1.004212 0.274042
1.000338 0.472678
-0.066928 0.981649
-0.064748 0.767607
1.059501 0.747721
1.057322 0.961764
-0.064748 0.767607
-0.066928 0.981650
1.057322 0.961764
1.059501 0.747721
4.084930 0.462653
5.040912 0.462653
5.040912 0.274718
4.084930 0.274718
-4.040912 0.462653
-3.084931 0.462653
-3.084931 0.274719
-4.040912 0.274719
2.292466 0.734763
2.770457 0.734763
2.770456 0.556859
2.292466 0.556859
-1.770456 0.734763
-1.292466 0.734763
-1.292466 0.556859
-1.770456 0.556859

80
0 0 8 2 1 9 3 2 10
3 3 10 1 4 11 0 5 8
4 6 12 5 7 13 7 8 14
7 9 14 6 10 15 4 11 12
0 12 24 1 13 25 5 14 26
5 15 26 4 16 27 0 17 24
1 18 16 3 19 17 7 20 18
7 21 18 5 22 19 1 23 16
3 24 28 2 25 29 6 26 30
6 27 30 7 28 31 3 29 28
2 30 20 0 31 21 4 32 22
4 33 22 6 34 23 2 35 20
8 36 152 10 37 153 11 38 154
11 39 154 9 40 155 8 41 152
8 42 96 9 43 97 13 44 98
13 45 98 12 46 99 8 47 96
9 48 136 11 49 137 3 50 138
3 51 138 13 52 139 9 53 136
11 54 88 10 55 89 14 56 90
14 57 90 3 58 91 11 59 88
10 60 144 8 61 145 12 62 146
12 63 146 14 64 147 10 65 144
15 66 160 17 67 161 18 68 162
18 69 162 16 70 163 15 71 160
15 72 128 16 73 129 20 74 130
20 75 130 19 76 131 15 77 128
16 78 148 18 79 149 21 80 150
21 81 150 20 82 151 16 83 148
18 84 120 17 85 121 2 86 122
2 87 122 21 88 123 18 89 120
17 90 140 15 91 141 19 92 142
19 93 142 2 94 143 17 95 140
22 96 164 24 97 165 25 98 166
25 99 166 23 100 167 22 101 164
22 102 124 23 103 125 26 104 126
26 105 126 0 106 127 22 107 124
23 108 112 25 109 113 28 110 114
28 111 114 26 112 115 23 113 112
25 114 132 24 115 133 27 116 134
27 117 134 28 118 135 25 119 132
24 120 104 22 121 105 0 122 106
0 123 106 27 124 107 24 125 104
29 126 156 31 127 157 32 128 158
32 129 158 30 130 159 29 131 156
29 132 92 30 133 93 1 134 94
1 135 94 33 136 95 29 137 92
30 138 108 32 139 109 35 140 110
35 141 110 1 142 111 30 143 108
32 144 100 31 145 101 34 146 102
34 147 102 35 148 103 32 149 100
31 150 116 29 151 117 33 152 118
33 153 118 34 154 119 31 155 116
39 156 64 40 157 65 42 158 66
42 159 66 41 160 67 39 161 64
36 162 80 5 163 81 40 164 82
40 165 82 39 166 83 36 167 80
5 168 48 38 169 49 42 170 50
42 171 50 40 172 51 5 173 48
38 174 84 37 175 85 41 176 86
41 177 86 42 178 87 38 179 84
37 180 52 36 181 53 39 182 54
39 183 54 41 184 55 37 185 52
46 186 68 47 187 69 49 188 70
49 189 70 48 190 71 46 191 68
4 192 72 43 193 73 47 194 74
47 195 74 46 196 75 4 197 72
43 198 56 45 199 57 49 200 58
49 201 58 47 202 59 43 203 56
45 204 76 44 205 77 48 206 78
48 207 78 49 208 79 45 209 76
44 210 60 4 211 61 46 212 62
46 213 62 48 214 63 44 215 60
48 216 36 42 217 37 53 218 38
53 219 38 52 220 39 48 221 36
50 222 0 51 223 1 42 224 5
42 225 5 48 226 4 50 227 0
53 228 42 42 229 43 51 230 40
51 231 3 50 232 2 52 233 6
52 234 6 53 235 7 51 236 3
48 237 46 52 238 47 50 239 44
