145
0.000000 0.000000 4829.630371
-0.000041 898.391418 4829.630371
-232.520859 867.779480 4829.630371
-449.195740 778.029846 4829.630371
-635.258728 635.258667 4829.630371
-778.029846 449.195709 4829.630371
-867.779541 232.520782 4829.630371
-898.391418 -0.000049 4829.630371
-867.779480 -232.520859 4829.630371
-778.029663 -449.195709 4829.630371
-635.258545 -635.258667 4829.630371
-449.195587 -778.029785 4829.630371
-232.520691 -867.779480 4829.630371
0.000116 -898.391479 4829.630371
232.520935 -867.779480 4829.630371
449.195831 -778.029724 4829.630371
635.258789 -635.258423 4829.630371
778.029907 -449.195557 4829.630371
867.779541 -232.520630 4829.630371
898.391418 0.000186 4829.630371
867.779358 232.520981 4829.630371
778.029724 449.195862 4829.630371
635.258484 635.258789 4829.630371
449.195526 778.029907 4829.630371
232.520599 867.779419 4829.630371
-0.000091 2362.168213 4330.127441
-611.374268 2281.678955 4330.127441
-1181.084473 2045.697876 4330.127441
-1670.305420 1670.305176 4330.127441
-2045.697998 1181.083984 4330.127441
-2281.679688 611.373962 4330.127441
-2362.168457 -0.000196 4330.127441
-2281.679443 -611.374329 4330.127441
-2045.697632 -1181.084473 4330.127441
-1670.304932 -1670.305420 4330.127441
-1181.083862 -2045.697876 4330.127441
-611.373840 -2281.679932 4330.127441
0.000322 -2362.168457 4330.127441
611.374451 -2281.679199 4330.127441
1181.084473 -2045.697632 4330.127441
1670.305542 -1670.304932 4330.127441
2045.697998 -1181.083740 4330.127441
2281.679443 -611.373718 4330.127441
2362.167969 0.000423 4330.127441
2281.678955 611.374634 4330.127441
2045.697388 1181.084595 4330.127441
1670.305176 1670.305786 4330.127441
1181.083740 2045.697998 4330.127441
611.373657 2281.679443 4330.127441
-0.000157 3500.749512 3535.533936
-906.060913 3381.464355 3535.533936
-1750.374878 3031.738037 3535.533936
-2475.404053 2475.403564 3535.533936
-3031.738281 1750.374390 3535.533936
-3381.464600 906.060425 3535.533936
-3500.749756 -0.000319 3535.533936
-3381.464355 -906.060913 3535.533936
-3031.737793 -1750.375122 3535.533936
-2475.403809 -2475.404297 3535.533936
-1750.374634 -3031.738281 3535.533936
-906.060242 -3381.464600 3535.533936
0.000455 -3500.749756 3535.533936
906.061218 -3381.464844 3535.533936
1750.375244 -3031.738037 3535.533936
2475.404053 -2475.403320 3535.533936
3031.738281 -1750.374390 3535.533936
3381.464844 -906.060059 3535.533936
3500.749756 0.000599 3535.533936
3381.464355 906.061340 3535.533936
3031.737793 1750.375366 3535.533936
2475.403320 2475.404541 3535.533936
1750.374146 3031.738525 3535.533936
906.059937 3381.464355 3535.533936
-0.000182 4330.126953 2499.999756
-1120.719604 4182.581543 2499.999756
-2165.063721 3750.000000 2499.999756
-3061.862549 3061.861816 2499.999756
-3750.000244 2165.063232 2499.999756
-4182.581543 1120.719116 2499.999756
-4330.127441 -0.000385 2499.999756
-4182.581543 -1120.719727 2499.999756
-3749.999756 -2165.064209 2499.999756
-3061.862061 -3061.862549 2499.999756
-2165.062988 -3750.000244 2499.999756
-1120.718872 -4182.582031 2499.999756
0.000575 -4330.127441 2499.999756
1120.719849 -4182.582031 2499.999756
2165.064209 -3749.999756 2499.999756
3061.862549 -3061.861572 2499.999756
3750.000488 -2165.063232 2499.999756
4182.581543 -1120.718628 2499.999756
4330.126953 0.000750 2499.999756
4182.581543 1120.720215 2499.999756
3749.999756 2165.064209 2499.999756
3061.861572 3061.863037 2499.999756
2165.062988 3750.000732 2499.999756
1120.718384 4182.581543 2499.999756
-0.000211 4782.740234 1294.095093
-1237.864502 4619.771484 1294.095093
-2391.369873 4141.974121 1294.095093
-3381.907959 3381.907471 1294.095093
-4141.974609 2391.369629 1294.095093
-4619.771973 1237.863647 1294.095093
-4782.739746 -0.000416 1294.095093
-4619.771484 -1237.864502 1294.095093
-4141.973633 -2391.370361 1294.095093
-3381.906982 -3381.907959 1294.095093
-2391.369385 -4141.974121 1294.095093
-1237.863403 -4619.771973 1294.095093
0.000625 -4782.739258 1294.095093
1237.864746 -4619.771484 1294.095093
2391.370117 -4141.974121 1294.095093
3381.908203 -3381.906982 1294.095093
4141.974609 -2391.369385 1294.095093
4619.771973 -1237.863281 1294.095093
4782.739258 0.000839 1294.095093
4619.771484 1237.865112 1294.095093
4141.973145 2391.370361 1294.095093
3381.906982 3381.908447 1294.095093
2391.369141 4141.974121 1294.095093
1237.863037 4619.771973 1294.095093
-0.000219 5000.000000 -0.000219
-1294.095459 4829.628906 -0.000219
-2500.000244 4330.126953 -0.000219
-3535.534180 3535.533691 -0.000219
-4330.127441 2499.999756 -0.000219
-4829.629395 1294.094849 -0.000219
-5000.000000 -0.000437 -0.000219
-4829.628906 -1294.095703 -0.000219
-4330.126953 -2500.000488 -0.000219
-3535.533447 -3535.534180 -0.000219
-2499.999512 -4330.127441 -0.000219
-1294.094604 -4829.629395 -0.000219
0.000656 -5000.000000 -0.000219
1294.095947 -4829.628906 -0.000219
2500.000732 -4330.126465 -0.000219
3535.534424 -3535.533447 -0.000219
4330.127441 -2499.999268 -0.000219
4829.629395 -1294.094360 -0.000219
5000.000000 0.000874 -0.000219
4829.628906 1294.096069 -0.000219
4330.126465 2500.000732 -0.000219
3535.533203 3535.534668 -0.000219
2499.999023 4330.127441 -0.000219
1294.094238 4829.629395 -0.000219

792
-0.000000 -0.176900 -0.984229
0.000000 0.000000 -1.000000
0.045785 -0.170872 -0.984229
0.045785 -0.170872 -0.984229
0.000000 0.000000 -1.000000
0.088450 -0.153200 -0.984229
0.088450 -0.153200 -0.984229
0.000000 0.000000 -1.000000
0.125087 -0.125087 -0.984229
0.125087 -0.125087 -0.984229
0.000000 0.000000 -1.000000
0.153200 -0.088450 -0.984229
0.153200 -0.088450 -0.984229
0.000000 0.000000 -1.000000
0.170872 -0.045785 -0.984229
0.170872 -0.045785 -0.984229
0.000000 0.000000 -1.000000
0.176900 0.000000 -0.984229
0.176900 0.000000 -0.984229
0.000000 0.000000 -1.000000
0.170872 0.045785 -0.984229
0.170872 0.045785 -0.984229
0.000000 0.000000 -1.000000
0.153200 0.088450 -0.984229
0.153200 0.088450 -0.984229
0.000000 0.000000 -1.000000
0.125087 0.125087 -0.984229
0.125087 0.125087 -0.984229
0.000000 0.000000 -1.000000
0.088450 0.153200 -0.984229
0.088450 0.153200 -0.984229
0.000000 0.000000 -1.000000
0.045785 0.170872 -0.984229
0.045785 0.170872 -0.984229
0.000000 0.000000 -1.000000
-0.000000 0.176900 -0.984229
-0.000000 0.176900 -0.984229
0.000000 0.000000 -1.000000
-0.045785 0.170872 -0.984229
-0.045785 0.170872 -0.984229
0.000000 0.000000 -1.000000
-0.088450 0.153200 -0.984229
-0.088450 0.153200 -0.984229
0.000000 0.000000 -1.000000
-0.125087 0.125087 -0.984229
-0.125087 0.125087 -0.984229
0.000000 0.000000 -1.000000
-0.153200 0.088450 -0.984229
-0.153200 0.088450 -0.984229
0.000000 0.000000 -1.000000
-0.170872 0.045785 -0.984229
-0.170872 0.045785 -0.984229
0.000000 0.000000 -1.000000
-0.176900 -0.000000 -0.984229
-0.176900 -0.000000 -0.984229
0.000000 0.000000 -1.000000
-0.170872 -0.045785 -0.984229
-0.170872 -0.045785 -0.984229
0.000000 0.000000 -1.000000
-0.153200 -0.088450 -0.984229
-0.153200 -0.088450 -0.984229
0.000000 0.000000 -1.000000
-0.125087 -0.125087 -0.984229
-0.125087 -0.125087 -0.984229
0.000000 0.000000 -1.000000
-0.088450 -0.153200 -0.984229
-0.088450 -0.153200 -0.984229
0.000000 0.000000 -1.000000
-0.045785 -0.170872 -0.984229
-0.045785 -0.170872 -0.984229
0.000000 0.000000 -1.000000
-0.000000 -0.176900 -0.984229
0.000000 -0.461229 -0.887281
-0.000000 -0.176900 -0.984229
0.119375 -0.445513 -0.887281
0.119375 -0.445513 -0.887281
-0.000000 -0.176900 -0.984229
0.045785 -0.170872 -0.984229
0.119375 -0.445513 -0.887281
0.045785 -0.170872 -0.984229
0.230614 -0.399436 -0.887281
0.230614 -0.399436 -0.887281
0.045785 -0.170872 -0.984229
0.088450 -0.153200 -0.984229
0.230614 -0.399436 -0.887281
0.088450 -0.153200 -0.984229
0.326138 -0.326138 -0.887281
0.326138 -0.326138 -0.887281
0.088450 -0.153200 -0.984229
0.125087 -0.125087 -0.984229
0.326138 -0.326138 -0.887281
0.125087 -0.125087 -0.984229
0.399436 -0.230614 -0.887281
0.399436 -0.230614 -0.887281
0.125087 -0.125087 -0.984229
0.153200 -0.088450 -0.984229
0.399436 -0.230614 -0.887281
0.153200 -0.088450 -0.984229
0.445513 -0.119375 -0.887281
0.445513 -0.119375 -0.887281
0.153200 -0.088450 -0.984229
0.170872 -0.045785 -0.984229
0.445513 -0.119375 -0.887281
0.170872 -0.045785 -0.984229
0.461229 0.000000 -0.887281
0.461229 0.000000 -0.887281
0.170872 -0.045785 -0.984229
0.176900 0.000000 -0.984229
0.461229 0.000000 -0.887281
0.176900 0.000000 -0.984229
0.445513 0.119375 -0.887281
0.445513 0.119375 -0.887281
0.176900 0.000000 -0.984229
0.170872 0.045785 -0.984229
0.445513 0.119375 -0.887281
0.170872 0.045785 -0.984229
0.399436 0.230614 -0.887281
0.399436 0.230614 -0.887281
0.170872 0.045785 -0.984229
0.153200 0.088450 -0.984229
0.399436 0.230614 -0.887281
0.153200 0.088450 -0.984229
0.326138 0.326138 -0.887281
0.326138 0.326138 -0.887281
0.153200 0.088450 -0.984229
0.125087 0.125087 -0.984229
0.326138 0.326138 -0.887281
0.125087 0.125087 -0.984229
0.230614 0.399436 -0.887281
0.230614 0.399436 -0.887281
0.125087 0.125087 -0.984229
0.088450 0.153200 -0.984229
0.230614 0.399436 -0.887281
0.088450 0.153200 -0.984229
0.119375 0.445513 -0.887281
0.119375 0.445513 -0.887281
0.088450 0.153200 -0.984229
0.045785 0.170872 -0.984229
0.119375 0.445513 -0.887281
0.045785 0.170872 -0.984229
-0.000000 0.461228 -0.887281
-0.000000 0.461228 -0.887281
0.045785 0.170872 -0.984229
-0.000000 0.176900 -0.984229
-0.000000 0.461228 -0.887281
-0.000000 0.176900 -0.984229
-0.119375 0.445512 -0.887281
-0.119375 0.445512 -0.887281
-0.000000 0.176900 -0.984229
-0.045785 0.170872 -0.984229
-0.119375 0.445512 -0.887281
-0.045785 0.170872 -0.984229
-0.230614 0.399436 -0.887281
-0.230614 0.399436 -0.887281
-0.045785 0.170872 -0.984229
-0.088450 0.153200 -0.984229
-0.230614 0.399436 -0.887281
-0.088450 0.153200 -0.984229
-0.326138 0.326138 -0.887281
-0.326138 0.326138 -0.887281
-0.088450 0.153200 -0.984229
-0.125087 0.125087 -0.984229
-0.326138 0.326138 -0.887281
-0.125087 0.125087 -0.984229
-0.399436 0.230614 -0.887281
-0.399436 0.230614 -0.887281
-0.125087 0.125087 -0.984229
-0.153200 0.088450 -0.984229
-0.399436 0.230614 -0.887281
-0.153200 0.088450 -0.984229
-0.445513 0.119375 -0.887281
-0.445513 0.119375 -0.887281
-0.153200 0.088450 -0.984229
-0.170872 0.045785 -0.984229
-0.445513 0.119375 -0.887281
-0.170872 0.045785 -0.984229
-0.461228 -0.000000 -0.887281
-0.461228 -0.000000 -0.887281
-0.170872 0.045785 -0.984229
-0.176900 -0.000000 -0.984229
-0.461228 -0.000000 -0.887281
-0.176900 -0.000000 -0.984229
-0.445512 -0.119375 -0.887281
-0.445512 -0.119375 -0.887281
-0.176900 -0.000000 -0.984229
-0.170872 -0.045785 -0.984229
-0.445512 -0.119375 -0.887281
-0.170872 -0.045785 -0.984229
-0.399436 -0.230614 -0.887281
-0.399436 -0.230614 -0.887281
-0.170872 -0.045785 -0.984229
-0.153200 -0.088450 -0.984229
-0.399436 -0.230614 -0.887281
-0.153200 -0.088450 -0.984229
-0.326138 -0.326138 -0.887281
-0.326138 -0.326138 -0.887281
-0.153200 -0.088450 -0.984229
-0.125087 -0.125087 -0.984229
-0.326138 -0.326138 -0.887281
-0.125087 -0.125087 -0.984229
-0.230614 -0.399436 -0.887281
-0.230614 -0.399436 -0.887281
-0.125087 -0.125087 -0.984229
-0.088450 -0.153200 -0.984229
-0.230614 -0.399436 -0.887281
-0.088450 -0.153200 -0.984229
-0.119375 -0.445513 -0.887281
-0.119375 -0.445513 -0.887281
-0.088450 -0.153200 -0.984229
-0.045785 -0.170872 -0.984229
-0.119375 -0.445513 -0.887281
-0.045785 -0.170872 -0.984229
0.000000 -0.461229 -0.887281
0.000000 -0.461229 -0.887281
-0.045785 -0.170872 -0.984229
-0.000000 -0.176900 -0.984229
-0.000000 -0.689618 -0.724174
0.000000 -0.461229 -0.887281
0.178486 -0.666119 -0.724174
0.178486 -0.666119 -0.724174
0.000000 -0.461229 -0.887281
0.119375 -0.445513 -0.887281
0.178486 -0.666119 -0.724174
0.119375 -0.445513 -0.887281
0.344809 -0.597226 -0.724174
0.344809 -0.597226 -0.724174
0.119375 -0.445513 -0.887281
0.230614 -0.399436 -0.887281
0.344809 -0.597226 -0.724174
0.230614 -0.399436 -0.887281
0.487633 -0.487633 -0.724174
0.487633 -0.487633 -0.724174
0.230614 -0.399436 -0.887281
0.326138 -0.326138 -0.887281
0.487633 -0.487633 -0.724174
0.326138 -0.326138 -0.887281
0.597227 -0.344809 -0.724174
0.597227 -0.344809 -0.724174
0.326138 -0.326138 -0.887281
0.399436 -0.230614 -0.887281
0.597227 -0.344809 -0.724174
0.399436 -0.230614 -0.887281
0.666120 -0.178486 -0.724174
0.666120 -0.178486 -0.724174
0.399436 -0.230614 -0.887281
0.445513 -0.119375 -0.887281
0.666120 -0.178486 -0.724174
0.445513 -0.119375 -0.887281
0.689618 0.000000 -0.724174
0.689618 0.000000 -0.724174
0.445513 -0.119375 -0.887281
0.461229 0.000000 -0.887281
0.689618 0.000000 -0.724174
0.461229 0.000000 -0.887281
0.666120 0.178486 -0.724174
0.666120 0.178486 -0.724174
0.461229 0.000000 -0.887281
0.445513 0.119375 -0.887281
0.666120 0.178486 -0.724174
0.445513 0.119375 -0.887281
0.597226 0.344809 -0.724174
0.597226 0.344809 -0.724174
0.445513 0.119375 -0.887281
0.399436 0.230614 -0.887281
0.597226 0.344809 -0.724174
0.399436 0.230614 -0.887281
0.487633 0.487633 -0.724174
0.487633 0.487633 -0.724174
0.399436 0.230614 -0.887281
0.326138 0.326138 -0.887281
0.487633 0.487633 -0.724174
0.326138 0.326138 -0.887281
0.344809 0.597226 -0.724174
0.344809 0.597226 -0.724174
0.326138 0.326138 -0.887281
0.230614 0.399436 -0.887281
0.344809 0.597226 -0.724174
0.230614 0.399436 -0.887281
0.178486 0.666119 -0.724174
0.178486 0.666119 -0.724174
0.230614 0.399436 -0.887281
0.119375 0.445513 -0.887281
0.178486 0.666119 -0.724174
0.119375 0.445513 -0.887281
0.000000 0.689618 -0.724174
0.000000 0.689618 -0.724174
0.119375 0.445513 -0.887281
-0.000000 0.461228 -0.887281
0.000000 0.689618 -0.724174
-0.000000 0.461228 -0.887281
-0.178486 0.666120 -0.724174
-0.178486 0.666120 -0.724174
-0.000000 0.461228 -0.887281
-0.119375 0.445512 -0.887281
-0.178486 0.666120 -0.724174
-0.119375 0.445512 -0.887281
-0.344809 0.597226 -0.724174
-0.344809 0.597226 -0.724174
-0.119375 0.445512 -0.887281
-0.230614 0.399436 -0.887281
-0.344809 0.597226 -0.724174
-0.230614 0.399436 -0.887281
-0.487633 0.487633 -0.724174
-0.487633 0.487633 -0.724174
-0.230614 0.399436 -0.887281
-0.326138 0.326138 -0.887281
-0.487633 0.487633 -0.724174
-0.326138 0.326138 -0.887281
-0.597226 0.344809 -0.724174
-0.597226 0.344809 -0.724174
-0.326138 0.326138 -0.887281
-0.399436 0.230614 -0.887281
-0.597226 0.344809 -0.724174
-0.399436 0.230614 -0.887281
-0.666120 0.178486 -0.724174
-0.666120 0.178486 -0.724174
-0.399436 0.230614 -0.887281
-0.445513 0.119375 -0.887281
-0.666120 0.178486 -0.724174
-0.445513 0.119375 -0.887281
-0.689618 -0.000000 -0.724174
-0.689618 -0.000000 -0.724174
-0.445513 0.119375 -0.887281
-0.461228 -0.000000 -0.887281
-0.689618 -0.000000 -0.724174
-0.461228 -0.000000 -0.887281
-0.666119 -0.178486 -0.724174
-0.666119 -0.178486 -0.724174
-0.461228 -0.000000 -0.887281
-0.445512 -0.119375 -0.887281
-0.666119 -0.178486 -0.724174
-0.445512 -0.119375 -0.887281
-0.597226 -0.344809 -0.724174
-0.597226 -0.344809 -0.724174
-0.445512 -0.119375 -0.887281
-0.399436 -0.230614 -0.887281
-0.597226 -0.344809 -0.724174
-0.399436 -0.230614 -0.887281
-0.487633 -0.487633 -0.724174
-0.487633 -0.487633 -0.724174
-0.399436 -0.230614 -0.887281
-0.326138 -0.326138 -0.887281
-0.487633 -0.487633 -0.724174
-0.326138 -0.326138 -0.887281
-0.344809 -0.597227 -0.724174
-0.344809 -0.597227 -0.724174
-0.326138 -0.326138 -0.887281
-0.230614 -0.399436 -0.887281
-0.344809 -0.597227 -0.724174
-0.230614 -0.399436 -0.887281
-0.178486 -0.666120 -0.724174
-0.178486 -0.666120 -0.724174
-0.230614 -0.399436 -0.887281
-0.119375 -0.445513 -0.887281
-0.178486 -0.666120 -0.724174
-0.119375 -0.445513 -0.887281
-0.000000 -0.689618 -0.724174
-0.000000 -0.689618 -0.724174
-0.119375 -0.445513 -0.887281
0.000000 -0.461229 -0.887281
0.000000 -0.872347 -0.488887
-0.000000 -0.689618 -0.724174
0.225780 -0.842623 -0.488887
0.225780 -0.842623 -0.488887
-0.000000 -0.689618 -0.724174
0.178486 -0.666119 -0.724174
0.225780 -0.842623 -0.488887
0.178486 -0.666119 -0.724174
0.436174 -0.755475 -0.488887
0.436174 -0.755475 -0.488887
0.178486 -0.666119 -0.724174
0.344809 -0.597226 -0.724174
0.436174 -0.755475 -0.488887
0.344809 -0.597226 -0.724174
0.616843 -0.616843 -0.488887
0.616843 -0.616843 -0.488887
0.344809 -0.597226 -0.724174
0.487633 -0.487633 -0.724174
0.616843 -0.616843 -0.488887
0.487633 -0.487633 -0.724174
0.755475 -0.436174 -0.488887
0.755475 -0.436174 -0.488887
0.487633 -0.487633 -0.724174
0.597227 -0.344809 -0.724174
0.755475 -0.436174 -0.488887
0.597227 -0.344809 -0.724174
0.842623 -0.225780 -0.488887
0.842623 -0.225780 -0.488887
0.597227 -0.344809 -0.724174
0.666120 -0.178486 -0.724174
0.842623 -0.225780 -0.488887
0.666120 -0.178486 -0.724174
0.872347 0.000000 -0.488887
0.872347 0.000000 -0.488887
0.666120 -0.178486 -0.724174
0.689618 0.000000 -0.724174
0.872347 0.000000 -0.488887
0.689618 0.000000 -0.724174
0.842623 0.225780 -0.488887
0.842623 0.225780 -0.488887
0.689618 0.000000 -0.724174
0.666120 0.178486 -0.724174
0.842623 0.225780 -0.488887
0.666120 0.178486 -0.724174
0.755475 0.436174 -0.488887
0.755475 0.436174 -0.488887
0.666120 0.178486 -0.724174
0.597226 0.344809 -0.724174
0.755475 0.436174 -0.488887
0.597226 0.344809 -0.724174
0.616843 0.616843 -0.488886
0.616843 0.616843 -0.488886
0.597226 0.344809 -0.724174
0.487633 0.487633 -0.724174
0.616843 0.616843 -0.488886
0.487633 0.487633 -0.724174
0.436174 0.755475 -0.488886
0.436174 0.755475 -0.488886
0.487633 0.487633 -0.724174
0.344809 0.597226 -0.724174
0.436174 0.755475 -0.488886
0.344809 0.597226 -0.724174
0.225780 0.842623 -0.488886
0.225780 0.842623 -0.488886
0.344809 0.597226 -0.724174
0.178486 0.666119 -0.724174
0.225780 0.842623 -0.488886
0.178486 0.666119 -0.724174
0.000000 0.872347 -0.488886
0.000000 0.872347 -0.488886
0.178486 0.666119 -0.724174
0.000000 0.689618 -0.724174
0.000000 0.872347 -0.488886
0.000000 0.689618 -0.724174
-0.225780 0.842623 -0.488886
-0.225780 0.842623 -0.488886
0.000000 0.689618 -0.724174
-0.178486 0.666120 -0.724174
-0.225780 0.842623 -0.488886
-0.178486 0.666120 -0.724174
-0.436174 0.755475 -0.488887
-0.436174 0.755475 -0.488887
-0.178486 0.666120 -0.724174
-0.344809 0.597226 -0.724174
-0.436174 0.755475 -0.488887
-0.344809 0.597226 -0.724174
-0.616843 0.616843 -0.488887
-0.616843 0.616843 -0.488887
-0.344809 0.597226 -0.724174
-0.487633 0.487633 -0.724174
-0.616843 0.616843 -0.488887
-0.487633 0.487633 -0.724174
-0.755475 0.436174 -0.488887
-0.755475 0.436174 -0.488887
-0.487633 0.487633 -0.724174
-0.597226 0.344809 -0.724174
-0.755475 0.436174 -0.488887
-0.597226 0.344809 -0.724174
-0.842623 0.225780 -0.488887
-0.842623 0.225780 -0.488887
-0.597226 0.344809 -0.724174
-0.666120 0.178486 -0.724174
-0.842623 0.225780 -0.488887
-0.666120 0.178486 -0.724174
-0.872347 -0.000000 -0.488886
-0.872347 -0.000000 -0.488886
-0.666120 0.178486 -0.724174
-0.689618 -0.000000 -0.724174
-0.872347 -0.000000 -0.488886
-0.689618 -0.000000 -0.724174
-0.842623 -0.225780 -0.488886
-0.842623 -0.225780 -0.488886
-0.689618 -0.000000 -0.724174
-0.666119 -0.178486 -0.724174
-0.842623 -0.225780 -0.488886
-0.666119 -0.178486 -0.724174
-0.755475 -0.436174 -0.488886
-0.755475 -0.436174 -0.488886
-0.666119 -0.178486 -0.724174
-0.597226 -0.344809 -0.724174
-0.755475 -0.436174 -0.488886
-0.597226 -0.344809 -0.724174
-0.616843 -0.616843 -0.488887
-0.616843 -0.616843 -0.488887
-0.597226 -0.344809 -0.724174
-0.487633 -0.487633 -0.724174
-0.616843 -0.616843 -0.488887
-0.487633 -0.487633 -0.724174
-0.436173 -0.755475 -0.488886
-0.436173 -0.755475 -0.488886
-0.487633 -0.487633 -0.724174
-0.344809 -0.597227 -0.724174
-0.436173 -0.755475 -0.488886
-0.344809 -0.597227 -0.724174
-0.225780 -0.842623 -0.488887
-0.225780 -0.842623 -0.488887
-0.344809 -0.597227 -0.724174
-0.178486 -0.666120 -0.724174
-0.225780 -0.842623 -0.488887
-0.178486 -0.666120 -0.724174
0.000000 -0.872347 -0.488887
0.000000 -0.872347 -0.488887
-0.178486 -0.666120 -0.724174
-0.000000 -0.689618 -0.724174
0.000000 -0.966224 -0.257703
0.000000 -0.872347 -0.488887
0.250077 -0.933301 -0.257703
0.250077 -0.933301 -0.257703
0.000000 -0.872347 -0.488887
0.225780 -0.842623 -0.488887
0.250077 -0.933301 -0.257703
0.225780 -0.842623 -0.488887
0.483112 -0.836775 -0.257703
0.483112 -0.836775 -0.257703
0.225780 -0.842623 -0.488887
0.436174 -0.755475 -0.488887
0.483112 -0.836775 -0.257703
0.436174 -0.755475 -0.488887
0.683224 -0.683224 -0.257703
0.683224 -0.683224 -0.257703
0.436174 -0.755475 -0.488887
0.616843 -0.616843 -0.488887
0.683224 -0.683224 -0.257703
0.616843 -0.616843 -0.488887
0.836775 -0.483112 -0.257703
0.836775 -0.483112 -0.257703
0.616843 -0.616843 -0.488887
0.755475 -0.436174 -0.488887
0.836775 -0.483112 -0.257703
0.755475 -0.436174 -0.488887
0.933301 -0.250077 -0.257703
0.933301 -0.250077 -0.257703
0.755475 -0.436174 -0.488887
0.842623 -0.225780 -0.488887
0.933301 -0.250077 -0.257703
0.842623 -0.225780 -0.488887
0.966224 0.000000 -0.257703
0.966224 0.000000 -0.257703
0.842623 -0.225780 -0.488887
0.872347 0.000000 -0.488887
0.966224 0.000000 -0.257703
0.872347 0.000000 -0.488887
0.933301 0.250077 -0.257703
0.933301 0.250077 -0.257703
0.872347 0.000000 -0.488887
0.842623 0.225780 -0.488887
0.933301 0.250077 -0.257703
0.842623 0.225780 -0.488887
0.836775 0.483112 -0.257703
0.836775 0.483112 -0.257703
0.842623 0.225780 -0.488887
0.755475 0.436174 -0.488887
0.836775 0.483112 -0.257703
0.755475 0.436174 -0.488887
0.683224 0.683224 -0.257703
0.683224 0.683224 -0.257703
0.755475 0.436174 -0.488887
0.616843 0.616843 -0.488886
0.683224 0.683224 -0.257703
0.616843 0.616843 -0.488886
0.483112 0.836775 -0.257703
0.483112 0.836775 -0.257703
0.616843 0.616843 -0.488886
0.436174 0.755475 -0.488886
0.483112 0.836775 -0.257703
0.436174 0.755475 -0.488886
0.250077 0.933301 -0.257703
0.250077 0.933301 -0.257703
0.436174 0.755475 -0.488886
0.225780 0.842623 -0.488886
0.250077 0.933301 -0.257703
0.225780 0.842623 -0.488886
-0.000000 0.966224 -0.257703
-0.000000 0.966224 -0.257703
0.225780 0.842623 -0.488886
0.000000 0.872347 -0.488886
-0.000000 0.966224 -0.257703
0.000000 0.872347 -0.488886
-0.250077 0.933301 -0.257703
-0.250077 0.933301 -0.257703
0.000000 0.872347 -0.488886
-0.225780 0.842623 -0.488886
-0.250077 0.933301 -0.257703
-0.225780 0.842623 -0.488886
-0.483112 0.836775 -0.257703
-0.483112 0.836775 -0.257703
-0.225780 0.842623 -0.488886
-0.436174 0.755475 -0.488887
-0.483112 0.836775 -0.257703
-0.436174 0.755475 -0.488887
-0.683224 0.683223 -0.257703
-0.683224 0.683223 -0.257703
-0.436174 0.755475 -0.488887
-0.616843 0.616843 -0.488887
-0.683224 0.683223 -0.257703
-0.616843 0.616843 -0.488887
-0.836775 0.483112 -0.257703
-0.836775 0.483112 -0.257703
-0.616843 0.616843 -0.488887
-0.755475 0.436174 -0.488887
-0.836775 0.483112 -0.257703
-0.755475 0.436174 -0.488887
-0.933301 0.250077 -0.257703
-0.933301 0.250077 -0.257703
-0.755475 0.436174 -0.488887
-0.842623 0.225780 -0.488887
-0.933301 0.250077 -0.257703
-0.842623 0.225780 -0.488887
-0.966224 -0.000000 -0.257703
-0.966224 -0.000000 -0.257703
-0.842623 0.225780 -0.488887
-0.872347 -0.000000 -0.488886
-0.966224 -0.000000 -0.257703
-0.872347 -0.000000 -0.488886
-0.933301 -0.250077 -0.257703
-0.933301 -0.250077 -0.257703
-0.872347 -0.000000 -0.488886
-0.842623 -0.225780 -0.488886
-0.933301 -0.250077 -0.257703
-0.842623 -0.225780 -0.488886
-0.836775 -0.483112 -0.257703
-0.836775 -0.483112 -0.257703
-0.842623 -0.225780 -0.488886
-0.755475 -0.436174 -0.488886
-0.836775 -0.483112 -0.257703
-0.755475 -0.436174 -0.488886
-0.683224 -0.683224 -0.257703
-0.683224 -0.683224 -0.257703
-0.755475 -0.436174 -0.488886
-0.616843 -0.616843 -0.488887
-0.683224 -0.683224 -0.257703
-0.616843 -0.616843 -0.488887
-0.483112 -0.836775 -0.257703
-0.483112 -0.836775 -0.257703
-0.616843 -0.616843 -0.488887
-0.436173 -0.755475 -0.488886
-0.483112 -0.836775 -0.257703
-0.436173 -0.755475 -0.488886
-0.250077 -0.933301 -0.257703
-0.250077 -0.933301 -0.257703
-0.436173 -0.755475 -0.488886
-0.225780 -0.842623 -0.488887
-0.250077 -0.933301 -0.257703
-0.225780 -0.842623 -0.488887
0.000000 -0.966224 -0.257703
0.000000 -0.966224 -0.257703
-0.225780 -0.842623 -0.488887
0.000000 -0.872347 -0.488887
0.000000 -0.986198 -0.165568
0.000000 -0.966224 -0.257703
0.255247 -0.952594 -0.165569
0.255247 -0.952594 -0.165569
0.000000 -0.966224 -0.257703
0.250077 -0.933301 -0.257703
0.255247 -0.952594 -0.165569
0.250077 -0.933301 -0.257703
0.493099 -0.854073 -0.165569
0.493099 -0.854073 -0.165569
0.250077 -0.933301 -0.257703
0.483112 -0.836775 -0.257703
0.493099 -0.854073 -0.165569
0.483112 -0.836775 -0.257703
0.697347 -0.697347 -0.165569
0.697347 -0.697347 -0.165569
0.483112 -0.836775 -0.257703
0.683224 -0.683224 -0.257703
0.697347 -0.697347 -0.165569
0.683224 -0.683224 -0.257703
0.854073 -0.493099 -0.165569
0.854073 -0.493099 -0.165569
0.683224 -0.683224 -0.257703
0.836775 -0.483112 -0.257703
0.854073 -0.493099 -0.165569
0.836775 -0.483112 -0.257703
0.952594 -0.255247 -0.165569
0.952594 -0.255247 -0.165569
0.836775 -0.483112 -0.257703
0.933301 -0.250077 -0.257703
0.952594 -0.255247 -0.165569
0.933301 -0.250077 -0.257703
0.986198 0.000000 -0.165569
0.986198 0.000000 -0.165569
0.933301 -0.250077 -0.257703
0.966224 0.000000 -0.257703
0.986198 0.000000 -0.165569
0.966224 0.000000 -0.257703
0.952594 0.255247 -0.165569
0.952594 0.255247 -0.165569
0.966224 0.000000 -0.257703
0.933301 0.250077 -0.257703
0.952594 0.255247 -0.165569
0.933301 0.250077 -0.257703
0.854073 0.493099 -0.165569
0.854073 0.493099 -0.165569
0.933301 0.250077 -0.257703
0.836775 0.483112 -0.257703
0.854073 0.493099 -0.165569
0.836775 0.483112 -0.257703
0.697347 0.697348 -0.165569
0.697347 0.697348 -0.165569
0.836775 0.483112 -0.257703
0.683224 0.683224 -0.257703
0.697347 0.697348 -0.165569
0.683224 0.683224 -0.257703
0.493099 0.854073 -0.165569
0.493099 0.854073 -0.165569
0.683224 0.683224 -0.257703
0.483112 0.836775 -0.257703
0.493099 0.854073 -0.165569
0.483112 0.836775 -0.257703
0.255247 0.952594 -0.165569
0.255247 0.952594 -0.165569
0.483112 0.836775 -0.257703
0.250077 0.933301 -0.257703
0.255247 0.952594 -0.165569
0.250077 0.933301 -0.257703
-0.000000 0.986198 -0.165569
-0.000000 0.986198 -0.165569
0.250077 0.933301 -0.257703
-0.000000 0.966224 -0.257703
-0.000000 0.986198 -0.165569
-0.000000 0.966224 -0.257703
-0.255247 0.952594 -0.165569
-0.255247 0.952594 -0.165569
-0.000000 0.966224 -0.257703
-0.250077 0.933301 -0.257703
-0.255247 0.952594 -0.165569
-0.250077 0.933301 -0.257703
-0.493099 0.854073 -0.165569
-0.493099 0.854073 -0.165569
-0.250077 0.933301 -0.257703
-0.483112 0.836775 -0.257703
-0.493099 0.854073 -0.165569
-0.483112 0.836775 -0.257703
-0.697348 0.697347 -0.165569
-0.697348 0.697347 -0.165569
-0.483112 0.836775 -0.257703
-0.683224 0.683223 -0.257703
-0.697348 0.697347 -0.165569
-0.683224 0.683223 -0.257703
-0.854073 0.493099 -0.165569
-0.854073 0.493099 -0.165569
-0.683224 0.683223 -0.257703
-0.836775 0.483112 -0.257703
-0.854073 0.493099 -0.165569
-0.836775 0.483112 -0.257703
-0.952594 0.255247 -0.165569
-0.952594 0.255247 -0.165569
-0.836775 0.483112 -0.257703
-0.933301 0.250077 -0.257703
-0.952594 0.255247 -0.165569
-0.933301 0.250077 -0.257703
-0.986198 -0.000000 -0.165569
-0.986198 -0.000000 -0.165569
-0.933301 0.250077 -0.257703
-0.966224 -0.000000 -0.257703
-0.986198 -0.000000 -0.165569
-0.966224 -0.000000 -0.257703
-0.952594 -0.255247 -0.165569
-0.952594 -0.255247 -0.165569
-0.966224 -0.000000 -0.257703
-0.933301 -0.250077 -0.257703
-0.952594 -0.255247 -0.165569
-0.933301 -0.250077 -0.257703
-0.854073 -0.493099 -0.165569
-0.854073 -0.493099 -0.165569
-0.933301 -0.250077 -0.257703
-0.836775 -0.483112 -0.257703
-0.854073 -0.493099 -0.165569
-0.836775 -0.483112 -0.257703
-0.697347 -0.697348 -0.165569
-0.697347 -0.697348 -0.165569
-0.836775 -0.483112 -0.257703
-0.683224 -0.683224 -0.257703
-0.697347 -0.697348 -0.165569
-0.683224 -0.683224 -0.257703
-0.493099 -0.854073 -0.165569
-0.493099 -0.854073 -0.165569
-0.683224 -0.683224 -0.257703
-0.483112 -0.836775 -0.257703
-0.493099 -0.854073 -0.165569
-0.483112 -0.836775 -0.257703
-0.255247 -0.952594 -0.165569
-0.255247 -0.952594 -0.165569
-0.483112 -0.836775 -0.257703
-0.250077 -0.933301 -0.257703
-0.255247 -0.952594 -0.165569
-0.250077 -0.933301 -0.257703
0.000000 -0.986198 -0.165568
0.000000 -0.986198 -0.165568
-0.250077 -0.933301 -0.257703
0.000000 -0.966224 -0.257703

211
1.000000 0.869672
0.979167 1.000000
0.041667 0.869672
0.083333 0.869672
0.125000 0.869672
0.166667 0.869672
0.208333 0.869672
0.250000 0.869672
0.291667 0.869672
0.333333 0.869672
0.375000 0.869672
0.416667 0.869672
0.458333 0.869672
0.500000 0.869672
0.541667 0.869672
0.583333 0.869672
0.625000 0.869672
0.666667 0.869672
0.708333 0.869672
0.750000 0.869672
0.791667 0.869672
0.833333 0.869672
0.875000 0.869672
0.916667 0.869672
0.958333 0.869672
1.000000 0.751501
0.041667 0.751501
0.083333 0.751501
0.125000 0.751501
0.166667 0.751501
0.208333 0.751501
0.250000 0.751501
0.291667 0.751501
0.333333 0.751501
0.375000 0.751501
0.416667 0.751501
0.458333 0.751501
0.500000 0.751501
0.541667 0.751501
0.583333 0.751501
0.625000 0.751501
0.666667 0.751501
0.708333 0.751501
0.750000 0.751501
0.791667 0.751501
0.833333 0.751501
0.875000 0.751501
0.916667 0.751501
0.958333 0.751501
1.000000 0.676872
0.041667 0.676872
0.083333 0.676872
0.125000 0.676872
0.166667 0.676872
0.208333 0.676872
0.250000 0.676872
0.291667 0.676872
0.333333 0.676872
0.375000 0.676872
0.416667 0.676872
0.458333 0.676872
0.500000 0.676872
0.541667 0.676872
0.583333 0.676872
0.625000 0.676872
0.666667 0.676872
0.708333 0.676872
0.750000 0.676872
0.791667 0.676872
0.833333 0.676872
0.875000 0.676872
0.916667 0.676872
0.958333 0.676872
1.000000 0.604417
0.041667 0.604417
0.083333 0.604417
0.125000 0.604417
0.166667 0.604417
0.208333 0.604417
0.250000 0.604417
0.291667 0.604417
0.333333 0.604417
0.375000 0.604417
0.416667 0.604417
0.458333 0.604417
0.500000 0.604417
0.541667 0.604417
0.583333 0.604417
0.625000 0.604417
0.666667 0.604417
0.708333 0.604417
0.750000 0.604417
0.791667 0.604417
0.833333 0.604417
0.875000 0.604417
0.916667 0.604417
0.958333 0.604417
1.000000 0.523923
0.041667 0.523923
0.083333 0.523923
0.125000 0.523923
0.166667 0.523923
0.208333 0.523923
0.250000 0.523923
0.291667 0.523923
0.333333 0.523923
0.375000 0.523923
0.416667 0.523923
0.458333 0.523923
0.500000 0.523923
0.541667 0.523923
0.583333 0.523923
0.625000 0.523923
0.666667 0.523923
0.708333 0.523923
0.750000 0.523923
0.791667 0.523923
0.833333 0.523923
0.875000 0.523923
0.916667 0.523923
0.958333 0.523923
1.000000 0.441885
0.041667 0.441885
0.083333 0.441885
0.125000 0.441885
0.166667 0.441885
0.208333 0.441885
0.250000 0.441885
0.291667 0.441885
0.333333 0.441885
0.375000 0.441885
0.416667 0.441885
0.458333 0.441885
0.500000 0.441885
0.541667 0.441885
0.583333 0.441885
0.625000 0.441885
0.666667 0.441885
0.708333 0.441885
0.750000 0.441885
0.791667 0.441885
0.833333 0.441885
0.875000 0.441885
0.916667 0.441885
0.958333 0.441885
1.000000 0.441885
0.041667 0.441885
0.083333 0.441885
0.125000 0.441885
0.166667 0.441885
0.208333 0.441885
0.250000 0.441885
0.291667 0.441885
0.333333 0.441885
0.375000 0.441885
0.416667 0.441885
0.458333 0.441885
0.500000 0.441885
0.541667 0.441885
0.583333 0.441885
0.625000 0.441885
0.666667 0.441885
0.708333 0.441885
0.750000 0.441885
0.791667 0.441885
0.833333 0.441885
0.875000 0.441885
0.916667 0.441885
0.958333 0.441885
-0.000000 0.869672
0.020833 1.000000
0.062500 1.000000
0.104167 1.000000
0.145833 1.000000
0.187500 1.000000
0.229167 1.000000
0.270833 1.000000
0.312500 1.000000
0.354167 1.000000
0.395833 1.000000
0.437500 1.000000
0.479167 1.000000
0.520833 1.000000
0.562500 1.000000
0.604167 1.000000
0.645833 1.000000
0.687500 1.000000
0.729167 1.000000
0.770833 1.000000
0.812500 1.000000
0.854167 1.000000
0.895833 1.000000
0.937500 1.000000
-0.000000 0.751501
-0.000000 0.869672
-0.000000 0.869672
-0.000000 0.676872
-0.000000 0.751501
-0.000000 0.751501
-0.000000 0.604417
-0.000000 0.676872
-0.000000 0.676872
-0.000000 0.523923
-0.000000 0.604417
-0.000000 0.604417
-0.000000 0.441885
-0.000000 0.523923
-0.000000 0.523923
-0.000000 0.441885
-0.000000 0.441885
-0.000000 0.441885

264
1 0 169 0 1 170 2 2 2
2 3 2 0 4 171 3 5 3
3 6 3 0 7 172 4 8 4
4 9 4 0 10 173 5 11 5
5 12 5 0 13 174 6 14 6
6 15 6 0 16 175 7 17 7
7 18 7 0 19 176 8 20 8
8 21 8 0 22 177 9 23 9
9 24 9 0 25 178 10 26 10
10 27 10 0 28 179 11 29 11
11 30 11 0 31 180 12 32 12
12 33 12 0 34 181 13 35 13
13 36 13 0 37 182 14 38 14
14 39 14 0 40 183 15 41 15
15 42 15 0 43 184 16 44 16
16 45 16 0 46 185 17 47 17
17 48 17 0 49 186 18 50 18
18 51 18 0 52 187 19 53 19
19 54 19 0 55 188 20 56 20
20 57 20 0 58 189 21 59 21
21 60 21 0 61 190 22 62 22
22 63 22 0 64 191 23 65 23
23 66 23 0 67 192 24 68 24
24 69 24 0 70 1 1 71 0
25 72 193 1 73 194 26 74 26
26 75 26 1 76 195 2 77 2
26 78 26 2 79 2 27 80 27
27 81 27 2 82 2 3 83 3
27 84 27 3 85 3 28 86 28
28 87 28 3 88 3 4 89 4
28 90 28 4 91 4 29 92 29
29 93 29 4 94 4 5 95 5
29 96 29 5 97 5 30 98 30
30 99 30 5 100 5 6 101 6
30 102 30 6 103 6 31 104 31
31 105 31 6 106 6 7 107 7
31 108 31 7 109 7 32 110 32
32 111 32 7 112 7 8 113 8
32 114 32 8 115 8 33 116 33
33 117 33 8 118 8 9 119 9
33 120 33 9 121 9 34 122 34
34 123 34 9 124 9 10 125 10
34 126 34 10 127 10 35 128 35
35 129 35 10 130 10 11 131 11
35 132 35 11 133 11 36 134 36
36 135 36 11 136 11 12 137 12
36 138 36 12 139 12 37 140 37
37 141 37 12 142 12 13 143 13
37 144 37 13 145 13 38 146 38
38 147 38 13 148 13 14 149 14
38 150 38 14 151 14 39 152 39
39 153 39 14 154 14 15 155 15
39 156 39 15 157 15 40 158 40
40 159 40 15 160 15 16 161 16
40 162 40 16 163 16 41 164 41
41 165 41 16 166 16 17 167 17
41 168 41 17 169 17 42 170 42
42 171 42 17 172 17 18 173 18
42 174 42 18 175 18 43 176 43
43 177 43 18 178 18 19 179 19
43 180 43 19 181 19 44 182 44
44 183 44 19 184 19 20 185 20
44 186 44 20 187 20 45 188 45
45 189 45 20 190 20 21 191 21
45 192 45 21 193 21 46 194 46
46 195 46 21 196 21 22 197 22
46 198 46 22 199 22 47 200 47
47 201 47 22 202 22 23 203 23
47 204 47 23 205 23 48 206 48
48 207 48 23 208 23 24 209 24
48 210 48 24 211 24 25 212 25
25 213 25 24 214 24 1 215 0
49 216 196 25 217 197 50 218 50
50 219 50 25 220 198 26 221 26
50 222 50 26 223 26 51 224 51
51 225 51 26 226 26 27 227 27
51 228 51 27 229 27 52 230 52
52 231 52 27 232 27 28 233 28
52 234 52 28 235 28 53 236 53
53 237 53 28 238 28 29 239 29
53 240 53 29 241 29 54 242 54
54 243 54 29 244 29 30 245 30
54 246 54 30 247 30 55 248 55
55 249 55 30 250 30 31 251 31
55 252 55 31 253 31 56 254 56
56 255 56 31 256 31 32 257 32
56 258 56 32 259 32 57 260 57
57 261 57 32 262 32 33 263 33
57 264 57 33 265 33 58 266 58
58 267 58 33 268 33 34 269 34
58 270 58 34 271 34 59 272 59
59 273 59 34 274 34 35 275 35
59 276 59 35 277 35 60 278 60
60 279 60 35 280 35 36 281 36
60 282 60 36 283 36 61 284 61
61 285 61 36 286 36 37 287 37
61 288 61 37 289 37 62 290 62
62 291 62 37 292 37 38 293 38
62 294 62 38 295 38 63 296 63
63 297 63 38 298 38 39 299 39
63 300 63 39 301 39 64 302 64
64 303 64 39 304 39 40 305 40
64 306 64 40 307 40 65 308 65
65 309 65 40 310 40 41 311 41
65 312 65 41 313 41 66 314 66
66 315 66 41 316 41 42 317 42
66 318 66 42 319 42 67 320 67
67 321 67 42 322 42 43 323 43
67 324 67 43 325 43 68 326 68
68 327 68 43 328 43 44 329 44
68 330 68 44 331 44 69 332 69
69 333 69 44 334 44 45 335 45
69 336 69 45 337 45 70 338 70
70 339 70 45 340 45 46 341 46
70 342 70 46 343 46 71 344 71
71 345 71 46 346 46 47 347 47
71 348 71 47 349 47 72 350 72
72 351 72 47 352 47 48 353 48
72 354 72 48 355 48 49 356 49
49 357 49 48 358 48 25 359 25
73 360 199 49 361 200 74 362 74
74 363 74 49 364 201 50 365 50
74 366 74 50 367 50 75 368 75
75 369 75 50 370 50 51 371 51
75 372 75 51 373 51 76 374 76
76 375 76 51 376 51 52 377 52
76 378 76 52 379 52 77 380 77
77 381 77 52 382 52 53 383 53
77 384 77 53 385 53 78 386 78
78 387 78 53 388 53 54 389 54
78 390 78 54 391 54 79 392 79
79 393 79 54 394 54 55 395 55
79 396 79 55 397 55 80 398 80
80 399 80 55 400 55 56 401 56
80 402 80 56 403 56 81 404 81
81 405 81 56 406 56 57 407 57
81 408 81 57 409 57 82 410 82
82 411 82 57 412 57 58 413 58
82 414 82 58 415 58 83 416 83
83 417 83 58 418 58 59 419 59
83 420 83 59 421 59 84 422 84
84 423 84 59 424 59 60 425 60
84 426 84 60 427 60 85 428 85
85 429 85 60 430 60 61 431 61
85 432 85 61 433 61 86 434 86
86 435 86 61 436 61 62 437 62
86 438 86 62 439 62 87 440 87
87 441 87 62 442 62 63 443 63
87 444 87 63 445 63 88 446 88
88 447 88 63 448 63 64 449 64
88 450 88 64 451 64 89 452 89
89 453 89 64 454 64 65 455 65
89 456 89 65 457 65 90 458 90
90 459 90 65 460 65 66 461 66
90 462 90 66 463 66 91 464 91
91 465 91 66 466 66 67 467 67
91 468 91 67 469 67 92 470 92
92 471 92 67 472 67 68 473 68
92 474 92 68 475 68 93 476 93
93 477 93 68 478 68 69 479 69
93 480 93 69 481 69 94 482 94
94 483 94 69 484 69 70 485 70
94 486 94 70 487 70 95 488 95
95 489 95 70 490 70 71 491 71
95 492 95 71 493 71 96 494 96
96 495 96 71 496 71 72 497 72
96 498 96 72 499 72 73 500 73
73 501 73 72 502 72 49 503 49
97 504 202 73 505 203 98 506 98
98 507 98 73 508 204 74 509 74
98 510 98 74 511 74 99 512 99
99 513 99 74 514 74 75 515 75
99 516 99 75 517 75 100 518 100
100 519 100 75 520 75 76 521 76
100 522 100 76 523 76 101 524 101
101 525 101 76 526 76 77 527 77
101 528 101 77 529 77 102 530 102
102 531 102 77 532 77 78 533 78
102 534 102 78 535 78 103 536 103
103 537 103 78 538 78 79 539 79
103 540 103 79 541 79 104 542 104
104 543 104 79 544 79 80 545 80
104 546 104 80 547 80 105 548 105
105 549 105 80 550 80 81 551 81
105 552 105 81 553 81 106 554 106
106 555 106 81 556 81 82 557 82
106 558 106 82 559 82 107 560 107
107 561 107 82 562 82 83 563 83
107 564 107 83 565 83 108 566 108
108 567 108 83 568 83 84 569 84
108 570 108 84 571 84 109 572 109
109 573 109 84 574 84 85 575 85
109 576 109 85 577 85 110 578 110
110 579 110 85 580 85 86 581 86
110 582 110 86 583 86 111 584 111
111 585 111 86 586 86 87 587 87
111 588 111 87 589 87 112 590 112
112 591 112 87 592 87 88 593 88
112 594 112 88 595 88 113 596 113
113 597 113 88 598 88 89 599 89
113 600 113 89 601 89 114 602 114
114 603 114 89 604 89 90 605 90
114 606 114 90 607 90 115 608 115
115 609 115 90 610 90 91 611 91
115 612 115 91 613 91 116 614 116
116 615 116 91 616 91 92 617 92
116 618 116 92 619 92 117 620 117
117 621 117 92 622 92 93 623 93
117 624 117 93 625 93 118 626 118
118 627 118 93 628 93 94 629 94
118 630 118 94 631 94 119 632 119
119 633 119 94 634 94 95 635 95
119 636 119 95 637 95 120 638 120
120 639 120 95 640 95 96 641 96
120 642 120 96 643 96 97 644 97
97 645 97 96 646 96 73 647 73
121 648 205 97 649 206 122 650 122
122 651 122 97 652 207 98 653 98
122 654 122 98 655 98 123 656 123
123 657 123 98 658 98 99 659 99
123 660 123 99 661 99 124 662 124
124 663 124 99 664 99 100 665 100
124 666 124 100 667 100 125 668 125
125 669 125 100 670 100 101 671 101
125 672 125 101 673 101 126 674 126
126 675 126 101 676 101 102 677 102
126 678 126 102 679 102 127 680 127
127 681 127 102 682 102 103 683 103
127 684 127 103 685 103 128 686 128
128 687 128 103 688 103 104 689 104
128 690 128 104 691 104 129 692 129
129 693 129 104 694 104 105 695 105
129 696 129 105 697 105 130 698 130
130 699 130 105 700 105 106 701 106
130 702 130 106 703 106 131 704 131
131 705 131 106 706 106 107 707 107
131 708 131 107 709 107 132 710 132
132 711 132 107 712 107 108 713 108
132 714 132 108 715 108 133 716 133
133 717 133 108 718 108 109 719 109
133 720 133 109 721 109 134 722 134
134 723 134 109 724 109 110 725 110
134 726 134 110 727 110 135 728 135
135 729 135 110 730 110 111 731 111
135 732 135 111 733 111 136 734 136
136 735 136 111 736 111 112 737 112
136 738 136 112 739 112 137 740 137
137 741 137 112 742 112 113 743 113
137 744 137 113 745 113 138 746 138
138 747 138 113 748 113 114 749 114
138 750 138 114 751 114 139 752 139
139 753 139 114 754 114 115 755 115
139 756 139 115 757 115 140 758 140
140 759 140 115 760 115 116 761 116
140 762 140 116 763 116 141 764 141
141 765 141 116 766 116 117 767 117
141 768 141 117 769 117 142 770 142
142 771 142 117 772 117 118 773 118
142 774 142 118 775 118 143 776 143
143 777 143 118 778 118 119 779 119
143 780 143 119 781 119 144 782 144
144 783 144 119 784 119 120 785 120
144 786 144 120 787 120 121 788 121
121 789 121 120 790 120 97 791 97
