169
-1.000000 -1.000006 62.551769
1.000000 -1.000006 62.551769
-1.000000 0.999994 62.551769
1.000000 0.999994 62.551769
-0.999997 -0.997191 2.000000
0.999992 -0.997192 2.000000
0.999992 1.002807 2.000000
-1.000008 1.002808 2.000000
-1.000000 -5.000006 62.551769
1.000000 -5.000006 62.551769
-1.000000 -3.000006 62.551769
1.000000 -3.000006 62.551769
-0.999997 -4.997191 2.000000
0.999985 -4.997193 2.000000
0.999985 -2.997192 2.000000
-1.000014 -2.997192 2.000000
-1.000000 2.999998 62.551769
1.000000 2.999998 62.551769
-1.000000 4.999998 62.551769
1.000000 4.999998 62.551769
-1.000045 3.002808 2.000000
0.999955 3.002808 2.000000
0.999955 5.002808 2.000000
-0.999997 5.002809 2.000000
-1.000000 6.999998 62.551769
1.000000 6.999998 62.551769
-1.000000 8.999998 62.551769
1.000000 8.999998 62.551769
-0.999962 7.002808 2.000000
1.000038 7.002808 2.000000
1.000038 9.002808 2.000000
-0.999997 9.002809 2.000000
0.000020 11.999996 0.000000
-1.000000 10.999998 62.551769
1.000000 10.999998 62.551769
-1.000000 12.999998 62.551769
1.000000 12.999998 62.551769
-0.999997 10.999997 2.000000
1.000020 10.999996 2.000000
1.000020 12.999996 2.000000
-0.999980 12.999996 2.000000
0.000049 15.999996 0.000001
-1.000000 14.999998 62.551769
1.000000 14.999998 62.551769
-1.000000 16.999998 62.551769
1.000000 16.999998 62.551769
-0.999997 14.999997 2.000000
1.000049 14.999996 2.000000
1.000049 16.999996 2.000000
-0.999951 16.999996 2.000000
-1.000000 -9.000002 62.551769
1.000000 -9.000002 62.551769
-1.000000 -7.000002 62.551769
1.000000 -7.000002 62.551769
-0.999999 -9.000008 2.000000
1.000001 -9.000008 2.000000
1.000000 -7.000008 2.000000
-0.999997 -7.000008 2.000000
-1.000000 -13.000002 62.551769
1.000000 -13.000002 62.551769
-1.000000 -11.000002 62.551769
1.000000 -11.000002 62.551769
-1.000009 -13.000007 2.000000
0.999991 -13.000007 2.000000
0.999991 -11.000007 2.000000
-0.999997 -11.000008 2.000000
-1.000000 -17.000010 62.551769
1.000000 -17.000010 62.551769
-1.000000 -15.000010 62.551769
1.000000 -15.000010 62.551769
-0.999997 -17.000008 2.000000
1.000000 -17.000008 2.000000
1.000000 -15.000008 2.000000
-1.000000 -15.000008 2.000000
-0.941040 -26.000000 2.500000
1.058960 -26.000000 2.500000
-0.941040 26.000000 2.500000
1.058960 26.000000 2.500000
-0.941040 -26.000000 4.500000
1.058960 -26.000000 4.500000
-0.941040 26.000000 4.500000
1.058960 26.000000 4.500000
-0.941040 -26.000000 6.500000
1.058960 -26.000000 6.500000
-0.941040 26.000000 6.500000
1.058960 26.000000 6.500000
-0.941040 -26.000000 8.500000
1.058960 -26.000000 8.500000
-0.941040 26.000000 8.500000
1.058960 26.000000 8.500000
-0.941040 -26.000000 10.500000
1.058960 -26.000000 10.500000
-0.941040 26.000000 10.500000
1.058960 26.000000 10.500000
-0.941040 -26.000000 12.500000
1.058960 -26.000000 12.500000
-0.941040 26.000000 12.500000
1.058960 26.000000 12.500000
-0.941040 -26.000002 14.500000
1.058960 -26.000002 14.500000
-0.941040 25.999998 14.500000
1.058960 25.999998 14.500000
-0.941040 -26.000002 16.500000
1.058960 -26.000002 16.500000
-0.941040 25.999998 16.500000
1.058960 25.999998 16.500000
-0.941040 -26.000000 18.500000
1.058960 -26.000000 18.500000
-0.941040 26.000000 18.500000
1.058960 26.000000 18.500000
-0.941040 -26.000000 20.500000
1.058960 -26.000000 20.500000
-0.941040 26.000000 20.500000
1.058960 26.000000 20.500000
-0.941040 -25.999998 22.500000
1.058960 -25.999998 22.500000
-0.941040 26.000002 22.500000
1.058960 26.000002 22.500000
-0.941040 -25.999998 24.500000
1.058960 -25.999998 24.500000
-0.941040 26.000002 24.500000
1.058960 26.000002 24.500000
-0.941040 -26.000000 26.500000
1.058960 -26.000000 26.500000
-0.941040 26.000000 26.500000
1.058960 26.000000 26.500000
-0.941040 -26.000000 28.500000
1.058960 -26.000000 28.500000
-0.941040 26.000000 28.500000
1.058960 26.000000 28.500000
-0.941040 -26.000000 30.499998
1.058960 -26.000000 30.499998
-0.941040 26.000000 30.499998
1.058960 26.000000 30.499998
-0.941040 -26.000000 32.500000
1.058960 -26.000000 32.500000
-0.941040 26.000000 32.500000
1.058960 26.000000 32.500000
-0.941040 -26.000002 34.500000
1.058960 -26.000002 34.500000
-0.941040 25.999998 34.500000
1.058960 25.999998 34.500000
-0.941040 -26.000002 36.500000
1.058960 -26.000002 36.500000
-0.941040 25.999998 36.500000
1.058960 25.999998 36.500000
-0.941040 -26.000002 38.500000
1.058960 -26.000002 38.500000
-0.941040 25.999998 38.500000
1.058960 25.999998 38.500000
-0.941040 -26.000002 40.500000
1.058960 -26.000002 40.500000
-0.941040 25.999998 40.500000
1.058960 25.999998 40.500000
-0.941040 -26.000000 42.500000
1.058960 -26.000000 42.500000
-0.941040 26.000000 42.500000
1.058960 26.000000 42.500000
-0.941040 -26.000000 44.500000
1.058960 -26.000000 44.500000
-0.941040 26.000000 44.500000
1.058960 26.000000 44.500000
-0.000014 -3.997192 0.000000
-0.000008 0.002808 0.000001
-0.000045 4.002808 0.000001
0.000038 8.002808 0.000001
0.000000 -16.000008 0.000001
-0.000009 -12.000004 0.000001
0.000001 -8.000008 0.000001

588
-0.000000 -0.894427 -0.447213
-0.000000 -0.894427 -0.447213
-0.000000 -0.894427 -0.447213
-0.000000 -1.000000 0.000000
-0.000000 -1.000000 0.000000
-0.000000 -1.000000 0.000000
-0.000000 -1.000000 0.000000
0.000000 -1.000000 0.000000
-0.000000 -1.000000 0.000000
1.000000 0.000000 0.000000
1.000000 0.000000 0.000000
1.000000 0.000000 0.000000
1.000000 0.000000 0.000000
1.000000 0.000000 0.000000
1.000000 0.000000 0.000000
0.000000 1.000000 -0.000000
0.000000 1.000000 -0.000000
0.000000 1.000000 -0.000000
0.000000 1.000000 -0.000000
0.000000 1.000000 -0.000000
0.000000 1.000000 -0.000000
-0.894426 0.000008 -0.447217
-0.894426 0.000008 -0.447217
-0.894426 0.000008 -0.447217
-1.000000 0.000008 -0.000000
-1.000000 0.000009 -0.000000
-1.000000 0.000000 -0.000000
-1.000000 0.000000 -0.000000
-1.000000 0.000000 -0.000000
-1.000000 0.000008 -0.000000
-0.000000 -0.894427 -0.447213
-0.000000 -0.894427 -0.447213
-0.000000 -0.894427 -0.447213
-0.000000 -1.000000 0.000000
-0.000000 -1.000000 0.000000
-0.000000 -1.000000 0.000000
-0.000000 -1.000000 0.000000
0.000000 -1.000000 0.000000
-0.000000 -1.000000 0.000000
1.000000 0.000000 0.000001
1.000000 0.000000 0.000001
1.000000 0.000000 0.000001
1.000000 0.000000 0.000001
1.000000 0.000000 0.000001
1.000000 0.000000 0.000001
0.000000 1.000000 -0.000000
0.000000 1.000000 -0.000000
0.000000 1.000000 -0.000000
0.000000 1.000000 -0.000000
0.000000 1.000000 -0.000000
0.000000 1.000000 -0.000000
-0.894423 0.000020 -0.447222
-0.894423 0.000020 -0.447222
-0.894423 0.000020 -0.447222
-1.000000 0.000022 -0.000000
-1.000000 0.000023 -0.000000
-1.000000 0.000000 -0.000001
-1.000000 0.000000 -0.000001
-1.000000 0.000000 -0.000001
-1.000000 0.000022 -0.000000
-0.000001 -1.000000 -0.000046
-0.000001 -1.000000 -0.000046
-0.000000 -1.000000 -0.000046
-0.000000 -1.000000 -0.000046
0.000000 -1.000000 -0.000046
-0.000001 -1.000000 -0.000046
1.000000 0.000000 -0.000000
1.000000 0.000000 -0.000000
1.000000 0.000000 -0.000000
1.000000 0.000000 -0.000000
1.000000 0.000000 -0.000000
1.000000 0.000000 -0.000000
0.000000 1.000000 0.000046
0.000000 1.000000 0.000046
0.000000 1.000000 0.000046
0.000000 1.000000 0.000046
0.000000 1.000000 0.000046
0.000000 1.000000 0.000046
-1.000000 -0.000009 -0.000000
-1.000000 -0.000009 -0.000000
-1.000000 -0.000000 0.000000
-1.000000 -0.000000 0.000000
-1.000000 0.000000 0.000000
-1.000000 -0.000009 -0.000000
-0.000001 -1.000000 -0.000046
-0.000001 -1.000000 -0.000046
0.000000 -1.000000 -0.000046
0.000000 -1.000000 -0.000046
0.000000 -1.000000 -0.000046
-0.000001 -1.000000 -0.000046
1.000000 -0.000000 -0.000000
1.000000 -0.000000 -0.000000
1.000000 -0.000000 -0.000000
1.000000 -0.000000 -0.000000
1.000000 0.000000 -0.000000
1.000000 -0.000000 -0.000000
0.000000 1.000000 0.000046
0.000000 1.000000 0.000046
0.000000 1.000000 0.000046
0.000000 1.000000 0.000046
0.000000 1.000000 0.000046
0.000000 1.000000 0.000046
-1.000000 -0.000006 -0.000000
-1.000000 -0.000006 -0.000000
-1.000000 -0.000000 0.000000
-1.000000 -0.000000 0.000000
-1.000000 0.000000 0.000000
-1.000000 -0.000006 -0.000000
0.000000 -1.000000 -0.000046
0.000000 -1.000000 -0.000046
0.000000 -1.000000 -0.000046
0.000000 -1.000000 -0.000046
0.000000 -1.000000 -0.000046
0.000000 -1.000000 -0.000046
1.000000 0.000000 -0.000001
1.000000 0.000000 -0.000001
1.000000 0.000000 -0.000001
1.000000 0.000000 -0.000001
1.000000 0.000000 -0.000001
1.000000 0.000000 -0.000001
0.000000 1.000000 0.000046
0.000000 1.000000 0.000046
0.000000 1.000000 0.000046
0.000000 1.000000 0.000046
0.000000 1.000000 0.000046
0.000000 1.000000 0.000046
-1.000000 0.000023 0.000001
-1.000000 0.000024 0.000001
-1.000000 0.000001 -0.000000
-1.000000 0.000001 -0.000000
-1.000000 0.000000 -0.000000
-1.000000 0.000023 0.000001
0.000000 -1.000000 -0.000046
0.000000 -1.000000 -0.000046
0.000000 -1.000000 -0.000046
0.000000 -1.000000 -0.000046
0.000000 -1.000000 -0.000046
0.000000 -1.000000 -0.000046
1.000000 0.000000 0.000001
1.000000 0.000000 0.000001
1.000000 0.000000 0.000001
1.000000 0.000000 0.000001
1.000000 0.000000 0.000001
1.000000 0.000000 0.000001
0.000000 1.000000 0.000046
0.000000 1.000000 0.000046
0.000000 1.000000 0.000046
0.000000 1.000000 0.000046
0.000000 1.000000 0.000046
0.000000 1.000000 0.000046
-1.000000 -0.000017 -0.000001
-1.000000 -0.000018 -0.000001
-1.000000 -0.000000 -0.000000
-1.000000 -0.000000 -0.000000
-1.000000 0.000000 -0.000000
-1.000000 -0.000017 -0.000001
0.000000 -1.000000 -0.000000
0.000000 -1.000000 -0.000000
0.000000 -1.000000 -0.000000
0.000000 -1.000000 -0.000000
0.000000 -1.000000 -0.000000
0.000000 -1.000000 -0.000000
1.000000 0.000000 -0.000000
1.000000 0.000000 -0.000000
1.000000 0.000000 0.000000
1.000000 0.000000 0.000000
1.000000 0.000000 0.000000
1.000000 0.000000 -0.000000
0.000000 1.000000 0.000000
0.000000 1.000000 0.000000
0.000000 1.000000 0.000000
0.000000 1.000000 0.000000
0.000000 1.000000 0.000000
0.000000 1.000000 0.000000
-1.000000 -0.000002 -0.000000
-1.000000 -0.000002 -0.000000
-1.000000 -0.000000 0.000000
-1.000000 -0.000000 0.000000
-1.000000 0.000000 0.000000
-1.000000 -0.000002 -0.000000
0.000000 -1.000000 0.000000
0.000000 -1.000000 0.000000
0.000000 -1.000000 0.000000
0.000000 -1.000000 0.000000
0.000000 -1.000000 0.000000
0.000000 -1.000000 0.000000
1.000000 0.000000 -0.000000
1.000000 0.000000 -0.000000
1.000000 0.000000 -0.000000
1.000000 0.000000 -0.000000
1.000000 0.000000 -0.000000
1.000000 0.000000 -0.000000
-0.000000 1.000000 -0.000000
-0.000000 1.000000 -0.000000
-0.000000 1.000000 -0.000000
-0.000000 1.000000 -0.000000
0.000000 1.000000 -0.000000
-0.000000 1.000000 -0.000000
-1.000000 0.000006 0.000000
-1.000000 0.000006 0.000000
-1.000000 0.000000 -0.000000
-1.000000 0.000000 -0.000000
-1.000000 0.000000 -0.000000
-1.000000 0.000006 0.000000
0.000000 -1.000000 0.000000
0.000000 -1.000000 0.000000
0.000000 -1.000000 0.000000
0.000000 -1.000000 0.000000
0.000000 -1.000000 0.000000
0.000000 -1.000000 0.000000
1.000000 0.000000 0.000000
1.000000 0.000000 0.000000
1.000000 0.000000 0.000000
1.000000 0.000000 0.000000
1.000000 0.000000 0.000000
1.000000 0.000000 0.000000
0.000000 1.000000 -0.000000
0.000000 1.000000 -0.000000
0.000000 1.000000 -0.000000
0.000000 1.000000 -0.000000
0.000000 1.000000 -0.000000
0.000000 1.000000 -0.000000
-1.000000 0.000001 -0.000000
-1.000000 0.000001 -0.000000
-1.000000 0.000000 -0.000000
-1.000000 0.000000 -0.000000
-1.000000 0.000000 -0.000000
-1.000000 0.000001 -0.000000
0.000000 0.000000 -1.000000
0.000000 0.000000 -1.000000
0.000000 0.000000 -1.000000
0.000000 0.000000 -1.000000
0.000000 0.000000 -1.000000
0.000000 0.000000 -1.000000
0.000000 0.000000 1.000000
0.000000 0.000000 1.000000
0.000000 0.000000 1.000000
0.000000 0.000000 1.000000
0.000000 0.000000 1.000000
0.000000 0.000000 1.000000
1.000000 0.000000 0.000000
1.000000 0.000000 0.000000
1.000000 0.000000 0.000000
1.000000 0.000000 0.000000
1.000000 0.000000 0.000000
1.000000 0.000000 0.000000
-1.000000 0.000000 0.000000
-1.000000 0.000000 0.000000
-1.000000 0.000000 0.000000
-1.000000 0.000000 0.000000
-1.000000 0.000000 0.000000
-1.000000 0.000000 0.000000
0.000000 0.000000 -1.000000
0.000000 0.000000 -1.000000
0.000000 0.000000 -1.000000
0.000000 0.000000 -1.000000
0.000000 0.000000 -1.000000
0.000000 0.000000 -1.000000
0.000000 0.000000 1.000000
0.000000 0.000000 1.000000
0.000000 0.000000 1.000000
0.000000 0.000000 1.000000
0.000000 0.000000 1.000000
0.000000 0.000000 1.000000
1.000000 0.000000 0.000000
1.000000 0.000000 0.000000
1.000000 0.000000 0.000000
1.000000 0.000000 0.000000
1.000000 0.000000 0.000000
1.000000 0.000000 0.000000
-1.000000 0.000000 0.000000
-1.000000 0.000000 0.000000
-1.000000 0.000000 0.000000
-1.000000 0.000000 0.000000
-1.000000 0.000000 0.000000
-1.000000 0.000000 0.000000
0.000000 0.000000 -1.000000
0.000000 0.000000 -1.000000
0.000000 0.000000 -1.000000
0.000000 0.000000 -1.000000
0.000000 0.000000 -1.000000
0.000000 0.000000 -1.000000
0.000000 0.000000 1.000000
0.000000 0.000000 1.000000
0.000000 0.000000 1.000000
0.000000 0.000000 1.000000
0.000000 0.000000 1.000000
0.000000 0.000000 1.000000
1.000000 0.000000 0.000000
1.000000 0.000000 0.000000
1.000000 0.000000 0.000000
1.000000 0.000000 0.000000
1.000000 0.000000 0.000000
1.000000 0.000000 0.000000
-1.000000 0.000000 0.000000
-1.000000 0.000000 0.000000
-1.000000 0.000000 0.000000
-1.000000 0.000000 0.000000
-1.000000 0.000000 0.000000
-1.000000 0.000000 0.000000
0.000000 0.000000 -1.000000
0.000000 0.000000 -1.000000
0.000000 0.000000 -1.000000
0.000000 0.000000 -1.000000
0.000000 0.000000 -1.000000
0.000000 0.000000 -1.000000
0.000000 0.000000 1.000000
0.000000 0.000000 1.000000
0.000000 0.000000 1.000000
0.000000 0.000000 1.000000
0.000000 0.000000 1.000000
0.000000 0.000000 1.000000
1.000000 0.000000 0.000000
1.000000 0.000000 0.000000
1.000000 0.000000 0.000000
1.000000 0.000000 0.000000
1.000000 0.000000 0.000000
1.000000 0.000000 0.000000
-1.000000 0.000000 0.000000
-1.000000 0.000000 0.000000
-1.000000 0.000000 0.000000
-1.000000 0.000000 0.000000
-1.000000 0.000000 0.000000
-1.000000 0.000000 0.000000
0.000000 0.000000 -1.000000
0.000000 0.000000 -1.000000
0.000000 0.000000 -1.000000
0.000000 0.000000 -1.000000
0.000000 0.000000 -1.000000
0.000000 0.000000 -1.000000
0.000000 0.000000 1.000000
0.000000 0.000000 1.000000
0.000000 0.000000 1.000000
0.000000 0.000000 1.000000
0.000000 0.000000 1.000000
0.000000 0.000000 1.000000
1.000000 0.000000 0.000000
1.000000 0.000000 0.000000
1.000000 0.000000 0.000000
1.000000 0.000000 0.000000
1.000000 0.000000 0.000000
1.000000 0.000000 0.000000
-1.000000 0.000000 0.000000
-1.000000 0.000000 0.000000
-1.000000 0.000000 0.000000
-1.000000 0.000000 0.000000
-1.000000 0.000000 0.000000
-1.000000 0.000000 0.000000
0.000000 0.000000 -1.000000
0.000000 0.000000 -1.000000
0.000000 0.000000 -1.000000
0.000000 0.000000 -1.000000
0.000000 0.000000 -1.000000
0.000000 0.000000 -1.000000
0.000000 0.000000 1.000000
0.000000 0.000000 1.000000
0.000000 0.000000 1.000000
0.000000 0.000000 1.000000
0.000000 0.000000 1.000000
0.000000 0.000000 1.000000
1.000000 0.000000 0.000000
1.000000 0.000000 0.000000
1.000000 0.000000 0.000000
1.000000 0.000000 0.000000
1.000000 0.000000 0.000000
1.000000 0.000000 0.000000
-1.000000 0.000000 0.000000
-1.000000 0.000000 0.000000
-1.000000 0.000000 0.000000
-1.000000 0.000000 0.000000
-1.000000 0.000000 0.000000
-1.000000 0.000000 0.000000
0.000000 0.000000 -1.000000
0.000000 0.000000 -1.000000
0.000000 0.000000 -1.000000
0.000000 0.000000 -1.000000
0.000000 0.000000 -1.000000
0.000000 0.000000 -1.000000
0.000000 0.000000 1.000000
0.000000 0.000000 1.000000
0.000000 0.000000 1.000000
0.000000 0.000000 1.000000
0.000000 0.000000 1.000000
0.000000 0.000000 1.000000
1.000000 0.000000 0.000000
1.000000 0.000000 0.000000
1.000000 0.000000 0.000000
1.000000 0.000000 0.000000
1.000000 0.000000 0.000000
1.000000 0.000000 0.000000
-1.000000 0.000000 0.000000
-1.000000 0.000000 0.000000
-1.000000 0.000000 0.000000
-1.000000 0.000000 0.000000
-1.000000 0.000000 0.000000
-1.000000 0.000000 0.000000
0.000000 0.000000 -1.000000
0.000000 0.000000 -1.000000
0.000000 0.000000 -1.000000
0.000000 0.000000 -1.000000
0.000000 0.000000 -1.000000
0.000000 0.000000 -1.000000
0.000000 0.000000 1.000000
0.000000 0.000000 1.000000
0.000000 0.000000 1.000000
0.000000 0.000000 1.000000
0.000000 0.000000 1.000000
0.000000 0.000000 1.000000
1.000000 0.000000 0.000000
1.000000 0.000000 0.000000
1.000000 0.000000 0.000000
1.000000 0.000000 0.000000
1.000000 0.000000 0.000000
1.000000 0.000000 0.000000
-1.000000 0.000000 0.000000
-1.000000 0.000000 0.000000
-1.000000 0.000000 0.000000
-1.000000 0.000000 0.000000
-1.000000 0.000000 0.000000
-1.000000 0.000000 0.000000
0.000000 0.000000 -1.000000
0.000000 0.000000 -1.000000
0.000000 0.000000 -1.000000
0.000000 0.000000 -1.000000
0.000000 0.000000 -1.000000
0.000000 0.000000 -1.000000
0.000000 0.000000 1.000000
0.000000 0.000000 1.000000
0.000000 0.000000 1.000000
0.000000 0.000000 1.000000
0.000000 0.000000 1.000000
0.000000 0.000000 1.000000
1.000000 0.000000 0.000000
1.000000 0.000000 0.000000
1.000000 0.000000 0.000000
1.000000 0.000000 0.000000
1.000000 0.000000 0.000000
1.000000 0.000000 0.000000
-1.000000 0.000000 0.000000
-1.000000 0.000000 0.000000
-1.000000 0.000000 0.000000
-1.000000 0.000000 0.000000
-1.000000 0.000000 0.000000
-1.000000 0.000000 0.000000
0.000000 0.000000 -1.000000
0.000000 0.000000 -1.000000
0.000000 0.000000 -1.000000
0.000000 0.000000 -1.000000
0.000000 0.000000 -1.000000
0.000000 0.000000 -1.000000
0.000000 0.000000 1.000000
0.000000 0.000000 1.000000
0.000000 0.000000 1.000000
0.000000 0.000000 1.000000
0.000000 0.000000 1.000000
0.000000 0.000000 1.000000
1.000000 0.000000 0.000000
1.000000 0.000000 0.000000
1.000000 0.000000 0.000000
1.000000 0.000000 0.000000
1.000000 0.000000 0.000000
1.000000 0.000000 0.000000
-1.000000 0.000000 0.000000
-1.000000 0.000000 0.000000
-1.000000 0.000000 0.000000
-1.000000 0.000000 0.000000
-1.000000 0.000000 0.000000
-1.000000 0.000000 0.000000
0.000000 0.000000 -1.000000
0.000000 0.000000 -1.000000
0.000000 0.000000 -1.000000
0.000000 0.000000 -1.000000
0.000000 0.000000 -1.000000
0.000000 0.000000 -1.000000
0.000000 0.000000 1.000000
0.000000 0.000000 1.000000
0.000000 0.000000 1.000000
0.000000 0.000000 1.000000
0.000000 0.000000 1.000000
0.000000 0.000000 1.000000
1.000000 0.000000 0.000000
1.000000 0.000000 0.000000
1.000000 0.000000 0.000000
1.000000 0.000000 0.000000
1.000000 0.000000 0.000000
1.000000 0.000000 0.000000
-1.000000 0.000000 0.000000
-1.000000 0.000000 0.000000
-1.000000 0.000000 0.000000
-1.000000 0.000000 0.000000
-1.000000 0.000000 0.000000
-1.000000 0.000000 0.000000
-0.000001 -0.894427 -0.447214
-0.000001 -0.894427 -0.447214
-0.000001 -0.894427 -0.447214
-0.894429 -0.000008 -0.447210
-0.894429 -0.000008 -0.447210
-0.894429 -0.000008 -0.447210
-0.000001 -0.894427 -0.447213
-0.000001 -0.894427 -0.447213
-0.000001 -0.894427 -0.447213
-0.894428 -0.000005 -0.447212
-0.894428 -0.000005 -0.447212
-0.894428 -0.000005 -0.447212
0.000000 0.894427 -0.447214
0.000000 0.894427 -0.447214
0.000000 0.894427 -0.447214
-0.894432 0.000021 -0.447205
-0.894432 0.000021 -0.447205
-0.894432 0.000021 -0.447205
0.000000 0.894427 -0.447214
0.000000 0.894427 -0.447214
0.000000 0.894427 -0.447214
-0.894424 -0.000016 -0.447220
-0.894424 -0.000016 -0.447220
-0.894424 -0.000016 -0.447220
0.000000 -0.894427 -0.447214
0.000000 -0.894427 -0.447214
0.000000 -0.894427 -0.447214
-0.894427 -0.000001 -0.447213
-0.894427 -0.000001 -0.447213
-0.894427 -0.000001 -0.447213
-0.000000 0.894428 -0.447212
-0.000000 0.894428 -0.447212
-0.000000 0.894428 -0.447212
-0.894428 0.000005 -0.447212
-0.894428 0.000005 -0.447212
-0.894428 0.000005 -0.447212
0.000000 0.894427 -0.447214
0.000000 0.894427 -0.447214
0.000000 0.894427 -0.447214
-0.894427 0.000001 -0.447213
-0.894427 0.000001 -0.447213
-0.894427 0.000001 -0.447213
0.000000 0.894427 -0.447214
0.000000 0.894427 -0.447214
0.000000 0.894427 -0.447214
0.894427 0.000000 -0.447214
0.894427 0.000000 -0.447214
0.894427 0.000000 -0.447214
0.000000 -0.894427 -0.447215
0.000000 -0.894427 -0.447215
0.000000 -0.894427 -0.447215
0.894427 0.000000 -0.447214
0.894427 0.000000 -0.447214
0.894427 0.000000 -0.447214
0.000000 -0.894427 -0.447214
0.000000 -0.894427 -0.447214
0.000000 -0.894427 -0.447214
0.894427 0.000000 -0.447214
0.894427 0.000000 -0.447214
0.894427 0.000000 -0.447214
0.000000 0.894427 -0.447214
0.000000 0.894427 -0.447214
0.000000 0.894427 -0.447214
0.894427 0.000000 -0.447214
0.894427 0.000000 -0.447214
0.894427 0.000000 -0.447214
0.000000 0.894427 -0.447214
0.000000 0.894427 -0.447214
0.000000 0.894427 -0.447214
0.894427 -0.000000 -0.447214
0.894427 -0.000000 -0.447214
0.894427 -0.000000 -0.447214
0.000000 -0.894427 -0.447214
0.000000 -0.894427 -0.447214
0.000000 -0.894427 -0.447214
0.894427 0.000000 -0.447214
0.894427 0.000000 -0.447214
0.894427 0.000000 -0.447214
0.000000 -0.894427 -0.447214
0.000000 -0.894427 -0.447214
0.000000 -0.894427 -0.447214
0.894427 0.000000 -0.447214
0.894427 0.000000 -0.447214
0.894427 0.000000 -0.447214
0.000000 0.894427 -0.447214
0.000000 0.894427 -0.447214
0.000000 0.894427 -0.447214
0.894427 0.000000 -0.447214
0.894427 0.000000 -0.447214
0.894427 0.000000 -0.447214
0.000000 0.894427 -0.447214
0.000000 0.894427 -0.447214
0.000000 0.894427 -0.447214
0.894427 0.000000 -0.447214
0.894427 0.000000 -0.447214
0.894427 0.000000 -0.447214

677
0.000000 0.000000
0.000000 0.000000
0.000000 0.000000
0.000000 0.000000
0.000000 0.000000
0.000000 0.000000
0.000000 0.000000
0.000000 0.000000
0.000000 0.000000
0.000000 0.000000
0.000000 0.000000
0.000000 0.000000
0.000000 0.000000
0.000000 0.000000
0.000000 0.000000
0.000000 0.000000
0.000000 0.000000
0.000000 0.000000
0.000000 0.000000
0.000000 0.000000
-2.714859 0.253465
-2.714859 0.253465
-2.714859 0.486586
-2.714859 0.486587
4.852221 0.253464
4.852221 0.253464
4.852221 0.486585
4.852221 0.486585
0.000000 0.000000
0.000000 0.000000
0.000000 0.000000
0.000000 0.000000
0.000000 0.000000
0.000000 0.000000
0.000000 0.000000
0.000000 0.000000
0.000000 0.000000
0.000000 0.000000
0.000000 0.000000
0.000000 0.000000
0.000000 0.000000
0.000000 0.000000
0.000000 0.000000
0.000000 0.000000
0.000000 0.000000
0.000000 0.000000
0.000000 0.000000
0.000000 0.000000
0.000000 0.000000
0.000000 0.000000
0.000000 0.000000
0.000000 0.000000
0.000000 0.000000
-3.519050 0.510152
-3.519050 0.740988
4.048029 0.740987
4.048029 0.510151
-3.519050 0.740988
-3.519050 0.510152
4.048029 0.510151
4.048029 0.740987
4.854509 0.504107
4.854509 0.744292
-2.712569 0.744291
-2.712569 0.504106
4.854509 0.744292
4.854509 0.504107
-2.712569 0.504106
-2.712569 0.744291
-3.522999 0.257479
-3.522999 0.488292
4.044080 0.488292
4.044080 0.257479
-3.522999 0.488292
-3.522999 0.257479
4.044080 0.257479
4.044080 0.488292
4.845748 0.754080
4.845748 0.989532
-2.721331 0.989533
-2.721331 0.754081
4.845748 0.989532
4.845748 0.754079
-2.721331 0.754081
-2.721331 0.989533
4.847950 0.747386
4.847950 0.511934
-2.719130 0.511934
-2.719130 0.747387
4.847950 0.511934
4.847950 0.747386
-2.719130 0.747387
-2.719130 0.511934
4.845597 0.250640
4.845597 0.490825
-2.721482 0.490827
-2.721482 0.250642
4.845597 0.490825
4.845597 0.250640
-2.721482 0.250642
-2.721482 0.490827
-3.518818 0.987329
-3.518818 0.751876
4.048261 0.751877
4.048261 0.987329
-3.518818 0.751876
-3.518818 0.987329
4.048261 0.987329
4.048261 0.751877
-3.518818 0.987329
-3.518818 0.751876
4.048261 0.751877
4.048261 0.987329
4.845597 0.250640
4.845597 0.490825
-2.721482 0.490827
-2.721482 0.250642
-3.518818 0.751876
-3.518818 0.987329
4.048261 0.987329
4.048261 0.751877
4.845597 0.490825
4.845597 0.250640
-2.721482 0.250642
-2.721482 0.490827
4.847950 0.747386
4.847950 0.511934
-2.719130 0.511934
-2.719130 0.747387
4.845748 0.754080
4.845748 0.989532
-2.721331 0.989533
-2.721331 0.754081
4.847950 0.511934
4.847950 0.747386
-2.719130 0.747387
-2.719130 0.511934
4.845748 0.989532
4.845748 0.754079
-2.721331 0.754081
-2.721331 0.989533
-3.522999 0.257479
-3.522999 0.488292
4.044080 0.488292
4.044080 0.257479
4.854509 0.504107
4.854509 0.744292
-2.712569 0.744291
-2.712569 0.504106
-3.522999 0.488292
-3.522999 0.257479
4.044080 0.257479
4.044080 0.488292
4.854509 0.744292
4.854509 0.504107
-2.712569 0.504106
-2.712569 0.744291
-3.519050 0.510152
-3.519050 0.740988
4.048029 0.740987
4.048029 0.510151
4.852221 0.253464
4.852221 0.486585
-2.714859 0.486587
-2.714859 0.253465
-3.519050 0.740988
-3.519050 0.510152
4.048029 0.510151
4.048029 0.740987
4.852221 0.486585
4.852221 0.253464
-2.714859 0.253465
-2.714859 0.486586
-3.518818 0.987329
-3.518818 0.751876
4.048261 0.751877
4.048261 0.987329
4.845597 0.250640
4.845597 0.490825
-2.721482 0.490827
-2.721482 0.250642
-3.518818 0.751876
-3.518818 0.987329
4.048261 0.987329
4.048261 0.751877
4.845597 0.490825
4.845597 0.250640
-2.721482 0.250642
-2.721482 0.490827
4.847950 0.747386
4.847950 0.511934
-2.719130 0.511934
-2.719130 0.747387
4.845748 0.754080
4.845748 0.989532
-2.721331 0.989533
-2.721331 0.754081
4.847950 0.511934
4.847950 0.747386
-2.719130 0.747387
-2.719130 0.511934
4.845748 0.989532
4.845748 0.754079
-2.721331 0.754081
-2.721331 0.989533
-3.522999 0.257479
-3.522999 0.488292
4.044080 0.488292
4.044080 0.257479
4.854509 0.504107
4.854509 0.744292
-2.712569 0.744291
-2.712569 0.504106
-3.522999 0.488292
-3.522999 0.257479
4.044080 0.257479
4.044080 0.488292
4.854509 0.744292
4.854509 0.504107
-2.712569 0.504106
-2.712569 0.744291
-3.519050 0.510152
-3.519050 0.740988
4.048029 0.740987
4.048029 0.510151
4.852221 0.253464
4.852221 0.486585
-2.714859 0.486587
-2.714859 0.253465
-3.519050 0.740988
-3.519050 0.510152
4.048029 0.510151
4.048029 0.740987
4.852221 0.486585
4.852221 0.253464
-2.714859 0.253465
-2.714859 0.486586
-3.518818 0.987329
-3.518818 0.751876
4.048261 0.751877
4.048261 0.987329
4.845597 0.250640
4.845597 0.490825
-2.721482 0.490827
-2.721482 0.250642
-3.518818 0.751876
-3.518818 0.987329
4.048261 0.987329
4.048261 0.751877
4.845597 0.490825
4.845597 0.250640
-2.721482 0.250642
-2.721482 0.490827
3.914616 0.513166
-2.583760 0.513167
-2.583760 0.743980
3.914616 0.743979
-2.583760 0.513167
3.914616 0.513166
3.914616 0.743979
-2.583760 0.743980
3.914552 0.754020
-2.583823 0.754022
-2.583823 0.989474
3.914552 0.989472
3.914552 0.754020
3.914552 0.989472
-2.583823 0.989474
-2.583823 0.754022
3.914498 0.007904
-2.583878 0.007905
-2.583878 0.227515
3.914498 0.227515
-2.583878 0.007905
3.914498 0.007904
3.914498 0.227515
-2.583878 0.227515
-2.584653 0.992287
3.913723 0.992286
3.913722 0.763758
-2.584653 0.763759
-2.584653 0.992287
-2.584653 0.763759
3.913722 0.763758
3.913723 0.992286
3.907738 0.256789
-2.590637 0.256789
-2.590637 0.483055
3.907738 0.483054
-2.590637 0.256789
3.907738 0.256789
3.907738 0.483054
-2.590637 0.483055
-2.581907 0.242767
3.916469 0.242766
3.916469 0.011953
-2.581907 0.011954
-2.581907 0.242767
-2.581907 0.011954
3.916469 0.011953
3.916469 0.242766
3.915561 0.759771
-2.582814 0.759771
-2.582814 0.986036
3.915561 0.986036
-2.582814 0.759771
3.915561 0.759771
3.915561 0.986036
-2.582814 0.986036
3.915018 0.501822
-2.583358 0.501824
-2.583358 0.737276
3.915018 0.737275
3.915018 0.501822
3.915018 0.737275
-2.583358 0.737276
-2.583358 0.501824
3.915018 0.501822
-2.583358 0.501824
-2.583358 0.737276
3.915018 0.737275
3.915018 0.501822
3.915018 0.737275
-2.583358 0.737276
-2.583358 0.501824
3.915561 0.759771
-2.582814 0.759771
-2.582814 0.986036
3.915561 0.986036
-2.582814 0.759771
3.915561 0.759771
3.915561 0.986036
-2.582814 0.986036
3.915018 0.501822
-2.583358 0.501824
-2.583358 0.737276
3.915018 0.737275
3.915018 0.501822
3.915018 0.737275
-2.583358 0.737276
-2.583358 0.501824
3.915561 0.759771
-2.582814 0.759771
-2.582814 0.986036
3.915561 0.986036
-2.582814 0.759771
3.915561 0.759771
3.915561 0.986036
-2.582814 0.986036
-2.581907 0.242767
3.916469 0.242766
3.916469 0.011953
-2.581907 0.011954
-2.581907 0.242767
-2.581907 0.011954
3.916469 0.011953
3.916469 0.242766
3.907738 0.256789
-2.590637 0.256789
-2.590637 0.483055
3.907738 0.483054
-2.590637 0.256789
3.907738 0.256789
3.907738 0.483054
-2.590637 0.483055
-2.581907 0.242767
3.916469 0.242766
3.916469 0.011953
-2.581907 0.011954
-2.581907 0.242767
-2.581907 0.011954
3.916469 0.011953
3.916469 0.242766
3.907738 0.256789
-2.590637 0.256789
-2.590637 0.483055
3.907738 0.483054
-2.590637 0.256789
3.907738 0.256789
3.907738 0.483054
-2.590637 0.483055
3.914552 0.754020
-2.583823 0.754022
-2.583823 0.989474
3.914552 0.989472
3.914552 0.754020
3.914552 0.989472
-2.583823 0.989474
-2.583823 0.754022
3.914616 0.513166
-2.583760 0.513167
-2.583760 0.743980
3.914616 0.743979
-2.583760 0.513167
3.914616 0.513166
3.914616 0.743979
-2.583760 0.743980
3.914552 0.754020
-2.583823 0.754022
-2.583823 0.989474
3.914552 0.989472
3.914552 0.754020
3.914552 0.989472
-2.583823 0.989474
-2.583823 0.754022
3.914616 0.513166
-2.583760 0.513167
-2.583760 0.743980
3.914616 0.743979
-2.583760 0.513167
3.914616 0.513166
3.914616 0.743979
-2.583760 0.743980
3.914552 0.754020
-2.583823 0.754022
-2.583823 0.989474
3.914552 0.989472
3.914552 0.754020
3.914552 0.989472
-2.583823 0.989474
-2.583823 0.754022
3.914616 0.513166
-2.583760 0.513167
-2.583760 0.743980
3.914616 0.743979
-2.583760 0.513167
3.914616 0.513166
3.914616 0.743979
-2.583760 0.743980
-2.584653 0.992287
3.913723 0.992286
3.913722 0.763758
-2.584653 0.763759
-2.584653 0.992287
-2.584653 0.763759
3.913722 0.763758
3.913723 0.992286
3.914498 0.007904
-2.583878 0.007905
-2.583878 0.227515
3.914498 0.227515
-2.583878 0.007905
3.914498 0.007904
3.914498 0.227515
-2.583878 0.227515
-2.584653 0.992287
3.913723 0.992286
3.913722 0.763758
-2.584653 0.763759
-2.584653 0.992287
-2.584653 0.763759
3.913722 0.763758
3.913723 0.992286
3.914498 0.007904
-2.583878 0.007905
-2.583878 0.227515
3.914498 0.227515
-2.583878 0.007905
3.914498 0.007904
3.914498 0.227515
-2.583878 0.227515
-2.581907 0.242767
3.916469 0.242766
3.916469 0.011953
-2.581907 0.011954
-2.581907 0.242767
-2.581907 0.011954
3.916469 0.011953
3.916469 0.242766
3.907738 0.256789
-2.590637 0.256789
-2.590637 0.483055
3.907738 0.483054
-2.590637 0.256789
3.907738 0.256789
3.907738 0.483054
-2.590637 0.483055
3.915018 0.501822
-2.583358 0.501824
-2.583358 0.737276
3.915018 0.737275
3.915018 0.501822
3.915018 0.737275
-2.583358 0.737276
-2.583358 0.501824
3.915561 0.759771
-2.582814 0.759771
-2.582814 0.986036
3.915561 0.986036
-2.582814 0.759771
3.915561 0.759771
3.915561 0.986036
-2.582814 0.986036
0.624969 0.494959
0.624969 0.257152
0.499999 0.376056
0.375031 0.257152
0.375031 0.494959
0.624969 0.752060
0.624969 0.502122
0.499999 0.627090
0.375031 0.502122
0.375031 0.752060
0.624969 0.736883
0.624969 0.508355
0.499999 0.622620
0.375031 0.508355
0.375031 0.736883
0.624969 0.492801
0.624969 0.252616
0.499999 0.372708
0.375031 0.252616
0.375031 0.492801
0.624969 0.989795
0.624969 0.749610
0.499999 0.869704
0.375031 0.749610
0.375031 0.989795
0.375031 0.004506
0.375031 0.244691
0.500001 0.124600
0.624969 0.244691
0.624969 0.004506
0.624969 0.739160
0.624969 0.508347
0.499999 0.623754
0.375031 0.508347
0.375031 0.739160
0.375031 0.751736
0.375031 0.994323
0.500001 0.873030
0.624969 0.994323
0.624969 0.751736
0.375031 0.751736
0.375031 0.994323
0.500001 0.873030
0.624969 0.739160
0.624969 0.508347
0.499999 0.623754
0.624969 0.994323
0.624969 0.751736
0.375031 0.508347
0.375031 0.739160
0.375031 0.004506
0.375031 0.244691
0.500001 0.124600
0.624969 0.989795
0.624969 0.749610
0.499999 0.869704
0.624969 0.244691
0.624969 0.004506
0.375031 0.749610
0.375031 0.989795
0.624969 0.492801
0.624969 0.252616
0.499999 0.372708
0.624969 0.736883
0.624969 0.508355
0.499999 0.622620
0.375031 0.252616
0.375031 0.492801
0.375031 0.508355
0.375031 0.736883
0.624969 0.752060
0.624969 0.502122
0.499999 0.627090
0.624969 0.494959
0.624969 0.257152
0.499999 0.376056
0.375031 0.502122
0.375031 0.752060
0.375031 0.257152
0.375031 0.494959
0.375031 0.751736
0.375031 0.994323
0.500001 0.873030
0.624969 0.739160
0.624969 0.508347
0.499999 0.623754
0.624969 0.994323
0.624969 0.751736
0.375031 0.508347
0.375031 0.739160
0.375031 0.004506
0.375031 0.244691
0.500001 0.124600
0.624969 0.989795
0.624969 0.749610
0.499999 0.869704
0.624969 0.244691
0.624969 0.004506
0.375031 0.749610
0.375031 0.989795
0.624969 0.492801
0.624969 0.252616
0.499999 0.372708
0.624969 0.736883
0.624969 0.508355
0.499999 0.622620
0.375031 0.252616
0.375031 0.492801
0.375031 0.508355
0.375031 0.736883
0.624969 0.752060
0.624969 0.502122
0.499999 0.627090
0.624969 0.494959
0.624969 0.257152
0.499999 0.376056
0.375031 0.502122
0.375031 0.752060
0.375031 0.257152
0.375031 0.494959
0.375031 0.751736
0.375031 0.994323
0.500001 0.873030
0.624969 0.739160
0.624969 0.508347
0.499999 0.623754
0.624969 0.994323
0.624969 0.751736
0.375031 0.508347
0.375031 0.739160
0.375031 0.004506
0.375031 0.244691
0.500001 0.124600
0.375031 0.749610
0.375031 0.989795
0.499999 0.869704
0.375031 0.252616
0.375031 0.492801
0.499999 0.372708
0.375031 0.508355
0.375031 0.736883
0.499999 0.622620
0.375031 0.502122
0.375031 0.752060
0.499999 0.627090
0.375031 0.257152
0.375031 0.494959
0.499999 0.376056
0.375031 0.751736
0.375031 0.994323
0.500001 0.873030
0.375031 0.508347
0.375031 0.739160
0.499999 0.623754
0.375031 0.004506
0.375031 0.244691
0.500001 0.124600
0.375031 0.749610
0.375031 0.989795
0.499999 0.869704
0.375031 0.252616
0.375031 0.492801
0.499999 0.372708
0.375031 0.508355
0.375031 0.736883
0.499999 0.622620
0.375031 0.502122
0.375031 0.752060
0.499999 0.627090
0.375031 0.257152
0.375031 0.494959
0.499999 0.376056
0.375031 0.751736
0.375031 0.994323
0.500001 0.873030
0.375031 0.508347
0.375031 0.739160
0.499999 0.623754
0.375031 0.004506
0.375031 0.244691
0.500001 0.124600
0.375031 0.749610
0.375031 0.989795
0.499999 0.869704

196
38 0 528 37 1 529 32 2 530
37 3 101 38 4 102 34 5 103
34 6 103 33 7 104 37 8 101
38 9 93 39 10 94 36 11 95
36 12 95 34 13 96 38 14 93
39 15 105 40 16 106 35 17 107
35 18 107 36 19 108 39 20 105
37 21 526 40 22 527 32 23 525
40 24 97 37 25 98 33 26 99
33 27 99 35 28 100 40 29 97
47 30 518 46 31 519 41 32 520
46 33 85 47 34 86 43 35 87
43 36 87 42 37 88 46 38 85
47 39 77 48 40 78 45 41 79
45 42 79 43 43 80 47 44 77
48 45 89 49 46 90 44 47 91
44 48 91 45 49 92 48 50 89
46 51 516 49 52 517 41 53 515
49 54 81 46 55 82 42 56 83
42 57 83 44 58 84 49 59 81
12 60 109 13 61 110 9 62 111
9 63 111 8 64 112 12 65 109
13 66 113 14 67 114 11 68 115
11 69 115 9 70 116 13 71 113
14 72 117 15 73 118 10 74 119
10 75 119 11 76 120 14 77 117
15 78 121 12 79 122 8 80 123
8 81 123 10 82 124 15 83 121
4 84 125 5 85 126 1 86 127
1 87 127 0 88 128 4 89 125
5 90 129 6 91 130 3 92 131
3 93 131 1 94 132 5 95 129
6 96 133 7 97 134 2 98 135
2 99 135 3 100 136 6 101 133
7 102 137 4 103 138 0 104 139
0 105 139 2 106 140 7 107 137
20 108 141 21 109 142 17 110 143
17 111 143 16 112 144 20 113 141
21 114 145 22 115 146 19 116 147
19 117 147 17 118 148 21 119 145
22 120 149 23 121 150 18 122 151
18 123 151 19 124 152 22 125 149
23 126 153 20 127 154 16 128 155
16 129 155 18 130 156 23 131 153
28 132 157 29 133 158 25 134 159
25 135 159 24 136 160 28 137 157
29 138 161 30 139 162 27 140 163
27 141 163 25 142 164 29 143 161
30 144 165 31 145 166 26 146 167
26 147 167 27 148 168 30 149 165
31 150 169 28 151 170 24 152 171
24 153 171 26 154 172 31 155 169
70 156 189 71 157 190 67 158 191
67 159 191 66 160 192 70 161 189
71 162 193 72 163 194 69 164 195
69 165 195 67 166 196 71 167 193
72 168 197 73 169 198 68 170 199
68 171 199 69 172 200 72 173 197
73 174 201 70 175 202 66 176 203
66 177 203 68 178 204 73 179 201
62 180 205 63 181 206 59 182 207
59 183 207 58 184 208 62 185 205
63 186 209 64 187 210 61 188 211
61 189 211 59 190 212 63 191 209
64 192 213 65 193 214 60 194 215
60 195 215 61 196 216 64 197 213
65 198 217 62 199 218 58 200 219
58 201 219 60 202 220 65 203 217
54 204 221 55 205 222 51 206 223
51 207 223 50 208 224 54 209 221
55 210 225 56 211 226 53 212 227
53 213 227 51 214 228 55 215 225
56 216 229 57 217 230 52 218 231
52 219 231 53 220 232 56 221 229
57 222 233 54 223 234 50 224 235
50 225 235 52 226 236 57 227 233
74 228 317 76 229 318 77 230 319
77 231 319 75 232 320 74 233 317
78 234 321 79 235 322 81 236 323
81 237 323 80 238 324 78 239 321
75 240 325 77 241 326 81 242 327
81 243 327 79 244 328 75 245 325
76 246 329 74 247 330 78 248 331
78 249 331 80 250 332 76 251 329
98 252 333 100 253 334 101 254 335
101 255 335 99 256 336 98 257 333
102 258 337 103 259 338 105 260 339
105 261 339 104 262 340 102 263 337
99 264 341 101 265 342 105 266 343
105 267 343 103 268 344 99 269 341
100 270 345 98 271 346 102 272 347
102 273 347 104 274 348 100 275 345
90 276 349 92 277 350 93 278 351
93 279 351 91 280 352 90 281 349
94 282 353 95 283 354 97 284 355
97 285 355 96 286 356 94 287 353
91 288 357 93 289 358 97 290 359
97 291 359 95 292 360 91 293 357
92 294 361 90 295 362 94 296 363
94 297 363 96 298 364 92 299 361
146 300 365 148 301 366 149 302 367
149 303 367 147 304 368 146 305 365
150 306 369 151 307 370 153 308 371
153 309 371 152 310 372 150 311 369
147 312 373 149 313 374 153 314 375
153 315 375 151 316 376 147 317 373
148 318 377 146 319 378 150 320 379
150 321 379 152 322 380 148 323 377
82 324 381 84 325 382 85 326 383
85 327 383 83 328 384 82 329 381
86 330 385 87 331 386 89 332 387
89 333 387 88 334 388 86 335 385
83 336 389 85 337 390 89 338 391
89 339 391 87 340 392 83 341 389
84 342 393 82 343 394 86 344 395
86 345 395 88 346 396 84 347 393
154 348 397 156 349 398 157 350 399
157 351 399 155 352 400 154 353 397
158 354 401 159 355 402 161 356 403
161 357 403 160 358 404 158 359 401
155 360 405 157 361 406 161 362 407
161 363 407 159 364 408 155 365 405
156 366 409 154 367 410 158 368 411
158 369 411 160 370 412 156 371 409
106 372 413 108 373 414 109 374 415
109 375 415 107 376 416 106 377 413
110 378 417 111 379 418 113 380 419
113 381 419 112 382 420 110 383 417
107 384 421 109 385 422 113 386 423
113 387 423 111 388 424 107 389 421
108 390 425 106 391 426 110 392 427
110 393 427 112 394 428 108 395 425
114 396 429 116 397 430 117 398 431
117 399 431 115 400 432 114 401 429
118 402 433 119 403 434 121 404 435
121 405 435 120 406 436 118 407 433
115 408 437 117 409 438 121 410 439
121 411 439 119 412 440 115 413 437
116 414 441 114 415 442 118 416 443
118 417 443 120 418 444 116 419 441
138 420 445 140 421 446 141 422 447
141 423 447 139 424 448 138 425 445
142 426 449 143 427 450 145 428 451
145 429 451 144 430 452 142 431 449
139 432 453 141 433 454 145 434 455
145 435 455 143 436 456 139 437 453
140 438 457 138 439 458 142 440 459
142 441 459 144 442 460 140 443 457
130 444 461 132 445 462 133 446 463
133 447 463 131 448 464 130 449 461
134 450 465 135 451 466 137 452 467
137 453 467 136 454 468 134 455 465
131 456 469 133 457 470 137 458 471
137 459 471 135 460 472 131 461 469
132 462 473 130 463 474 134 464 475
134 465 475 136 466 476 132 467 473
122 468 477 124 469 478 125 470 479
125 471 479 123 472 480 122 473 477
126 474 481 127 475 482 129 476 483
129 477 483 128 478 484 126 479 481
123 480 485 125 481 486 129 482 487
129 483 487 127 484 488 123 485 485
124 486 489 122 487 490 126 488 491
126 489 491 128 490 492 124 491 489
13 492 533 12 493 534 162 494 535
12 495 541 15 496 542 162 497 538
5 498 543 4 499 544 163 500 545
4 501 551 7 502 552 163 503 548
23 504 559 22 505 560 164 506 555
20 507 561 23 508 562 164 509 558
31 510 569 30 511 570 165 512 565
28 513 571 31 514 572 165 515 568
71 516 583 70 517 584 166 518 585
70 519 591 73 520 592 166 521 588
65 522 599 64 523 600 167 524 595
62 525 601 65 526 602 167 527 598
57 528 609 56 529 610 168 530 605
54 531 611 57 532 612 168 533 608
73 534 623 72 535 624 166 536 625
72 537 626 71 538 627 166 539 628
63 540 629 62 541 630 167 542 631
64 543 632 63 544 633 167 545 634
55 546 635 54 547 636 168 548 637
56 549 638 55 550 639 168 551 640
15 552 641 14 553 642 162 554 643
14 555 644 13 556 645 162 557 646
7 558 647 6 559 648 163 560 649
6 561 650 5 562 651 163 563 652
21 564 653 20 565 654 164 566 655
22 567 656 21 568 657 164 569 658
29 570 659 28 571 660 165 572 661
30 573 662 29 574 663 165 575 664
40 576 665 39 577 666 32 578 667
39 579 668 38 580 669 32 581 670
49 582 671 48 583 672 41 584 673
48 585 674 47 586 675 41 587 676
