37
-0.000000 -0.000000 0.964317
0.077119 0.237347 0.879057
-0.201899 0.146688 0.879057
-0.201899 -0.146688 0.879057
0.077119 -0.237347 0.879057
0.249561 0.000000 0.879057
-0.000000 0.424579 0.628308
-0.249561 0.343491 0.628308
-0.403798 0.131202 0.628308
-0.403798 -0.131202 0.628308
-0.249561 -0.343491 0.628308
0.000000 -0.424579 0.628308
0.249561 -0.343491 0.628308
0.403798 -0.131202 0.628308
0.403798 0.131202 0.628308
0.249561 0.343492 0.628308
-0.000000 0.393129 0.028777
-0.231075 0.318048 0.028777
-0.373887 0.121483 0.028777
-0.373887 -0.121483 0.028777
-0.231075 -0.318048 0.028777
0.000000 -0.393128 0.028777
0.231075 -0.318048 0.028777
0.373887 -0.121483 0.028777
0.373887 0.121483 0.028777
0.231075 0.318048 0.028777
0.058423 0.179808 -0.604137
-0.152954 0.111128 -0.604137
-0.152954 -0.111128 -0.604137
0.058423 -0.179808 -0.604137
0.189061 0.000000 -0.604137
0.000000 0.000000 -5.608833
0.038275 0.111160 -4.848089
-0.093891 0.070752 -4.848086
-0.096303 -0.067432 -4.848086
0.034373 -0.112428 -4.848086
0.117547 -0.002052 -4.848086

210
0.000000 -0.000000 1.000000
0.190366 0.585887 0.787717
-0.498385 0.362098 0.787717
0.000000 -0.000000 1.000000
-0.498385 0.362098 0.787717
-0.498385 -0.362098 0.787717
0.000000 -0.000000 1.000000
-0.498385 -0.362098 0.787717
0.190366 -0.585887 0.787717
0.000000 -0.000000 1.000000
0.190366 -0.585887 0.787717
0.616038 0.000000 0.787717
0.000000 -0.000000 1.000000
0.616038 0.000000 0.787717
0.190366 0.585887 0.787717
0.190366 0.585887 0.787717
-0.016353 0.960860 0.276553
-0.551549 0.786964 0.276553
0.190366 0.585887 0.787717
-0.551549 0.786964 0.276553
-0.498385 0.362098 0.787717
-0.498385 0.362098 0.787717
-0.551549 0.786964 0.276553
-0.918885 0.281369 0.276553
-0.498385 0.362098 0.787717
-0.918885 0.281369 0.276553
-0.918885 -0.281369 0.276553
-0.498385 0.362098 0.787717
-0.918885 -0.281369 0.276553
-0.498385 -0.362098 0.787717
-0.498385 -0.362098 0.787717
-0.918885 -0.281369 0.276553
-0.551549 -0.786964 0.276553
-0.498385 -0.362098 0.787717
-0.551549 -0.786964 0.276553
-0.016353 -0.960860 0.276553
-0.498385 -0.362098 0.787717
-0.016353 -0.960860 0.276553
0.190366 -0.585887 0.787717
0.190366 -0.585887 0.787717
-0.016353 -0.960860 0.276553
0.578009 -0.767740 0.276553
0.190366 -0.585887 0.787717
0.578009 -0.767740 0.276553
0.908778 -0.312475 0.276553
0.190366 -0.585887 0.787717
0.908778 -0.312475 0.276553
0.616038 0.000000 0.787717
0.616038 0.000000 0.787717
0.908778 -0.312475 0.276553
0.908778 0.312475 0.276553
0.616038 0.000000 0.787717
0.908778 0.312475 0.276553
0.578009 0.767740 0.276553
0.616038 0.000000 0.787717
0.578009 0.767740 0.276553
0.190366 0.585887 0.787717
0.190366 0.585887 0.787717
0.578009 0.767740 0.276553
-0.016353 0.960860 0.276553
-0.016353 0.960860 0.276553
-0.007249 0.982998 -0.183474
-0.571927 0.799523 -0.183474
-0.016353 0.960860 0.276553
-0.571927 0.799523 -0.183474
-0.551549 0.786964 0.276553
-0.551549 0.786964 0.276553
-0.571927 0.799523 -0.183474
-0.937127 0.296868 -0.183474
-0.551549 0.786964 0.276553
-0.937127 0.296868 -0.183474
-0.918885 0.281369 0.276553
-0.918885 0.281369 0.276553
-0.937127 0.296868 -0.183474
-0.937127 -0.296869 -0.183474
-0.918885 0.281369 0.276553
-0.937127 -0.296869 -0.183474
-0.918885 -0.281369 0.276553
-0.918885 -0.281369 0.276553
-0.937127 -0.296869 -0.183474
-0.571927 -0.799523 -0.183474
-0.918885 -0.281369 0.276553
-0.571927 -0.799523 -0.183474
-0.551549 -0.786964 0.276553
-0.551549 -0.786964 0.276553
-0.571927 -0.799523 -0.183474
-0.007249 -0.982998 -0.183474
-0.551549 -0.786964 0.276553
-0.007249 -0.982998 -0.183474
-0.016353 -0.960860 0.276553
-0.016353 -0.960860 0.276553
-0.007249 -0.982998 -0.183474
0.583656 -0.791001 -0.183474
-0.016353 -0.960860 0.276553
0.583656 -0.791001 -0.183474
0.578009 -0.767740 0.276553
0.578009 -0.767740 0.276553
0.583656 -0.791001 -0.183474
0.932646 -0.310658 -0.183474
0.578009 -0.767740 0.276553
0.932646 -0.310658 -0.183474
0.908778 -0.312475 0.276553
0.908778 -0.312475 0.276553
0.932646 -0.310658 -0.183474
0.932646 0.310658 -0.183474
0.908778 -0.312475 0.276553
0.932646 0.310658 -0.183474
0.908778 0.312475 0.276553
0.908778 0.312475 0.276553
0.932646 0.310658 -0.183474
0.583656 0.791001 -0.183474
0.908778 0.312475 0.276553
0.583656 0.791001 -0.183474
0.578009 0.767740 0.276553
0.578009 0.767740 0.276553
0.583656 0.791001 -0.183474
-0.007249 0.982998 -0.183474
0.578009 0.767740 0.276553
-0.007249 0.982998 -0.183474
-0.016353 0.960860 0.276553
-0.007249 0.982998 -0.183474
0.285527 0.878763 -0.382426
-0.747521 0.543105 -0.382426
-0.007249 0.982998 -0.183474
-0.747521 0.543105 -0.382426
-0.571927 0.799523 -0.183474
-0.571927 0.799523 -0.183474
-0.747521 0.543105 -0.382426
-0.937127 0.296868 -0.183474
-0.937127 0.296868 -0.183474
-0.747521 0.543105 -0.382426
-0.747520 -0.543106 -0.382426
-0.937127 0.296868 -0.183474
-0.747520 -0.543106 -0.382426
-0.937127 -0.296869 -0.183474
-0.937127 -0.296869 -0.183474
-0.747520 -0.543106 -0.382426
-0.571927 -0.799523 -0.183474
-0.571927 -0.799523 -0.183474
-0.747520 -0.543106 -0.382426
0.285528 -0.878763 -0.382426
-0.571927 -0.799523 -0.183474
0.285528 -0.878763 -0.382426
-0.007249 -0.982998 -0.183474
-0.007249 -0.982998 -0.183474
0.285528 -0.878763 -0.382426
0.583656 -0.791001 -0.183474
0.583656 -0.791001 -0.183474
0.285528 -0.878763 -0.382426
0.923986 0.000000 -0.382426
0.583656 -0.791001 -0.183474
0.923986 0.000000 -0.382426
0.932646 -0.310658 -0.183474
0.932646 -0.310658 -0.183474
0.923986 0.000000 -0.382426
0.932646 0.310658 -0.183474
0.932646 0.310658 -0.183474
0.923986 0.000000 -0.382426
0.285527 0.878763 -0.382426
0.932646 0.310658 -0.183474
0.285527 0.878763 -0.382426
0.583656 0.791001 -0.183474
0.583656 0.791001 -0.183474
0.285527 0.878763 -0.382426
-0.007249 0.982998 -0.183474
0.000003 -0.000003 -1.000000
-0.795906 0.599757 -0.082622
0.324455 0.942286 -0.082623
0.000003 -0.000003 -1.000000
-0.816351 -0.571615 -0.082622
-0.795906 0.599757 -0.082622
0.000003 -0.000003 -1.000000
0.291372 -0.953035 -0.082622
-0.816351 -0.571615 -0.082622
0.000003 -0.000003 -1.000000
0.996429 -0.017393 -0.082622
0.291372 -0.953035 -0.082622
0.000003 -0.000003 -1.000000
0.324455 0.942286 -0.082623
0.996429 -0.017393 -0.082622
-0.808897 0.587699 -0.017192
0.308971 0.950916 -0.017192
0.324455 0.942286 -0.082623
0.324455 0.942286 -0.082623
-0.795906 0.599757 -0.082622
-0.808897 0.587699 -0.017192
-0.808897 -0.587698 -0.017192
-0.808897 0.587699 -0.017192
-0.795906 0.599757 -0.082622
-0.795906 0.599757 -0.082622
-0.816351 -0.571615 -0.082622
-0.808897 -0.587698 -0.017192
0.308972 -0.950916 -0.017192
-0.808897 -0.587698 -0.017192
-0.816351 -0.571615 -0.082622
-0.816351 -0.571615 -0.082622
0.291372 -0.953035 -0.082622
0.308972 -0.950916 -0.017192
0.999852 0.000000 -0.017192
0.308972 -0.950916 -0.017192
0.291372 -0.953035 -0.082622
0.291372 -0.953035 -0.082622
0.996429 -0.017393 -0.082622
0.999852 0.000000 -0.017192
0.308971 0.950916 -0.017192
0.999852 0.000000 -0.017192
0.996429 -0.017393 -0.082622
0.996429 -0.017393 -0.082622
0.324455 0.942286 -0.082623
0.308971 0.950916 -0.017192

61
0.964850 0.999500
0.158285 0.999500
0.341715 0.999500
0.535150 0.999500
0.750000 0.999500
0.250000 0.000500
0.971361 0.152356
0.160295 0.152356
0.334795 0.152356
0.522941 0.152356
0.746718 0.152356
-0.028639 0.152356
-0.028639 0.152356
-0.035150 0.999500
-0.028639 0.152356
-0.028639 0.152356
0.850000 1.000000
0.950000 0.890840
0.150000 0.890840
0.350000 0.890840
0.550000 0.890840
0.750000 0.890840
1.000000 0.758619
0.100000 0.758619
0.200000 0.758619
0.300000 0.758619
0.400000 0.758619
0.500000 0.758619
0.600000 0.758619
0.700000 0.758619
0.800000 0.758619
0.900000 0.758619
1.000000 0.383048
0.100000 0.383048
0.200000 0.383048
0.300000 0.383048
0.400000 0.383048
0.500000 0.383048
0.600000 0.383048
0.700000 0.383048
0.800000 0.383048
0.900000 0.383048
0.950000 0.075301
0.150000 0.075301
0.350000 0.075301
0.550000 0.075301
0.750000 0.075301
0.050000 1.000000
-0.050000 0.890840
0.250000 1.000000
0.450000 1.000000
0.650000 1.000000
-0.050000 0.890840
-0.000000 0.758619
-0.050000 0.890840
-0.000000 0.758619
-0.000000 0.383048
-0.000000 0.758619
-0.000000 0.383048
-0.050000 0.075301
-0.000000 0.383048

2
15
55

31 165 5 33 166 7 32 167 11
31 168 5 34 169 8 33 170 7
31 171 5 35 172 9 34 173 8
31 174 5 36 175 10 35 176 9
31 177 5 32 178 12 36 179 10
27 180 1 26 181 13 32 182 14
32 183 15 33 184 7 27 185 1
28 186 2 27 187 1 33 188 7
33 189 7 34 190 8 28 191 2
29 192 3 28 193 2 34 194 8
34 195 8 35 196 9 29 197 3
30 198 4 29 199 3 35 200 9
35 201 9 36 202 10 30 203 4
26 204 0 30 205 4 36 206 10
36 207 10 32 208 6 26 209 0

0 0 47 1 1 48 2 2 18
0 3 49 2 4 18 3 5 19
0 6 50 3 7 19 4 8 20
0 9 51 4 10 20 5 11 21
0 12 16 5 13 21 1 14 17
1 15 52 6 16 53 7 17 23
1 18 54 7 19 23 2 20 18
2 21 18 7 22 23 8 23 24
2 24 18 8 25 24 9 26 25
2 27 18 9 28 25 3 29 19
3 30 19 9 31 25 10 32 26
3 33 19 10 34 26 11 35 27
3 36 19 11 37 27 4 38 20
4 39 20 11 40 27 12 41 28
4 42 20 12 43 28 13 44 29
4 45 20 13 46 29 5 47 21
5 48 21 13 49 29 14 50 30
5 51 21 14 52 30 15 53 31
5 54 21 15 55 31 1 56 17
1 57 17 15 58 31 6 59 22
6 60 55 16 61 56 17 62 33
6 63 57 17 64 33 7 65 23
7 66 23 17 67 33 18 68 34
7 69 23 18 70 34 8 71 24
8 72 24 18 73 34 19 74 35
8 75 24 19 76 35 9 77 25
9 78 25 19 79 35 20 80 36
9 81 25 20 82 36 10 83 26
10 84 26 20 85 36 21 86 37
10 87 26 21 88 37 11 89 27
11 90 27 21 91 37 22 92 38
11 93 27 22 94 38 12 95 28
12 96 28 22 97 38 23 98 39
12 99 28 23 100 39 13 101 29
13 102 29 23 103 39 24 104 40
13 105 29 24 106 40 14 107 30
14 108 30 24 109 40 25 110 41
14 111 30 25 112 41 15 113 31
15 114 31 25 115 41 16 116 32
15 117 31 16 118 32 6 119 22
16 120 58 26 121 59 27 122 43
16 123 60 27 124 43 17 125 33
17 126 33 27 127 43 18 128 34
18 129 34 27 130 43 28 131 44
18 132 34 28 133 44 19 134 35
19 135 35 28 136 44 20 137 36
20 138 36 28 139 44 29 140 45
20 141 36 29 142 45 21 143 37
21 144 37 29 145 45 22 146 38
22 147 38 29 148 45 30 149 46
22 150 38 30 151 46 23 152 39
23 153 39 30 154 46 24 155 40
24 156 40 30 157 46 26 158 42
24 159 40 26 160 42 25 161 41
25 162 41 26 163 42 16 164 32

