49
-2.000000 -2.000000 0.000000
2.000000 -2.000000 0.000000
-2.000000 2.000000 0.000000
2.000000 2.000000 0.000000
-2.000000 -2.000000 0.250000
2.000000 -2.000000 0.250000
-2.000000 2.000000 0.250000
2.000000 2.000000 0.250000
1.333333 -1.666667 -2.500000
1.666667 -1.666667 -2.500000
1.333333 -1.333333 -2.500000
1.666667 -1.333333 -2.500000
1.333333 -1.666667 0.000000
1.666667 -1.708333 0.000000
1.333333 -1.333333 0.000000
1.666667 -1.333333 0.000000
-1.666667 -1.666667 -2.500000
-1.333333 -1.666667 -2.500000
-1.666667 -1.333333 -2.500000
-1.333333 -1.333333 -2.500000
-1.708333 -1.666667 0.000000
-1.333333 -1.666667 0.000000
-1.666667 -1.333333 0.000000
-1.333333 -1.333333 0.000000
1.333333 1.333333 -2.500000
1.666667 1.333333 -2.500000
1.333333 1.666667 -2.500000
1.666667 1.666667 -2.500000
1.333333 1.333333 0.000000
1.666667 1.333333 0.000000
1.333333 1.666667 0.000000
1.708334 1.666667 0.000000
-1.666667 1.333333 -2.500000
-1.333333 1.333333 -2.500000
-1.666667 1.666667 -2.500000
-1.333333 1.666667 -2.500000
-1.666667 1.333333 0.000000
-1.333333 1.333333 0.000000
-1.666667 1.708333 0.000000
-1.333333 1.666667 0.000000
1.694444 -1.750000 -0.250000
1.729167 1.687500 -0.250000
1.750000 -1.750000 0.000000
-1.687500 1.729167 -0.250000
1.750000 1.750000 0.000000
-1.729167 -1.687500 -0.250000
-1.750000 1.750000 0.000000
1.666667 -1.666667 -0.250000
-1.750000 -1.750000 0.000000

219
0.000000 0.000000 -1.000000
0.000000 0.000000 -1.000000
0.000000 0.000000 -1.000000
0.000000 0.000000 -1.000000
0.000000 0.000000 -1.000000
0.000000 0.000000 -1.000000
0.000000 0.000000 1.000000
0.000000 0.000000 1.000000
0.000000 0.000000 1.000000
0.000000 0.000000 1.000000
0.000000 0.000000 1.000000
0.000000 0.000000 1.000000
0.000000 -1.000000 0.000000
0.000000 -1.000000 0.000000
0.000000 -1.000000 0.000000
0.000000 -1.000000 0.000000
0.000000 -1.000000 0.000000
0.000000 -1.000000 0.000000
1.000000 0.000000 0.000000
1.000000 0.000000 0.000000
1.000000 0.000000 0.000000
1.000000 0.000000 0.000000
1.000000 0.000000 0.000000
1.000000 0.000000 0.000000
0.000000 1.000000 0.000000
0.000000 1.000000 0.000000
0.000000 1.000000 0.000000
0.000000 1.000000 0.000000
0.000000 1.000000 0.000000
0.000000 1.000000 0.000000
-1.000000 0.000000 0.000000
-1.000000 0.000000 0.000000
-1.000000 0.000000 0.000000
-1.000000 0.000000 0.000000
-1.000000 0.000000 0.000000
-1.000000 0.000000 0.000000
0.000000 0.000000 -1.000000
0.000000 0.000000 -1.000000
0.000000 0.000000 -1.000000
0.000000 0.000000 -1.000000
0.000000 0.000000 -1.000000
0.000000 0.000000 -1.000000
-0.010547 -0.999828 -0.015258
0.000000 -0.999861 -0.016664
-0.063792 -0.995184 0.074431
-0.063792 -0.995184 0.074431
-0.124035 -0.992278 0.000000
-0.010547 -0.999828 -0.015258
1.000000 -0.000000 0.000000
1.000000 0.000000 0.000000
1.000000 -0.000000 0.000000
1.000000 -0.000000 0.000000
1.000000 -0.000000 0.000000
1.000000 -0.000000 0.000000
0.000000 1.000000 0.000000
0.000000 1.000000 0.000000
0.000000 1.000000 0.000000
0.000000 1.000000 0.000000
0.000000 1.000000 0.000000
0.000000 1.000000 0.000000
-1.000000 0.000000 0.000000
-1.000000 0.000000 0.000000
-1.000000 0.000000 0.000000
-1.000000 0.000000 0.000000
-1.000000 0.000000 0.000000
-1.000000 0.000000 0.000000
0.000000 0.000000 -1.000000
0.000000 0.000000 -1.000000
0.000000 0.000000 -1.000000
0.000000 0.000000 -1.000000
0.000000 0.000000 -1.000000
0.000000 0.000000 -1.000000
0.000000 -1.000000 0.000000
0.000000 -1.000000 0.000000
0.000000 -1.000000 0.000000
0.000000 -1.000000 0.000000
-0.730875 -0.680723 0.049373
0.000000 -1.000000 0.000000
1.000000 0.000000 0.000000
1.000000 0.000000 0.000000
1.000000 0.000000 0.000000
1.000000 0.000000 0.000000
1.000000 0.000000 0.000000
1.000000 0.000000 0.000000
0.000000 1.000000 0.000000
0.000000 1.000000 0.000000
0.000000 1.000000 0.000000
0.000000 1.000000 0.000000
0.000000 1.000000 0.000000
0.000000 1.000000 0.000000
-0.999828 0.010547 -0.015258
-0.999861 0.000000 -0.016664
-0.960263 0.278548 0.017489
-0.960263 0.278548 0.017489
-0.992278 0.124035 0.000000
-0.999828 0.010547 -0.015258
0.000000 0.000000 -1.000000
0.000000 0.000000 -1.000000
0.000000 0.000000 -1.000000
0.000000 0.000000 -1.000000
0.000000 0.000000 -1.000000
0.000000 0.000000 -1.000000
0.000000 -1.000000 0.000000
0.000000 -1.000000 0.000000
0.000000 -1.000000 0.000000
0.000000 -1.000000 0.000000
0.000000 -1.000000 0.000000
0.000000 -1.000000 0.000000
0.999828 -0.010547 -0.015258
0.999861 0.000000 -0.016664
0.993522 -0.113633 -0.001408
0.993522 -0.113633 -0.001408
0.992278 -0.124036 0.000000
0.999828 -0.010547 -0.015258
0.000000 1.000000 0.000000
0.000000 1.000000 0.000000
0.000001 1.000000 0.000000
0.000001 1.000000 0.000000
-0.985851 -0.042631 -0.162114
0.000000 1.000000 0.000000
-1.000000 0.000000 0.000000
-1.000000 0.000000 0.000000
-1.000000 0.000000 0.000000
-1.000000 0.000000 0.000000
-1.000000 0.000000 0.000000
-1.000000 0.000000 0.000000
0.000000 0.000000 -1.000000
0.000000 0.000000 -1.000000
0.000000 0.000000 -1.000000
0.000000 0.000000 -1.000000
0.000000 0.000000 -1.000000
0.000000 0.000000 -1.000000
0.000000 -1.000000 0.000000
0.000000 -1.000000 0.000000
0.000000 -1.000000 0.000000
0.000000 -1.000000 0.000000
0.000000 -1.000000 0.000000
0.000000 -1.000000 0.000000
1.000000 0.000000 0.000000
1.000000 0.000000 0.000000
1.000000 0.000000 0.000000
1.000000 0.000000 0.000000
1.000000 0.000000 0.000000
1.000000 0.000000 0.000000
0.010547 0.999828 -0.015258
0.000000 0.999861 -0.016664
0.986647 -0.060372 -0.151269
0.986647 -0.060372 -0.151269
0.124035 0.992278 0.000000
0.010547 0.999828 -0.015258
-1.000000 0.000000 0.000000
-1.000000 0.000000 0.000000
-1.000000 0.000001 0.000000
-1.000000 0.000001 0.000000
-0.568330 0.822087 0.034254
-1.000000 0.000000 0.000000
0.727354 -0.685120 -0.039570
0.672742 0.730682 -0.116285
0.997587 -0.009092 0.068828
0.997587 -0.009092 0.068828
0.976118 0.011904 -0.216915
0.727354 -0.685120 -0.039570
-0.710269 -0.693958 -0.118073
-0.993649 0.010037 -0.112078
-0.736180 0.676188 0.028433
-0.736180 0.676188 0.028433
-0.985851 -0.042631 -0.162114
-0.710269 -0.693958 -0.118073
-0.445024 -0.890041 0.098894
-0.445024 -0.890041 0.098894
-0.445024 -0.890041 0.098894
0.672742 0.730682 -0.116285
-0.730047 0.673387 -0.116539
0.011082 0.997665 0.067395
0.011082 0.997665 0.067395
-0.011833 0.970306 -0.241590
0.672742 0.730682 -0.116285
0.694002 -0.710386 -0.117103
-0.710269 -0.693958 -0.118073
-0.985851 -0.042631 -0.162114
-0.985851 -0.042631 -0.162114
0.986647 -0.060372 -0.151269
0.694002 -0.710386 -0.117103
0.893805 -0.446906 0.037243
0.893805 -0.446906 0.037243
0.893805 -0.446906 0.037243
-0.730047 0.673387 -0.116539
-0.673715 -0.730180 -0.113776
-0.730875 -0.680723 0.049373
-0.730875 -0.680723 0.049373
-0.970306 -0.011833 -0.241591
-0.730047 0.673387 -0.116539
0.704308 0.700168 -0.117111
0.694002 -0.710386 -0.117103
0.986647 -0.060372 -0.151269
0.986647 -0.060372 -0.151269
0.705478 0.700274 -0.109163
0.704308 0.700168 -0.117111
0.446901 0.893808 0.037242
-0.568330 0.822087 0.034254
0.446901 0.893808 0.037242
0.000000 0.000000 -1.000000
0.000000 0.000000 -1.000000
0.000000 0.000000 -1.000000
-0.673715 -0.730180 -0.113776
0.727354 -0.685120 -0.039570
-0.063792 -0.995184 0.074431
-0.063792 -0.995184 0.074431
0.011833 -0.970306 -0.241590
-0.673715 -0.730180 -0.113776
0.011329 0.988170 0.152945
0.704308 0.700168 -0.117111
0.705478 0.700274 -0.109163
0.705478 0.700274 -0.109163
-0.736180 0.676188 0.028433
0.011329 0.988170 0.152945
-0.893806 0.446904 0.037242
-0.960263 0.278548 0.017489
-0.893806 0.446904 0.037242

156
-0.748751 0.013951
1.689286 0.013951
-0.748751 0.013951
1.689286 0.013951
-0.748751 0.245379
1.689286 0.245379
-0.748751 0.245379
1.689286 0.245379
1.748750 0.013951
0.000000 0.000000
1.689286 0.013951
0.000000 0.000000
1.748750 0.245379
1.689286 0.245379
1.748751 0.013951
-0.689286 0.013951
1.748751 0.013951
-0.689286 0.013951
1.748751 0.245379
-0.689286 0.245379
1.748751 0.245379
-0.689286 0.245379
-0.748750 0.013951
0.000000 0.000000
-0.689286 0.013951
0.000000 0.000000
-0.748750 0.245379
-0.689286 0.245379
2.261905 0.511629
2.350000 0.511629
2.350000 0.751815
2.261905 0.751815
2.350002 0.511629
-1.261905 0.511629
-1.261905 0.751815
2.350002 0.751815
-1.261905 0.511629
2.350001 0.511629
2.350001 0.751815
-1.261905 0.751815
-1.261905 0.511629
-1.350001 0.511629
-1.350001 0.751815
-1.261905 0.751815
-1.350002 0.511629
2.261905 0.511629
2.261905 0.751815
-1.350002 0.751815
2.261905 0.511629
-1.350002 0.511629
-1.350002 0.751815
2.261905 0.751815
-1.060939 0.774496
2.060938 0.774496
2.060938 0.987298
-1.060939 0.987298
2.060939 0.774496
-1.060938 0.774496
-1.060938 0.987298
2.060939 0.987298
-0.245523 -0.479412
-0.245523 1.479413
1.245523 1.479412
1.245523 -0.479413
-0.245523 -0.479412
1.245523 -0.479413
1.245523 1.479412
-0.245523 1.479413
0.054017 -0.479413
0.054017 1.479412
0.945982 1.479412
0.945982 -0.479413
0.054018 1.479413
0.054018 -0.479412
0.945983 -0.479412
0.945983 1.479413
0.999501 0.524217
0.999501 0.730021
0.000500 0.730021
0.000500 0.524217
0.999501 0.730021
0.999501 0.524217
0.000500 0.524217
0.000500 0.730021
0.000500 0.256417
0.000500 0.473761
0.999500 0.473761
0.999500 0.256417
0.000500 0.473761
0.000500 0.256417
0.999500 0.256417
0.999500 0.473761
0.000499 0.761194
0.000499 0.988065
0.999500 0.988065
0.999500 0.761194
0.000499 0.988065
0.000499 0.761194
0.999500 0.761194
0.999500 0.988065
0.999501 0.006652
0.999501 0.236148
0.000500 0.236148
0.000500 0.006652
0.999501 0.236148
0.999501 0.006652
0.000500 0.006652
0.000500 0.236148
0.999501 0.268504
0.999501 0.488217
0.000499 0.488217
0.000499 0.268504
0.999501 0.488217
0.999501 0.268504
0.000499 0.268504
0.000499 0.488217
0.000500 0.516061
0.000500 0.743312
0.999501 0.743312
0.999501 0.516061
0.000500 0.743312
0.000500 0.516061
0.999501 0.516061
0.999501 0.743312
0.999501 0.762094
0.999501 0.988272
0.000499 0.988272
0.000499 0.762094
0.999501 0.988272
0.999501 0.762094
0.000499 0.762094
0.000499 0.988272
0.000500 0.012993
0.000500 0.229214
0.999501 0.229214
0.999501 0.012993
0.000500 0.229214
0.000500 0.012993
0.999501 0.012993
0.999501 0.229214
5.495003 0.506068
5.495004 0.739504
6.743754 0.739504
6.743754 0.506068
-5.743754 0.506069
-5.743753 0.739504
-4.495002 0.739504
-4.495003 0.506069
4.132730 0.758245
4.132730 0.987157
5.040913 0.987157
5.040913 0.758245
-4.040912 0.758246
-4.040912 0.987158
-3.132729 0.987158
-3.132729 0.758246

73
0 0 60 2 1 61 3 2 62
3 3 62 1 4 63 0 5 60
4 6 64 5 7 65 7 8 66
7 9 66 6 10 67 4 11 64
0 12 52 1 13 53 5 14 54
5 15 54 4 16 55 0 17 52
1 18 68 3 19 69 7 20 70
7 21 70 5 22 71 1 23 68
3 24 56 2 25 57 6 26 58
6 27 58 7 28 59 3 29 56
2 30 72 0 31 73 4 32 74
4 33 74 6 34 75 2 35 72
8 36 140 10 37 141 11 38 142
11 39 142 9 40 143 8 41 140
8 42 108 9 43 109 13 44 110
13 45 110 12 46 111 8 47 108
9 48 116 11 49 117 15 50 118
15 51 118 13 52 119 9 53 116
11 54 112 10 55 113 14 56 114
14 57 114 15 58 115 11 59 112
10 60 120 8 61 121 12 62 122
12 63 122 14 64 123 10 65 120
16 66 144 18 67 145 19 68 146
19 69 146 17 70 147 16 71 144
16 72 124 17 73 125 21 74 126
21 75 126 20 76 127 16 77 124
17 78 132 19 79 133 23 80 134
23 81 134 21 82 135 17 83 132
19 84 128 18 85 129 22 86 130
22 87 130 23 88 131 19 89 128
18 90 136 16 91 137 20 92 138
20 93 138 22 94 139 18 95 136
24 96 148 26 97 149 27 98 150
27 99 150 25 100 151 24 101 148
24 102 100 25 103 101 29 104 102
29 105 102 28 106 103 24 107 100
25 108 92 27 109 93 31 110 94
31 111 94 29 112 95 25 113 92
27 114 104 26 115 105 30 116 106
30 117 106 31 118 107 27 119 104
26 120 96 24 121 97 28 122 98
28 123 98 30 124 99 26 125 96
32 126 152 34 127 153 35 128 154
35 129 154 33 130 155 32 131 152
32 132 76 33 133 77 37 134 78
37 135 78 36 136 79 32 137 76
33 138 84 35 139 85 39 140 86
39 141 86 37 142 87 33 143 84
35 144 80 34 145 81 38 146 82
38 147 82 39 148 83 35 149 80
34 150 88 32 151 89 36 152 90
36 153 90 38 154 91 34 155 88
40 156 0 41 157 1 31 158 5
31 159 5 42 160 4 40 161 0
41 162 3 40 163 2 13 164 6
13 165 6 31 166 7 41 167 3
42 168 30 13 169 31 40 170 28
41 171 32 43 172 33 38 173 34
38 174 34 44 175 35 41 176 32
43 177 36 41 178 37 31 179 38
31 180 38 38 181 39 43 182 36
44 183 12 31 184 13 41 185 10
43 186 14 45 187 15 20 188 19
20 189 19 46 190 18 43 191 14
45 192 17 43 193 16 38 194 20
38 195 20 20 196 21 45 197 17
46 198 42 38 199 43 43 200 40
47 201 25 40 202 23 45 203 22
45 204 44 40 205 45 13 206 46
13 207 46 48 208 47 45 209 44
47 210 48 45 211 49 20 212 50
20 213 50 13 214 51 47 215 48
48 216 26 20 217 27 45 218 24
