40
-2.500000 -8.000000 0.000000
2.500000 -8.000000 0.000000
-2.500000 8.000000 0.000000
2.500000 8.000000 0.000000
-2.500000 -8.000000 0.333333
2.500000 -8.000000 0.333333
-2.500000 8.000000 0.333333
2.500000 8.000000 0.333333
-1.666667 -5.583333 -2.500000
1.666667 -5.583333 -2.500000
-1.666667 -4.916667 -2.500000
1.666667 -4.916667 -2.500000
-0.833333 -5.500000 0.000000
0.833333 -5.500000 0.000000
-0.833333 -5.000000 0.000000
0.833333 -5.000000 0.000000
-0.833333 -5.500000 -2.083333
0.833333 -5.500000 -2.083333
0.833333 -5.000000 -2.083333
-0.833333 -5.000000 -2.083333
1.666667 -5.583333 -2.083333
1.666667 -4.916667 -2.083333
-1.666667 -5.583333 -2.083333
-1.666667 -4.916667 -2.083333
-1.666667 4.916667 -2.500000
1.666667 4.916667 -2.500000
-1.666667 5.583333 -2.500000
1.666667 5.583333 -2.500000
-0.833333 5.000000 0.000000
0.833333 5.000000 0.000000
-0.833333 5.500000 0.000000
0.833333 5.500000 0.000000
-0.833333 5.000000 -2.083333
0.833333 5.000000 -2.083333
0.833333 5.500000 -2.083333
-0.833333 5.500000 -2.083333
1.666667 4.916667 -2.083333
1.666667 5.583333 -2.083333
-1.666667 4.916667 -2.083333
-1.666667 5.583333 -2.083333

156
0.000000 0.000000 -1.000000
0.000000 0.000000 -1.000000
0.000000 0.000000 -1.000000
0.000000 0.000000 -1.000000
0.000000 0.000000 -1.000000
0.000000 0.000000 -1.000000
0.000000 0.000000 1.000000
0.000000 0.000000 1.000000
0.000000 0.000000 1.000000
0.000000 0.000000 1.000000
0.000000 0.000000 1.000000
0.000000 0.000000 1.000000
0.000000 -1.000000 0.000000
0.000000 -1.000000 0.000000
0.000000 -1.000000 0.000000
0.000000 -1.000000 0.000000
0.000000 -1.000000 0.000000
0.000000 -1.000000 0.000000
1.000000 0.000000 0.000000
1.000000 0.000000 0.000000
1.000000 0.000000 0.000000
1.000000 0.000000 0.000000
1.000000 0.000000 0.000000
1.000000 0.000000 0.000000
0.000000 1.000000 0.000000
0.000000 1.000000 0.000000
0.000000 1.000000 0.000000
0.000000 1.000000 0.000000
0.000000 1.000000 0.000000
0.000000 1.000000 0.000000
-1.000000 0.000000 0.000000
-1.000000 0.000000 0.000000
-1.000000 0.000000 0.000000
-1.000000 0.000000 0.000000
-1.000000 0.000000 0.000000
-1.000000 0.000000 0.000000
0.000000 0.000000 -1.000000
0.000000 0.000000 -1.000000
0.000000 0.000000 -1.000000
0.000000 0.000000 -1.000000
0.000000 0.000000 -1.000000
0.000000 0.000000 -1.000000
0.000000 -1.000000 0.000000
0.000000 -1.000000 0.000000
0.000000 -1.000000 0.000000
0.000000 -1.000000 0.000000
0.000000 -1.000000 0.000000
0.000000 -1.000000 0.000000
1.000000 0.000000 0.000000
1.000000 0.000000 0.000000
1.000000 0.000000 0.000000
1.000000 0.000000 0.000000
1.000000 0.000000 0.000000
1.000000 0.000000 0.000000
1.000000 0.000000 0.000000
1.000000 0.000000 0.000000
1.000000 0.000000 0.000000
1.000000 0.000000 0.000000
1.000000 0.000000 0.000000
1.000000 0.000000 0.000000
0.000000 1.000000 0.000000
0.000000 1.000000 0.000000
0.000000 1.000000 0.000000
0.000000 1.000000 0.000000
0.000000 1.000000 0.000000
0.000000 1.000000 0.000000
-1.000000 0.000000 0.000000
-1.000000 0.000000 0.000000
-1.000000 0.000000 0.000000
-1.000000 0.000000 0.000000
-1.000000 0.000000 0.000000
-1.000000 0.000000 0.000000
-1.000000 0.000000 0.000000
-1.000000 0.000000 0.000000
-1.000000 0.000000 0.000000
-1.000000 0.000000 0.000000
-1.000000 0.000000 0.000000
-1.000000 0.000000 0.000000
0.000000 -1.000000 0.000000
0.000000 -1.000000 0.000000
0.000000 -1.000000 0.000000
0.000000 -1.000000 0.000000
0.000000 -1.000000 0.000000
0.000000 -1.000000 0.000000
0.000000 1.000000 0.000000
0.000000 1.000000 0.000000
0.000000 1.000000 0.000000
0.000000 1.000000 0.000000
0.000000 1.000000 0.000000
0.000000 1.000000 0.000000
0.000000 0.000000 1.000000
0.000000 0.000000 1.000000
0.000000 0.000000 1.000000
0.000000 0.000000 1.000000
0.000000 0.000000 1.000000
0.000000 0.000000 1.000000
0.000000 0.000000 -1.000000
0.000000 0.000000 -1.000000
0.000000 0.000000 -1.000000
0.000000 0.000000 -1.000000
0.000000 0.000000 -1.000000
0.000000 0.000000 -1.000000
0.000000 -1.000000 0.000000
0.000000 -1.000000 0.000000
0.000000 -1.000000 0.000000
0.000000 -1.000000 0.000000
0.000000 -1.000000 0.000000
0.000000 -1.000000 0.000000
1.000000 0.000000 0.000000
1.000000 0.000000 0.000000
1.000000 0.000000 0.000000
1.000000 0.000000 0.000000
1.000000 0.000000 0.000000
1.000000 0.000000 0.000000
1.000000 0.000000 0.000000
1.000000 0.000000 0.000000
1.000000 0.000000 0.000000
1.000000 0.000000 0.000000
1.000000 0.000000 0.000000
1.000000 0.000000 0.000000
0.000000 1.000000 0.000000
0.000000 1.000000 0.000000
0.000000 1.000000 0.000000
0.000000 1.000000 0.000000
0.000000 1.000000 0.000000
0.000000 1.000000 0.000000
-1.000000 0.000000 0.000000
-1.000000 0.000000 0.000000
-1.000000 0.000000 0.000000
-1.000000 0.000000 0.000000
-1.000000 0.000000 0.000000
-1.000000 0.000000 0.000000
-1.000000 0.000000 0.000000
-1.000000 0.000000 0.000000
-1.000000 0.000000 0.000000
-1.000000 0.000000 0.000000
-1.000000 0.000000 0.000000
-1.000000 0.000000 0.000000
0.000000 -1.000000 0.000000
0.000000 -1.000000 0.000000
0.000000 -1.000000 0.000000
0.000000 -1.000000 0.000000
0.000000 -1.000000 0.000000
0.000000 -1.000000 0.000000
0.000000 1.000000 0.000000
0.000000 1.000000 0.000000
0.000000 1.000000 0.000000
0.000000 1.000000 0.000000
0.000000 1.000000 0.000000
0.000000 1.000000 0.000000
0.000000 0.000000 1.000000
0.000000 0.000000 1.000000
0.000000 0.000000 1.000000
0.000000 0.000000 1.000000
0.000000 0.000000 1.000000
0.000000 0.000000 1.000000

104
2.068290 0.503052
1.881032 0.503052
1.881032 0.715953
2.068290 0.715953
1.881032 0.503052
2.068290 0.503052
2.068290 0.715954
1.881032 0.715954
-0.881032 0.503052
-1.068290 0.503052
-1.068290 0.715954
-0.881032 0.715954
-1.068290 0.503052
-0.881032 0.503052
-0.881032 0.715954
-1.068290 0.715954
-0.425001 0.732300
-0.425001 0.516791
1.424999 0.516791
1.424999 0.732300
1.424999 0.732300
1.424999 0.516791
-0.425001 0.516791
-0.425001 0.732300
-0.424999 0.732300
-0.424999 0.516791
1.425001 0.516791
1.425001 0.732300
1.425001 0.732300
1.425001 0.516791
-0.424999 0.516791
-0.424999 0.732300
0.024285 0.282561
0.024285 0.476006
0.975715 0.476006
0.975715 0.282561
0.975715 0.282561
0.975715 0.476006
0.024285 0.476006
0.024285 0.282561
0.286641 0.280613
0.286641 0.479036
1.285642 0.479035
1.285642 0.280612
1.285642 0.280612
1.285642 0.479035
0.286641 0.479036
0.286641 0.280613
0.258570 0.006960
0.258570 0.220666
1.257571 0.220666
1.257571 0.006960
0.258570 0.220666
0.258570 0.006960
1.257571 0.006960
1.257571 0.220666
0.000499 0.275504
0.000499 0.491580
0.999501 0.491580
0.999501 0.275504
0.000499 0.491580
0.000499 0.275504
0.999501 0.275504
0.999501 0.491580
0.999500 0.509539
0.999500 0.987530
0.000500 0.987530
0.000500 0.509539
0.999501 0.987530
0.999501 0.509539
0.000500 0.509539
0.000500 0.987530
0.999500 0.259856
0.999500 0.740144
0.000500 0.740144
0.000500 0.259856
0.999500 0.740144
0.999500 0.259856
0.000500 0.259856
0.000500 0.740144
-1.770457 0.736972
2.770457 0.736973
2.770457 0.529116
-1.770457 0.529115
2.770457 0.736973
-1.770457 0.736973
-1.770457 0.529116
2.770457 0.529117
-1.165001 1.234557
2.165001 1.234555
2.165001 -0.234557
-1.165002 -0.234555
-1.165001 1.234557
-1.165002 -0.234555
2.165001 -0.234557
2.165001 1.234555
0.776085 -0.234556
0.776086 1.234556
0.223908 1.234556
0.223908 -0.234556
0.776092 1.234556
0.776092 -0.234556
0.223914 -0.234556
0.223915 1.234556

52
0 0 88 2 1 89 3 2 90
3 3 90 1 4 91 0 5 88
4 6 92 5 7 93 7 8 94
7 9 94 6 10 95 4 11 92
0 12 96 1 13 97 5 14 98
5 15 98 4 16 99 0 17 96
1 18 80 3 19 81 7 20 82
7 21 82 5 22 83 1 23 80
3 24 100 2 25 101 6 26 102
6 27 102 7 28 103 3 29 100
2 30 84 0 31 85 4 32 86
4 33 86 6 34 87 2 35 84
8 36 32 10 37 33 11 38 34
11 39 34 9 40 35 8 41 32
16 42 64 17 43 65 13 44 66
13 45 66 12 46 67 16 47 64
9 48 0 11 49 1 21 50 2
21 51 2 20 52 3 9 53 0
17 54 56 18 55 57 15 56 58
15 57 58 13 58 59 17 59 56
18 60 68 19 61 69 14 62 70
14 63 70 15 64 71 18 65 68
10 66 4 8 67 5 22 68 6
22 69 6 23 70 7 10 71 4
19 72 60 16 73 61 12 74 62
12 75 62 14 76 63 19 77 60
22 78 16 8 79 17 9 80 18
22 81 16 9 82 18 20 83 19
21 84 20 11 85 21 10 86 22
21 87 20 10 88 22 23 89 23
20 90 36 21 91 37 23 92 38
20 93 36 23 94 38 22 95 39
24 96 40 26 97 41 27 98 42
27 99 42 25 100 43 24 101 40
32 102 72 33 103 73 29 104 74
29 105 74 28 106 75 32 107 72
25 108 8 27 109 9 37 110 10
37 111 10 36 112 11 25 113 8
33 114 48 34 115 49 31 116 50
31 117 50 29 118 51 33 119 48
34 120 76 35 121 77 30 122 78
30 123 78 31 124 79 34 125 76
26 126 12 24 127 13 38 128 14
38 129 14 39 130 15 26 131 12
35 132 52 32 133 53 28 134 54
28 135 54 30 136 55 35 137 52
38 138 24 24 139 25 25 140 26
38 141 24 25 142 26 36 143 27
37 144 28 27 145 29 26 146 30
37 147 28 26 148 30 39 149 31
36 150 44 37 151 45 39 152 46
36 153 44 39 154 46 38 155 47
