28
-0.000000 0.478142 -0.000000
-0.000000 0.583333 0.750000
-0.000000 0.500000 0.750000
-0.000000 0.409836 0.000000
0.291667 0.414083 0.000000
0.391290 0.505181 0.750000
0.335391 0.433013 0.750000
0.250000 0.354928 0.000000
0.505181 0.239071 0.000000
0.677734 0.291667 0.750000
0.580915 0.250000 0.750000
0.433013 0.204918 0.000000
0.583333 0.000000 0.000000
0.782580 0.000000 0.750000
0.670783 0.000000 0.750000
0.500000 0.000000 0.000000
0.505181 -0.239071 0.000000
0.677734 -0.291667 0.750000
0.580915 -0.250000 0.750000
0.433013 -0.204918 0.000000
0.291667 -0.414083 0.000000
0.391290 -0.505181 0.750000
0.335391 -0.433013 0.750000
0.250000 -0.354928 0.000000
-0.000000 -0.478142 0.000000
-0.000000 -0.583333 0.750000
-0.000000 -0.500000 0.750000
-0.000000 -0.409836 0.000000

156
0.206663 0.967947 -0.142717
0.411965 0.896884 -0.160884
0.415035 0.893533 -0.171301
0.206663 0.967947 -0.142717
0.194034 0.971486 -0.136256
0.411965 0.896884 -0.160884
0.000000 0.000000 1.000000
0.000000 0.000000 1.000000
0.000000 0.000000 1.000000
0.000000 0.000000 1.000000
0.000000 0.000000 1.000000
0.000000 0.000000 1.000000
-0.198282 -0.972520 0.122019
-0.421926 -0.896074 0.137950
-0.413690 -0.898499 0.146831
-0.198282 -0.972520 0.122019
-0.213054 -0.970056 0.116619
-0.421926 -0.896074 0.137950
0.000000 -0.000000 -1.000000
0.000000 -0.000000 -1.000000
0.000000 -0.000000 -1.000000
0.000000 -0.000000 -1.000000
0.000000 -0.000000 -1.000000
0.000000 -0.000000 -1.000000
0.415035 0.893533 -0.171301
0.794956 0.566808 -0.216271
0.794375 0.563544 -0.226684
0.415035 0.893533 -0.171301
0.411965 0.896884 -0.160884
0.794956 0.566808 -0.216271
0.000000 0.000000 1.000000
0.000000 0.000000 1.000000
0.000000 0.000000 1.000000
0.000000 0.000000 1.000000
0.000000 0.000000 1.000000
0.000000 0.000000 1.000000
-0.413690 -0.898499 0.146831
-0.801359 -0.569003 0.184552
-0.796288 -0.572581 0.195130
-0.413690 -0.898499 0.146831
-0.421926 -0.896074 0.137950
-0.801359 -0.569003 0.184552
0.000000 -0.000000 -1.000000
-0.000000 -0.000000 -1.000000
-0.000000 -0.000000 -1.000000
0.000000 -0.000000 -1.000000
0.000000 -0.000000 -1.000000
-0.000000 -0.000000 -1.000000
0.794375 0.563544 -0.226684
0.967456 -0.002600 -0.253025
0.967624 -0.003701 -0.252370
0.794375 0.563544 -0.226684
0.794956 0.566808 -0.216271
0.967456 -0.002600 -0.253025
0.000000 0.000000 1.000000
0.000000 0.000000 1.000000
0.000000 0.000000 1.000000
0.000000 0.000000 1.000000
0.000000 0.000000 1.000000
0.000000 0.000000 1.000000
-0.796288 -0.572581 0.195130
-0.975939 -0.003227 0.218021
-0.975804 -0.002311 0.218635
-0.796288 -0.572581 0.195130
-0.801359 -0.569003 0.184552
-0.975939 -0.003227 0.218021
-0.000000 -0.000000 -1.000000
-0.000000 -0.000000 -1.000000
-0.000000 -0.000000 -1.000000
-0.000000 -0.000000 -1.000000
-0.000000 -0.000000 -1.000000
-0.000000 -0.000000 -1.000000
0.967624 -0.003701 -0.252370
0.792063 -0.567003 -0.226149
0.794831 -0.567805 -0.214104
0.967624 -0.003701 -0.252370
0.967456 -0.002600 -0.253025
0.792063 -0.567003 -0.226149
0.000000 0.000000 1.000000
0.000000 0.000000 1.000000
0.000000 0.000000 1.000000
0.000000 0.000000 1.000000
0.000000 0.000000 1.000000
0.000000 0.000000 1.000000
-0.975804 -0.002311 0.218635
-0.801143 0.565481 0.195960
-0.798672 0.572249 0.186158
-0.975804 -0.002311 0.218635
-0.975939 -0.003227 0.218021
-0.801143 0.565481 0.195960
-0.000000 -0.000000 -1.000000
0.000000 -0.000000 -1.000000
0.000000 -0.000000 -1.000000
-0.000000 -0.000000 -1.000000
-0.000000 -0.000000 -1.000000
0.000000 -0.000000 -1.000000
0.794831 -0.567805 -0.214104
0.413837 -0.894230 -0.170561
0.418813 -0.893787 -0.160440
0.794831 -0.567805 -0.214104
0.792063 -0.567003 -0.226149
0.413837 -0.894230 -0.170561
0.000000 0.000000 1.000000
0.000000 0.000000 1.000000
0.000000 0.000000 1.000000
0.000000 0.000000 1.000000
0.000000 0.000000 1.000000
0.000000 0.000000 1.000000
-0.798672 0.572249 0.186158
-0.418649 0.896025 0.147892
-0.411996 0.900648 0.138173
-0.798672 0.572249 0.186158
-0.801143 0.565481 0.195960
-0.418649 0.896025 0.147892
0.000000 -0.000000 -1.000000
-0.000000 -0.000000 -1.000000
-0.000000 -0.000000 -1.000000
0.000000 -0.000000 -1.000000
0.000000 -0.000000 -1.000000
-0.000000 -0.000000 -1.000000
0.418813 -0.893787 -0.160440
0.198338 -0.969833 -0.141728
0.212533 -0.967682 -0.135722
0.418813 -0.893787 -0.160440
0.413837 -0.894230 -0.170561
0.198338 -0.969833 -0.141728
0.000000 0.000000 1.000000
0.000000 0.000000 1.000000
0.000000 -0.000000 1.000000
0.000000 0.000000 1.000000
0.000000 0.000000 1.000000
0.000000 0.000000 1.000000
-0.411996 0.900648 0.138173
-0.207917 0.970386 0.122965
-0.194513 0.973888 0.117079
-0.411996 0.900648 0.138173
-0.418649 0.896025 0.147892
-0.207917 0.970386 0.122965
-0.000000 -0.000000 -1.000000
-0.000000 -0.000000 -1.000000
-0.000000 -0.000000 -1.000000
-0.000000 -0.000000 -1.000000
-0.000000 -0.000000 -1.000000
-0.000000 -0.000000 -1.000000
-1.000000 -0.000000 0.000000
-1.000000 -0.000000 0.000000
-1.000000 -0.000000 0.000000
-1.000000 -0.000000 0.000000
-1.000000 -0.000000 0.000000
-1.000000 -0.000000 0.000000
-1.000000 0.000000 0.000000
-1.000000 0.000000 0.000000
-1.000000 0.000000 0.000000
-1.000000 0.000000 0.000000
-1.000000 0.000000 0.000000
-1.000000 0.000000 0.000000

112
2.996656 0.000999
2.997260 1.999001
2.996803 1.999001
2.996099 0.000999
2.734809 0.000999
2.714819 1.999001
2.714459 1.999001
2.734345 0.000999
2.486448 0.000999
2.468353 1.999001
2.468175 1.999001
2.486197 0.000999
2.250000 0.000999
2.250000 1.999001
2.250000 1.999001
2.250000 0.000999
2.013551 0.000999
2.031646 1.999001
2.031824 1.999001
2.013803 0.000999
1.765190 0.000999
1.785180 1.999001
1.785541 1.999001
1.765655 0.000999
1.503343 0.000999
1.502740 1.999001
1.503197 1.999001
1.503900 0.000999
-0.277778 1.000000
0.425469 1.077350
0.500000 1.173575
-0.166667 1.000000
-0.046448 0.000000
0.632831 1.052111
0.688386 0.973238
-0.137523 0.000000
0.752833 0.833333
0.881926 0.888889
0.348144 0.818761
0.444369 0.773224
0.872657 0.500000
1.021720 0.500000
0.243942 0.500000
0.355053 0.500000
0.752833 0.166666
0.881925 0.111111
0.348145 0.181238
0.444370 0.226776
0.425469 -0.077350
0.500000 -0.173576
0.632831 -0.052111
0.688387 0.026762
1.166667 1.000000
1.277778 1.000000
1.137523 0.000000
1.046448 0.000000
-0.021720 1.277778
0.425469 1.077350
0.500000 1.173575
-0.021720 1.277778
-0.021720 1.166667
0.425469 1.077350
1.021720 1.046448
0.632831 1.052111
0.688386 0.973238
1.021720 1.046448
1.021720 1.137523
0.632831 1.052111
0.500000 1.173575
0.752833 0.833333
0.881926 0.888889
0.752833 0.833333
0.688386 0.973238
0.348144 0.818761
0.444369 0.773224
0.348144 0.818761
0.881926 0.888889
0.872657 0.500000
1.021720 0.500000
0.872657 0.500000
0.444369 0.773224
0.243942 0.500000
0.355053 0.500000
0.243942 0.500000
1.021720 0.500000
0.752833 0.166666
0.881925 0.111111
0.752833 0.166666
0.355053 0.500000
0.348145 0.181238
0.444370 0.226776
0.348145 0.181238
0.881925 0.111111
0.425469 -0.077350
0.500000 -0.173576
0.425469 -0.077350
0.444370 0.226776
0.632831 -0.052111
0.688387 0.026762
0.632831 -0.052111
0.500000 -0.173576
-0.021720 -0.166667
-0.021720 -0.277778
-0.021720 -0.166667
0.688387 0.026762
1.021720 -0.137523
1.021720 -0.046448
1.021720 -0.137523
-0.046448 0.000000
-0.277778 1.000000
1.046448 0.000000
1.277778 1.000000

52
0 0 0 5 1 5 4 2 4
0 3 0 1 4 1 5 5 5
1 6 56 6 7 57 5 8 58
1 9 59 2 10 60 6 11 61
2 12 2 7 13 7 6 14 6
2 15 2 3 16 3 7 17 7
3 18 62 4 19 63 7 20 64
3 21 65 0 22 66 4 23 67
4 24 4 9 25 9 8 26 8
4 27 4 5 28 5 9 29 9
5 30 68 10 31 69 9 32 70
5 33 30 6 34 29 10 35 71
6 36 6 11 37 11 10 38 10
6 39 6 7 40 7 11 41 11
7 42 72 8 43 73 11 44 74
7 45 34 4 46 33 8 47 75
8 48 8 13 49 13 12 50 12
8 51 8 9 52 9 13 53 13
9 54 76 14 55 77 13 56 78
9 57 37 10 58 36 14 59 79
10 60 10 15 61 15 14 62 14
10 63 10 11 64 11 15 65 15
11 66 80 12 67 81 15 68 82
11 69 39 8 70 38 12 71 83
12 72 12 17 73 17 16 74 16
12 75 12 13 76 13 17 77 17
13 78 84 18 79 85 17 80 86
13 81 41 14 82 40 18 83 87
14 84 14 19 85 19 18 86 18
14 87 14 15 88 15 19 89 19
15 90 88 16 91 89 19 92 90
15 93 43 12 94 42 16 95 91
16 96 16 21 97 21 20 98 20
16 99 16 17 100 17 21 101 21
17 102 92 22 103 93 21 104 94
17 105 45 18 106 44 22 107 95
18 108 18 23 109 23 22 110 22
18 111 18 19 112 19 23 113 23
19 114 96 20 115 97 23 116 98
19 117 47 16 118 46 20 119 99
20 120 20 25 121 25 24 122 24
20 123 20 21 124 21 25 125 25
21 126 100 26 127 101 25 128 102
21 129 49 22 130 48 26 131 103
22 132 22 27 133 27 26 134 26
22 135 22 23 136 23 27 137 27
23 138 104 24 139 105 27 140 106
23 141 51 20 142 50 24 143 107
3 144 108 1 145 109 0 146 35
3 147 32 2 148 31 1 149 28
27 150 110 24 151 54 25 152 111
27 153 55 25 154 53 26 155 52
