184
-18.000000 -1188.000488 0.000000
222.000000 -1188.000488 0.000000
4.039976 -711.815125 -0.000000
243.013901 -733.984070 0.000001
69.970924 -239.701553 0.000000
305.875397 -283.849854 0.000002
179.229614 224.303543 0.000000
410.047546 158.553345 0.000003
330.881653 676.232544 0.000001
554.639343 589.442749 0.000005
523.630005 1112.221191 0.000002
738.414246 1005.133789 0.000008
18.000000 -1188.000488 720.000000
222.000000 -1188.000488 720.000000
39.886063 -715.140503 720.000000
243.013901 -733.984070 720.000000
105.356598 -246.323822 720.000000
305.875397 -283.849884 720.000000
213.852310 214.440948 720.000000
410.047546 158.553375 720.000000
364.445313 663.214172 720.000000
554.639343 589.442810 720.000000
555.847656 1096.158203 720.000000
738.414246 1005.133850 720.000000
-18.000000 -1188.000488 732.000000
18.000000 -1188.000488 732.000000
4.487054 -707.019287 732.000000
40.330021 -710.378113 732.000000
71.751869 -230.233978 732.000000
107.125107 -236.922333 732.000000
176.599060 215.035919 732.000000
211.240128 205.238068 732.000000
329.141876 671.740906 732.000000
362.717682 658.753845 732.000000
523.630005 1112.221191 732.000000
555.847656 1096.158203 732.000000
-17.100002 -1091.669678 732.000000
18.893713 -1092.342407 732.000000
-18.000000 -1188.000488 780.000000
18.000000 -1188.000488 780.000000
-17.100002 -1091.669678 780.000000
18.893713 -1092.342407 780.000000
-16.593618 -1067.590942 732.000000
19.396561 -1068.431763 732.000000
-13.443777 -971.307495 732.000000
22.524405 -972.820679 732.000000
-16.593618 -1067.590942 780.000000
19.396561 -1068.431763 780.000000
-13.443777 -971.307495 780.000000
22.524405 -972.820679 780.000000
-12.375087 -947.247131 732.000000
23.585632 -948.928345 732.000000
-6.977248 -851.063477 732.000000
28.945778 -853.416382 732.000000
-12.375087 -947.247131 780.000000
23.585632 -948.928345 780.000000
-6.977248 -851.063477 780.000000
28.945778 -853.416382 780.000000
-5.347172 -827.034668 732.000000
30.564470 -829.555359 732.000000
2.295900 -731.003357 732.000000
38.154167 -734.194702 732.000000
-5.347172 -827.034668 780.000000
30.564470 -829.555359 780.000000
2.295900 -731.003357 780.000000
38.154167 -734.194702 780.000000
14.371058 -611.192566 732.000000
50.145000 -615.220581 732.000000
4.487054 -707.019165 780.000000
40.330021 -710.377991 780.000000
14.371058 -611.192566 780.000000
50.145000 -615.220581 780.000000
17.121445 -587.266113 732.000000
52.876183 -591.461182 732.000000
29.241158 -491.696564 732.000000
64.911255 -496.559052 732.000000
17.121445 -587.266113 780.000000
52.876183 -591.461182 780.000000
29.241158 -491.696564 780.000000
64.911255 -496.559052 780.000000
32.549858 -467.840851 732.000000
68.196854 -472.869904 732.000000
46.898209 -372.580414 732.000000
82.445007 -378.274689 732.000000
32.549858 -467.840851 780.000000
68.196854 -472.869904 780.000000
46.898209 -372.580414 780.000000
82.445007 -378.274689 780.000000
50.763069 -348.808502 732.000000
86.282875 -354.668793 732.000000
67.332687 -253.909149 732.000000
102.736786 -260.432220 732.000000
50.763069 -348.808502 780.000000
86.282875 -354.668793 780.000000
67.332687 -253.909149 780.000000
102.736786 -260.432220 780.000000
90.533531 -135.747528 732.000000
125.775612 -143.095795 732.000000
71.751869 -230.234039 780.000000
107.125107 -236.922394 780.000000
90.533531 -135.747528 780.000000
125.775612 -143.095795 780.000000
95.504570 -112.182098 732.000000
130.711945 -119.694794 732.000000
116.487839 -18.160124 732.000000
151.548676 -26.329435 732.000000
95.504570 -112.182098 780.000000
130.711945 -119.694794 780.000000
116.487839 -18.160122 780.000000
151.548676 -26.329433 780.000000
122.007973 5.282747 732.000000
157.030258 -3.050261 732.000000
145.181473 98.788971 732.000000
180.041931 89.803009 732.000000
122.007973 5.282749 780.000000
157.030258 -3.050259 780.000000
145.181473 98.788971 780.000000
180.041931 89.803009 780.000000
151.247620 122.096588 732.000000
186.065720 112.947784 732.000000
151.247620 122.096588 780.000000
186.065720 112.947784 780.000000
176.599060 215.036041 780.000000
211.240128 205.238190 780.000000
183.207855 238.195587 732.000000
217.802765 228.235992 732.000000
210.723114 330.517487 732.000000
245.125870 319.913239 732.000000
183.207855 238.195587 780.000000
217.802765 228.235992 780.000000
210.723114 330.517487 780.000000
245.125870 319.913239 780.000000
217.871170 353.516388 732.000000
252.224014 342.751495 732.000000
247.535156 445.170441 732.000000
281.680847 433.765533 732.000000
217.871170 353.516388 780.000000
252.224014 342.751495 780.000000
247.535156 445.170441 780.000000
281.680847 433.765533 780.000000
255.218491 467.996124 732.000000
289.310516 456.431793 732.000000
287.015259 558.932312 732.000000
320.885254 546.732971 732.000000
255.218491 467.996124 780.000000
289.310516 456.431793 780.000000
287.015259 558.932312 780.000000
320.885254 546.732971 780.000000
295.229553 581.572205 732.000000
329.042175 569.214783 732.000000
295.229553 581.572205 780.000000
329.042175 569.214783 780.000000
329.141876 671.740906 780.000000
362.717682 658.753845 780.000000
337.882507 694.182922 732.000000
371.397278 681.039001 732.000000
373.891663 783.534851 732.000000
407.154968 769.767029 732.000000
337.882507 694.182922 780.000000
371.397278 681.039001 780.000000
373.891663 783.534851 780.000000
407.154968 769.767029 780.000000
383.154388 805.766541 732.000000
416.352997 791.843445 732.000000
421.240387 894.252991 732.000061
454.173035 879.712219 732.000061
383.154388 805.766541 780.000000
416.352997 791.843445 780.000000
421.240387 894.252991 780.000061
454.173035 879.712219 780.000061
431.019897 916.262268 732.000000
463.884277 901.567688 732.000061
471.162170 1003.835266 732.000000
503.746216 988.528870 732.000000
431.019897 916.262268 780.000000
463.884277 901.567688 780.000061
471.162170 1003.835266 780.000000
503.746216 988.528870 780.000000
481.453003 1025.609863 732.000000
513.965149 1010.151672 732.000000
481.453003 1025.609863 780.000000
513.965149 1010.151672 780.000000
523.630005 1112.221191 780.000000
555.847656 1096.158203 780.000000

1026
0.000000 0.000000 1.000000
0.000000 0.000000 1.000000
0.000000 0.000000 1.000000
0.000000 0.000000 1.000000
0.000000 0.000000 1.000000
0.000000 0.000000 1.000000
0.000000 0.000000 1.000000
0.000000 0.000000 1.000000
0.000000 0.000000 1.000000
0.000000 0.000000 1.000000
0.000000 0.000000 1.000000
0.000000 0.000000 1.000000
0.000000 0.000000 1.000000
0.000000 0.000000 1.000000
0.000000 0.000000 1.000000
0.000000 0.000000 1.000000
0.000000 0.000000 1.000000
0.000000 0.000000 1.000000
0.000000 0.000000 1.000000
0.000000 0.000000 1.000000
0.000000 0.000000 1.000000
0.000000 0.000000 1.000000
0.000000 0.000000 1.000000
0.000000 0.000000 1.000000
0.000000 0.000000 1.000000
0.000000 0.000000 1.000000
0.000000 0.000000 1.000000
0.000000 0.000000 1.000000
0.000000 0.000000 1.000000
0.000000 0.000000 1.000000
0.998931 -0.046235 0.000000
0.995725 -0.092370 -0.000000
0.995725 -0.092370 0.000000
0.995725 -0.092370 0.000000
0.998931 -0.046235 0.000000
0.998931 -0.046235 0.000000
0.995725 -0.092370 -0.000000
0.982935 -0.183951 -0.000000
0.982935 -0.183951 -0.000000
0.982935 -0.183951 -0.000000
0.995725 -0.092370 0.000000
0.995725 -0.092370 -0.000000
0.982935 -0.183951 -0.000000
0.961741 -0.273959 0.000000
0.961741 -0.273959 0.000000
0.961741 -0.273959 0.000000
0.982935 -0.183951 -0.000000
0.982935 -0.183951 -0.000000
0.961741 -0.273959 0.000000
0.932324 -0.361624 0.000000
0.932324 -0.361624 0.000000
0.932324 -0.361624 0.000000
0.961741 -0.273959 0.000000
0.961741 -0.273959 0.000000
0.932324 -0.361624 0.000000
0.914607 -0.404343 0.000000
0.914607 -0.404343 0.000000
0.914607 -0.404343 0.000000
0.932324 -0.361624 0.000000
0.932324 -0.361624 0.000000
0.000000 0.000000 1.000000
0.000000 0.000000 1.000000
0.000000 0.000000 1.000000
0.000000 0.000000 1.000000
0.000000 0.000000 1.000000
0.000000 0.000000 1.000000
0.999956 -0.009342 0.000000
0.999956 -0.009342 0.000000
0.999956 -0.009342 0.000000
0.999956 -0.009342 0.000000
0.999956 -0.009342 0.000000
0.999956 -0.009342 0.000000
0.018687 0.999825 0.000000
0.018687 0.999825 0.000000
0.018687 0.999825 0.000000
0.018687 0.999825 0.000000
0.018687 0.999825 0.000000
0.018687 0.999825 0.000000
-0.999908 0.013561 -0.000555
-0.999956 0.009342 0.000000
-0.999956 0.009342 0.000000
-0.999956 0.009342 0.000000
-0.999956 0.009342 0.000000
-0.999908 0.013561 -0.000555
0.000000 0.000000 1.000000
0.000000 0.000000 1.000000
0.000000 0.000000 1.000000
0.000000 0.000000 1.000000
0.000000 0.000000 1.000000
0.000000 0.000000 1.000000
-0.023356 -0.999727 0.000000
-0.023356 -0.999727 0.000000
-0.023356 -0.999727 0.000000
-0.023356 -0.999727 0.000000
-0.023356 -0.999727 0.000000
-0.023356 -0.999727 0.000000
0.999465 -0.032697 0.000000
0.999465 -0.032697 0.000000
0.999465 -0.032697 0.000000
0.999465 -0.032697 0.000000
0.999465 -0.032697 0.000000
0.999465 -0.032697 0.000000
0.042033 0.999116 0.000000
0.042033 0.999116 0.000000
0.042033 0.999116 0.000000
0.042033 0.999116 0.000000
0.042033 0.999116 0.000000
0.042033 0.999116 0.000000
-0.999297 0.037302 -0.003670
-0.999572 0.029211 -0.001732
-0.999465 0.032697 0.000000
-0.999465 0.032697 0.000000
-0.999465 0.032697 0.000000
-0.999297 0.037302 -0.003670
0.000000 0.000000 1.000000
0.000000 0.000000 1.000000
0.000000 0.000000 1.000000
0.000000 0.000000 1.000000
0.000000 0.000000 1.000000
0.000000 0.000000 1.000000
-0.046700 -0.998909 0.000000
-0.046700 -0.998909 0.000000
-0.046700 -0.998909 0.000000
-0.046700 -0.998909 0.000000
-0.046700 -0.998909 0.000000
-0.046700 -0.998909 0.000000
0.998429 -0.056032 0.000000
0.998429 -0.056032 0.000000
0.998429 -0.056032 0.000000
0.998429 -0.056032 0.000000
0.998429 -0.056032 0.000000
0.998429 -0.056032 0.000000
0.065358 0.997862 0.000000
0.065358 0.997862 0.000000
0.065358 0.997862 0.000000
0.065358 0.997862 0.000000
0.065358 0.997862 0.000000
0.065358 0.997862 0.000000
-0.998229 0.059450 -0.002259
-0.998658 0.051623 -0.004012
-0.998429 0.056032 0.000000
-0.998429 0.056032 0.000000
-0.998429 0.056032 0.000000
-0.998229 0.059450 -0.002259
0.000000 0.000000 1.000000
0.000000 0.000000 1.000000
0.000000 0.000000 1.000000
0.000000 0.000000 1.000000
0.000000 0.000000 1.000000
0.000000 0.000000 1.000000
-0.070019 -0.997546 0.000000
-0.070019 -0.997546 0.000000
-0.070019 -0.997546 0.000000
-0.070019 -0.997546 0.000000
-0.070019 -0.997546 0.000000
-0.070019 -0.997546 0.000000
0.996848 -0.079339 0.000000
0.996848 -0.079339 0.000000
0.996848 -0.079339 0.000000
0.996848 -0.079339 0.000000
0.996848 -0.079339 0.000000
0.996848 -0.079339 0.000000
0.088648 0.996063 0.000000
0.088648 0.996063 0.000000
0.088648 0.996063 0.000000
0.088648 0.996063 0.000000
0.088648 0.996063 0.000000
0.088648 0.996063 0.000000
-0.996537 0.083155 -0.000096
-0.997178 0.075067 -0.000873
-0.996848 0.079338 0.000000
-0.996848 0.079338 0.000000
-0.996848 0.079338 0.000000
-0.996537 0.083155 -0.000096
0.000000 0.000000 1.000000
0.000000 0.000000 1.000000
0.000000 0.000000 1.000000
0.000000 0.000000 1.000000
0.000000 0.000000 1.000000
0.000000 0.000000 1.000000
-0.093301 -0.995638 0.000003
-0.093301 -0.995638 0.000003
-0.093301 -0.995638 0.000003
-0.093301 -0.995638 0.000003
-0.093301 -0.995638 0.000003
-0.093301 -0.995638 0.000003
0.994723 -0.102600 0.000000
0.994723 -0.102600 0.000000
0.994723 -0.102600 0.000000
0.994723 -0.102600 0.000000
0.994723 -0.102600 0.000000
0.994723 -0.102600 0.000000
0.111889 0.993721 0.000000
0.111889 0.993721 0.000000
0.111889 0.993721 0.000000
0.111889 0.993721 0.000000
0.111889 0.993721 0.000000
0.111889 0.993721 0.000000
-0.994280 0.106806 -0.000628
-0.995113 0.098744 -0.000018
-0.994723 0.102600 -0.000000
-0.994723 0.102600 -0.000000
-0.994723 0.102600 0.000000
-0.994280 0.106806 -0.000628
0.000000 0.000000 1.000000
0.000000 0.000000 1.000000
0.000000 0.000000 1.000000
0.000000 0.000000 1.000000
0.000000 0.000000 1.000000
0.000000 0.000000 1.000000
-0.116530 -0.993187 0.000000
-0.116530 -0.993187 0.000000
-0.116530 -0.993187 0.000000
-0.116530 -0.993187 0.000000
-0.116530 -0.993187 0.000000
-0.116530 -0.993187 0.000000
0.992055 -0.125808 0.000000
0.992055 -0.125808 0.000000
0.992055 -0.125808 0.000000
0.992055 -0.125808 0.000000
0.992055 -0.125808 0.000000
0.992055 -0.125808 0.000000
0.135069 0.990836 0.000000
0.135069 0.990836 0.000000
0.135069 0.990836 0.000000
0.135069 0.990836 0.000000
0.135069 0.990836 0.000000
0.135069 0.990836 0.000000
-0.991455 0.130389 -0.003849
-0.992484 0.122357 -0.001857
-0.992055 0.125808 0.000000
-0.992055 0.125808 0.000000
-0.992055 0.125808 0.000000
-0.991455 0.130389 -0.003849
0.000000 0.000000 1.000000
0.000000 0.000000 1.000000
0.000000 0.000000 1.000000
0.000000 0.000000 1.000000
0.000000 0.000000 1.000000
0.000000 0.000000 1.000000
-0.139696 -0.990194 0.000000
-0.139696 -0.990194 0.000000
-0.139696 -0.990194 0.000000
-0.139696 -0.990194 0.000000
-0.139696 -0.990194 0.000000
-0.139696 -0.990194 0.000000
0.988846 -0.148942 0.000000
0.988846 -0.148942 0.000000
0.988846 -0.148942 0.000000
0.988846 -0.148942 0.000000
0.988846 -0.148942 0.000000
0.988846 -0.148942 0.000000
0.158174 0.987411 0.000000
0.158174 0.987411 0.000000
0.158174 0.987411 0.000000
0.158174 0.987411 0.000000
0.158174 0.987411 0.000000
0.158174 0.987411 0.000000
-0.988326 0.152342 -0.002121
-0.989502 0.144463 -0.004022
-0.988846 0.148942 0.000000
-0.988846 0.148942 0.000000
-0.988846 0.148942 0.000000
-0.988326 0.152342 -0.002121
0.000000 0.000000 1.000000
0.000000 0.000000 1.000000
0.000000 0.000000 1.000000
0.000000 0.000000 1.000000
0.000000 0.000000 1.000000
0.000000 0.000000 1.000000
-0.162786 -0.986661 0.000000
-0.162786 -0.986661 0.000000
-0.162786 -0.986661 0.000000
-0.162786 -0.986661 0.000000
-0.162786 -0.986661 0.000000
-0.162786 -0.986661 0.000000
0.985097 -0.172000 0.000000
0.985097 -0.172000 0.000000
0.985097 -0.172000 0.000000
0.985097 -0.172000 0.000000
0.985097 -0.172000 0.000000
0.985097 -0.172000 0.000000
0.181196 0.983447 0.000000
0.181196 0.983447 0.000000
0.181196 0.983447 0.000000
0.181196 0.983447 0.000000
0.181196 0.983447 0.000000
0.181196 0.983447 0.000000
-0.984429 0.175784 -0.000065
-0.985822 0.167793 -0.000787
-0.985097 0.172000 0.000000
-0.985097 0.172000 0.000000
-0.985097 0.172000 0.000000
-0.984429 0.175784 -0.000065
0.000000 0.000000 1.000000
0.000000 0.000000 1.000000
0.000000 0.000000 1.000000
0.000000 0.000000 1.000000
0.000000 0.000000 1.000000
0.000000 0.000000 1.000000
-0.185788 -0.982590 -0.000001
-0.185788 -0.982590 -0.000001
-0.185788 -0.982590 -0.000001
-0.185788 -0.982590 -0.000001
-0.185788 -0.982590 -0.000001
-0.185788 -0.982590 -0.000001
0.980811 -0.194962 -0.000000
0.980811 -0.194962 0.000000
0.980811 -0.194962 -0.000000
0.980811 -0.194962 -0.000000
0.980811 -0.194962 -0.000000
0.980811 -0.194962 -0.000000
0.204118 0.978946 0.000000
0.204118 0.978946 0.000000
0.204118 0.978946 0.000000
0.204118 0.978946 0.000000
0.204118 0.978946 0.000000
0.204118 0.978946 0.000000
-0.979973 0.199128 -0.000705
-0.981556 0.191173 -0.000039
-0.980811 0.194962 0.000000
-0.980811 0.194962 0.000000
-0.980811 0.194962 0.000000
-0.979973 0.199128 -0.000705
0.000000 0.000000 1.000000
0.000000 0.000000 1.000000
0.000000 0.000000 1.000000
0.000000 0.000000 1.000000
0.000000 0.000000 1.000000
0.000000 0.000000 1.000000
-0.208686 -0.977983 0.000000
-0.208686 -0.977983 0.000000
-0.208686 -0.977983 0.000000
-0.208686 -0.977983 0.000000
-0.208686 -0.977983 0.000000
-0.208686 -0.977983 0.000000
0.975990 -0.217816 0.000000
0.975990 -0.217816 0.000000
0.975990 -0.217816 0.000000
0.975990 -0.217816 0.000000
0.975990 -0.217816 0.000000
0.975990 -0.217816 0.000000
0.226925 0.973912 -0.000000
0.226925 0.973912 -0.000000
0.226925 0.973912 -0.000000
0.226925 0.973912 -0.000000
0.226925 0.973912 -0.000000
0.226925 0.973912 -0.000000
-0.974961 0.222338 -0.004034
-0.976735 0.214440 -0.001986
-0.975990 0.217816 -0.000000
-0.975990 0.217816 -0.000000
-0.975990 0.217816 -0.000000
-0.974961 0.222338 -0.004034
0.000000 0.000000 1.000000
0.000000 0.000000 1.000000
0.000000 0.000000 1.000000
0.000000 0.000000 1.000000
0.000000 0.000000 1.000000
0.000000 0.000000 1.000000
-0.231473 -0.972842 0.000000
-0.231473 -0.972842 0.000000
-0.231473 -0.972842 0.000000
-0.231473 -0.972842 0.000000
-0.231473 -0.972842 0.000000
-0.231473 -0.972842 0.000000
0.970636 -0.240551 0.000000
0.970636 -0.240551 0.000000
0.970636 -0.240551 0.000000
0.970636 -0.240551 0.000000
0.970636 -0.240551 0.000000
0.970636 -0.240551 0.000000
0.249610 0.968346 0.000000
0.249610 0.968346 0.000000
0.249610 0.968346 0.000000
0.249610 0.968346 0.000000
0.249610 0.968346 0.000000
0.249610 0.968346 0.000000
-0.969797 0.243906 -0.001986
-0.971733 0.236048 -0.004034
-0.970636 0.240551 -0.000000
-0.970636 0.240551 -0.000000
-0.970636 0.240551 0.000000
-0.969797 0.243906 -0.001986
0.000000 0.000000 1.000000
0.000000 0.000000 1.000000
0.000000 0.000000 1.000000
0.000000 0.000000 1.000000
0.000000 0.000000 1.000000
0.000000 0.000000 1.000000
-0.254133 -0.967169 0.000000
-0.254133 -0.967169 0.000000
-0.254133 -0.967169 0.000000
-0.254133 -0.967169 0.000000
-0.254133 -0.967169 0.000000
-0.254133 -0.967169 0.000000
0.964752 -0.263159 0.000000
0.964752 -0.263160 0.000001
0.964752 -0.263159 0.000000
0.964752 -0.263159 0.000000
0.964752 -0.263159 0.000000
0.964752 -0.263159 0.000000
0.272162 0.962251 -0.000002
0.272162 0.962251 -0.000002
0.272162 0.962251 -0.000002
0.272162 0.962251 -0.000002
0.272162 0.962251 -0.000002
0.272162 0.962251 -0.000002
-0.963730 0.266880 -0.000040
-0.965862 0.259057 -0.000705
-0.964752 0.263159 -0.000000
-0.964752 0.263159 -0.000000
-0.964752 0.263159 -0.000001
-0.963730 0.266880 -0.000040
0.000000 0.000000 1.000000
0.000000 0.000000 1.000000
0.000000 0.000000 1.000000
0.000000 0.000000 1.000000
0.000000 0.000000 1.000000
0.000000 0.000000 1.000000
-0.276655 -0.960969 0.000000
-0.276655 -0.960969 0.000000
-0.276655 -0.960969 0.000000
-0.276655 -0.960969 0.000000
-0.276655 -0.960969 0.000000
-0.276655 -0.960969 0.000000
0.958343 -0.285621 0.000000
0.958343 -0.285621 0.000000
0.958343 -0.285621 0.000000
0.958343 -0.285621 0.000000
0.958343 -0.285621 0.000000
0.958343 -0.285621 0.000000
0.294563 0.955632 0.000000
0.294562 0.955632 0.000000
0.294563 0.955632 0.000000
0.294563 0.955632 0.000000
0.294562 0.955632 0.000000
0.294563 0.955632 0.000000
-0.957115 0.289706 -0.000787
-0.959434 0.281933 -0.000066
-0.958343 0.285621 0.000000
-0.958343 0.285621 0.000000
-0.958343 0.285621 0.000000
-0.957115 0.289706 -0.000787
0.000000 0.000000 1.000000
0.000000 0.000000 1.000000
0.000000 0.000000 1.000000
0.000000 0.000000 1.000000
0.000000 0.000000 1.000000
0.000000 0.000000 1.000000
-0.299025 -0.954245 0.000000
-0.299025 -0.954245 0.000000
-0.299025 -0.954245 0.000000
-0.299025 -0.954245 0.000000
-0.299025 -0.954245 0.000000
-0.299025 -0.954245 0.000000
0.951410 -0.307925 0.000000
0.951410 -0.307925 0.000000
0.951410 -0.307925 0.000000
0.951410 -0.307925 0.000000
0.951410 -0.307925 0.000000
0.951410 -0.307925 0.000000
0.316803 0.948491 0.000000
0.316803 0.948491 0.000000
0.316803 0.948491 0.000000
0.316803 0.948491 0.000000
0.316803 0.948491 0.000000
0.316803 0.948491 0.000000
-0.949999 0.312228 -0.004022
-0.952462 0.304649 -0.002120
-0.951410 0.307926 0.000000
-0.951410 0.307926 0.000000
-0.951410 0.307926 0.000000
-0.949999 0.312228 -0.004022
0.000000 0.000000 1.000000
0.000000 0.000000 1.000000
0.000000 0.000000 1.000000
0.000000 0.000000 1.000000
0.000000 0.000000 1.000000
0.000000 0.000000 1.000000
-0.321231 -0.947001 0.000000
-0.321231 -0.947001 0.000000
-0.321231 -0.947001 0.000000
-0.321231 -0.947001 0.000000
-0.321231 -0.947001 0.000000
-0.321231 -0.947001 0.000000
0.943958 -0.330065 0.000000
0.943958 -0.330065 0.000000
0.943958 -0.330065 0.000000
0.943958 -0.330065 0.000000
0.943958 -0.330065 0.000000
0.943958 -0.330065 0.000000
0.338871 0.940833 0.000000
0.338871 0.940833 0.000000
0.338871 0.940833 0.000000
0.338871 0.940833 0.000000
0.338871 0.940833 0.000000
0.338871 0.940833 0.000000
-0.942804 0.333341 -0.001857
-0.945466 0.325698 -0.003849
-0.943958 0.330065 0.000000
-0.943958 0.330065 0.000000
-0.943958 0.330065 0.000000
-0.942804 0.333341 -0.001857
0.000000 0.000000 1.000000
0.000000 0.000000 1.000000
0.000000 0.000000 1.000000
0.000000 0.000000 1.000000
0.000000 0.000000 1.000000
0.000000 0.000000 1.000000
-0.343262 -0.939240 0.000000
-0.343262 -0.939240 0.000000
-0.343262 -0.939240 0.000000
-0.343262 -0.939240 0.000000
-0.343262 -0.939240 0.000000
-0.343262 -0.939240 0.000000
0.935991 -0.352025 0.000000
0.935991 -0.352025 0.000000
0.935991 -0.352025 0.000000
0.935991 -0.352025 0.000000
0.935991 -0.352025 0.000000
0.935991 -0.352025 0.000000
0.360752 0.932662 0.000000
0.360752 0.932662 0.000000
0.360752 0.932662 0.000000
0.360752 0.932662 0.000000
0.360752 0.932662 0.000000
0.360752 0.932662 0.000000
-0.934620 0.355647 -0.000018
-0.937473 0.348059 -0.000628
-0.935991 0.352025 0.000000
-0.935991 0.352025 0.000000
-0.935991 0.352025 0.000000
-0.934620 0.355647 -0.000018
0.000000 0.000000 1.000000
0.000000 0.000000 1.000000
0.000000 0.000000 1.000000
0.000000 0.000000 1.000000
0.000000 0.000000 1.000000
0.000000 0.000000 1.000000
-0.365109 -0.930965 0.000000
-0.365109 -0.930965 0.000000
-0.365109 -0.930965 0.000000
-0.365109 -0.930965 0.000000
-0.365109 -0.930965 0.000000
-0.365109 -0.930965 0.000000
0.927513 -0.373791 0.000000
0.927513 -0.373791 0.000000
0.927513 -0.373791 0.000000
0.927513 -0.373791 0.000000
0.927513 -0.373791 0.000000
0.927513 -0.373791 0.000000
0.382439 0.923981 0.000000
0.382439 0.923981 0.000000
0.382439 0.923981 0.000000
0.382439 0.923981 0.000000
0.382439 0.923981 0.000000
0.382439 0.923981 0.000000
-0.925904 0.377759 -0.000873
-0.928938 0.370234 -0.000096
-0.927513 0.373791 0.000000
-0.927513 0.373791 0.000000
-0.927513 0.373791 0.000000
-0.925904 0.377759 -0.000873
-0.000000 -0.000001 1.000000
-0.000000 -0.000001 1.000000
-0.000000 -0.000001 1.000000
-0.000000 -0.000001 1.000000
-0.000000 -0.000001 1.000000
-0.000000 -0.000001 1.000000
-0.386753 -0.922184 0.000000
-0.386753 -0.922184 0.000000
-0.386753 -0.922184 0.000000
-0.386753 -0.922184 0.000000
-0.386753 -0.922184 0.000000
-0.386753 -0.922184 0.000000
0.918531 -0.395349 0.000000
0.918531 -0.395349 0.000000
0.918531 -0.395349 0.000000
0.918531 -0.395349 0.000000
0.918531 -0.395349 0.000000
0.918531 -0.395349 0.000000
0.403911 0.914798 0.000000
0.403911 0.914798 0.000000
0.403911 0.914798 0.000000
0.403911 0.914798 0.000000
0.403911 0.914798 0.000000
0.403911 0.914798 0.000000
-0.916768 0.399401 -0.004012
-0.919877 0.392201 -0.002258
-0.918530 0.395350 0.000000
-0.918530 0.395350 0.000000
-0.918530 0.395350 0.000000
-0.916768 0.399401 -0.004012
-0.000001 0.000001 1.000000
-0.000001 0.000001 1.000000
-0.000000 0.000000 1.000000
-0.000000 0.000000 1.000000
0.000000 0.000000 1.000000
-0.000001 0.000001 1.000000
-0.408183 -0.912900 0.000000
-0.408183 -0.912900 0.000000
-0.408183 -0.912900 0.000000
-0.408183 -0.912900 0.000000
-0.408183 -0.912900 0.000000
-0.408183 -0.912900 0.000000
0.909046 -0.416696 0.000000
0.909046 -0.416696 0.000000
0.909046 -0.416696 0.000000
0.909046 -0.416696 0.000000
0.909046 -0.416696 0.000000
0.909046 -0.416696 0.000000
0.425177 0.905110 0.000000
0.425177 0.905110 0.000000
0.425177 0.905110 0.000000
0.425177 0.905110 0.000000
0.425177 0.905110 0.000000
0.425177 0.905110 0.000000
-0.907585 0.419866 -0.001732
-0.910949 0.412502 -0.003669
-0.909047 0.416695 0.000000
-0.909047 0.416695 0.000000
-0.909047 0.416695 0.000000
-0.907585 0.419866 -0.001732
0.000000 0.000000 1.000000
0.000000 0.000000 1.000000
0.000000 0.000000 1.000000
0.000000 0.000000 1.000000
0.000000 0.000000 1.000000
0.000000 0.000000 1.000000
-0.429395 -0.903117 0.000000
-0.429395 -0.903117 0.000000
-0.429395 -0.903117 0.000000
-0.429395 -0.903117 0.000000
-0.429395 -0.903117 0.000000
-0.429395 -0.903117 0.000000
0.899064 -0.437816 0.000000
0.899064 -0.437816 0.000000
0.899064 -0.437816 0.000000
0.899064 -0.437816 0.000000
0.899064 -0.437816 0.000000
0.899064 -0.437816 0.000000
-0.899065 0.437816 0.000000
-0.900902 0.434022 -0.000555
-0.899065 0.437816 0.000000
-0.899065 0.437816 0.000000
-0.899064 0.437816 0.000000
-0.899065 0.437816 0.000000
0.000000 0.000000 1.000000
0.000000 0.000000 1.000000
0.000000 0.000000 1.000000
0.000000 0.000000 1.000000
0.000000 0.000000 1.000000
0.000000 0.000000 1.000000
0.000000 0.000000 1.000000
0.000000 0.000000 1.000000
0.000000 0.000000 1.000000
0.000000 0.000000 1.000000
0.000000 0.000000 1.000000
0.000000 0.000000 1.000000
0.000000 0.000000 1.000000
0.000000 0.000000 1.000000
0.000000 0.000000 1.000000
0.000000 0.000000 1.000000
0.000000 0.000000 1.000000
0.000000 0.000000 1.000000
-0.998658 0.051623 -0.004012
-0.995704 0.092370 -0.006450
-0.999116 0.041535 -0.006445
-0.999116 0.041535 -0.006445
-0.999956 0.009342 0.000000
-0.999908 0.013561 -0.000555
-0.999297 0.037302 -0.003670
-0.998658 0.051623 -0.004012
-0.999116 0.041535 -0.006445
-0.999116 0.041535 -0.006445
-0.999908 0.013561 -0.000555
-0.999572 0.029211 -0.001732
-0.999116 0.041535 -0.006445
-0.999572 0.029211 -0.001732
-0.999297 0.037302 -0.003670
-0.996537 0.083155 -0.000096
-0.995113 0.098744 -0.000018
-0.995704 0.092370 -0.006450
-0.995704 0.092370 -0.006450
-0.998658 0.051623 -0.004012
-0.998229 0.059450 -0.002259
-0.997178 0.075067 -0.000873
-0.996537 0.083155 -0.000096
-0.995704 0.092370 -0.006450
-0.995704 0.092370 -0.006450
-0.998229 0.059450 -0.002259
-0.997178 0.075067 -0.000873
0.000000 0.000000 1.000000
0.000000 0.000000 1.000000
0.000000 0.000000 1.000000
0.000000 0.000000 1.000000
0.000000 0.000000 1.000000
0.000000 0.000000 1.000000
0.999956 -0.009342 0.000000
0.999956 -0.009342 0.000000
0.999956 -0.009342 0.000000
0.921394 -0.040926 0.386468
0.921395 -0.040926 0.386468
0.921394 -0.040926 0.386468
0.995470 -0.020935 0.092745
0.995470 -0.020935 0.092745
0.995470 -0.020935 0.092745
0.978233 -0.032002 0.205025
0.978234 -0.032002 0.205025
0.978233 -0.032002 0.205025
0.908842 -0.042065 0.415014
0.908842 -0.042065 0.415014
0.908842 -0.042065 0.415014
0.995852 -0.090980 -0.000736
0.995852 -0.090980 -0.000736
0.995852 -0.090980 -0.000736
0.965211 -0.054168 0.255799
0.965211 -0.054168 0.255799
0.965211 -0.054168 0.255799
0.996688 -0.079326 0.017889
0.996688 -0.079326 0.017889
0.996688 -0.079326 0.017889
0.989421 -0.067121 0.128615
0.989421 -0.067121 0.128615
0.989421 -0.067121 0.128615
0.000000 0.000000 1.000000
0.000000 0.000000 1.000000
0.000000 0.000000 1.000000
0.000000 0.000000 1.000000
0.000000 0.000000 1.000000
0.000000 0.000000 1.000000
0.000000 0.000000 1.000000
0.000000 0.000000 1.000000
0.000000 0.000000 1.000000
0.000000 0.000000 1.000000
0.000000 0.000000 1.000000
0.000000 0.000000 1.000000
0.000000 0.000000 1.000000
0.000000 0.000000 1.000000
0.000000 0.000000 1.000000
0.000000 0.000000 1.000000
0.000000 0.000000 1.000000
0.000000 0.000000 1.000000
0.000000 0.000000 1.000000
0.000000 0.000000 1.000000
0.000000 0.000000 1.000000
0.000000 0.000000 1.000000
0.000000 0.000000 1.000000
0.000000 0.000000 1.000000
-0.984429 0.175784 -0.000065
-0.981556 0.191173 -0.000039
-0.982914 0.183951 -0.006444
-0.982914 0.183951 -0.006444
-0.989502 0.144463 -0.004022
-0.988326 0.152342 -0.002121
-0.985822 0.167793 -0.000787
-0.984429 0.175784 -0.000065
-0.982914 0.183951 -0.006444
-0.982914 0.183951 -0.006444
-0.988326 0.152342 -0.002121
-0.985822 0.167793 -0.000787
-0.989502 0.144463 -0.004022
-0.982914 0.183951 -0.006444
-0.995704 0.092370 -0.006450
-0.995704 0.092370 -0.006450
-0.995113 0.098744 -0.000018
-0.994280 0.106806 -0.000628
-0.991455 0.130389 -0.003849
-0.989502 0.144463 -0.004022
-0.995704 0.092370 -0.006450
-0.995704 0.092370 -0.006450
-0.994280 0.106806 -0.000628
-0.992484 0.122357 -0.001857
-0.995704 0.092370 -0.006450
-0.992484 0.122357 -0.001857
-0.991455 0.130389 -0.003849
0.994715 -0.102599 0.003917
0.994715 -0.102599 0.003917
0.994715 -0.102599 0.003917
0.968324 -0.122799 0.217417
0.968324 -0.122799 0.217417
0.968324 -0.122799 0.217417
0.988371 -0.113615 0.101063
0.988371 -0.113615 0.101063
0.988371 -0.113615 0.101063
0.901831 -0.125941 0.413327
0.901831 -0.125941 0.413327
0.901831 -0.125941 0.413327
0.983021 -0.183489 -0.001117
0.983021 -0.183489 -0.001117
0.983021 -0.183489 -0.001117
0.895169 -0.124157 0.428087
0.895169 -0.124157 0.428087
0.895169 -0.124157 0.428087
0.985016 -0.171986 0.012843
0.985016 -0.171986 0.012843
0.985016 -0.171986 0.012843
0.959266 -0.144487 0.242761
0.959266 -0.144487 0.242761
0.959266 -0.144487 0.242761
0.980009 -0.159331 0.119145
0.980009 -0.159331 0.119145
0.980009 -0.159331 0.119145
0.000000 0.000000 1.000000
0.000000 0.000000 1.000000
0.000000 0.000000 1.000000
0.000000 0.000000 1.000000
0.000000 0.000000 1.000000
0.000000 0.000000 1.000000
0.000000 0.000000 1.000000
0.000000 0.000000 1.000000
0.000000 0.000000 1.000000
0.000000 0.000000 1.000000
0.000000 0.000000 1.000000
0.000000 0.000000 1.000000
0.000000 0.000000 1.000000
0.000000 0.000000 1.000000
0.000000 0.000000 1.000000
0.000000 0.000000 1.000000
0.000000 0.000000 1.000000
0.000000 0.000000 1.000000
-0.961722 0.273950 -0.006444
-0.971733 0.236048 -0.004034
-0.969797 0.243906 -0.001986
-0.965862 0.259057 -0.000705
-0.963730 0.266880 -0.000040
-0.961722 0.273950 -0.006444
-0.961722 0.273950 -0.006444
-0.969797 0.243906 -0.001986
-0.965862 0.259057 -0.000705
-0.971733 0.236048 -0.004034
-0.961722 0.273950 -0.006444
-0.982914 0.183951 -0.006444
-0.982914 0.183951 -0.006444
-0.981556 0.191173 -0.000039
-0.979973 0.199128 -0.000705
-0.974961 0.222338 -0.004034
-0.971733 0.236048 -0.004034
-0.982914 0.183951 -0.006444
-0.982914 0.183951 -0.006444
-0.979973 0.199128 -0.000705
-0.976735 0.214440 -0.001986
-0.982914 0.183951 -0.006444
-0.976735 0.214440 -0.001986
-0.974961 0.222338 -0.004034
0.980778 -0.194956 0.008196
0.980778 -0.194956 0.008196
0.980778 -0.194956 0.008196
0.949839 -0.211979 0.229938
0.949839 -0.211979 0.229938
0.949839 -0.211979 0.229938
0.972536 -0.205152 0.109934
0.972536 -0.205152 0.109934
0.972536 -0.205152 0.109934
0.885969 -0.208618 0.414171
0.885969 -0.208618 0.414171
0.885969 -0.208618 0.414171
0.964720 -0.263151 0.008190
0.964720 -0.263151 0.008190
0.964720 -0.263151 0.008190
0.885987 -0.208625 0.414130
0.885987 -0.208625 0.414130
0.885987 -0.208625 0.414130
0.961895 -0.250348 0.109930
0.961895 -0.250348 0.109930
0.961895 -0.250348 0.109930
0.944619 -0.234103 0.229980
0.944619 -0.234103 0.229980
0.944619 -0.234103 0.229980
0.961614 -0.274404 -0.001116
0.961614 -0.274404 -0.001116
0.961614 -0.274404 -0.001116
0.922952 -0.298715 0.242752
0.922952 -0.298715 0.242752
0.922952 -0.298715 0.242752
0.958264 -0.285597 0.012854
0.958264 -0.285597 0.012854
0.958264 -0.285597 0.012854
0.948144 -0.294684 0.119094
0.948144 -0.294684 0.119094
0.948144 -0.294684 0.119094
0.862662 -0.289480 0.414748
0.862662 -0.289480 0.414748
0.862662 -0.289480 0.414748
0.935984 -0.352022 0.003908
0.935984 -0.352022 0.003908
0.935984 -0.352022 0.003908
0.868525 -0.292353 0.400243
0.868525 -0.292353 0.400243
0.868525 -0.292353 0.400243
0.935217 -0.339318 0.101158
0.935217 -0.339318 0.101158
0.935217 -0.339318 0.101158
0.921384 -0.322172 0.217386
0.921384 -0.322172 0.217386
0.921384 -0.322171 0.217386
-0.949999 0.312228 -0.004022
-0.932305 0.361616 -0.006450
-0.961722 0.273950 -0.006444
-0.961722 0.273950 -0.006444
-0.963730 0.266880 -0.000040
-0.959434 0.281933 -0.000066
-0.952462 0.304649 -0.002120
-0.949999 0.312228 -0.004022
-0.961722 0.273950 -0.006444
-0.961722 0.273950 -0.006444
-0.959434 0.281933 -0.000066
-0.957115 0.289706 -0.000787
-0.961722 0.273950 -0.006444
-0.957115 0.289706 -0.000787
-0.952462 0.304649 -0.002120
-0.937473 0.348059 -0.000628
-0.934620 0.355647 -0.000018
-0.932305 0.361616 -0.006450
-0.932305 0.361616 -0.006450
-0.949999 0.312228 -0.004022
-0.945466 0.325698 -0.003849
-0.942804 0.333341 -0.001857
-0.937473 0.348059 -0.000628
-0.932305 0.361616 -0.006450
-0.932305 0.361616 -0.006450
-0.945466 0.325698 -0.003849
-0.942804 0.333341 -0.001857
0.000000 0.000000 1.000000
0.000000 0.000000 1.000000
0.000000 0.000000 1.000000
0.000000 0.000000 1.000000
0.000000 0.000000 1.000000
0.000000 0.000000 1.000000
0.000000 0.000000 1.000000
0.000000 0.000000 1.000000
0.000000 0.000000 1.000000
0.000000 0.000000 1.000000
0.000000 0.000000 1.000000
0.000000 0.000000 1.000000
0.000000 0.000000 1.000000
0.000000 0.000000 1.000000
0.000000 0.000000 1.000000
0.000000 0.000000 1.000000
0.000000 0.000000 1.000000
0.000000 0.000000 1.000000
0.000000 0.000000 1.000000
0.000000 0.000000 1.000000
0.000000 0.000000 1.000000
0.000000 0.000000 1.000000
0.000000 0.000000 1.000000
0.000000 0.000000 1.000000
-0.916768 0.399401 -0.004012
-0.912677 0.408632 -0.006445
-0.932305 0.361616 -0.006450
-0.932305 0.361616 -0.006450
-0.934620 0.355647 -0.000018
-0.928938 0.370234 -0.000096
-0.919877 0.392201 -0.002258
-0.916768 0.399401 -0.004012
-0.932305 0.361616 -0.006450
-0.932305 0.361616 -0.006450
-0.928938 0.370234 -0.000096
-0.925904 0.377759 -0.000873
-0.932305 0.361616 -0.006450
-0.925904 0.377759 -0.000873
-0.919877 0.392201 -0.002258
-0.900902 0.434022 -0.000555
-0.899065 0.437816 0.000000
-0.912677 0.408632 -0.006445
-0.912677 0.408632 -0.006445
-0.916768 0.399401 -0.004012
-0.910949 0.412502 -0.003669
-0.907585 0.419866 -0.001732
-0.900902 0.434022 -0.000555
-0.912677 0.408632 -0.006445
-0.912677 0.408632 -0.006445
-0.910949 0.412502 -0.003669
-0.907585 0.419866 -0.001732
0.000000 0.000000 1.000000
0.000000 0.000000 1.000000
0.000000 0.000000 1.000000
0.000000 0.000000 1.000000
0.000000 0.000000 1.000000
0.000000 0.000000 1.000000
-0.000001 0.000003 1.000000
-0.000001 0.000003 1.000000
-0.000001 0.000003 1.000000
0.000000 0.000000 1.000000
0.000000 0.000000 1.000000
0.000000 0.000000 1.000000
0.000000 0.000000 1.000000
0.000000 0.000000 1.000000
0.000000 0.000000 1.000000
0.000000 0.000000 1.000000
0.000000 0.000000 1.000000
0.000000 0.000000 1.000000
0.000000 0.000000 1.000000
0.000000 0.000000 1.000000
0.000000 0.000000 1.000000
0.000000 0.000000 1.000000
0.000000 0.000000 1.000000
0.000000 0.000000 1.000000
0.931819 -0.362924 -0.000743
0.931819 -0.362924 -0.000743
0.931819 -0.362924 -0.000743
0.887980 -0.382200 0.255761
0.887980 -0.382200 0.255761
0.887980 -0.382200 0.255761
0.927365 -0.373731 0.017890
0.927365 -0.373731 0.017890
0.927365 -0.373731 0.017890
0.915426 -0.381408 0.128546
0.915426 -0.381408 0.128546
0.915426 -0.381408 0.128546
0.832123 -0.367877 0.415016
0.832123 -0.367877 0.415016
0.832123 -0.367877 0.415016
0.899064 -0.437816 0.000000
0.899064 -0.437816 0.000000
0.899064 -0.437816 0.000000
0.842917 -0.374541 0.386277
0.842917 -0.374541 0.386277
0.842917 -0.374541 0.386277
0.900223 -0.425445 0.092711
0.900223 -0.425445 0.092711
0.900223 -0.425445 0.092711
0.889731 -0.407842 0.205045
0.889731 -0.407842 0.205045
0.889731 -0.407842 0.205045

1026
-2.031166 -1.125000
3.031166 -1.125000
-4.015272 -1.125000
4.922901 -1.125000
-5.982412 -1.125000
6.798460 -1.125000
-7.915766 -1.125000
8.641807 -1.125000
-9.798803 -1.125000
10.437180 -1.125000
-11.615423 -1.125000
12.169225 -1.125000
3.031166 1.875000
3.031166 1.875000
5.001416 1.875000
4.922901 1.875000
6.954819 1.875000
6.798460 1.875000
8.874672 1.875000
8.641807 1.875000
10.744560 1.875000
10.437180 1.875000
12.548493 1.875000
12.169226 1.875000
-2.031166 1.925000
3.031166 1.925000
-4.035254 1.925000
5.021259 1.925000
-6.021860 1.925000
6.993992 1.925000
-0.265031 8.877151
-0.120694 8.836327
0.370564 10.780088
10.725976 1.925000
-11.615423 1.925000
12.548493 1.925000
-2.432544 1.925000
3.429741 1.925000
-2.031166 2.125000
3.031166 2.125000
-2.432544 2.125000
1.922138 2.125000
-2.532872 1.925000
3.529369 1.925000
-2.934053 1.925000
3.927748 1.925000
-2.532872 2.125000
3.529369 2.125000
-2.934053 2.125000
1.907010 2.125000
-3.034305 1.925000
4.027300 1.925000
-3.435070 1.925000
4.425266 1.925000
-3.034305 2.125000
4.027300 2.125000
-3.435070 2.125000
1.880254 2.125000
-3.535190 1.925000
4.524687 1.925000
-0.991295 4.935321
4.922023 1.925000
-3.535190 2.125000
4.524687 2.125000
-3.935321 2.125000
1.841886 2.125000
-4.434533 1.925000
5.417749 1.925000
-4.035255 2.125000
5.021260 2.125000
-4.434533 2.125000
1.791924 2.125000
-4.534226 1.925000
5.516747 1.925000
-4.932433 1.925000
5.912172 1.925000
-4.534226 2.125000
5.516747 2.125000
-4.932433 2.125000
1.730398 2.125000
-5.031831 1.925000
6.010877 1.925000
-5.428750 1.925000
6.405024 1.925000
-5.031831 2.125000
6.010877 2.125000
-5.428750 2.125000
1.657340 2.125000
-5.527800 1.925000
6.503381 1.925000
-5.923213 1.925000
6.896034 1.925000
-5.527800 2.125000
6.503381 2.125000
-5.923213 2.125000
1.572791 2.125000
-6.415554 1.925000
7.384936 1.925000
-6.021860 2.125000
6.993991 2.125000
-6.415554 2.125000
1.476796 2.125000
-6.513743 1.925000
7.482440 1.925000
-6.905501 1.925000
7.871462 1.925000
-6.513743 2.125000
7.482440 2.125000
-6.905501 2.125000
1.369408 2.125000
-7.003180 1.925000
7.968459 1.925000
-7.392789 1.925000
8.355347 1.925000
-7.003180 2.125000
7.968459 2.125000
-7.392789 2.125000
1.250686 2.125000
-7.489904 1.925000
8.451784 1.925000
-7.489904 2.125000
8.451784 2.125000
-7.877151 2.125000
1.120693 2.125000
-0.237495 8.973650
-0.093349 8.932152
-0.122848 9.358324
0.020497 9.314140
-7.973650 2.125000
8.932152 2.125000
-8.358324 2.125000
0.979503 2.125000
-0.093064 9.454153
0.050073 9.409299
0.030536 9.836045
0.172810 9.788525
-8.454153 2.125000
9.409299 2.125000
-8.836045 2.125000
0.827190 2.125000
0.062550 9.931152
0.204600 9.882967
0.195037 10.310053
0.336162 10.259222
-8.931152 2.125000
9.882967 2.125000
-9.310053 2.125000
0.663838 2.125000
0.229263 10.404386
0.370149 10.352897
-9.404386 2.125000
10.352897 2.125000
-9.780088 2.125000
0.489537 2.125000
0.406984 10.873597
10.818830 1.925000
0.557022 11.245896
11.188531 1.925000
-9.873597 2.125000
10.818830 2.125000
-10.245896 2.125000
0.304381 2.125000
0.595617 11.338529
11.280516 1.925000
0.754308 11.707222
11.646636 1.925000
-10.338529 2.125000
11.280516 2.125000
-10.707222 2.125000
0.108472 2.125000
0.795056 11.798927
11.737700 1.925000
0.962316 12.163815
12.100039 1.925000
-10.798927 2.125000
11.737700 2.125000
-11.163815 2.125000
-0.098083 2.125000
1.005194 12.254542
12.190133 1.925000
-11.254542 2.125000
12.190133 2.125000
-11.615423 2.125000
12.548493 2.125000
-0.925862 3.031166
-0.075862 3.031166
0.011696 4.922901
0.011696 4.922901
-0.834670 5.001416
-0.925862 3.031166
-0.834670 5.001416
0.011696 4.922901
0.273620 6.798460
0.273620 6.798460
-0.561875 6.954819
-0.834670 5.001416
-0.561875 6.954819
0.273620 6.798460
0.707671 8.641807
0.707671 8.641807
-0.109809 8.874672
-0.561875 6.954819
-0.109809 8.874672
0.707671 8.641807
1.310137 10.437180
1.310137 10.437180
0.517662 10.744560
-0.109809 8.874672
0.517662 10.744560
1.310137 10.437180
2.075866 12.169226
2.075866 12.169226
1.315172 12.548493
0.517662 10.744560
3.031166 -1.125000
4.922901 -1.125000
4.922901 1.875000
4.922901 1.875000
4.922901 -1.125000
6.798460 -1.125000
6.798460 1.875000
6.798460 1.875000
6.798460 -1.125000
8.641807 -1.125000
8.641807 1.875000
8.641807 1.875000
8.641807 -1.125000
10.437180 -1.125000
10.437180 1.875000
10.437180 1.875000
10.437180 -1.125000
12.169226 1.875000
-1.075862 3.031166
-0.925862 3.031166
-0.922138 3.429741
-0.922138 3.429741
-1.072112 3.432544
-1.075862 3.031166
3.031166 1.925000
3.429741 1.925000
3.429741 2.125000
3.429741 2.125000
3.031166 1.925000
1.922138 1.925000
2.072112 1.925000
2.072112 2.125000
2.072112 2.125000
1.922138 1.925000
-2.432544 1.925000
-2.031166 1.925000
-2.031166 2.125000
-2.432544 1.925000
-1.070002 3.532872
-0.920043 3.529369
-0.907010 3.927748
-0.907010 3.927748
-1.056878 3.934053
-1.070002 3.532872
-1.070002 1.925000
-0.920043 1.925000
-0.920043 2.125000
-0.920043 2.125000
-1.070002 2.125000
-1.070002 1.925000
3.529369 1.925000
3.927748 1.925000
3.927748 2.125000
3.927748 2.125000
3.529369 1.925000
1.907010 1.925000
2.056878 1.925000
2.056878 2.125000
2.056878 2.125000
1.907010 1.925000
-2.934053 1.925000
-2.532872 1.925000
-2.532872 2.125000
-2.934053 1.925000
-1.052425 4.034305
-0.902588 4.027300
-0.880254 4.425266
-0.880254 4.425266
-1.029934 4.435070
-1.052425 4.034305
-1.052425 1.925000
-0.902588 1.925000
-0.902588 2.125000
-0.902588 2.125000
-1.052425 2.125000
-1.052425 1.925000
4.027300 1.925000
4.425266 1.925000
4.425266 2.125000
4.425266 2.125000
4.027300 1.925000
1.880254 1.925000
2.029934 1.925000
2.029934 2.125000
2.029934 2.125000
1.880254 1.925000
-3.435070 1.925000
-3.034305 1.925000
-3.034305 2.125000
-3.435070 1.925000
-1.023142 4.535190
-0.873510 4.524687
-0.841886 4.922023
-0.841886 4.922023
-0.991295 4.935321
-1.023142 4.535190
-1.023142 1.925000
-0.873510 1.925000
-0.873510 2.125000
-0.873510 2.125000
-1.023142 2.125000
-1.023142 1.925000
4.524687 1.925000
4.922023 1.925000
4.922023 2.125000
4.922023 2.125000
4.524687 1.925000
1.841886 1.925000
1.991295 1.925000
1.991295 2.125000
1.991295 2.125000
1.841886 1.925000
-3.935321 1.925000
-3.535190 1.925000
-3.535190 2.125000
-3.935321 1.925000
-0.982166 5.035255
-0.832820 5.021260
-0.791924 5.417749
-0.791924 5.417749
-0.940982 5.434533
-0.982166 5.035255
-0.982166 1.925000
-0.832820 1.925000
-0.832820 2.125000
-0.832820 2.125000
-0.982166 2.125000
-0.982166 1.925000
5.021259 1.925000
5.417749 1.925000
5.417749 2.125000
5.417749 2.125000
5.021259 1.925000
1.791924 1.925000
1.940982 1.925000
1.940982 2.125000
1.940982 2.125000
1.791924 1.925000
-4.434533 1.925000
-4.035254 1.925000
-4.035255 2.125000
-4.434533 1.925000
-0.929522 5.534226
-0.780544 5.516747
-0.730398 5.912172
-0.730398 5.912172
-0.879023 5.932433
-0.929522 5.534226
-0.929522 1.925000
-0.780544 1.925000
-0.780544 2.125000
-0.780544 2.125000
-0.929522 2.125000
-0.929522 1.925000
5.516747 1.925000
5.912172 1.925000
5.912172 2.125000
5.912172 2.125000
5.516747 1.925000
1.730398 1.925000
1.879023 1.925000
1.879023 2.125000
1.879023 2.125000
1.730398 1.925000
-4.932433 1.925000
-4.534226 1.925000
-4.534226 2.125000
-4.932433 1.925000
-0.865237 6.031831
-0.716708 6.010877
-0.657340 6.405024
-0.657340 6.405024
-0.805452 6.428750
-0.865237 6.031831
-0.865237 1.925000
-0.716708 1.925000
-0.716708 2.125000
-0.716708 2.125000
-0.865237 2.125000
-0.865237 1.925000
6.010877 1.925000
6.405024 1.925000
6.405024 2.125000
6.405024 2.125000
6.010877 1.925000
1.657340 1.925000
1.805452 1.925000
1.805452 2.125000
1.805452 2.125000
1.657340 1.925000
-5.428750 1.925000
-5.031831 1.925000
-5.031831 2.125000
-5.428750 1.925000
-0.789348 6.527800
-0.641349 6.503381
-0.572791 6.896034
-0.572791 6.896034
-0.720308 6.923213
-0.789348 6.527800
-0.789348 1.925000
-0.641349 1.925000
-0.641349 2.125000
-0.641349 2.125000
-0.789348 2.125000
-0.789348 1.925000
6.503381 1.925000
6.896034 1.925000
6.896034 2.125000
6.896034 2.125000
6.503381 1.925000
1.572791 1.925000
1.720308 1.925000
1.720308 2.125000
1.720308 2.125000
1.572791 1.925000
-5.923213 1.925000
-5.527800 1.925000
-5.527800 2.125000
-5.923213 1.925000
-0.701895 7.021860
-0.554507 6.993991
-0.476796 7.384936
-0.476796 7.384936
-0.623638 7.415554
-0.701895 7.021860
-0.701895 1.925000
-0.554507 1.925000
-0.554507 2.125000
-0.554507 2.125000
-0.701895 2.125000
-0.701895 1.925000
6.993992 1.925000
7.384936 1.925000
7.384936 2.125000
7.384936 2.125000
6.993992 1.925000
1.476796 1.925000
1.623638 1.925000
1.623638 2.125000
1.623638 2.125000
1.476796 1.925000
-6.415554 1.925000
-6.021860 1.925000
-6.021860 2.125000
-6.415554 1.925000
-0.602925 7.513743
-0.456228 7.482440
-0.369408 7.871462
-0.369408 7.871462
-0.515495 7.905501
-0.602925 7.513743
-0.602925 1.925000
-0.456228 1.925000
-0.456228 2.125000
-0.456228 2.125000
-0.602925 2.125000
-0.602925 1.925000
7.482440 1.925000
7.871462 1.925000
7.871462 2.125000
7.871462 2.125000
7.482440 1.925000
1.369408 1.925000
1.515495 1.925000
1.515495 2.125000
1.515495 2.125000
1.369408 1.925000
-6.905501 1.925000
-6.513743 1.925000
-6.513743 2.125000
-6.905501 1.925000
-0.492494 8.003180
-0.346568 7.968459
-0.250686 8.355347
-0.250686 8.355347
-0.395938 8.392789
-0.492494 8.003180
-0.492494 1.925000
-0.346568 1.925000
-0.346568 2.125000
-0.346568 2.125000
-0.492494 2.125000
-0.492494 1.925000
7.968459 1.925000
8.355347 1.925000
8.355347 2.125000
8.355347 2.125000
7.968459 1.925000
1.250686 1.925000
1.395938 1.925000
1.395938 2.125000
1.395938 2.125000
1.250686 1.925000
-7.392789 1.925000
-7.003180 1.925000
-7.003180 2.125000
-7.392789 1.925000
-0.370662 8.489904
-0.225587 8.451784
-0.120694 8.836328
-0.120694 8.836328
-0.265031 8.877151
-0.370662 8.489904
-0.370662 1.925000
-0.225587 1.925000
-0.225587 2.125000
-0.225587 2.125000
-0.370662 2.125000
-0.370662 1.925000
8.451784 1.925000
8.836327 1.925000
8.836328 2.125000
8.836328 2.125000
8.451784 1.925000
1.120693 1.925000
1.265031 1.925000
1.265031 2.125000
1.265031 2.125000
1.120693 1.925000
-7.877151 1.925000
-7.489904 1.925000
-7.489904 2.125000
-7.877151 1.925000
-0.237495 8.973650
-0.093349 8.932152
0.020497 9.314140
0.020497 9.314140
-0.122848 9.358324
-0.237495 8.973650
-0.237495 1.925000
-0.093349 1.925000
-0.093349 2.125000
-0.093349 2.125000
-0.237495 2.125000
-0.237495 1.925000
8.932152 1.925000
9.314140 1.925000
9.314140 2.125000
9.314140 2.125000
8.932152 1.925000
0.979503 1.925000
1.122848 1.925000
1.122848 2.125000
1.122848 2.125000
0.979503 1.925000
-8.358324 1.925000
-7.973650 1.925000
-7.973650 2.125000
-8.358324 1.925000
-0.093064 9.454153
0.050073 9.409299
0.172810 9.788525
0.172810 9.788525
0.030536 9.836045
-0.093064 9.454153
-0.093064 1.925000
0.050073 1.925000
0.050073 2.125000
0.050073 2.125000
-0.093064 2.125000
-0.093064 1.925000
9.409299 1.925000
9.788525 1.925000
9.788525 2.125000
9.788525 2.125000
9.409299 1.925000
0.827190 1.925000
0.969464 1.925000
0.969464 2.125000
0.969464 2.125000
0.827190 1.925000
-8.836045 1.925000
-8.454153 1.925000
-8.454153 2.125000
-8.836045 1.925000
0.062550 9.931152
0.204600 9.882967
0.336162 10.259222
0.336162 10.259222
0.195037 10.310053
0.062550 9.931152
0.062550 1.925000
0.204600 1.925000
0.204600 2.125000
0.204600 2.125000
0.062550 2.125000
0.062550 1.925000
9.882967 1.925000
10.259222 1.925000
10.259222 2.125000
10.259222 2.125000
9.882967 1.925000
0.663838 1.925000
0.804963 1.925000
0.804963 2.125000
0.804963 2.125000
0.663838 1.925000
-9.310053 1.925000
-8.931152 1.925000
-8.931152 2.125000
-9.310053 1.925000
0.229263 10.404386
0.370149 10.352897
0.510463 10.725976
0.510463 10.725976
0.370564 10.780088
0.229263 10.404386
0.229263 1.925000
0.370149 1.925000
0.370149 2.125000
0.370149 2.125000
0.229263 2.125000
0.229263 1.925000
10.352897 1.925000
10.725976 1.925000
10.725976 2.125000
10.725976 2.125000
10.352897 1.925000
0.489537 1.925000
0.629436 1.925000
0.629436 2.125000
0.629436 2.125000
0.489537 1.925000
-9.780088 1.925000
-9.404386 1.925000
-9.404386 2.125000
-9.780088 1.925000
0.406984 10.873597
0.546628 10.818830
0.695619 11.188531
0.695619 11.188531
0.557022 11.245896
0.406984 10.873597
0.406984 1.925000
0.546628 1.925000
0.546628 2.125000
0.546628 2.125000
0.406984 2.125000
0.406984 1.925000
10.818830 1.925000
11.188531 1.925000
11.188531 2.125000
11.188531 2.125000
10.818830 1.925000
0.304381 1.925000
0.442978 1.925000
0.442978 2.125000
0.442978 2.125000
0.304381 1.925000
-10.245896 1.925000
-9.873597 1.925000
-9.873597 2.125000
-10.245896 1.925000
0.595617 11.338529
0.733944 11.280516
0.891528 11.646636
0.891528 11.646636
0.754308 11.707222
0.595617 11.338529
0.595617 1.925000
0.733944 1.925000
0.733944 2.125000
0.733944 2.125000
0.595617 2.125000
0.595617 1.925000
11.280516 1.925000
11.646636 1.925000
11.646636 2.125000
11.646636 2.125000
11.280516 1.925000
0.108472 1.925000
0.245692 1.925000
0.245692 2.125000
0.245692 2.125000
0.108472 1.925000
-10.707222 1.925000
-10.338529 1.925000
-10.338529 2.125000
-10.707222 1.925000
0.795056 11.798927
0.931991 11.737700
1.098083 12.100039
1.098083 12.100039
0.962316 12.163815
0.795056 11.798927
0.795056 1.925000
0.931991 1.925000
0.931991 2.125000
0.931991 2.125000
0.795056 2.125000
0.795056 1.925000
11.737700 1.925000
12.100039 1.925000
12.100039 2.125000
12.100039 2.125000
11.737700 1.925000
-0.098083 1.925000
0.037684 1.925000
0.037684 2.125000
0.037684 2.125000
-0.098083 1.925000
-11.163815 1.925000
-10.798927 1.925000
-10.798927 2.125000
-11.163815 1.925000
1.005194 12.254542
1.140662 12.190133
1.315172 12.548493
1.315172 12.548493
1.180932 12.615423
1.005194 12.254542
1.005194 1.925000
1.140662 1.925000
1.140662 2.125000
1.140662 2.125000
1.005194 2.125000
1.005194 1.925000
12.190133 1.925000
12.548493 1.925000
12.548493 2.125000
12.190133 1.925000
-11.615423 1.925000
-11.254542 1.925000
-11.254542 2.125000
-11.615423 1.925000
-0.920043 3.529369
-1.070002 3.532872
-1.072112 3.432544
-0.920043 3.529369
-1.072112 3.432544
-0.922138 3.429741
-0.902588 4.027300
-1.052425 4.034305
-1.056878 3.934053
-0.902588 4.027300
-1.056878 3.934053
-0.907010 3.927748
-0.873510 4.524687
-1.023142 4.535190
-1.029934 4.435070
-0.873510 4.524687
-1.029934 4.435070
-0.880254 4.425266
-3.034305 1.925000
-4.015272 -1.125000
-2.031166 -1.125000
-2.031166 -1.125000
-2.432544 1.925000
-2.934053 1.925000
-3.034305 1.925000
-2.031166 -1.125000
-2.031166 -1.125000
-2.532872 1.925000
-3.935321 1.925000
-4.035254 1.925000
-4.015272 -1.125000
-4.015272 -1.125000
-3.435070 1.925000
-3.535190 1.925000
-3.935321 1.925000
-4.015272 -1.125000
-4.015272 -1.125000
-0.832820 5.021259
-0.982166 5.035254
-0.991295 4.935321
-0.832820 5.021259
-0.841886 4.922023
3.429741 1.925000
3.031166 1.875000
3.031166 1.875000
4.027300 1.925000
3.927748 1.925000
3.529369 1.925000
3.031166 1.875000
3.031166 1.875000
4.027300 1.925000
5.001416 1.875000
5.001416 1.875000
5.021259 1.925000
4.922023 1.925000
4.425266 1.925000
5.001416 1.875000
5.001416 1.875000
4.524687 1.925000
5.001416 1.875000
-0.780544 5.516747
-0.929522 5.534226
-0.940982 5.434533
-0.780544 5.516747
-0.940982 5.434533
-0.791924 5.417749
-0.716708 6.010877
-0.865237 6.031831
-0.879023 5.932433
-0.716708 6.010877
-0.879023 5.932433
-0.730398 5.912172
-0.641349 6.503381
-0.789348 6.527800
-0.805452 6.428750
-0.641349 6.503381
-0.805452 6.428750
-0.657340 6.405024
-0.554507 6.993992
-0.701895 7.021860
-0.720308 6.923213
-0.554507 6.993992
-0.720308 6.923213
-0.572791 6.896034
-5.923213 1.925000
-6.021860 1.925000
-5.982412 -1.125000
-5.982412 -1.125000
-5.031831 1.925000
-5.428750 1.925000
-5.527800 1.925000
-5.982412 -1.125000
-5.982412 -1.125000
-5.031831 1.925000
-5.982412 -1.125000
-4.015272 -1.125000
-4.015272 -1.125000
-4.434533 1.925000
-4.932433 1.925000
-4.015272 -1.125000
-4.015272 -1.125000
-4.534226 1.925000
5.417749 1.925000
5.001416 1.875000
5.001416 1.875000
5.912172 1.925000
5.516747 1.925000
5.001416 1.875000
5.912172 1.925000
6.954819 1.875000
6.954819 1.875000
6.993992 1.925000
6.896034 1.925000
6.010877 1.925000
6.954819 1.875000
6.954819 1.875000
6.503381 1.925000
6.405024 1.925000
6.954819 1.875000
6.954819 1.875000
-0.456228 7.482440
-0.602925 7.513743
-0.623638 7.415554
-0.456228 7.482440
-0.623638 7.415554
-0.476796 7.384936
-0.346568 7.968459
-0.492494 8.003180
-0.515495 7.905501
-0.346568 7.968459
-0.515495 7.905501
-0.369408 7.871462
-0.225587 8.451784
-0.370662 8.489904
-0.395938 8.392789
-0.225587 8.451784
-0.395938 8.392789
-0.250686 8.355347
-7.915766 -1.125000
-7.003180 1.925000
-7.392789 1.925000
-7.489904 1.925000
-7.877151 1.925000
-7.915766 -1.125000
-7.915766 -1.125000
-7.003180 1.925000
-7.915766 -1.125000
-5.982412 -1.125000
-5.982412 -1.125000
-6.415554 1.925000
-6.905501 1.925000
-5.982412 -1.125000
-5.982412 -1.125000
-6.513743 1.925000
7.384936 1.925000
6.954819 1.875000
6.954819 1.875000
7.871462 1.925000
7.482440 1.925000
6.954819 1.875000
7.871462 1.925000
8.874672 1.875000
8.874672 1.875000
8.836327 1.925000
8.451784 1.925000
7.968459 1.925000
8.874672 1.875000
8.874672 1.875000
8.355347 1.925000
8.874672 1.875000
8.932152 1.925000
8.836327 1.925000
8.874672 1.875000
8.874672 1.875000
9.788525 1.925000
9.409299 1.925000
9.314140 1.925000
8.932152 1.925000
8.874672 1.875000
8.874672 1.875000
9.409299 1.925000
9.314140 1.925000
9.788525 1.925000
10.744560 1.875000
10.744560 1.875000
10.725976 1.925000
10.352897 1.925000
9.882967 1.925000
9.788525 1.925000
10.744560 1.875000
10.744560 1.875000
10.352897 1.925000
10.259222 1.925000
10.744560 1.875000
10.259222 1.925000
9.882967 1.925000
-8.836045 1.925000
-9.798803 -1.125000
-7.915766 -1.125000
-7.915766 -1.125000
-7.877151 1.925000
-7.973650 1.925000
-8.454153 1.925000
-8.836045 1.925000
-7.915766 -1.125000
-7.915766 -1.125000
-7.973650 1.925000
-8.358324 1.925000
-8.358324 1.925000
-8.454153 1.925000
-9.404386 1.925000
-9.780088 1.925000
-9.798803 -1.125000
-9.798803 -1.125000
-8.836045 1.925000
-8.931152 1.925000
-9.310053 1.925000
-9.404386 1.925000
-9.798803 -1.125000
-9.798803 -1.125000
-8.931152 1.925000
-9.310053 1.925000
0.370149 10.352897
0.195037 10.310053
0.204600 9.882967
0.030536 9.836045
0.050073 9.409299
-0.122848 9.358324
-0.093349 8.932152
-0.265031 8.877151
-10.707222 1.925000
-11.615423 -1.125000
-9.798803 -1.125000
-9.798803 -1.125000
-9.780088 1.925000
-9.873597 1.925000
-10.338529 1.925000
-10.707222 1.925000
-9.798803 -1.125000
-9.798803 -1.125000
-9.873597 1.925000
-10.245896 1.925000
-10.245896 1.925000
-10.338529 1.925000
-11.254542 1.925000
-11.615423 -1.125000
-11.615423 -1.125000
-10.707222 1.925000
-10.798927 1.925000
-11.163815 1.925000
-11.254542 1.925000
-11.615423 -1.125000
-10.798927 1.925000
-11.163815 1.925000
1.140662 12.190133
0.962316 12.163815
1.140662 12.190133
1.098083 12.100039
0.931991 11.737700
0.754308 11.707222
0.931991 11.737700
0.891528 11.646636
0.733944 11.280516
0.557022 11.245896
0.733944 11.280516
0.695619 11.188531
0.546628 10.818830
0.370564 10.780088
0.546628 10.818830
0.510463 10.725976
10.818830 1.925000
10.744560 1.875000
10.744560 1.875000
11.646636 1.925000
11.280516 1.925000
11.188531 1.925000
10.744560 1.875000
10.744560 1.875000
11.646636 1.925000
12.548493 1.875000
12.548493 1.875000
12.190133 1.925000
11.737700 1.925000
12.548493 1.875000
12.548493 1.875000
12.100039 1.925000

342
12 0 184 13 1 185 15 2 186
15 3 187 14 4 188 12 5 189
14 6 190 15 7 191 17 8 192
17 9 193 16 10 194 14 11 195
16 12 196 17 13 197 19 14 198
19 15 199 18 16 200 16 17 201
18 18 202 19 19 203 21 20 204
21 21 205 20 22 206 18 23 207
20 24 208 21 25 209 23 26 210
23 27 211 22 28 212 20 29 213
1 30 214 3 31 215 15 32 216
15 33 217 13 34 13 1 35 1
3 36 218 5 37 219 17 38 220
17 39 221 15 40 15 3 41 3
5 42 222 7 43 223 19 44 224
19 45 225 17 46 17 5 47 5
7 48 226 9 49 227 21 50 228
21 51 229 19 52 19 7 53 7
9 54 230 11 55 11 23 56 231
23 57 23 21 58 21 9 59 9
38 60 232 39 61 233 41 62 234
41 63 235 40 64 236 38 65 237
25 66 238 37 67 239 41 68 240
41 69 241 39 70 39 25 71 242
37 72 243 36 73 244 40 74 245
40 75 246 41 76 41 37 77 247
36 78 248 24 79 249 38 80 250
38 81 38 40 82 40 36 83 251
46 84 252 47 85 253 49 86 254
49 87 255 48 88 256 46 89 257
42 90 258 43 91 259 47 92 260
47 93 261 46 94 262 42 95 263
43 96 264 45 97 265 49 98 266
49 99 267 47 100 47 43 101 268
45 102 269 44 103 270 48 104 271
48 105 272 49 106 49 45 107 273
44 108 274 42 109 275 46 110 276
46 111 46 48 112 48 44 113 277
54 114 278 55 115 279 57 116 280
57 117 281 56 118 282 54 119 283
50 120 284 51 121 285 55 122 286
55 123 287 54 124 288 50 125 289
51 126 290 53 127 291 57 128 292
57 129 293 55 130 55 51 131 294
53 132 295 52 133 296 56 134 297
56 135 298 57 136 57 53 137 299
52 138 300 50 139 301 54 140 302
54 141 54 56 142 56 52 143 303
62 144 304 63 145 305 65 146 306
65 147 307 64 148 308 62 149 309
58 150 310 59 151 311 63 152 312
63 153 313 62 154 314 58 155 315
59 156 316 61 157 317 65 158 318
65 159 319 63 160 63 59 161 320
61 162 321 60 163 322 64 164 323
64 165 324 65 166 65 61 167 325
60 168 326 58 169 327 62 170 328
62 171 62 64 172 64 60 173 329
68 174 330 69 175 331 71 176 332
71 177 333 70 178 334 68 179 335
26 180 336 27 181 337 69 182 338
69 183 339 68 184 340 26 185 341
27 186 342 67 187 343 71 188 344
71 189 345 69 190 69 27 191 346
67 192 347 66 193 348 70 194 349
70 195 350 71 196 71 67 197 351
66 198 352 26 199 353 68 200 354
68 201 68 70 202 70 66 203 355
76 204 356 77 205 357 79 206 358
79 207 359 78 208 360 76 209 361
72 210 362 73 211 363 77 212 364
77 213 365 76 214 366 72 215 367
73 216 368 75 217 369 79 218 370
79 219 371 77 220 77 73 221 372
75 222 373 74 223 374 78 224 375
78 225 376 79 226 79 75 227 377
74 228 378 72 229 379 76 230 380
76 231 76 78 232 78 74 233 381
84 234 382 85 235 383 87 236 384
87 237 385 86 238 386 84 239 387
80 240 388 81 241 389 85 242 390
85 243 391 84 244 392 80 245 393
81 246 394 83 247 395 87 248 396
87 249 397 85 250 85 81 251 398
83 252 399 82 253 400 86 254 401
86 255 402 87 256 87 83 257 403
82 258 404 80 259 405 84 260 406
84 261 84 86 262 86 82 263 407
92 264 408 93 265 409 95 266 410
95 267 411 94 268 412 92 269 413
88 270 414 89 271 415 93 272 416
93 273 417 92 274 418 88 275 419
89 276 420 91 277 421 95 278 422
95 279 423 93 280 93 89 281 424
91 282 425 90 283 426 94 284 427
94 285 428 95 286 95 91 287 429
90 288 430 88 289 431 92 290 432
92 291 92 94 292 94 90 293 433
98 294 434 99 295 435 101 296 436
101 297 437 100 298 438 98 299 439
28 300 440 29 301 441 99 302 442
99 303 443 98 304 444 28 305 445
29 306 446 97 307 447 101 308 448
101 309 449 99 310 99 29 311 450
97 312 451 96 313 452 100 314 453
100 315 454 101 316 101 97 317 455
96 318 456 28 319 457 98 320 458
98 321 98 100 322 100 96 323 459
106 324 460 107 325 461 109 326 462
109 327 463 108 328 464 106 329 465
102 330 466 103 331 467 107 332 468
107 333 469 106 334 470 102 335 471
103 336 472 105 337 473 109 338 474
109 339 475 107 340 107 103 341 476
105 342 477 104 343 478 108 344 479
108 345 480 109 346 109 105 347 481
104 348 482 102 349 483 106 350 484
106 351 106 108 352 108 104 353 485
114 354 486 115 355 487 117 356 488
117 357 489 116 358 490 114 359 491
110 360 492 111 361 493 115 362 494
115 363 495 114 364 496 110 365 497
111 366 498 113 367 499 117 368 500
117 369 501 115 370 115 111 371 502
113 372 503 112 373 504 116 374 505
116 375 506 117 376 117 113 377 507
112 378 508 110 379 509 114 380 510
114 381 114 116 382 116 112 383 511
120 384 512 121 385 513 123 386 514
123 387 515 122 388 516 120 389 517
118 390 518 119 391 519 121 392 520
121 393 521 120 394 522 118 395 523
119 396 524 31 397 525 123 398 526
123 399 527 121 400 121 119 401 528
31 402 529 30 403 530 122 404 531
122 405 532 123 406 123 31 407 533
30 408 534 118 409 535 120 410 536
120 411 120 122 412 122 30 413 537
128 414 538 129 415 539 131 416 540
131 417 541 130 418 542 128 419 543
124 420 544 125 421 545 129 422 546
129 423 547 128 424 548 124 425 549
125 426 550 127 427 551 131 428 552
131 429 553 129 430 129 125 431 554
127 432 555 126 433 556 130 434 557
130 435 558 131 436 131 127 437 559
126 438 560 124 439 561 128 440 562
128 441 128 130 442 130 126 443 563
136 444 564 137 445 565 139 446 566
139 447 567 138 448 568 136 449 569
132 450 570 133 451 571 137 452 572
137 453 573 136 454 574 132 455 575
133 456 576 135 457 577 139 458 578
139 459 579 137 460 137 133 461 580
135 462 581 134 463 582 138 464 583
138 465 584 139 466 139 135 467 585
134 468 586 132 469 587 136 470 588
136 471 136 138 472 138 134 473 589
144 474 590 145 475 591 147 476 592
147 477 593 146 478 594 144 479 595
140 480 596 141 481 597 145 482 598
145 483 599 144 484 600 140 485 601
141 486 602 143 487 603 147 488 604
147 489 605 145 490 145 141 491 606
143 492 607 142 493 608 146 494 609
146 495 610 147 496 147 143 497 611
142 498 612 140 499 613 144 500 614
144 501 144 146 502 146 142 503 615
150 504 616 151 505 617 153 506 618
153 507 619 152 508 620 150 509 621
148 510 622 149 511 623 151 512 624
151 513 625 150 514 626 148 515 627
149 516 628 33 517 629 153 518 630
153 519 631 151 520 151 149 521 632
33 522 633 32 523 634 152 524 635
152 525 636 153 526 153 33 527 637
32 528 638 148 529 639 150 530 640
150 531 150 152 532 152 32 533 641
158 534 642 159 535 643 161 536 644
161 537 645 160 538 646 158 539 647
154 540 648 155 541 649 159 542 650
159 543 651 158 544 652 154 545 653
155 546 654 157 547 655 161 548 656
161 549 657 159 550 159 155 551 658
157 552 659 156 553 660 160 554 661
160 555 662 161 556 161 157 557 663
156 558 664 154 559 665 158 560 666
158 561 158 160 562 160 156 563 667
166 564 668 167 565 669 169 566 670
169 567 671 168 568 672 166 569 673
162 570 674 163 571 675 167 572 676
167 573 677 166 574 678 162 575 679
163 576 680 165 577 681 169 578 682
169 579 683 167 580 167 163 581 684
165 582 685 164 583 686 168 584 687
168 585 688 169 586 169 165 587 689
164 588 690 162 589 691 166 590 692
166 591 166 168 592 168 164 593 693
174 594 694 175 595 695 177 596 696
177 597 697 176 598 698 174 599 699
170 600 700 171 601 701 175 602 702
175 603 703 174 604 704 170 605 705
171 606 706 173 607 707 177 608 708
177 609 709 175 610 175 171 611 710
173 612 711 172 613 712 176 614 713
176 615 714 177 616 177 173 617 715
172 618 716 170 619 717 174 620 718
174 621 174 176 622 176 172 623 719
180 624 720 181 625 721 183 626 722
183 627 723 182 628 724 180 629 725
178 630 726 179 631 727 181 632 728
181 633 729 180 634 730 178 635 731
179 636 732 35 637 733 183 638 734
183 639 183 181 640 181 179 641 735
34 642 736 178 643 737 180 644 738
180 645 180 182 646 182 34 647 739
43 648 740 42 649 741 36 650 742
43 651 743 36 652 744 37 653 745
51 654 746 50 655 747 44 656 748
51 657 749 44 658 750 45 659 751
59 660 752 58 661 753 52 662 754
59 663 755 52 664 756 53 665 757
50 666 758 2 667 759 0 668 760
0 669 761 24 670 24 36 671 762
44 672 763 50 673 764 0 674 765
0 675 766 36 676 36 42 677 767
0 678 0 42 679 42 44 680 44
60 681 768 26 682 769 2 683 770
2 684 771 50 685 50 52 686 772
58 687 773 60 688 774 2 689 775
2 690 776 52 691 52 58 692 58
27 693 777 26 694 778 60 695 779
27 696 780 60 697 60 61 698 781
37 699 782 25 700 25 12 701 783
12 702 784 51 703 785 45 704 786
43 705 787 37 706 37 12 707 788
12 708 789 45 709 45 43 710 43
51 711 790 12 712 12 14 713 791
14 714 792 27 715 793 61 716 794
53 717 795 51 718 51 14 719 796
14 720 797 61 721 61 59 722 798
14 723 799 59 724 59 53 725 53
73 726 800 72 727 801 66 728 802
73 729 803 66 730 804 67 731 805
81 732 806 80 733 807 74 734 808
81 735 809 74 736 810 75 737 811
89 738 812 88 739 813 82 740 814
89 741 815 82 742 816 83 743 817
29 744 818 28 745 819 90 746 820
29 747 821 90 748 822 91 749 823
90 750 824 28 751 825 4 752 826
4 753 827 80 754 828 82 755 829
88 756 830 90 757 90 4 758 831
4 759 832 82 760 82 88 761 88
80 762 833 4 763 834 2 764 835
2 765 836 26 766 26 66 767 837
74 768 838 80 769 80 2 770 839
2 771 840 66 772 66 72 773 841
2 774 2 72 775 72 74 776 74
67 777 842 27 778 27 14 779 843
14 780 844 75 781 845 73 782 846
14 783 847 73 784 73 67 785 67
75 786 848 14 787 14 16 788 849
16 789 850 29 790 851 91 791 852
81 792 853 75 793 75 16 794 854
16 795 855 91 796 91 89 797 856
83 798 857 81 799 81 16 800 858
16 801 859 89 802 89 83 803 83
103 804 860 102 805 861 96 806 862
103 807 863 96 808 864 97 809 865
111 810 866 110 811 867 104 812 868
111 813 869 104 814 870 105 815 871
119 816 872 118 817 873 112 818 874
119 819 875 112 820 876 113 821 877
6 822 878 110 823 879 112 824 880
118 825 881 30 826 882 6 827 883
6 828 884 112 829 112 118 830 118
110 831 885 6 832 886 4 833 887
4 834 888 28 835 28 96 836 889
104 837 890 110 838 110 4 839 891
4 840 892 96 841 96 102 842 893
4 843 4 102 844 102 104 845 104
97 846 894 29 847 29 16 848 895
16 849 896 105 850 897 103 851 898
16 852 899 103 853 103 97 854 97
105 855 900 16 856 16 18 857 901
18 858 902 31 859 903 119 860 904
111 861 905 105 862 105 18 863 906
18 864 907 119 865 119 113 866 908
18 867 909 113 868 113 111 869 111
125 870 910 31 871 911 18 872 912
18 873 913 135 874 914 133 875 915
127 876 916 125 877 917 18 878 918
18 879 919 133 880 920 127 881 921
135 882 922 18 883 18 20 884 923
20 885 924 33 886 925 149 887 926
141 888 927 135 889 928 20 890 929
20 891 930 149 892 931 143 893 932
20 894 933 143 895 934 141 896 935
134 897 936 8 898 937 6 899 938
6 900 939 30 901 940 124 902 941
132 903 942 134 904 943 6 905 944
6 906 945 124 907 946 126 908 947
6 909 6 126 910 948 132 911 949
148 912 950 32 913 951 8 914 952
8 915 953 134 916 954 140 917 955
142 918 956 148 919 957 8 920 958
8 921 959 140 922 960 142 923 961
149 924 962 148 925 148 142 926 963
149 927 149 142 928 142 143 929 143
141 930 964 140 931 140 134 932 965
141 933 141 134 934 134 135 935 135
133 936 966 132 937 132 126 938 967
133 939 133 126 940 126 127 941 127
125 942 968 124 943 124 30 944 969
125 945 125 30 946 30 31 947 31
164 948 970 10 949 971 8 950 972
8 951 973 32 952 974 154 953 975
162 954 976 164 955 977 8 956 978
8 957 979 154 958 980 156 959 981
8 960 8 156 961 982 162 962 983
178 963 984 34 964 34 10 965 985
10 966 986 164 967 987 170 968 988
172 969 989 178 970 990 10 971 991
10 972 10 170 973 992 172 974 993
179 975 994 178 976 178 172 977 995
179 978 996 172 979 172 173 980 997
171 981 998 170 982 170 164 983 999
171 984 1000 164 985 164 165 986 1001
163 987 1002 162 988 162 156 989 1003
163 990 1004 156 991 156 157 992 1005
155 993 1006 154 994 154 32 995 1007
155 996 1008 32 997 32 33 998 1009
155 999 1010 33 1000 33 20 1001 1011
20 1002 1012 165 1003 1013 163 1004 1014
157 1005 1015 155 1006 155 20 1007 1016
20 1008 1017 163 1009 163 157 1010 157
165 1011 1018 20 1012 20 22 1013 1019
22 1014 1020 35 1015 35 179 1016 1021
171 1017 1022 165 1018 165 22 1019 1023
22 1020 1024 179 1021 179 173 1022 1025
22 1023 22 173 1024 173 171 1025 171
