184
513.731567 -1115.181641 -0.000002
729.442139 -1009.972656 -0.000008
324.422913 -677.715698 -0.000001
548.781067 -592.489990 -0.000005
175.542267 -224.892441 -0.000000
406.701263 -160.351685 -0.000003
68.314720 239.560532 -0.000000
304.371887 282.885132 -0.000002
3.623074 711.820313 0.000000
242.635330 733.572144 -0.000001
-18.000000 1187.999512 0.000000
222.000000 1187.999512 0.000000
546.088135 -1099.400391 720.000000
729.442139 -1009.972595 720.000000
358.076630 -664.931824 720.000000
548.781067 -592.489929 720.000000
210.216110 -215.211273 720.000000
406.701263 -160.351654 720.000000
103.723289 246.059174 720.000000
304.371887 282.885101 720.000000
39.474911 715.083069 720.000000
242.635330 733.572144 720.000000
18.000000 1187.999512 720.000000
222.000000 1187.999512 720.000000
513.731567 -1115.181641 732.000000
546.088135 -1099.400391 732.000000
322.714600 -673.212341 732.000000
356.380035 -660.459290 732.000000
172.960266 -215.611908 732.000000
207.651810 -205.994354 732.000000
70.062462 230.087311 732.000000
105.459061 236.650909 732.000000
4.061808 707.023804 732.000000
39.910641 710.319397 732.000000
-18.000000 1187.999512 732.000000
18.000000 1187.999512 732.000000
472.299225 -1028.218506 732.000000
504.939728 -1013.033142 732.000000
513.731567 -1115.181641 780.000000
546.088135 -1099.400391 780.000000
472.299225 -1028.218506 780.000000
504.939728 -1013.033142 780.000000
462.190735 -1006.360291 732.000000
494.900482 -991.324402 732.000000
422.762329 -918.470398 732.000000
455.742249 -904.037048 731.999939
462.190735 -1006.360291 780.000000
494.900482 -991.324402 780.000000
422.762329 -918.470398 780.000000
455.742249 -904.037048 779.999939
413.157715 -896.386169 731.999939
446.203430 -882.103943 731.999939
375.753571 -807.616028 732.000000
409.055573 -793.942078 732.000000
413.157715 -896.386169 779.999939
446.203430 -882.103943 779.999939
375.753571 -807.616028 780.000000
409.055573 -793.942078 780.000000
366.657227 -785.317444 732.000000
400.021545 -771.796326 732.000000
331.297394 -695.713318 732.000000
364.904022 -682.806213 732.000000
366.657227 -785.317444 780.000000
400.021545 -771.796326 780.000000
331.297394 -695.713318 780.000000
364.904022 -682.806213 780.000000
289.417572 -582.821350 732.000000
323.311157 -570.687683 732.000000
322.714600 -673.212219 780.000000
356.380035 -660.459167 780.000000
289.417572 -582.821350 780.000000
323.311157 -570.687683 780.000000
281.352448 -560.129456 732.000000
315.301300 -548.151306 732.000000
250.135712 -468.999237 732.000000
284.298462 -457.645477 732.000000
281.352448 -560.129456 780.000000
315.301300 -548.151306 780.000000
250.135712 -468.999237 780.000000
284.298462 -457.645477 780.000000
242.592941 -446.128510 732.000000
276.807373 -434.931488 732.000000
213.472519 -354.306854 732.000000
247.886459 -343.738983 732.000000
242.592941 -446.128510 780.000000
276.807373 -434.931488 780.000000
213.472519 -354.306854 780.000000
247.886459 -343.738983 780.000000
206.455856 -331.269135 732.000000
240.917877 -320.859222 732.000000
179.447052 -238.804291 732.000000
214.094147 -229.027924 732.000000
206.455856 -331.269135 780.000000
240.917877 -320.859222 780.000000
179.447052 -238.804291 780.000000
214.094147 -229.027924 780.000000
148.077820 -122.552460 732.000000
182.939850 -113.572479 732.000000
172.960266 -215.611908 780.000000
207.651810 -205.994354 780.000000
148.077820 -122.552460 780.000000
182.939850 -113.572479 780.000000
142.124023 -99.217499 732.000000
177.026855 -90.397430 732.000000
119.380775 -5.612151 732.000000
154.439453 2.566438 732.000000
142.124023 -99.217499 780.000000
177.026855 -90.397430 780.000000
119.380775 -5.612148 780.000000
154.439453 2.566440 780.000000
113.963425 17.853060 732.000000
149.059219 25.870882 732.000000
93.370964 111.954987 732.000000
128.607849 119.328033 732.000000
113.963425 17.853062 780.000000
149.059219 25.870884 780.000000
93.370964 111.954987 780.000000
128.607849 119.328033 780.000000
88.492867 135.538239 732.000000
123.763184 142.749664 732.000000
88.492867 135.538239 780.000000
123.763184 142.749664 780.000000
70.062462 230.087311 780.000000
105.459061 236.650909 780.000000
65.725822 253.776154 732.000000
101.152138 260.177460 732.000000
49.467186 348.722809 732.000000
85.004906 354.473480 732.000000
65.725822 253.776154 780.000000
101.152138 260.177460 780.000000
49.467186 348.722809 780.000000
85.004906 354.473480 780.000000
45.674507 372.504791 732.000000
81.238213 378.092560 732.000000
31.595772 467.799103 732.000000
67.255943 472.733856 732.000000
45.674507 372.504791 780.000000
81.238213 378.092560 780.000000
31.595772 467.799103 780.000000
67.255943 472.733856 780.000000
28.349556 491.661713 732.000000
64.031967 496.433014 732.000000
16.458246 587.253662 732.000000
52.222137 591.369995 732.000000
28.349556 491.661713 780.000000
64.031967 496.433014 780.000000
16.458246 587.253662 780.000000
52.222137 591.369995 780.000000
13.759433 611.184448 732.000000
49.541817 615.136780 732.000000
13.759433 611.184448 780.000000
49.541817 615.136780 780.000000
4.061808 707.023804 780.000000
39.910641 710.319397 780.000000
1.912277 731.010132 732.000000
37.775837 734.141418 732.000000
-5.586339 827.046509 732.000000
30.328604 829.519775 732.000000
1.912277 731.010132 780.000000
37.775837 734.141418 780.000000
-5.586339 827.046509 780.000000
30.328604 829.519775 780.000000
-7.185647 851.075806 732.000000
28.740253 853.384399 732.000000
-12.481495 947.258789 732.000000
23.480692 948.908386 732.000000
-7.185647 851.075806 780.000000
28.740253 853.384399 780.000000
-12.481495 947.258789 780.000000
23.480692 948.908386 780.000000
-13.529955 971.318481 732.000000
22.439417 972.803162 732.000000
-16.620216 1067.597534 732.000000
19.370329 1068.422607 732.000000
-13.529955 971.318481 780.000000
22.439417 972.803162 780.000000
-16.620216 1067.597534 780.000000
19.370329 1068.422607 780.000000
-17.116888 1091.674927 732.000000
18.877060 1092.334961 732.000000
-17.116888 1091.674927 780.000000
18.877060 1092.334961 780.000000
-18.000000 1187.999512 780.000000
18.000000 1187.999512 780.000000

1026
0.000000 0.000000 1.000000
0.000000 0.000000 1.000000
0.000000 0.000000 1.000000
0.000000 0.000000 1.000000
0.000000 0.000000 1.000000
0.000000 0.000000 1.000000
0.000000 0.000000 1.000000
0.000000 0.000000 1.000000
0.000000 0.000000 1.000000
0.000000 0.000000 1.000000
0.000000 0.000000 1.000000
0.000000 0.000000 1.000000
0.000000 0.000000 1.000000
0.000000 0.000000 1.000000
0.000000 0.000000 1.000000
0.000000 0.000000 1.000000
0.000000 0.000000 1.000000
0.000000 0.000000 1.000000
0.000000 0.000000 1.000000
0.000000 0.000000 1.000000
0.000000 0.000000 1.000000
0.000000 0.000000 1.000000
0.000000 0.000000 1.000000
0.000000 0.000000 1.000000
0.000000 0.000000 1.000000
0.000000 0.000000 1.000000
0.000000 0.000000 1.000000
0.000000 0.000000 1.000000
0.000000 0.000000 1.000000
0.000000 0.000000 1.000000
0.917755 0.397148 -0.000000
0.934826 0.355107 -0.000000
0.934826 0.355107 -0.000000
0.934826 0.355107 -0.000000
0.917754 0.397148 -0.000000
0.917755 0.397148 -0.000000
0.934826 0.355107 -0.000000
0.963163 0.268920 -0.000000
0.963163 0.268920 -0.000000
0.963163 0.268920 -0.000000
0.934826 0.355107 -0.000000
0.934826 0.355107 -0.000000
0.963163 0.268920 -0.000000
0.983571 0.180519 0.000000
0.983571 0.180519 0.000000
0.983571 0.180519 0.000000
0.963163 0.268920 -0.000000
0.963163 0.268920 -0.000000
0.983571 0.180519 0.000000
0.995884 0.090633 0.000000
0.995884 0.090633 0.000000
0.995884 0.090633 0.000000
0.983571 0.180519 0.000000
0.983571 0.180519 0.000000
0.995884 0.090633 0.000000
0.998971 0.045363 0.000000
0.998971 0.045363 0.000000
0.998971 0.045363 0.000000
0.995884 0.090633 0.000000
0.995884 0.090633 0.000000
0.000000 0.000000 1.000000
0.000000 0.000000 1.000000
0.000000 0.000000 1.000000
0.000000 0.000000 1.000000
0.000000 0.000000 1.000000
0.000000 0.000000 1.000000
0.902775 0.430114 0.000000
0.902775 0.430114 0.000000
0.902775 0.430114 0.000000
0.902775 0.430114 0.000000
0.902775 0.430114 0.000000
0.902775 0.430114 0.000000
-0.421816 0.906681 0.000000
-0.421816 0.906681 0.000000
-0.421816 0.906681 0.000000
-0.421816 0.906681 0.000000
-0.421816 0.906681 0.000000
-0.421816 0.906681 0.000000
-0.904546 -0.426376 -0.000544
-0.902775 -0.430114 0.000000
-0.902775 -0.430114 0.000000
-0.902775 -0.430114 0.000000
-0.902775 -0.430114 0.000000
-0.904546 -0.426376 -0.000544
0.000000 0.000001 1.000000
-0.000000 0.000001 1.000000
0.000001 0.000001 1.000000
0.000001 0.000001 1.000000
0.000002 0.000001 1.000000
0.000000 0.000001 1.000000
0.417663 -0.908602 0.000000
0.417663 -0.908602 0.000000
0.417663 -0.908602 0.000000
0.417663 -0.908602 0.000000
0.417663 -0.908602 0.000000
0.417663 -0.908602 0.000000
0.912395 0.409312 0.000000
0.912395 0.409312 0.000000
0.912395 0.409312 0.000000
0.912395 0.409312 0.000000
0.912395 0.409312 0.000000
0.912395 0.409312 0.000000
-0.400927 0.916110 0.000000
-0.400927 0.916110 0.000000
-0.400927 0.916110 0.000000
-0.400927 0.916110 0.000000
-0.400927 0.916110 0.000000
-0.400927 0.916110 0.000000
-0.914231 -0.405178 -0.003601
-0.910986 -0.412433 -0.001699
-0.912395 -0.409311 0.000000
-0.912395 -0.409311 0.000000
-0.912395 -0.409311 0.000000
-0.914231 -0.405178 -0.003601
0.000000 -0.000001 1.000000
0.000000 -0.000001 1.000000
0.000000 -0.000001 1.000000
0.000000 -0.000001 1.000000
0.000000 -0.000001 1.000000
0.000000 -0.000001 1.000000
0.396728 -0.917936 0.000000
0.396728 -0.917936 0.000000
0.396728 -0.917936 0.000000
0.396728 -0.917936 0.000000
0.396728 -0.917936 0.000000
0.396728 -0.917936 0.000000
0.921534 0.388297 0.000000
0.921534 0.388297 0.000000
0.921534 0.388297 0.000000
0.921534 0.388297 0.000000
0.921534 0.388297 0.000000
0.921534 0.388297 0.000000
-0.379832 0.925056 0.000000
-0.379832 0.925056 0.000000
-0.379832 0.925056 0.000000
-0.379832 0.925056 0.000000
-0.379832 0.925056 0.000000
-0.379832 0.925056 0.000000
-0.922832 -0.385197 -0.002216
-0.919837 -0.392281 -0.003937
-0.921534 -0.388297 0.000000
-0.921534 -0.388297 0.000000
-0.921534 -0.388297 0.000000
-0.922832 -0.385197 -0.002216
0.000000 0.000000 1.000000
0.000000 0.000000 1.000000
0.000000 0.000000 1.000000
0.000000 0.000000 1.000000
0.000000 0.000000 1.000000
0.000000 0.000000 1.000000
0.375587 -0.926787 0.000000
0.375587 -0.926787 0.000000
0.375587 -0.926787 0.000000
0.375587 -0.926787 0.000000
0.375587 -0.926787 0.000000
0.375587 -0.926787 0.000000
0.930191 0.367075 0.000000
0.930192 0.367075 0.000000
0.930191 0.367075 0.000000
0.930191 0.367075 0.000000
0.930192 0.367075 0.000000
0.930191 0.367075 0.000000
-0.358531 0.933518 0.000000
-0.358531 0.933518 0.000000
-0.358531 0.933518 0.000000
-0.358531 0.933518 0.000000
-0.358531 0.933518 0.000000
-0.358531 0.933518 0.000000
-0.931563 -0.363579 -0.000094
-0.928640 -0.370981 -0.000857
-0.930191 -0.367075 0.000000
-0.930191 -0.367075 0.000000
-0.930191 -0.367075 0.000000
-0.931563 -0.363579 -0.000094
0.000000 0.000000 1.000000
0.000000 0.000000 1.000000
0.000000 0.000000 1.000000
0.000000 0.000000 1.000000
0.000000 0.000000 1.000000
0.000000 0.000000 1.000000
0.354251 -0.935150 0.000002
0.354251 -0.935150 0.000002
0.354251 -0.935150 0.000002
0.354251 -0.935150 0.000002
0.354251 -0.935150 0.000002
0.354251 -0.935150 0.000002
0.938359 0.345661 -0.000001
0.938360 0.345661 0.000000
0.938360 0.345661 -0.000000
0.938360 0.345661 -0.000000
0.938360 0.345661 -0.000001
0.938359 0.345661 -0.000001
-0.337046 0.941488 0.000000
-0.337046 0.941488 0.000000
-0.337046 0.941488 0.000000
-0.337046 0.941488 0.000000
-0.337046 0.941488 0.000000
-0.337046 0.941488 0.000000
-0.939786 -0.341764 -0.000616
-0.937038 -0.349228 -0.000017
-0.938360 -0.345661 0.000001
-0.938360 -0.345661 0.000001
-0.938359 -0.345661 0.000000
-0.939786 -0.341764 -0.000616
0.000000 0.000000 1.000000
0.000000 0.000000 1.000000
0.000000 0.000000 1.000000
0.000000 0.000000 1.000000
0.000000 0.000000 1.000000
0.000000 0.000000 1.000000
0.332726 -0.943024 0.000000
0.332726 -0.943023 0.000000
0.332726 -0.943024 0.000000
0.332726 -0.943024 0.000000
0.332726 -0.943023 0.000000
0.332726 -0.943024 0.000000
0.946035 0.324065 0.000000
0.946035 0.324065 0.000000
0.946035 0.324065 0.000000
0.946035 0.324065 0.000000
0.946035 0.324065 0.000000
0.946035 0.324065 0.000000
-0.315382 0.948965 0.000000
-0.315382 0.948965 0.000000
-0.315382 0.948965 0.000000
-0.315382 0.948965 0.000000
-0.315382 0.948965 0.000000
-0.315382 0.948965 0.000000
-0.947487 -0.319771 -0.003777
-0.944922 -0.327290 -0.001821
-0.946035 -0.324065 0.000000
-0.946035 -0.324065 0.000000
-0.946035 -0.324065 0.000000
-0.947487 -0.319771 -0.003777
0.000000 0.000000 1.000000
0.000000 0.000000 1.000000
0.000000 0.000000 1.000000
0.000000 0.000000 1.000000
0.000000 0.000000 1.000000
0.000000 0.000000 1.000000
0.311028 -0.950401 0.000000
0.311028 -0.950401 0.000000
0.311028 -0.950401 0.000000
0.311028 -0.950401 0.000000
0.311028 -0.950401 0.000000
0.311028 -0.950401 0.000000
0.953212 0.302303 0.000000
0.953212 0.302303 0.000000
0.953212 0.302303 0.000000
0.953212 0.302303 0.000000
0.953212 0.302303 0.000000
0.953212 0.302303 0.000000
-0.293552 0.955943 0.000000
-0.293552 0.955943 0.000000
-0.293552 0.955943 0.000000
-0.293552 0.955943 0.000000
-0.293552 0.955943 0.000000
-0.293552 0.955943 0.000000
-0.954225 -0.299081 -0.002080
-0.951853 -0.306531 -0.003946
-0.953212 -0.302303 0.000000
-0.953212 -0.302303 0.000000
-0.953212 -0.302303 0.000000
-0.954225 -0.299081 -0.002080
0.000000 0.000000 1.000000
0.000000 0.000000 1.000000
0.000000 0.000000 1.000000
0.000000 0.000000 1.000000
0.000000 0.000000 1.000000
0.000000 0.000000 1.000000
0.289165 -0.957279 0.000000
0.289165 -0.957279 0.000000
0.289165 -0.957279 0.000000
0.289165 -0.957279 0.000000
0.289165 -0.957279 0.000000
0.289165 -0.957279 0.000000
0.959889 0.280381 0.000000
0.959889 0.280381 0.000000
0.959889 0.280381 0.000000
0.959889 0.280381 0.000000
0.959889 0.280381 0.000000
0.959889 0.280381 0.000000
-0.271566 0.962420 0.000000
-0.271566 0.962420 0.000000
-0.271566 0.962420 0.000000
-0.271566 0.962420 0.000000
-0.271566 0.962420 0.000000
-0.271566 0.962420 0.000000
-0.960940 -0.276757 -0.000064
-0.958707 -0.284395 -0.000772
-0.959889 -0.280382 0.000000
-0.959889 -0.280382 0.000000
-0.959889 -0.280382 0.000000
-0.960940 -0.276757 -0.000064
0.000000 0.000000 1.000000
0.000000 0.000000 1.000000
0.000000 0.000000 1.000000
0.000000 0.000000 1.000000
0.000000 0.000000 1.000000
0.000000 0.000000 1.000000
0.267154 -0.963654 0.000000
0.267154 -0.963654 0.000000
0.267154 -0.963654 0.000000
0.267154 -0.963654 0.000000
0.267154 -0.963654 0.000000
0.267154 -0.963654 0.000000
0.966063 0.258308 0.000000
0.966063 0.258308 0.000000
0.966063 0.258308 0.000000
0.966063 0.258308 0.000000
0.966063 0.258308 0.000000
0.966063 0.258308 0.000000
-0.249444 0.968389 0.000000
-0.249444 0.968389 0.000000
-0.249444 0.968389 0.000000
-0.249444 0.968389 0.000000
-0.249444 0.968389 0.000000
-0.249444 0.968389 0.000000
-0.967131 -0.254279 -0.000692
-0.965078 -0.261964 -0.000039
-0.966063 -0.258308 0.000000
-0.966063 -0.258308 0.000000
-0.966063 -0.258308 0.000000
-0.967131 -0.254279 -0.000692
0.000000 0.000000 1.000000
0.000000 0.000000 1.000000
0.000000 0.000000 1.000000
0.000000 0.000000 1.000000
0.000000 0.000000 1.000000
0.000000 0.000000 1.000000
0.245002 -0.969523 0.000000
0.245002 -0.969523 0.000000
0.245002 -0.969523 0.000000
0.245002 -0.969523 0.000000
0.245002 -0.969523 0.000000
0.245002 -0.969523 0.000000
0.971729 0.236101 -0.000000
0.971729 0.236101 -0.000000
0.971729 0.236101 -0.000000
0.971729 0.236101 -0.000000
0.971729 0.236101 0.000000
0.971729 0.236101 -0.000000
-0.227183 0.973852 -0.000000
-0.227183 0.973852 -0.000000
-0.227183 0.973852 -0.000000
-0.227183 0.973852 -0.000000
-0.227183 0.973852 -0.000000
-0.227183 0.973852 -0.000000
-0.972785 -0.231676 -0.003958
-0.970920 -0.239396 -0.001949
-0.971729 -0.236100 0.000000
-0.971729 -0.236100 0.000000
-0.971729 -0.236100 0.000000
-0.972785 -0.231676 -0.003958
0.000000 0.000000 1.000000
0.000000 0.000000 1.000000
0.000000 0.000000 1.000000
0.000000 0.000000 1.000000
0.000000 0.000000 1.000000
0.000000 0.000000 1.000000
0.222717 -0.974883 0.000000
0.222717 -0.974883 0.000000
0.222717 -0.974883 0.000000
0.222717 -0.974883 0.000000
0.222717 -0.974883 0.000000
0.222717 -0.974883 0.000000
0.976883 0.213773 -0.000000
0.976883 0.213773 0.000000
0.976883 0.213773 -0.000000
0.976883 0.213773 -0.000000
0.976883 0.213773 -0.000000
0.976883 0.213773 -0.000000
-0.204807 0.978802 0.000000
-0.204807 0.978802 0.000000
-0.204807 0.978802 0.000000
-0.204807 0.978802 0.000000
-0.204807 0.978802 0.000000
-0.204807 0.978802 0.000000
-0.977602 -0.210455 -0.001949
-0.975893 -0.218212 -0.003958
-0.976883 -0.213773 0.000000
-0.976883 -0.213773 0.000000
-0.976883 -0.213773 0.000000
-0.977602 -0.210455 -0.001949
0.000000 0.000000 1.000000
0.000000 0.000000 1.000000
0.000000 0.000000 1.000000
0.000000 0.000000 1.000000
0.000000 0.000000 1.000000
0.000000 0.000000 1.000000
0.200317 -0.979731 0.000000
0.200317 -0.979731 0.000000
0.200317 -0.979731 0.000000
0.200317 -0.979731 0.000000
0.200317 -0.979731 0.000000
0.200317 -0.979731 0.000000
0.981526 0.191328 0.000000
0.981526 0.191328 0.000000
0.981526 0.191328 0.000000
0.981526 0.191328 0.000000
0.981526 0.191328 0.000000
0.981526 0.191328 0.000000
-0.182322 0.983239 0.000000
-0.182322 0.983239 0.000000
-0.182322 0.983239 0.000000
-0.182322 0.983239 0.000000
-0.182322 0.983239 0.000000
-0.182322 0.983239 0.000000
-0.982243 -0.187611 -0.000039
-0.980720 -0.195417 -0.000692
-0.981526 -0.191328 0.000000
-0.981526 -0.191328 0.000000
-0.981526 -0.191328 0.000000
-0.982243 -0.187611 -0.000039
0.000000 0.000000 1.000000
0.000000 0.000000 1.000000
0.000000 0.000000 1.000000
0.000000 0.000000 1.000000
0.000000 0.000000 1.000000
0.000000 0.000000 1.000000
0.177814 -0.984064 0.000000
0.177814 -0.984064 0.000000
0.177814 -0.984064 0.000000
0.177814 -0.984064 0.000000
0.177814 -0.984064 0.000000
0.177814 -0.984064 0.000000
0.985653 0.168783 0.000000
0.985653 0.168783 0.000000
0.985653 0.168783 0.000000
0.985653 0.168783 0.000000
0.985653 0.168783 0.000000
0.985653 0.168783 0.000000
-0.159741 0.987159 0.000000
-0.159741 0.987159 0.000000
-0.159741 0.987159 0.000000
-0.159741 0.987159 0.000000
-0.159741 0.987159 0.000000
-0.159741 0.987159 0.000000
-0.986350 -0.164660 -0.000772
-0.985009 -0.172502 -0.000064
-0.985653 -0.168783 0.000000
-0.985653 -0.168783 0.000000
-0.985653 -0.168783 0.000000
-0.986350 -0.164660 -0.000772
0.000000 0.000000 1.000000
0.000000 0.000000 1.000000
0.000000 0.000000 1.000000
0.000000 0.000000 1.000000
0.000000 0.000000 1.000000
0.000000 0.000000 1.000000
0.155216 -0.987881 0.000000
0.155216 -0.987881 0.000000
0.155216 -0.987881 0.000000
0.155216 -0.987881 0.000000
0.155216 -0.987881 0.000000
0.155216 -0.987881 0.000000
0.989262 0.146153 0.000000
0.989262 0.146153 0.000000
0.989262 0.146153 0.000000
0.989262 0.146153 0.000000
0.989262 0.146153 0.000000
0.989262 0.146153 0.000000
-0.137076 0.990560 0.000000
-0.137076 0.990560 0.000000
-0.137076 0.990560 0.000000
-0.137076 0.990560 0.000000
-0.137076 0.990560 0.000000
-0.137076 0.990560 0.000000
-0.989894 -0.141754 -0.003945
-0.988760 -0.149495 -0.002080
-0.989262 -0.146153 0.000000
-0.989262 -0.146153 0.000000
-0.989262 -0.146153 0.000000
-0.989894 -0.141754 -0.003945
0.000000 0.000000 1.000000
0.000000 0.000000 1.000000
0.000000 0.000000 1.000000
0.000000 0.000000 1.000000
0.000000 0.000000 1.000000
0.000000 0.000000 1.000000
0.132536 -0.991178 0.000000
0.132536 -0.991178 0.000000
0.132536 -0.991178 0.000000
0.132536 -0.991178 0.000000
0.132536 -0.991178 0.000000
0.132536 -0.991178 0.000000
0.992351 0.123445 0.000000
0.992351 0.123445 0.000000
0.992351 0.123445 0.000000
0.992351 0.123445 0.000000
0.992351 0.123445 0.000000
0.992351 0.123445 0.000000
-0.114343 0.993441 0.000000
-0.114343 0.993441 0.000000
-0.114343 0.993441 0.000000
-0.114343 0.993441 0.000000
-0.114343 0.993441 0.000000
-0.114343 0.993441 0.000000
-0.992765 -0.120062 -0.001822
-0.991775 -0.127938 -0.003775
-0.992351 -0.123445 0.000000
-0.992351 -0.123445 0.000000
-0.992351 -0.123445 0.000000
-0.992765 -0.120062 -0.001822
0.000000 0.000000 1.000000
0.000000 0.000000 1.000000
0.000000 0.000000 1.000000
0.000000 0.000000 1.000000
0.000000 0.000000 1.000000
0.000000 0.000000 1.000000
0.109787 -0.993955 0.000000
0.109787 -0.993955 0.000000
0.109787 -0.993955 0.000000
0.109787 -0.993955 0.000000
0.109787 -0.993955 0.000000
0.109787 -0.993955 0.000000
0.994920 0.100672 0.000000
0.994920 0.100672 0.000000
0.994920 0.100672 0.000000
0.994920 0.100672 0.000000
0.994920 0.100672 0.000000
0.994920 0.100672 0.000000
-0.091544 0.995801 0.000000
-0.091544 0.995801 0.000000
-0.091544 0.995801 0.000000
-0.091544 0.995801 0.000000
-0.091544 0.995801 0.000000
-0.091544 0.995801 0.000000
-0.995296 -0.096885 -0.000017
-0.994493 -0.104803 -0.000616
-0.994920 -0.100672 0.000000
-0.994920 -0.100672 0.000000
-0.994920 -0.100672 0.000000
-0.995296 -0.096885 -0.000017
0.000000 0.000000 1.000000
0.000000 0.000000 1.000000
0.000000 0.000000 1.000000
0.000000 0.000000 1.000000
0.000000 0.000000 1.000000
0.000000 0.000000 1.000000
0.086980 -0.996210 0.000000
0.086980 -0.996210 0.000000
0.086980 -0.996210 0.000000
0.086980 -0.996210 0.000000
0.086980 -0.996210 0.000000
0.086980 -0.996210 0.000000
0.996966 0.077844 0.000000
0.996966 0.077844 0.000000
0.996966 0.077844 0.000000
0.996966 0.077844 0.000000
0.996966 0.077844 0.000000
0.996966 0.077844 0.000000
-0.068702 0.997637 0.000000
-0.068702 0.997637 0.000000
-0.068702 0.997637 0.000000
-0.068702 0.997637 0.000000
-0.068702 0.997637 0.000000
-0.068702 0.997637 0.000000
-0.997283 -0.073654 -0.000857
-0.996666 -0.081586 -0.000094
-0.996966 -0.077844 0.000000
-0.996966 -0.077844 0.000000
-0.996966 -0.077844 0.000000
-0.997283 -0.073654 -0.000857
0.000000 0.000000 1.000000
0.000000 0.000000 1.000000
0.000000 0.000000 1.000000
0.000000 0.000000 1.000000
0.000000 0.000000 1.000000
0.000000 0.000000 1.000000
0.064128 -0.997942 0.000000
0.064128 -0.997942 0.000000
0.064128 -0.997942 0.000000
0.064128 -0.997942 0.000000
0.064128 -0.997942 0.000000
0.064128 -0.997942 0.000000
0.998488 0.054977 0.000000
0.998488 0.054977 0.000000
0.998488 0.054977 0.000000
0.998488 0.054977 0.000000
0.998488 0.054977 0.000000
0.998488 0.054977 0.000000
-0.045822 0.998950 0.000000
-0.045822 0.998950 0.000000
-0.045822 0.998950 0.000000
-0.045822 0.998950 0.000000
-0.045822 0.998950 0.000000
-0.045822 0.998950 0.000000
-0.998709 -0.050651 -0.003936
-0.998295 -0.058331 -0.002216
-0.998488 -0.054977 0.000000
-0.998488 -0.054977 0.000000
-0.998488 -0.054977 0.000000
-0.998709 -0.050651 -0.003936
0.000000 0.000000 1.000000
0.000000 0.000000 1.000000
0.000000 0.000000 1.000000
0.000000 0.000000 1.000000
0.000000 0.000000 1.000000
0.000000 0.000000 1.000000
0.041241 -0.999149 0.000000
0.041241 -0.999149 0.000000
0.041241 -0.999149 0.000000
0.041241 -0.999149 0.000000
0.041241 -0.999149 0.000000
0.041241 -0.999149 0.000000
0.999485 0.032080 0.000000
0.999485 0.032080 0.000000
0.999485 0.032080 0.000000
0.999485 0.032080 0.000000
0.999485 0.032080 0.000000
0.999485 0.032080 0.000000
-0.022919 0.999737 0.000000
-0.022919 0.999737 0.000000
-0.022919 0.999737 0.000000
-0.022919 0.999737 0.000000
-0.022919 0.999737 0.000000
-0.022919 0.999737 0.000000
-0.999588 -0.028658 -0.001699
-0.999324 -0.036599 -0.003600
-0.999485 -0.032080 0.000000
-0.999485 -0.032080 0.000000
-0.999485 -0.032080 0.000000
-0.999588 -0.028658 -0.001699
0.000000 0.000000 1.000000
0.000000 0.000000 1.000000
0.000000 0.000000 1.000000
0.000000 0.000000 1.000000
0.000000 0.000000 1.000000
0.000000 0.000000 1.000000
0.018334 -0.999832 0.000000
0.018334 -0.999832 0.000000
0.018334 -0.999832 0.000000
0.018334 -0.999832 0.000000
0.018334 -0.999832 0.000000
0.018334 -0.999832 0.000000
0.999958 0.009168 0.000000
0.999958 0.009168 0.000000
0.999958 0.009168 0.000000
0.999958 0.009168 0.000000
0.999958 0.009168 0.000000
0.999958 0.009168 0.000000
-0.999958 -0.009168 0.000000
-0.999911 -0.013305 -0.000544
-0.999958 -0.009168 0.000000
-0.999958 -0.009168 0.000000
-0.999958 -0.009168 0.000000
-0.999958 -0.009168 0.000000
0.000000 0.000000 1.000000
0.000000 0.000000 1.000000
0.000000 0.000000 1.000000
0.000000 0.000000 1.000000
0.000000 0.000000 1.000000
0.000000 0.000000 1.000000
-0.000001 0.000002 1.000000
-0.000001 0.000002 1.000000
-0.000001 0.000002 1.000000
0.000002 0.000001 1.000000
0.000002 0.000001 1.000000
0.000002 0.000001 1.000000
0.000000 0.000000 1.000000
0.000000 0.000000 1.000000
0.000000 0.000000 1.000000
0.000000 0.000000 1.000000
0.000000 0.000000 1.000000
0.000000 0.000000 1.000000
-0.919837 -0.392281 -0.003937
-0.934807 -0.355099 -0.006327
-0.915894 -0.401371 -0.006323
-0.915894 -0.401371 -0.006323
-0.902775 -0.430114 0.000000
-0.904546 -0.426376 -0.000544
-0.914231 -0.405178 -0.003601
-0.919837 -0.392281 -0.003937
-0.915894 -0.401371 -0.006323
-0.915894 -0.401371 -0.006323
-0.904546 -0.426376 -0.000544
-0.910986 -0.412433 -0.001699
-0.915894 -0.401371 -0.006323
-0.910986 -0.412433 -0.001699
-0.914231 -0.405178 -0.003601
-0.931563 -0.363579 -0.000094
-0.937038 -0.349228 -0.000017
-0.934807 -0.355099 -0.006327
-0.934807 -0.355099 -0.006327
-0.919837 -0.392281 -0.003937
-0.922832 -0.385197 -0.002216
-0.928640 -0.370981 -0.000857
-0.931563 -0.363579 -0.000094
-0.934807 -0.355099 -0.006327
-0.934807 -0.355099 -0.006327
-0.922832 -0.385197 -0.002216
-0.928640 -0.370981 -0.000857
0.000000 0.000000 1.000000
0.000000 0.000000 1.000000
0.000000 0.000000 1.000000
0.000000 0.000000 1.000000
0.000000 0.000000 1.000000
0.000000 0.000000 1.000000
0.902775 0.430114 0.000000
0.902775 0.430114 0.000000
0.902775 0.430114 0.000000
0.848112 0.368848 0.380337
0.848112 0.368848 0.380337
0.848112 0.368848 0.380337
0.903880 0.418001 0.090969
0.903880 0.418001 0.090969
0.903880 0.418001 0.090969
0.893711 0.400930 0.201335
0.893711 0.400930 0.201335
0.893711 0.400930 0.201335
0.837682 0.362498 0.408515
0.837682 0.362498 0.408515
0.837682 0.362498 0.408515
0.934336 0.356392 -0.000732
0.934336 0.356392 -0.000732
0.934336 0.356392 -0.000732
0.891963 0.375837 0.251292
0.891963 0.375837 0.251292
0.891963 0.375837 0.251292
0.930048 0.367018 0.017535
0.930048 0.367018 0.017535
0.930048 0.367018 0.017535
0.918518 0.374696 0.126208
0.918518 0.374696 0.126208
0.918518 0.374696 0.126208
0.000000 0.000000 1.000000
0.000000 0.000000 1.000000
0.000000 0.000000 1.000000
0.000000 0.000000 1.000000
0.000000 0.000000 1.000000
0.000000 0.000000 1.000000
0.000000 0.000000 1.000000
0.000000 0.000000 1.000000
0.000000 0.000000 1.000000
0.000000 0.000000 1.000000
0.000000 0.000000 1.000000
0.000000 0.000000 1.000000
0.000000 0.000000 1.000000
0.000000 0.000000 1.000000
0.000000 0.000000 1.000000
0.000000 0.000000 1.000000
0.000000 0.000000 1.000000
0.000000 0.000000 1.000000
0.000000 0.000000 1.000000
0.000000 0.000000 1.000000
0.000000 0.000000 1.000000
0.000000 0.000000 1.000000
0.000000 0.000000 1.000000
0.000000 0.000000 1.000000
-0.960940 -0.276757 -0.000064
-0.965078 -0.261964 -0.000039
-0.963144 -0.268911 -0.006322
-0.963144 -0.268911 -0.006322
-0.951853 -0.306531 -0.003946
-0.954225 -0.299081 -0.002080
-0.958707 -0.284395 -0.000772
-0.960940 -0.276757 -0.000064
-0.963144 -0.268911 -0.006322
-0.963144 -0.268911 -0.006322
-0.954225 -0.299081 -0.002080
-0.958707 -0.284395 -0.000772
-0.951853 -0.306531 -0.003946
-0.963144 -0.268911 -0.006322
-0.934807 -0.355099 -0.006327
-0.934807 -0.355099 -0.006327
-0.937038 -0.349228 -0.000017
-0.939786 -0.341764 -0.000616
-0.947487 -0.319771 -0.003777
-0.951853 -0.306531 -0.003946
-0.934807 -0.355099 -0.006327
-0.934807 -0.355099 -0.006327
-0.939786 -0.341764 -0.000616
-0.944922 -0.327290 -0.001821
-0.934807 -0.355099 -0.006327
-0.944922 -0.327290 -0.001821
-0.947487 -0.319771 -0.003777
0.938353 0.345658 0.003836
0.938353 0.345658 0.003836
0.938353 0.345658 0.003836
0.924222 0.316593 0.213501
0.924222 0.316593 0.213501
0.924222 0.316593 0.213501
0.937610 0.333244 0.099177
0.937610 0.333244 0.099177
0.937610 0.333244 0.099177
0.867796 0.285317 0.406846
0.867796 0.285317 0.406846
0.867796 0.285317 0.406846
0.963040 0.269356 -0.001092
0.963040 0.269356 -0.001092
0.963040 0.269356 -0.001092
0.861216 0.284030 0.421466
0.861216 0.284030 0.421466
0.861216 0.284030 0.421466
0.959812 0.280359 0.012620
0.959812 0.280359 0.012620
0.959812 0.280359 0.012620
0.925715 0.293582 0.238457
0.925715 0.293582 0.238457
0.925715 0.293582 0.238457
0.950061 0.289364 0.116846
0.950061 0.289364 0.116846
0.950061 0.289364 0.116846
0.000000 0.000000 1.000000
0.000000 0.000000 1.000000
0.000000 0.000000 1.000000
0.000000 0.000000 1.000000
0.000000 0.000000 1.000000
0.000000 0.000000 1.000000
0.000000 0.000000 1.000000
0.000000 0.000000 1.000000
0.000000 0.000000 1.000000
0.000000 0.000000 1.000000
0.000000 0.000000 1.000000
0.000000 0.000000 1.000000
0.000000 0.000000 1.000000
0.000000 0.000000 1.000000
0.000000 0.000000 1.000000
0.000000 0.000000 1.000000
0.000000 0.000000 1.000000
0.000000 0.000000 1.000000
-0.983551 -0.180519 -0.006322
-0.975893 -0.218212 -0.003958
-0.977602 -0.210455 -0.001949
-0.980720 -0.195417 -0.000692
-0.982243 -0.187611 -0.000039
-0.983551 -0.180519 -0.006322
-0.983551 -0.180519 -0.006322
-0.977602 -0.210455 -0.001949
-0.980720 -0.195417 -0.000692
-0.975893 -0.218212 -0.003958
-0.983551 -0.180519 -0.006322
-0.963144 -0.268911 -0.006322
-0.963144 -0.268911 -0.006322
-0.965078 -0.261964 -0.000039
-0.967131 -0.254279 -0.000692
-0.972785 -0.231676 -0.003958
-0.975893 -0.218212 -0.003958
-0.963144 -0.268911 -0.006322
-0.963144 -0.268911 -0.006322
-0.967131 -0.254279 -0.000692
-0.970920 -0.239396 -0.001949
-0.963144 -0.268911 -0.006322
-0.970920 -0.239396 -0.001949
-0.972785 -0.231676 -0.003958
0.966031 0.258300 0.008039
0.966031 0.258300 0.008039
0.966031 0.258300 0.008039
0.946617 0.229999 0.225869
0.946617 0.229999 0.225869
0.946617 0.229999 0.225869
0.963305 0.245782 0.107862
0.963305 0.245782 0.107862
0.963305 0.245782 0.107862
0.889718 0.205408 0.407687
0.889718 0.205408 0.407687
0.889718 0.205408 0.407687
0.981494 0.191322 0.008030
0.981494 0.191322 0.008030
0.981494 0.191322 0.008030
0.889727 0.205409 0.407669
0.889727 0.205409 0.407669
0.889727 0.205409 0.407669
0.973559 0.201377 0.107841
0.973559 0.201377 0.107841
0.973559 0.201377 0.107841
0.951638 0.208248 0.225872
0.951638 0.208248 0.225872
0.951638 0.208248 0.225872
0.983652 0.180074 -0.001101
0.983652 0.180074 -0.001101
0.983652 0.180074 -0.001101
0.960724 0.141937 0.238461
0.960724 0.141937 0.238461
0.960724 0.141937 0.238461
0.985575 0.168770 0.012610
0.985575 0.168770 0.012610
0.985575 0.168770 0.012610
0.980764 0.156409 0.116779
0.980764 0.156409 0.116779
0.980764 0.156409 0.116779
0.904424 0.123891 0.408251
0.904423 0.123891 0.408251
0.904424 0.123891 0.408251
0.994912 0.100671 0.003838
0.994912 0.100671 0.003838
0.994912 0.100671 0.003838
0.910829 0.123907 0.393749
0.910829 0.123907 0.393749
0.910829 0.123907 0.393749
0.988793 0.111512 0.099261
0.988793 0.111512 0.099261
0.988793 0.111512 0.099261
0.969478 0.120600 0.213467
0.969478 0.120600 0.213467
0.969478 0.120600 0.213467
-0.989894 -0.141754 -0.003945
-0.995864 -0.090632 -0.006327
-0.983551 -0.180519 -0.006322
-0.983551 -0.180519 -0.006322
-0.982243 -0.187611 -0.000039
-0.985009 -0.172502 -0.000064
-0.988760 -0.149495 -0.002080
-0.989894 -0.141754 -0.003945
-0.983551 -0.180519 -0.006322
-0.983551 -0.180519 -0.006322
-0.985009 -0.172502 -0.000064
-0.986350 -0.164660 -0.000772
-0.983551 -0.180519 -0.006322
-0.986350 -0.164660 -0.000772
-0.988760 -0.149495 -0.002080
-0.994493 -0.104803 -0.000616
-0.995296 -0.096885 -0.000017
-0.995864 -0.090632 -0.006327
-0.995864 -0.090632 -0.006327
-0.989894 -0.141754 -0.003945
-0.991775 -0.127938 -0.003775
-0.992765 -0.120062 -0.001822
-0.994493 -0.104803 -0.000616
-0.995864 -0.090632 -0.006327
-0.995864 -0.090632 -0.006327
-0.991775 -0.127938 -0.003775
-0.992765 -0.120062 -0.001822
0.000000 0.000000 1.000000
0.000000 0.000000 1.000000
0.000000 0.000000 1.000000
0.000000 0.000000 1.000000
0.000000 0.000000 1.000000
0.000000 0.000000 1.000000
0.000000 0.000000 1.000000
0.000000 0.000000 1.000000
0.000000 0.000000 1.000000
0.000000 0.000000 1.000000
0.000000 0.000000 1.000000
0.000000 0.000000 1.000000
0.000000 0.000000 1.000000
0.000000 0.000000 1.000000
0.000000 0.000000 1.000000
0.000000 0.000000 1.000000
0.000000 0.000000 1.000000
0.000000 0.000000 1.000000
0.000000 0.000000 1.000000
0.000000 0.000000 1.000000
0.000000 0.000000 1.000000
0.000000 0.000000 1.000000
0.000000 0.000000 1.000000
0.000000 0.000000 1.000000
-0.998709 -0.050651 -0.003936
-0.999149 -0.040752 -0.006323
-0.995864 -0.090632 -0.006327
-0.995864 -0.090632 -0.006327
-0.995296 -0.096885 -0.000017
-0.996666 -0.081586 -0.000094
-0.998295 -0.058331 -0.002216
-0.998709 -0.050651 -0.003936
-0.995864 -0.090632 -0.006327
-0.995864 -0.090632 -0.006327
-0.996666 -0.081586 -0.000094
-0.997283 -0.073654 -0.000857
-0.995864 -0.090632 -0.006327
-0.997283 -0.073654 -0.000857
-0.998295 -0.058331 -0.002216
-0.999911 -0.013305 -0.000544
-0.999958 -0.009168 0.000000
-0.999149 -0.040752 -0.006323
-0.999149 -0.040752 -0.006323
-0.998709 -0.050651 -0.003936
-0.999324 -0.036599 -0.003600
-0.999588 -0.028658 -0.001699
-0.999911 -0.013305 -0.000544
-0.999149 -0.040752 -0.006323
-0.999149 -0.040752 -0.006323
-0.999324 -0.036599 -0.003600
-0.999588 -0.028658 -0.001699
0.000000 0.000000 1.000000
0.000000 0.000000 1.000000
0.000000 0.000000 1.000000
0.000000 0.000000 1.000000
0.000000 0.000000 1.000000
0.000000 0.000000 1.000000
0.000000 0.000000 1.000000
0.000000 0.000000 1.000000
0.000000 0.000000 1.000000
0.000000 0.000000 1.000000
0.000000 0.000000 1.000000
0.000000 0.000000 1.000000
0.000000 0.000000 1.000000
0.000000 0.000000 1.000000
0.000000 0.000000 1.000000
0.000000 0.000000 1.000000
0.000000 0.000000 1.000000
0.000000 0.000000 1.000000
0.000000 0.000000 1.000000
0.000000 0.000000 1.000000
0.000000 0.000000 1.000000
0.000000 0.000000 1.000000
0.000000 0.000000 1.000000
0.000000 0.000000 1.000000
0.996008 0.089257 -0.000733
0.996008 0.089257 -0.000733
0.996008 0.089257 -0.000733
0.966456 0.053213 0.251260
0.966456 0.053213 0.251260
0.966456 0.053213 0.251260
0.996812 0.077832 0.017526
0.996812 0.077832 0.017526
0.996812 0.077832 0.017526
0.989817 0.065879 0.126183
0.989817 0.065879 0.126183
0.989817 0.065879 0.126183
0.911812 0.041405 0.408516
0.911812 0.041405 0.408516
0.911812 0.041405 0.408516
0.999958 0.009168 0.000000
0.999958 0.009168 0.000000
0.999958 0.009168 0.000000
0.924006 0.040266 0.380252
0.924006 0.040266 0.380252
0.924006 0.040266 0.380252
0.995642 0.020538 0.090963
0.995642 0.020538 0.090963
0.995642 0.020538 0.090963
0.979020 0.031423 0.201329
0.979019 0.031423 0.201329
0.979020 0.031423 0.201329

1026
12.615423 -1.125000
-11.177052 -1.125000
10.792648 -1.125000
-9.437541 -1.125000
8.905885 -1.125000
-7.636965 -1.125000
6.970664 -1.125000
-5.790145 -1.125000
5.002914 -1.125000
-3.912282 -1.125000
3.018834 -1.125000
-2.018835 -1.125000
-11.549668 1.875000
-11.177052 1.875000
-9.739382 1.875000
-9.437541 1.875000
-7.865546 1.875000
-7.636965 1.875000
-5.943586 1.875000
-5.790145 1.875000
-3.989320 1.875000
-3.912282 1.875000
-2.018834 1.875000
-2.018835 1.875000
12.615423 1.925000
-11.549668 1.925000
10.773885 1.925000
-9.720747 1.925000
8.867216 1.925000
-7.827143 1.925000
-0.708937 -6.010135
-0.561452 -5.982787
-0.983940 -4.022900
-4.009168 1.925000
3.018834 1.925000
-2.018834 1.925000
12.253077 1.925000
-11.189805 1.925000
12.615423 2.125000
-11.549668 2.125000
12.253077 2.125000
-0.103050 2.125000
12.162001 1.925000
-11.099352 1.925000
11.795794 1.925000
-10.735654 1.925000
12.162001 2.125000
-11.099352 2.125000
11.795794 2.125000
0.101939 2.125000
11.703775 1.925000
-10.644266 1.925000
11.333899 1.925000
-10.276925 1.925000
11.703775 2.125000
-10.644266 2.125000
11.333899 2.125000
0.296467 2.125000
11.240989 1.925000
-10.184651 1.925000
0.379541 -9.867639
-9.813859 1.925000
11.240989 2.125000
-10.184651 2.125000
10.867639 2.125000
0.480432 2.125000
10.397255 1.925000
-9.346699 1.925000
10.773884 2.125000
-9.720746 2.125000
10.397255 2.125000
0.653735 2.125000
10.302706 1.925000
-9.252797 1.925000
9.922997 1.925000
-8.875690 1.925000
10.302706 2.125000
-9.252797 2.125000
9.922997 2.125000
0.816288 2.125000
9.827702 1.925000
-8.781048 1.925000
9.445111 1.925000
-8.401078 1.925000
9.827702 2.125000
-8.781048 2.125000
9.445111 2.125000
0.968005 2.125000
9.349121 1.925000
-8.305746 1.925000
8.963851 1.925000
-7.923116 1.925000
9.349121 2.125000
-8.305746 2.125000
8.963851 2.125000
1.108806 2.125000
8.479467 1.925000
-7.442051 1.925000
8.867216 2.125000
-7.827143 2.125000
8.479467 2.125000
1.238615 2.125000
8.382238 1.925000
-7.345489 1.925000
7.992217 1.925000
-6.958139 1.925000
8.382238 2.125000
-7.345489 2.125000
7.992217 2.125000
1.357367 2.125000
7.894445 1.925000
-6.861037 1.925000
7.502354 1.925000
-6.471632 1.925000
7.894445 2.125000
-6.861037 2.125000
7.502354 2.125000
1.464998 2.125000
7.404090 1.925000
-6.374043 1.925000
7.404090 2.125000
-6.374043 2.125000
7.010135 2.125000
1.561452 2.125000
-0.727007 -5.911432
-0.579397 -5.884760
-0.794751 -5.515821
-0.646677 -5.491859
6.911432 2.125000
-5.884760 2.125000
6.515821 2.125000
1.646677 2.125000
-0.810554 -5.416729
-0.662372 -5.393447
-0.869215 -5.019670
-0.720631 -4.999108
6.416729 2.125000
-5.393447 2.125000
6.019670 2.125000
1.720631 2.125000
-0.882741 -4.920242
-0.734064 -4.900362
-0.932288 -4.521942
-0.783272 -4.504791
5.920242 2.125000
-4.900362 2.125000
5.521942 2.125000
1.783272 2.125000
-0.943533 -4.422231
-0.794440 -4.405763
5.422231 2.125000
-4.405763 2.125000
5.022900 2.125000
1.834569 2.125000
-0.992896 -3.922957
-3.909910 1.925000
-1.024140 -3.522805
-3.512500 1.925000
4.922957 2.125000
-3.909910 2.125000
4.522805 2.125000
1.874494 2.125000
-1.030804 -3.422683
-3.413064 1.925000
-1.052870 -3.021921
-3.015047 1.925000
4.422683 2.125000
-3.413064 2.125000
4.021921 2.125000
1.903027 2.125000
-1.057238 -2.921672
-2.915486 1.925000
-1.070114 -2.520509
-2.517071 1.925000
3.921672 2.125000
-2.915486 2.125000
3.520509 2.125000
1.920154 2.125000
-1.072184 -2.420187
-2.417437 1.925000
3.420187 2.125000
-2.417437 2.125000
3.018834 2.125000
-2.018834 2.125000
1.274502 -11.549668
2.038477 -11.177052
1.285723 -9.437541
1.285723 -9.437541
0.491121 -9.739382
1.274502 -11.549668
0.491121 -9.739382
1.285723 -9.437541
0.693724 -7.636965
0.693724 -7.636965
-0.124964 -7.865546
0.491121 -9.739382
-0.124964 -7.865546
0.693724 -7.636965
0.267352 -5.790145
0.267352 -5.790145
-0.568684 -5.943586
-0.124964 -7.865546
-0.568684 -5.943586
0.267352 -5.790145
0.010117 -3.912282
0.010117 -3.912282
-0.836385 -3.989320
-0.568684 -5.943586
-0.836385 -3.989320
0.010117 -3.912282
-0.075863 -2.018835
-0.075863 -2.018835
-0.925863 -2.018834
-0.836385 -3.989320
-11.177052 -1.125000
-9.437541 -1.125000
-9.437541 1.875000
-9.437541 1.875000
-9.437541 -1.125000
-7.636965 -1.125000
-7.636965 1.875000
-7.636965 1.875000
-7.636965 -1.125000
-5.790145 -1.125000
-5.790145 1.875000
-5.790145 1.875000
-5.790145 -1.125000
-3.912282 -1.125000
-3.912282 1.875000
-3.912282 1.875000
-3.912282 -1.125000
-2.018835 1.875000
1.139683 -11.615423
1.274502 -11.549668
1.103050 -11.189805
1.103050 -11.189805
0.967048 -11.253077
1.139683 -11.615423
-11.549668 1.925000
-11.189805 1.925000
-11.189805 2.125000
-11.189805 2.125000
-11.549668 1.925000
-0.103050 1.925000
0.032952 1.925000
0.032952 2.125000
0.032952 2.125000
-0.103050 1.925000
12.253077 1.925000
12.615423 1.925000
12.615423 2.125000
12.253077 1.925000
0.924929 -11.162001
1.061220 -11.099352
0.898061 -10.735654
0.898061 -10.735654
0.760644 -10.795794
0.924929 -11.162001
0.924929 1.925000
1.061220 1.925000
1.061220 2.125000
1.061220 2.125000
0.924929 2.125000
0.924929 1.925000
-11.099352 1.925000
-10.735654 1.925000
-10.735654 2.125000
-10.735654 2.125000
-11.099352 1.925000
0.101939 1.925000
0.239356 1.925000
0.239356 2.125000
0.239356 2.125000
0.101939 1.925000
11.795794 1.925000
12.162001 1.925000
12.162001 2.125000
11.795794 1.925000
0.720625 -10.703775
0.858316 -10.644266
0.703533 -10.276925
0.703533 -10.276925
0.564775 -10.333899
0.720625 -10.703775
0.720625 1.925000
0.858316 1.925000
0.858316 2.125000
0.858316 2.125000
0.720625 2.125000
0.720625 1.925000
-10.644266 1.925000
-10.276925 1.925000
-10.276925 2.125000
-10.276925 2.125000
-10.644266 1.925000
0.296467 1.925000
0.435225 1.925000
0.435225 2.125000
0.435225 2.125000
0.296467 1.925000
11.333899 1.925000
11.703775 1.925000
11.703775 2.125000
11.333899 1.925000
0.526873 -10.240989
0.665891 -10.184651
0.519568 -9.813859
0.519568 -9.813859
0.379541 -9.867639
0.526873 -10.240989
0.526873 1.925000
0.665891 1.925000
0.665891 2.125000
0.665891 2.125000
0.526873 2.125000
0.526873 1.925000
-10.184651 1.925000
-9.813859 1.925000
-9.813859 2.125000
-9.813859 2.125000
-10.184651 1.925000
0.480432 1.925000
0.620459 1.925000
0.620459 2.125000
0.620459 2.125000
0.480432 1.925000
10.867639 1.925000
11.240989 1.925000
11.240989 2.125000
10.867639 1.925000
0.343779 -9.773884
0.484052 -9.720746
0.346265 -9.346699
0.346265 -9.346699
0.205042 -9.397255
0.343779 -9.773884
0.343779 1.925000
0.484052 1.925000
0.484052 2.125000
0.484052 2.125000
0.343779 2.125000
0.343779 1.925000
-9.720747 1.925000
-9.346699 1.925000
-9.346699 2.125000
-9.346699 2.125000
-9.720747 1.925000
0.653735 1.925000
0.794958 1.925000
0.794958 2.125000
0.794958 2.125000
0.653735 1.925000
10.397255 1.925000
10.773885 1.925000
10.773884 2.125000
10.397255 1.925000
0.171437 -9.302706
0.312890 -9.252797
0.183712 -8.875690
0.183712 -8.875690
0.041367 -8.922997
0.171437 -9.302706
0.171437 1.925000
0.312890 1.925000
0.312890 2.125000
0.312890 2.125000
0.171437 2.125000
0.171437 1.925000
-9.252797 1.925000
-8.875690 1.925000
-8.875690 2.125000
-8.875690 2.125000
-9.252797 1.925000
0.816288 1.925000
0.958633 1.925000
0.958633 2.125000
0.958633 2.125000
0.816288 1.925000
9.922997 1.925000
10.302706 1.925000
10.302706 2.125000
9.922997 1.925000
0.009939 -8.827702
0.152499 -8.781048
0.031995 -8.401078
0.031995 -8.401078
-0.111396 -8.445111
0.009939 -8.827702
0.009939 1.925000
0.152499 1.925000
0.152499 2.125000
0.152499 2.125000
0.009939 2.125000
0.009939 1.925000
-8.781048 1.925000
-8.401078 1.925000
-8.401078 2.125000
-8.401078 2.125000
-8.781048 1.925000
0.968005 1.925000
1.111396 1.925000
1.111396 2.125000
1.111396 2.125000
0.968005 1.925000
9.445111 1.925000
9.827702 1.925000
9.827702 2.125000
9.445111 1.925000
-0.140632 -8.349121
0.002960 -8.305746
-0.108806 -7.923116
-0.108806 -7.923116
-0.253169 -7.963851
-0.140632 -8.349121
-0.140632 1.925000
0.002960 1.925000
0.002960 2.125000
0.002960 2.125000
-0.140632 2.125000
-0.140632 1.925000
-8.305746 1.925000
-7.923116 1.925000
-7.923116 2.125000
-7.923116 2.125000
-8.305746 1.925000
1.108806 1.925000
1.253169 1.925000
1.253169 2.125000
1.253169 2.125000
1.108806 1.925000
8.963851 1.925000
9.349121 1.925000
9.349121 2.125000
8.963851 1.925000
-0.280197 -7.867216
-0.135649 -7.827143
-0.238615 -7.442051
-0.238615 -7.442051
-0.383874 -7.479468
-0.280197 -7.867216
-0.280197 1.925000
-0.135649 1.925000
-0.135649 2.125000
-0.135649 2.125000
-0.280197 2.125000
-0.280197 1.925000
-7.827143 1.925000
-7.442051 1.925000
-7.442051 2.125000
-7.442051 2.125000
-7.827143 1.925000
1.238615 1.925000
1.383874 1.925000
1.383874 2.125000
1.383874 2.125000
1.238615 1.925000
8.479467 1.925000
8.867216 1.925000
8.867216 2.125000
8.479467 1.925000
-0.408681 -7.382239
-0.263253 -7.345489
-0.357367 -6.958139
-0.357367 -6.958139
-0.503445 -6.992217
-0.408681 -7.382239
-0.408681 1.925000
-0.263253 1.925000
-0.263253 2.125000
-0.263253 2.125000
-0.408681 2.125000
-0.408681 1.925000
-7.345489 1.925000
-6.958139 1.925000
-6.958139 2.125000
-6.958139 2.125000
-7.345489 1.925000
1.357367 1.925000
1.503445 1.925000
1.503445 2.125000
1.503445 2.125000
1.357367 1.925000
7.992217 1.925000
8.382238 1.925000
8.382238 2.125000
7.992217 1.925000
-0.526017 -6.894445
-0.379784 -6.861037
-0.464998 -6.471632
-0.464998 -6.471632
-0.611819 -6.502354
-0.526017 -6.894445
-0.526017 1.925000
-0.379784 1.925000
-0.379784 2.125000
-0.379784 2.125000
-0.526017 2.125000
-0.526017 1.925000
-6.861037 1.925000
-6.471632 1.925000
-6.471632 2.125000
-6.471632 2.125000
-6.861037 1.925000
1.464998 1.925000
1.611819 1.925000
1.611819 2.125000
1.611819 2.125000
1.464998 1.925000
7.502354 1.925000
7.894445 1.925000
7.894445 2.125000
7.502354 1.925000
-0.632144 -6.404090
-0.485184 -6.374043
-0.561452 -5.982787
-0.561452 -5.982787
-0.708937 -6.010135
-0.632144 -6.404090
-0.632144 1.925000
-0.485184 1.925000
-0.485184 2.125000
-0.485184 2.125000
-0.632144 2.125000
-0.632144 1.925000
-6.374043 1.925000
-5.982787 1.925000
-5.982787 2.125000
-5.982787 2.125000
-6.374043 1.925000
1.561452 1.925000
1.708937 1.925000
1.708937 2.125000
1.708937 2.125000
1.561452 1.925000
7.010135 1.925000
7.404090 1.925000
7.404090 2.125000
7.010135 1.925000
-0.727007 -5.911432
-0.579397 -5.884760
-0.646677 -5.491859
-0.646677 -5.491859
-0.794751 -5.515821
-0.727007 -5.911432
-0.727007 1.925000
-0.579397 1.925000
-0.579397 2.125000
-0.579397 2.125000
-0.727007 2.125000
-0.727007 1.925000
-5.884760 1.925000
-5.491859 1.925000
-5.491859 2.125000
-5.491859 2.125000
-5.884760 1.925000
1.646677 1.925000
1.794751 1.925000
1.794751 2.125000
1.794751 2.125000
1.646677 1.925000
6.515821 1.925000
6.911432 1.925000
6.911432 2.125000
6.515821 1.925000
-0.810554 -5.416729
-0.662372 -5.393447
-0.720631 -4.999108
-0.720631 -4.999108
-0.869215 -5.019670
-0.810554 -5.416729
-0.810554 1.925000
-0.662372 1.925000
-0.662372 2.125000
-0.662372 2.125000
-0.810554 2.125000
-0.810554 1.925000
-5.393447 1.925000
-4.999108 1.925000
-4.999108 2.125000
-4.999108 2.125000
-5.393447 1.925000
1.720631 1.925000
1.869215 1.925000
1.869215 2.125000
1.869215 2.125000
1.720631 1.925000
6.019670 1.925000
6.416729 1.925000
6.416729 2.125000
6.019670 1.925000
-0.882741 -4.920242
-0.734064 -4.900362
-0.783272 -4.504791
-0.783272 -4.504791
-0.932288 -4.521942
-0.882741 -4.920242
-0.882741 1.925000
-0.734064 1.925000
-0.734064 2.125000
-0.734064 2.125000
-0.882741 2.125000
-0.882741 1.925000
-4.900362 1.925000
-4.504791 1.925000
-4.504791 2.125000
-4.504791 2.125000
-4.900362 1.925000
1.783272 1.925000
1.932288 1.925000
1.932288 2.125000
1.932288 2.125000
1.783272 1.925000
5.521942 1.925000
5.920242 1.925000
5.920242 2.125000
5.521942 1.925000
-0.943533 -4.422231
-0.794440 -4.405763
-0.834569 -4.009168
-0.834569 -4.009168
-0.983940 -4.022900
-0.943533 -4.422231
-0.943533 1.925000
-0.794440 1.925000
-0.794440 2.125000
-0.794440 2.125000
-0.943533 2.125000
-0.943533 1.925000
-4.405763 1.925000
-4.009168 1.925000
-4.009168 2.125000
-4.009168 2.125000
-4.405763 1.925000
1.834569 1.925000
1.983940 1.925000
1.983940 2.125000
1.983940 2.125000
1.834569 1.925000
5.022900 1.925000
5.422231 1.925000
5.422231 2.125000
5.022900 1.925000
-0.992896 -3.922957
-0.843464 -3.909910
-0.874494 -3.512500
-0.874494 -3.512500
-1.024140 -3.522805
-0.992896 -3.922957
-0.992896 1.925000
-0.843464 1.925000
-0.843464 2.125000
-0.843464 2.125000
-0.992896 2.125000
-0.992896 1.925000
-3.909910 1.925000
-3.512500 1.925000
-3.512500 2.125000
-3.512500 2.125000
-3.909910 1.925000
1.874494 1.925000
2.024140 1.925000
2.024140 2.125000
2.024140 2.125000
1.874494 1.925000
4.522805 1.925000
4.922957 1.925000
4.922957 2.125000
4.522805 1.925000
-1.030804 -3.422683
-0.881113 -3.413064
-0.903027 -3.015047
-0.903027 -3.015047
-1.052870 -3.021921
-1.030804 -3.422683
-1.030804 1.925000
-0.881113 1.925000
-0.881113 2.125000
-0.881113 2.125000
-1.030804 2.125000
-1.030804 1.925000
-3.413064 1.925000
-3.015047 1.925000
-3.015047 2.125000
-3.015047 2.125000
-3.413064 1.925000
1.903027 1.925000
2.052870 1.925000
2.052870 2.125000
2.052870 2.125000
1.903027 1.925000
4.021921 1.925000
4.422683 1.925000
4.422683 2.125000
4.021921 1.925000
-1.057238 -2.921672
-0.907366 -2.915486
-0.920154 -2.517071
-0.920154 -2.517071
-1.070114 -2.520509
-1.057238 -2.921672
-1.057238 1.925000
-0.907366 1.925000
-0.907366 2.125000
-0.907366 2.125000
-1.057238 2.125000
-1.057238 1.925000
-2.915486 1.925000
-2.517071 1.925000
-2.517071 2.125000
-2.517071 2.125000
-2.915486 1.925000
1.920154 1.925000
2.070114 1.925000
2.070114 2.125000
2.070114 2.125000
1.920154 1.925000
3.520509 1.925000
3.921672 1.925000
3.921672 2.125000
3.520509 1.925000
-1.072184 -2.420187
-0.922209 -2.417437
-0.925863 -2.018834
-0.925863 -2.018834
-1.075863 -2.018834
-1.072184 -2.420187
-1.072184 1.925000
-0.922209 1.925000
-0.922209 2.125000
-0.922209 2.125000
-1.072184 2.125000
-1.072184 1.925000
-2.417437 1.925000
-2.018834 1.925000
-2.018834 2.125000
-2.417437 1.925000
3.018834 1.925000
3.420187 1.925000
3.420187 2.125000
3.018834 1.925000
1.061220 -11.099352
0.924929 -11.162001
0.967048 -11.253077
1.061220 -11.099352
0.967048 -11.253077
1.103050 -11.189805
0.858316 -10.644266
0.720625 -10.703775
0.760644 -10.795794
0.858316 -10.644266
0.760644 -10.795794
0.898061 -10.735654
0.665891 -10.184651
0.526873 -10.240989
0.564775 -10.333899
0.665891 -10.184651
0.564775 -10.333899
0.703533 -10.276925
11.703775 1.925000
10.792648 -1.125000
12.615423 -1.125000
12.615423 -1.125000
12.253077 1.925000
11.795794 1.925000
11.703775 1.925000
12.615423 -1.125000
12.615423 -1.125000
12.162001 1.925000
10.867639 1.925000
10.773885 1.925000
10.792648 -1.125000
10.792648 -1.125000
11.333899 1.925000
11.240989 1.925000
10.867639 1.925000
10.792648 -1.125000
10.792648 -1.125000
0.484052 -9.720747
0.343779 -9.773885
0.379541 -9.867639
0.484052 -9.720747
0.519568 -9.813859
-11.189805 1.925000
-11.549668 1.875000
-11.549668 1.875000
-10.644266 1.925000
-10.735654 1.925000
-11.099352 1.925000
-11.549668 1.875000
-11.549668 1.875000
-10.644266 1.925000
-9.739382 1.875000
-9.739382 1.875000
-9.720747 1.925000
-9.813859 1.925000
-10.276925 1.925000
-9.739382 1.875000
-9.739382 1.875000
-10.184651 1.925000
-9.739382 1.875000
0.312890 -9.252797
0.171437 -9.302706
0.205042 -9.397255
0.312890 -9.252797
0.205042 -9.397255
0.346265 -9.346699
0.152499 -8.781048
0.009939 -8.827702
0.041367 -8.922997
0.152499 -8.781048
0.041367 -8.922997
0.183712 -8.875690
0.002960 -8.305746
-0.140632 -8.349121
-0.111396 -8.445111
0.002960 -8.305746
-0.111396 -8.445111
0.031995 -8.401078
-0.135649 -7.827143
-0.280197 -7.867216
-0.253169 -7.963851
-0.135649 -7.827143
-0.253169 -7.963851
-0.108806 -7.923116
8.963851 1.925000
8.867216 1.925000
8.905885 -1.125000
8.905885 -1.125000
9.827702 1.925000
9.445111 1.925000
9.349121 1.925000
8.905885 -1.125000
8.905885 -1.125000
9.827702 1.925000
8.905885 -1.125000
10.792648 -1.125000
10.792648 -1.125000
10.397255 1.925000
9.922997 1.925000
10.792648 -1.125000
10.792648 -1.125000
10.302706 1.925000
-9.346699 1.925000
-9.739382 1.875000
-9.739382 1.875000
-8.875690 1.925000
-9.252797 1.925000
-9.739382 1.875000
-8.875690 1.925000
-7.865546 1.875000
-7.865546 1.875000
-7.827143 1.925000
-7.923116 1.925000
-8.781048 1.925000
-7.865546 1.875000
-7.865546 1.875000
-8.305746 1.925000
-8.401078 1.925000
-7.865546 1.875000
-7.865546 1.875000
-0.263253 -7.345489
-0.408681 -7.382239
-0.383874 -7.479468
-0.263253 -7.345489
-0.383874 -7.479468
-0.238615 -7.442051
-0.379784 -6.861037
-0.526017 -6.894445
-0.503445 -6.992217
-0.379784 -6.861037
-0.503445 -6.992217
-0.357367 -6.958139
-0.485184 -6.374043
-0.632144 -6.404090
-0.611819 -6.502354
-0.485184 -6.374043
-0.611819 -6.502354
-0.464998 -6.471632
6.970664 -1.125000
7.894445 1.925000
7.502354 1.925000
7.404090 1.925000
7.010135 1.925000
6.970664 -1.125000
6.970664 -1.125000
7.894445 1.925000
6.970664 -1.125000
8.905885 -1.125000
8.905885 -1.125000
8.479467 1.925000
7.992217 1.925000
8.905885 -1.125000
8.905885 -1.125000
8.382238 1.925000
-7.442051 1.925000
-7.865546 1.875000
-7.865546 1.875000
-6.958139 1.925000
-7.345489 1.925000
-7.865546 1.875000
-6.958139 1.925000
-5.943586 1.875000
-5.943586 1.875000
-5.982787 1.925000
-6.374043 1.925000
-6.861037 1.925000
-5.943586 1.875000
-5.943586 1.875000
-6.471632 1.925000
-5.943586 1.875000
-5.884760 1.925000
-5.982787 1.925000
-5.943586 1.875000
-5.943586 1.875000
-4.999108 1.925000
-5.393447 1.925000
-5.491859 1.925000
-5.884760 1.925000
-5.943586 1.875000
-5.943586 1.875000
-5.393447 1.925000
-5.491859 1.925000
-4.999108 1.925000
-3.989320 1.875000
-3.989320 1.875000
-4.009168 1.925000
-4.405763 1.925000
-4.900362 1.925000
-4.999108 1.925000
-3.989320 1.875000
-3.989320 1.875000
-4.405763 1.925000
-4.504791 1.925000
-3.989320 1.875000
-4.504791 1.925000
-4.900362 1.925000
6.019670 1.925000
5.002914 -1.125000
6.970664 -1.125000
6.970664 -1.125000
7.010135 1.925000
6.911432 1.925000
6.416729 1.925000
6.019670 1.925000
6.970664 -1.125000
6.970664 -1.125000
6.911432 1.925000
6.515821 1.925000
6.515821 1.925000
6.416729 1.925000
5.422231 1.925000
5.022900 1.925000
5.002914 -1.125000
5.002914 -1.125000
6.019670 1.925000
5.920242 1.925000
5.521942 1.925000
5.422231 1.925000
5.002914 -1.125000
5.002914 -1.125000
5.920242 1.925000
5.521942 1.925000
-0.794440 -4.405763
-0.932288 -4.521942
-0.734064 -4.900362
-0.869215 -5.019670
-0.662372 -5.393447
-0.794751 -5.515821
-0.579397 -5.884760
-0.708937 -6.010135
4.021921 1.925000
3.018834 -1.125000
5.002914 -1.125000
5.002914 -1.125000
5.022900 1.925000
4.922957 1.925000
4.422683 1.925000
4.021921 1.925000
5.002914 -1.125000
5.002914 -1.125000
4.922957 1.925000
4.522805 1.925000
4.522805 1.925000
4.422683 1.925000
3.420187 1.925000
3.018834 -1.125000
3.018834 -1.125000
4.021921 1.925000
3.921672 1.925000
3.520509 1.925000
3.420187 1.925000
3.018834 -1.125000
3.921672 1.925000
3.520509 1.925000
-0.922209 -2.417437
-1.070114 -2.520509
-0.922209 -2.417437
-0.920154 -2.517071
-0.907366 -2.915486
-1.052870 -3.021921
-0.907366 -2.915486
-0.903027 -3.015047
-0.881113 -3.413064
-1.024140 -3.522805
-0.881113 -3.413064
-0.874494 -3.512500
-0.843464 -3.909910
-0.983940 -4.022900
-0.843464 -3.909910
-0.834569 -4.009168
-3.909910 1.925000
-3.989320 1.875000
-3.989320 1.875000
-3.015047 1.925000
-3.413064 1.925000
-3.512500 1.925000
-3.989320 1.875000
-3.989320 1.875000
-3.015047 1.925000
-2.018834 1.875000
-2.018834 1.875000
-2.417437 1.925000
-2.915486 1.925000
-2.018834 1.875000
-2.018834 1.875000
-2.517071 1.925000

342
12 0 184 13 1 185 15 2 186
15 3 187 14 4 188 12 5 189
14 6 190 15 7 191 17 8 192
17 9 193 16 10 194 14 11 195
16 12 196 17 13 197 19 14 198
19 15 199 18 16 200 16 17 201
18 18 202 19 19 203 21 20 204
21 21 205 20 22 206 18 23 207
20 24 208 21 25 209 23 26 210
23 27 211 22 28 212 20 29 213
1 30 214 3 31 215 15 32 216
15 33 217 13 34 13 1 35 1
3 36 218 5 37 219 17 38 220
17 39 221 15 40 15 3 41 3
5 42 222 7 43 223 19 44 224
19 45 225 17 46 17 5 47 5
7 48 226 9 49 227 21 50 228
21 51 229 19 52 19 7 53 7
9 54 230 11 55 11 23 56 231
23 57 23 21 58 21 9 59 9
38 60 232 39 61 233 41 62 234
41 63 235 40 64 236 38 65 237
25 66 238 37 67 239 41 68 240
41 69 241 39 70 39 25 71 242
37 72 243 36 73 244 40 74 245
40 75 246 41 76 41 37 77 247
36 78 248 24 79 249 38 80 250
38 81 38 40 82 40 36 83 251
46 84 252 47 85 253 49 86 254
49 87 255 48 88 256 46 89 257
42 90 258 43 91 259 47 92 260
47 93 261 46 94 262 42 95 263
43 96 264 45 97 265 49 98 266
49 99 267 47 100 47 43 101 268
45 102 269 44 103 270 48 104 271
48 105 272 49 106 49 45 107 273
44 108 274 42 109 275 46 110 276
46 111 46 48 112 48 44 113 277
54 114 278 55 115 279 57 116 280
57 117 281 56 118 282 54 119 283
50 120 284 51 121 285 55 122 286
55 123 287 54 124 288 50 125 289
51 126 290 53 127 291 57 128 292
57 129 293 55 130 55 51 131 294
53 132 295 52 133 296 56 134 297
56 135 298 57 136 57 53 137 299
52 138 300 50 139 301 54 140 302
54 141 54 56 142 56 52 143 303
62 144 304 63 145 305 65 146 306
65 147 307 64 148 308 62 149 309
58 150 310 59 151 311 63 152 312
63 153 313 62 154 314 58 155 315
59 156 316 61 157 317 65 158 318
65 159 319 63 160 63 59 161 320
61 162 321 60 163 322 64 164 323
64 165 324 65 166 65 61 167 325
60 168 326 58 169 327 62 170 328
62 171 62 64 172 64 60 173 329
68 174 330 69 175 331 71 176 332
71 177 333 70 178 334 68 179 335
26 180 336 27 181 337 69 182 338
69 183 339 68 184 340 26 185 341
27 186 342 67 187 343 71 188 344
71 189 345 69 190 69 27 191 346
67 192 347 66 193 348 70 194 349
70 195 350 71 196 71 67 197 351
66 198 352 26 199 353 68 200 354
68 201 68 70 202 70 66 203 355
76 204 356 77 205 357 79 206 358
79 207 359 78 208 360 76 209 361
72 210 362 73 211 363 77 212 364
77 213 365 76 214 366 72 215 367
73 216 368 75 217 369 79 218 370
79 219 371 77 220 77 73 221 372
75 222 373 74 223 374 78 224 375
78 225 376 79 226 79 75 227 377
74 228 378 72 229 379 76 230 380
76 231 76 78 232 78 74 233 381
84 234 382 85 235 383 87 236 384
87 237 385 86 238 386 84 239 387
80 240 388 81 241 389 85 242 390
85 243 391 84 244 392 80 245 393
81 246 394 83 247 395 87 248 396
87 249 397 85 250 85 81 251 398
83 252 399 82 253 400 86 254 401
86 255 402 87 256 87 83 257 403
82 258 404 80 259 405 84 260 406
84 261 84 86 262 86 82 263 407
92 264 408 93 265 409 95 266 410
95 267 411 94 268 412 92 269 413
88 270 414 89 271 415 93 272 416
93 273 417 92 274 418 88 275 419
89 276 420 91 277 421 95 278 422
95 279 423 93 280 93 89 281 424
91 282 425 90 283 426 94 284 427
94 285 428 95 286 95 91 287 429
90 288 430 88 289 431 92 290 432
92 291 92 94 292 94 90 293 433
98 294 434 99 295 435 101 296 436
101 297 437 100 298 438 98 299 439
28 300 440 29 301 441 99 302 442
99 303 443 98 304 444 28 305 445
29 306 446 97 307 447 101 308 448
101 309 449 99 310 99 29 311 450
97 312 451 96 313 452 100 314 453
100 315 454 101 316 101 97 317 455
96 318 456 28 319 457 98 320 458
98 321 98 100 322 100 96 323 459
106 324 460 107 325 461 109 326 462
109 327 463 108 328 464 106 329 465
102 330 466 103 331 467 107 332 468
107 333 469 106 334 470 102 335 471
103 336 472 105 337 473 109 338 474
109 339 475 107 340 107 103 341 476
105 342 477 104 343 478 108 344 479
108 345 480 109 346 109 105 347 481
104 348 482 102 349 483 106 350 484
106 351 106 108 352 108 104 353 485
114 354 486 115 355 487 117 356 488
117 357 489 116 358 490 114 359 491
110 360 492 111 361 493 115 362 494
115 363 495 114 364 496 110 365 497
111 366 498 113 367 499 117 368 500
117 369 501 115 370 115 111 371 502
113 372 503 112 373 504 116 374 505
116 375 506 117 376 117 113 377 507
112 378 508 110 379 509 114 380 510
114 381 114 116 382 116 112 383 511
120 384 512 121 385 513 123 386 514
123 387 515 122 388 516 120 389 517
118 390 518 119 391 519 121 392 520
121 393 521 120 394 522 118 395 523
119 396 524 31 397 525 123 398 526
123 399 527 121 400 121 119 401 528
31 402 529 30 403 530 122 404 531
122 405 532 123 406 123 31 407 533
30 408 534 118 409 535 120 410 536
120 411 120 122 412 122 30 413 537
128 414 538 129 415 539 131 416 540
131 417 541 130 418 542 128 419 543
124 420 544 125 421 545 129 422 546
129 423 547 128 424 548 124 425 549
125 426 550 127 427 551 131 428 552
131 429 553 129 430 129 125 431 554
127 432 555 126 433 556 130 434 557
130 435 558 131 436 131 127 437 559
126 438 560 124 439 561 128 440 562
128 441 128 130 442 130 126 443 563
136 444 564 137 445 565 139 446 566
139 447 567 138 448 568 136 449 569
132 450 570 133 451 571 137 452 572
137 453 573 136 454 574 132 455 575
133 456 576 135 457 577 139 458 578
139 459 579 137 460 137 133 461 580
135 462 581 134 463 582 138 464 583
138 465 584 139 466 139 135 467 585
134 468 586 132 469 587 136 470 588
136 471 136 138 472 138 134 473 589
144 474 590 145 475 591 147 476 592
147 477 593 146 478 594 144 479 595
140 480 596 141 481 597 145 482 598
145 483 599 144 484 600 140 485 601
141 486 602 143 487 603 147 488 604
147 489 605 145 490 145 141 491 606
143 492 607 142 493 608 146 494 609
146 495 610 147 496 147 143 497 611
142 498 612 140 499 613 144 500 614
144 501 144 146 502 146 142 503 615
150 504 616 151 505 617 153 506 618
153 507 619 152 508 620 150 509 621
148 510 622 149 511 623 151 512 624
151 513 625 150 514 626 148 515 627
149 516 628 33 517 629 153 518 630
153 519 631 151 520 151 149 521 632
33 522 633 32 523 634 152 524 635
152 525 636 153 526 153 33 527 637
32 528 638 148 529 639 150 530 640
150 531 150 152 532 152 32 533 641
158 534 642 159 535 643 161 536 644
161 537 645 160 538 646 158 539 647
154 540 648 155 541 649 159 542 650
159 543 651 158 544 652 154 545 653
155 546 654 157 547 655 161 548 656
161 549 657 159 550 159 155 551 658
157 552 659 156 553 660 160 554 661
160 555 662 161 556 161 157 557 663
156 558 664 154 559 665 158 560 666
158 561 158 160 562 160 156 563 667
166 564 668 167 565 669 169 566 670
169 567 671 168 568 672 166 569 673
162 570 674 163 571 675 167 572 676
167 573 677 166 574 678 162 575 679
163 576 680 165 577 681 169 578 682
169 579 683 167 580 167 163 581 684
165 582 685 164 583 686 168 584 687
168 585 688 169 586 169 165 587 689
164 588 690 162 589 691 166 590 692
166 591 166 168 592 168 164 593 693
174 594 694 175 595 695 177 596 696
177 597 697 176 598 698 174 599 699
170 600 700 171 601 701 175 602 702
175 603 703 174 604 704 170 605 705
171 606 706 173 607 707 177 608 708
177 609 709 175 610 175 171 611 710
173 612 711 172 613 712 176 614 713
176 615 714 177 616 177 173 617 715
172 618 716 170 619 717 174 620 718
174 621 174 176 622 176 172 623 719
180 624 720 181 625 721 183 626 722
183 627 723 182 628 724 180 629 725
178 630 726 179 631 727 181 632 728
181 633 729 180 634 730 178 635 731
179 636 732 35 637 733 183 638 734
183 639 183 181 640 181 179 641 735
34 642 736 178 643 737 180 644 738
180 645 180 182 646 182 34 647 739
43 648 740 42 649 741 36 650 742
43 651 743 36 652 744 37 653 745
51 654 746 50 655 747 44 656 748
51 657 749 44 658 750 45 659 751
59 660 752 58 661 753 52 662 754
59 663 755 52 664 756 53 665 757
50 666 758 2 667 759 0 668 760
0 669 761 24 670 24 36 671 762
44 672 763 50 673 764 0 674 765
0 675 766 36 676 36 42 677 767
0 678 0 42 679 42 44 680 44
60 681 768 26 682 769 2 683 770
2 684 771 50 685 50 52 686 772
58 687 773 60 688 774 2 689 775
2 690 776 52 691 52 58 692 58
27 693 777 26 694 778 60 695 779
27 696 780 60 697 60 61 698 781
37 699 782 25 700 25 12 701 783
12 702 784 51 703 785 45 704 786
43 705 787 37 706 37 12 707 788
12 708 789 45 709 45 43 710 43
51 711 790 12 712 12 14 713 791
14 714 792 27 715 793 61 716 794
53 717 795 51 718 51 14 719 796
14 720 797 61 721 61 59 722 798
14 723 799 59 724 59 53 725 53
73 726 800 72 727 801 66 728 802
73 729 803 66 730 804 67 731 805
81 732 806 80 733 807 74 734 808
81 735 809 74 736 810 75 737 811
89 738 812 88 739 813 82 740 814
89 741 815 82 742 816 83 743 817
29 744 818 28 745 819 90 746 820
29 747 821 90 748 822 91 749 823
90 750 824 28 751 825 4 752 826
4 753 827 80 754 828 82 755 829
88 756 830 90 757 90 4 758 831
4 759 832 82 760 82 88 761 88
80 762 833 4 763 834 2 764 835
2 765 836 26 766 26 66 767 837
74 768 838 80 769 80 2 770 839
2 771 840 66 772 66 72 773 841
2 774 2 72 775 72 74 776 74
67 777 842 27 778 27 14 779 843
14 780 844 75 781 845 73 782 846
14 783 847 73 784 73 67 785 67
75 786 848 14 787 14 16 788 849
16 789 850 29 790 851 91 791 852
81 792 853 75 793 75 16 794 854
16 795 855 91 796 91 89 797 856
83 798 857 81 799 81 16 800 858
16 801 859 89 802 89 83 803 83
103 804 860 102 805 861 96 806 862
103 807 863 96 808 864 97 809 865
111 810 866 110 811 867 104 812 868
111 813 869 104 814 870 105 815 871
119 816 872 118 817 873 112 818 874
119 819 875 112 820 876 113 821 877
6 822 878 110 823 879 112 824 880
118 825 881 30 826 882 6 827 883
6 828 884 112 829 112 118 830 118
110 831 885 6 832 886 4 833 887
4 834 888 28 835 28 96 836 889
104 837 890 110 838 110 4 839 891
4 840 892 96 841 96 102 842 893
4 843 4 102 844 102 104 845 104
97 846 894 29 847 29 16 848 895
16 849 896 105 850 897 103 851 898
16 852 899 103 853 103 97 854 97
105 855 900 16 856 16 18 857 901
18 858 902 31 859 903 119 860 904
111 861 905 105 862 105 18 863 906
18 864 907 119 865 119 113 866 908
18 867 909 113 868 113 111 869 111
125 870 910 31 871 911 18 872 912
18 873 913 135 874 914 133 875 915
127 876 916 125 877 917 18 878 918
18 879 919 133 880 920 127 881 921
135 882 922 18 883 18 20 884 923
20 885 924 33 886 925 149 887 926
141 888 927 135 889 928 20 890 929
20 891 930 149 892 931 143 893 932
20 894 933 143 895 934 141 896 935
134 897 936 8 898 937 6 899 938
6 900 939 30 901 940 124 902 941
132 903 942 134 904 943 6 905 944
6 906 945 124 907 946 126 908 947
6 909 6 126 910 948 132 911 949
148 912 950 32 913 951 8 914 952
8 915 953 134 916 954 140 917 955
142 918 956 148 919 957 8 920 958
8 921 959 140 922 960 142 923 961
149 924 962 148 925 148 142 926 963
149 927 149 142 928 142 143 929 143
141 930 964 140 931 140 134 932 965
141 933 141 134 934 134 135 935 135
133 936 966 132 937 132 126 938 967
133 939 133 126 940 126 127 941 127
125 942 968 124 943 124 30 944 969
125 945 125 30 946 30 31 947 31
164 948 970 10 949 971 8 950 972
8 951 973 32 952 974 154 953 975
162 954 976 164 955 977 8 956 978
8 957 979 154 958 980 156 959 981
8 960 8 156 961 982 162 962 983
178 963 984 34 964 34 10 965 985
10 966 986 164 967 987 170 968 988
172 969 989 178 970 990 10 971 991
10 972 10 170 973 992 172 974 993
179 975 994 178 976 178 172 977 995
179 978 996 172 979 172 173 980 997
171 981 998 170 982 170 164 983 999
171 984 1000 164 985 164 165 986 1001
163 987 1002 162 988 162 156 989 1003
163 990 1004 156 991 156 157 992 1005
155 993 1006 154 994 154 32 995 1007
155 996 1008 32 997 32 33 998 1009
155 999 1010 33 1000 33 20 1001 1011
20 1002 1012 165 1003 1013 163 1004 1014
157 1005 1015 155 1006 155 20 1007 1016
20 1008 1017 163 1009 163 157 1010 157
165 1011 1018 20 1012 20 22 1013 1019
22 1014 1020 35 1015 35 179 1016 1021
171 1017 1022 165 1018 165 22 1019 1023
22 1020 1024 179 1021 179 173 1022 1025
22 1023 22 173 1024 173 171 1025 171
