218
0.000000 0.000000 0.000000
-90.000023 155.884567 0.000000
-137.888016 115.701752 0.000000
-169.144684 61.563599 0.000000
-180.000000 -0.000032 0.000000
-169.144653 -61.563660 0.000000
-137.887970 -115.701797 0.000000
-89.999962 -155.884598 0.000000
-31.256626 -177.265396 0.000000
31.256721 -177.265381 0.000000
90.000023 -155.884567 0.000000
-90.000023 155.884567 1200.000000
-137.888016 115.701752 1200.000000
-169.144684 61.563599 1200.000000
-180.000000 -0.000032 1200.000000
-169.144653 -61.563660 1200.000000
-137.887970 -115.701797 1200.000000
-89.999962 -155.884598 1200.000000
-31.256626 -177.265396 1200.000000
31.256721 -177.265381 1200.000000
90.000023 -155.884567 1200.000000
0.000000 0.000000 1260.000000
137.888000 -115.701767 0.000000
169.144684 -61.563614 0.000000
180.000000 0.000016 0.000000
169.144653 61.563644 0.000000
137.887985 115.701782 0.000000
89.999977 155.884583 0.000000
31.256641 177.265396 0.000000
-31.256706 177.265381 0.000000
137.888000 -115.701767 1200.000000
169.144684 -61.563614 1200.000000
180.000000 0.000016 1200.000000
169.144653 61.563644 1200.000000
137.887985 115.701782 1200.000000
89.999977 155.884583 1200.000000
31.256641 177.265396 1200.000000
-31.256706 177.265381 1200.000000
108.000023 -187.061462 1236.000000
165.465591 -138.842102 1236.000000
202.973602 -73.876328 1236.000000
215.999985 0.000019 1236.000000
202.973572 73.876373 1236.000000
165.465576 138.842133 1236.000000
107.999962 187.061493 1236.000000
37.507969 212.718460 1236.000000
-37.508045 212.718445 1236.000000
-108.000023 187.061462 1236.000000
84.397964 -198.829010 1308.000000
147.311646 -157.972382 1308.000000
192.457397 -98.061928 1308.000000
214.389954 -26.323759 1308.000000
210.463898 48.589447 1308.000000
181.152817 117.642044 1308.000000
129.992004 172.505280 1308.000000
63.152248 206.561813 1308.000000
-11.304607 215.703949 1308.000000
-84.397949 198.829010 1308.000000
70.114639 -165.179626 1308.000000
122.380951 -131.237488 1308.000000
159.886353 -81.466148 1308.000000
178.107071 -21.868786 1308.000000
174.845459 40.366280 1308.000000
150.494919 97.732559 1308.000000
107.992462 143.310867 1308.000000
52.464504 171.603760 1308.000000
-9.391445 179.198700 1308.000000
-70.114624 165.179626 1308.000000
89.722336 -155.403595 1260.000000
137.462570 -115.344772 1260.000000
168.622803 -61.373665 1260.000000
179.444626 0.000013 1260.000000
168.622772 61.373699 1260.000000
137.462555 115.344795 1260.000000
89.722290 155.403625 1260.000000
31.160204 176.718460 1260.000000
-31.160271 176.718445 1260.000000
-89.722336 155.403595 1260.000000
129.992050 -172.505264 1308.000000
181.152832 -117.642014 1308.000000
210.463928 -48.589409 1308.000000
214.389938 26.323793 1308.000000
192.457382 98.061966 1308.000000
147.311615 157.972397 1308.000000
84.397881 198.829056 1308.000000
11.304531 215.703949 1308.000000
-63.152321 206.561783 1308.000000
107.992477 -143.310852 1308.000000
150.494919 -97.732536 1308.000000
174.845490 -40.366241 1308.000000
178.107071 21.868811 1308.000000
159.886307 81.466171 1308.000000
122.380920 131.237503 1308.000000
70.114578 165.179672 1308.000000
9.391376 179.198700 1308.000000
-52.464569 171.603729 1308.000000
147.311646 -157.972336 1272.000366
192.457397 -98.061928 1272.000366
214.389954 -26.323744 1272.000366
210.463898 48.589466 1272.000366
181.152817 117.642044 1272.000366
129.992004 172.505325 1272.000366
63.152248 206.561859 1272.000366
-11.304607 215.703995 1272.000366
-84.397957 198.829056 1272.000366
122.380943 -131.237442 1272.000366
159.886353 -81.466148 1272.000366
178.107071 -21.868769 1272.000366
174.845459 40.366299 1272.000366
150.494919 97.732559 1272.000366
107.992462 143.310913 1272.000366
52.464504 171.603806 1272.000366
-9.391445 179.198746 1272.000366
-70.114632 165.179672 1272.000366
129.992050 -172.505219 1272.000366
181.152832 -117.642014 1272.000366
210.463928 -48.589390 1272.000366
214.389938 26.323809 1272.000366
192.457382 98.061966 1272.000366
147.311615 157.972443 1272.000366
84.397881 198.829102 1272.000366
11.304531 215.703995 1272.000366
-63.152321 206.561829 1272.000366
107.992477 -143.310806 1272.000366
150.494919 -97.732536 1272.000366
174.845490 -40.366226 1272.000366
178.107071 21.868826 1272.000366
159.886307 81.466171 1272.000366
122.380920 131.237549 1272.000366
70.114578 165.179718 1272.000366
9.391376 179.198746 1272.000366
-52.464569 171.603775 1272.000366
-165.465607 138.842087 1236.000000
-202.973602 73.876312 1236.000000
-215.999985 -0.000038 1236.000000
-202.973572 -73.876389 1236.000000
-165.465561 -138.842148 1236.000000
-107.999947 -187.061508 1236.000000
-37.507950 -212.718460 1236.000000
37.508064 -212.718445 1236.000000
-147.311661 157.972366 1308.000000
-192.457413 98.061913 1308.000000
-214.389954 26.323740 1308.000000
-210.463898 -48.589466 1308.000000
-181.152802 -117.642059 1308.000000
-129.991989 -172.505295 1308.000000
-63.152229 -206.561813 1308.000000
11.304626 -215.703949 1308.000000
-122.380959 131.237473 1308.000000
-159.886353 81.466133 1308.000000
-178.107071 21.868769 1308.000000
-174.845459 -40.366295 1308.000000
-150.494904 -97.732574 1308.000000
-107.992447 -143.310883 1308.000000
-52.464489 -171.603760 1308.000000
9.391460 -179.198700 1308.000000
-137.462585 115.344757 1260.000000
-168.622803 61.373650 1260.000000
-179.444626 -0.000029 1260.000000
-168.622772 -61.373714 1260.000000
-137.462540 -115.344810 1260.000000
-89.722275 -155.403641 1260.000000
-31.160189 -176.718460 1260.000000
31.160286 -176.718445 1260.000000
-129.992065 172.505249 1308.000000
-181.152847 117.641998 1308.000000
-210.463928 48.589390 1308.000000
-214.389938 -26.323812 1308.000000
-192.457367 -98.061981 1308.000000
-147.311600 -157.972412 1308.000000
-84.397865 -198.829056 1308.000000
-11.304512 -215.703949 1308.000000
63.152340 -206.561783 1308.000000
-107.992493 143.310837 1308.000000
-150.494934 97.732521 1308.000000
-174.845490 40.366226 1308.000000
-178.107071 -21.868826 1308.000000
-159.886307 -81.466187 1308.000000
-122.380905 -131.237518 1308.000000
-70.114563 -165.179672 1308.000000
-9.391361 -179.198700 1308.000000
52.464584 -171.603729 1308.000000
-147.311661 157.972321 1272.000366
-192.457413 98.061913 1272.000366
-214.389954 26.323725 1272.000366
-210.463898 -48.589485 1272.000366
-181.152802 -117.642059 1272.000366
-129.991989 -172.505341 1272.000366
-63.152229 -206.561859 1272.000366
11.304626 -215.703995 1272.000366
84.397972 -198.829056 1272.000366
-122.380959 131.237427 1272.000366
-159.886353 81.466133 1272.000366
-178.107071 21.868753 1272.000366
-174.845459 -40.366314 1272.000366
-150.494904 -97.732574 1272.000366
-107.992447 -143.310928 1272.000366
-52.464489 -171.603806 1272.000366
9.391460 -179.198746 1272.000366
70.114647 -165.179672 1272.000366
-129.992065 172.505203 1272.000366
-181.152847 117.641998 1272.000366
-210.463928 48.589371 1272.000366
-214.389938 -26.323828 1272.000366
-192.457367 -98.061981 1272.000366
-147.311600 -157.972458 1272.000366
-84.397865 -198.829102 1272.000366
-11.304512 -215.703995 1272.000366
63.152340 -206.561829 1272.000366
-107.992493 143.310791 1272.000366
-150.494934 97.732521 1272.000366
-174.845490 40.366211 1272.000366
-178.107071 -21.868841 1272.000366
-159.886307 -81.466187 1272.000366
-122.380905 -131.237564 1272.000366
-70.114563 -165.179718 1272.000366
-9.391361 -179.198746 1272.000366
52.464584 -171.603775 1272.000366

1296
0.000000 0.000000 -1.000000
0.000000 0.000000 -1.000000
0.000000 0.000000 -1.000000
0.000000 0.000000 -1.000000
0.000000 0.000000 -1.000000
0.000000 0.000000 -1.000000
0.000000 0.000000 -1.000000
0.000000 0.000000 -1.000000
0.000000 0.000000 -1.000000
0.000000 0.000000 -1.000000
0.000000 0.000000 -1.000000
0.000000 0.000000 -1.000000
0.000000 0.000000 -1.000000
0.000000 0.000000 -1.000000
0.000000 0.000000 -1.000000
0.000000 0.000000 -1.000000
0.000000 0.000000 -1.000000
0.000000 0.000000 -1.000000
0.000000 0.000000 -1.000000
0.000000 0.000000 -1.000000
0.000000 0.000000 -1.000000
0.000000 0.000000 -1.000000
0.000000 0.000000 -1.000000
0.000000 0.000000 -1.000000
0.000000 0.000000 -1.000000
0.000000 0.000000 -1.000000
0.000000 0.000000 -1.000000
-0.500000 0.866025 0.000000
-0.766044 0.642787 0.000000
-0.500000 0.866025 0.000000
-0.500000 0.866025 0.000000
-0.766045 0.642787 0.000000
-0.766044 0.642787 0.000000
-0.766045 0.642787 0.000000
-0.939693 0.342020 0.000000
-0.766044 0.642787 0.000000
-0.766045 0.642787 0.000000
-0.939693 0.342020 0.000000
-0.939693 0.342020 0.000000
-0.939693 0.342020 0.000000
-1.000000 -0.000000 0.000000
-0.939693 0.342020 0.000000
-0.939693 0.342020 0.000000
-1.000000 -0.000000 0.000000
-1.000000 -0.000000 0.000000
-1.000000 -0.000000 0.000000
-0.939692 -0.342020 0.000000
-1.000000 -0.000000 0.000000
-1.000000 -0.000000 0.000000
-0.939693 -0.342020 0.000000
-0.939692 -0.342020 0.000000
-0.939693 -0.342020 0.000000
-0.766044 -0.642788 0.000000
-0.939692 -0.342020 0.000000
-0.939693 -0.342020 0.000000
-0.766044 -0.642788 0.000000
-0.766044 -0.642788 0.000000
-0.766044 -0.642788 0.000000
-0.500000 -0.866025 0.000000
-0.766044 -0.642788 0.000000
-0.766044 -0.642788 0.000000
-0.500000 -0.866026 0.000000
-0.500000 -0.866025 0.000000
-0.500000 -0.866026 0.000000
-0.173648 -0.984808 0.000000
-0.500000 -0.866025 0.000000
-0.500000 -0.866026 0.000000
-0.173648 -0.984808 0.000000
-0.173648 -0.984808 0.000000
-0.173648 -0.984808 0.000000
0.173648 -0.984808 0.000000
-0.173648 -0.984808 0.000000
-0.173648 -0.984808 0.000000
0.173648 -0.984808 0.000000
0.173648 -0.984808 0.000000
0.173648 -0.984808 0.000000
0.500000 -0.866025 0.000000
0.173648 -0.984808 0.000000
0.173648 -0.984808 0.000000
0.500000 -0.866025 0.000000
0.500000 -0.866025 0.000000
0.000000 0.000000 1.000000
0.000000 0.000000 1.000000
0.000000 0.000000 1.000000
0.000000 0.000000 1.000000
0.000000 0.000000 1.000000
0.000000 0.000000 1.000000
0.000000 0.000000 1.000000
0.000000 0.000000 1.000000
0.000000 0.000000 1.000000
0.000000 0.000000 1.000000
0.000000 0.000000 1.000000
0.000000 0.000000 1.000000
0.000000 0.000000 1.000000
0.000000 0.000000 1.000000
0.000000 0.000000 1.000000
0.000000 0.000000 1.000000
0.000000 0.000000 1.000000
0.000000 0.000000 1.000000
0.000000 0.000000 1.000000
0.000000 0.000000 1.000000
0.000000 0.000000 1.000000
0.000000 0.000000 1.000000
0.000000 0.000000 1.000000
0.000000 0.000000 1.000000
0.000000 0.000000 1.000000
0.000000 0.000000 1.000000
0.000000 0.000000 1.000000
-0.353554 0.612373 -0.707107
-0.541675 0.454520 -0.707107
-0.541675 0.454519 -0.707107
-0.541675 0.454519 -0.707107
-0.353554 0.612373 -0.707107
-0.353554 0.612373 -0.707107
-0.541675 0.454520 -0.707107
-0.664463 0.241845 -0.707107
-0.664463 0.241845 -0.707107
-0.664463 0.241845 -0.707107
-0.541675 0.454519 -0.707107
-0.541675 0.454520 -0.707107
-0.664463 0.241845 -0.707107
-0.707107 -0.000000 -0.707107
-0.707107 -0.000000 -0.707107
-0.707107 -0.000000 -0.707107
-0.664463 0.241845 -0.707107
-0.664463 0.241845 -0.707107
-0.707107 -0.000000 -0.707107
-0.664463 -0.241845 -0.707107
-0.664463 -0.241845 -0.707107
-0.664463 -0.241845 -0.707107
-0.707107 -0.000000 -0.707107
-0.707107 -0.000000 -0.707107
-0.664463 -0.241845 -0.707107
-0.541675 -0.454520 -0.707107
-0.541675 -0.454520 -0.707107
-0.541675 -0.454520 -0.707107
-0.664463 -0.241845 -0.707107
-0.664463 -0.241845 -0.707107
-0.541675 -0.454520 -0.707107
-0.353553 -0.612373 -0.707107
-0.353553 -0.612373 -0.707107
-0.353553 -0.612373 -0.707107
-0.541675 -0.454520 -0.707107
-0.541675 -0.454520 -0.707107
-0.353553 -0.612373 -0.707107
-0.122788 -0.696364 -0.707107
-0.122788 -0.696364 -0.707107
-0.122788 -0.696364 -0.707107
-0.353553 -0.612373 -0.707107
-0.353553 -0.612373 -0.707107
-0.122788 -0.696364 -0.707107
0.122788 -0.696364 -0.707107
0.122788 -0.696364 -0.707107
0.122788 -0.696364 -0.707107
-0.122788 -0.696364 -0.707107
-0.122788 -0.696364 -0.707107
0.122788 -0.696364 -0.707107
0.353554 -0.612373 -0.707107
0.353554 -0.612372 -0.707107
0.353554 -0.612372 -0.707107
0.122788 -0.696364 -0.707107
0.122788 -0.696364 -0.707107
0.000000 0.000000 1.000000
0.000000 0.000000 1.000000
0.000000 0.000000 1.000000
0.000000 0.000000 1.000000
0.000000 0.000000 1.000000
0.000000 0.000000 1.000000
-0.798635 -0.601815 0.000001
-0.798635 -0.601815 0.000001
-0.798635 -0.601815 0.000001
-0.798635 -0.601815 0.000001
-0.798635 -0.601815 0.000001
-0.798635 -0.601815 0.000001
0.000000 0.000000 1.000000
0.000000 0.000000 1.000000
0.000000 0.000000 1.000000
0.000000 0.000000 1.000000
0.000000 0.000000 1.000000
0.000000 0.000000 1.000000
-0.573946 0.818381 -0.028979
-0.500000 0.866026 -0.000001
-0.495114 0.868748 0.011776
-0.573946 0.818381 -0.028979
-0.495114 0.868748 0.011776
-0.500375 0.864854 -0.040655
-0.500375 0.864854 -0.040655
-0.765996 0.641559 -0.040655
-0.687465 0.725186 -0.038688
-0.500375 0.864854 -0.040655
-0.687465 0.725186 -0.038688
-0.573946 0.818381 -0.028979
-0.687465 0.725186 -0.038688
-0.765996 0.641559 -0.040655
-0.762384 0.647018 0.011776
0.731354 0.681998 -0.000001
0.731354 0.681999 -0.000001
0.731354 0.681999 -0.000001
0.731354 0.681999 -0.000001
0.731354 0.681998 -0.000001
0.731354 0.681999 -0.000001
0.676262 -0.727794 0.113952
0.762095 -0.647337 -0.012902
0.768466 -0.638298 0.045115
0.768466 -0.638298 0.045115
0.503813 -0.862634 0.045115
0.585793 -0.803907 0.102862
0.768466 -0.638298 0.045115
0.585793 -0.803907 0.102862
0.676262 -0.727794 0.113952
0.585793 -0.803907 0.102862
0.503813 -0.862634 0.045115
0.494734 -0.868949 -0.012902
0.585793 -0.803907 0.102862
0.494734 -0.868949 -0.012902
0.500000 -0.866025 0.000001
0.000000 0.000000 1.000000
0.000000 0.000000 1.000000
0.000000 0.000000 1.000000
0.000000 0.000000 1.000000
0.000000 0.000000 1.000000
0.000000 0.000000 1.000000
-0.544639 -0.838671 0.000000
-0.544639 -0.838671 0.000000
-0.544639 -0.838671 0.000000
-0.544639 -0.838671 0.000000
-0.544639 -0.838671 0.000000
-0.544639 -0.838671 0.000000
0.825417 -0.555073 0.102862
0.768466 -0.638298 0.045115
0.762095 -0.647337 -0.012902
0.825417 -0.555073 0.102862
0.762095 -0.647337 -0.012902
0.766045 -0.642787 0.000000
0.000000 0.000000 1.000000
0.000000 0.000000 1.000000
0.000000 0.000000 1.000000
0.000000 0.000000 1.000000
0.000000 0.000000 1.000000
0.000000 0.000000 1.000000
0.884399 -0.452607 0.113954
0.940433 -0.336972 0.045116
0.768466 -0.638298 0.045115
0.884399 -0.452607 0.113954
0.768466 -0.638298 0.045115
0.825417 -0.555073 0.102862
0.884399 -0.452607 0.113954
0.937537 -0.347645 -0.012902
0.940433 -0.336972 0.045116
0.453990 0.891007 0.000000
0.453990 0.891007 0.000000
0.453990 0.891007 0.000000
0.453990 0.891007 0.000000
0.453990 0.891007 0.000000
0.453990 0.891007 0.000000
-0.819235 0.572725 -0.028979
-0.766045 0.642787 0.000000
-0.762384 0.647018 0.011776
-0.819235 0.572725 -0.028979
-0.762384 0.647018 0.011776
-0.765996 0.641559 -0.040655
-0.765996 0.641559 -0.040655
-0.939227 0.340882 -0.040655
-0.894035 0.446324 -0.038688
-0.765996 0.641559 -0.040655
-0.894035 0.446324 -0.038688
-0.819235 0.572725 -0.028979
-0.894035 0.446324 -0.038688
-0.939227 0.340882 -0.040655
-0.937700 0.347247 0.011776
0.121869 0.992546 -0.000000
0.121869 0.992546 -0.000000
0.121869 0.992546 -0.000000
0.121869 0.992546 -0.000000
0.121869 0.992546 -0.000000
0.121869 0.992546 -0.000000
0.000000 0.000000 1.000000
0.000000 0.000000 1.000000
0.000000 0.000000 1.000000
0.000000 0.000000 1.000000
0.000000 0.000000 1.000000
0.000000 0.000000 1.000000
0.000000 0.000000 1.000000
0.000000 0.000000 1.000000
0.000000 0.000000 1.000000
0.000000 0.000000 1.000000
0.000000 0.000000 1.000000
0.000000 0.000000 1.000000
0.985864 -0.122829 0.113952
0.999899 -0.006023 -0.012902
0.998969 0.004997 0.045116
0.998969 0.004997 0.045116
0.940433 -0.336972 0.045116
0.965484 -0.239288 0.102864
0.998969 0.004997 0.045116
0.965484 -0.239288 0.102864
0.985864 -0.122829 0.113952
0.965484 -0.239288 0.102864
0.940433 -0.336972 0.045116
0.937537 -0.347645 -0.012902
0.965484 -0.239288 0.102864
0.937537 -0.347645 -0.012902
0.939693 -0.342020 0.000000
-0.224951 -0.974370 0.000001
-0.224951 -0.974370 0.000001
-0.224951 -0.974370 0.000001
-0.224951 -0.974370 0.000000
-0.224951 -0.974370 0.000000
-0.224951 -0.974370 0.000000
-0.965713 0.257991 -0.028979
-0.939693 0.342020 -0.000000
-0.937700 0.347247 0.011776
-0.965713 0.257991 -0.028979
-0.937700 0.347247 0.011776
-0.939227 0.340882 -0.040655
-0.939227 0.340882 -0.040655
-0.999173 -0.000910 -0.040655
-0.992770 0.113630 -0.038688
-0.939227 0.340882 -0.040655
-0.992770 0.113630 -0.038688
-0.965713 0.257991 -0.028979
-0.992770 0.113630 -0.038688
-0.999173 -0.000910 -0.040655
-0.999915 0.005593 0.011777
-0.224951 0.974370 -0.000001
-0.224951 0.974370 -0.000001
-0.224951 0.974370 -0.000001
-0.224951 0.974370 -0.000001
-0.224951 0.974370 -0.000001
-0.224951 0.974370 -0.000001
0.000000 0.000000 1.000000
0.000000 0.000000 1.000000
0.000000 0.000000 1.000000
0.000000 0.000000 1.000000
0.000000 0.000000 1.000000
0.000000 0.000000 1.000000
0.000000 0.000000 1.000000
0.000000 0.000000 1.000000
0.000000 0.000000 1.000000
0.000000 0.000000 1.000000
0.000000 0.000000 1.000000
0.000000 0.000000 1.000000
0.968419 0.221764 0.113954
0.941657 0.336326 -0.012902
0.937015 0.346363 0.045116
0.937015 0.346363 0.045116
0.998969 0.004997 0.045116
0.989100 0.105357 0.102864
0.937015 0.346363 0.045116
0.989100 0.105357 0.102864
0.968419 0.221764 0.113954
0.989100 0.105357 0.102864
0.998969 0.004997 0.045116
0.999899 -0.006023 -0.012902
0.989100 0.105357 0.102864
0.999899 -0.006023 -0.012902
1.000000 0.000000 0.000000
0.121870 -0.992546 0.000000
0.121870 -0.992546 0.000000
0.121870 -0.992546 0.000000
0.121870 -0.992546 0.000000
0.121870 -0.992546 0.000000
0.121870 -0.992546 0.000000
-0.995711 -0.087861 -0.028979
-1.000000 -0.000000 0.000000
-0.999915 0.005593 0.011777
-0.995711 -0.087861 -0.028979
-0.999915 0.005593 0.011777
-0.999173 -0.000910 -0.040655
-0.999173 -0.000910 -0.040655
-0.938604 -0.342592 -0.040655
-0.971762 -0.232770 -0.038688
-0.999173 -0.000910 -0.040655
-0.971762 -0.232770 -0.038688
-0.995711 -0.087861 -0.028979
-0.971762 -0.232770 -0.038688
-0.938604 -0.342592 -0.040655
-0.941526 -0.336735 0.011777
-0.544639 0.838670 0.000000
-0.544639 0.838670 0.000000
-0.544639 0.838670 0.000000
-0.544639 0.838670 0.000000
-0.544639 0.838670 0.000000
-0.544639 0.838670 0.000000
0.000000 0.000000 1.000000
0.000000 0.000000 1.000000
0.000000 0.000000 1.000000
0.000000 0.000000 1.000000
0.000000 0.000000 1.000000
0.000000 0.000000 1.000000
0.000000 0.000000 1.000000
0.000000 0.000000 1.000000
0.000000 0.000000 1.000000
0.000000 0.000000 1.000000
0.000000 0.000000 1.000000
0.000000 0.000000 1.000000
0.834169 0.539608 0.113953
0.769839 0.638108 -0.012902
0.762043 0.645952 0.045116
0.762043 0.645952 0.045116
0.937015 0.346363 0.045116
0.893416 0.437296 0.102863
0.762043 0.645952 0.045116
0.893416 0.437296 0.102863
0.834169 0.539608 0.113953
0.893416 0.437296 0.102863
0.937015 0.346363 0.045116
0.941657 0.336326 -0.012902
0.893416 0.437296 0.102863
0.941657 0.336326 -0.012902
0.939693 0.342020 0.000000
0.453991 -0.891006 0.000000
0.453991 -0.891006 0.000000
0.453991 -0.891006 0.000000
0.453991 -0.891006 0.000000
0.453991 -0.891006 0.000000
0.453991 -0.891006 0.000000
-0.938604 -0.342592 -0.040655
-0.764826 -0.642953 -0.040656
-0.833546 -0.551094 -0.038688
-0.938604 -0.342592 -0.040655
-0.833546 -0.551094 -0.038688
-0.905612 -0.423115 -0.028979
-0.833546 -0.551094 -0.038688
-0.764826 -0.642953 -0.040656
-0.769575 -0.638448 0.011777
-0.905612 -0.423115 -0.028979
-0.939692 -0.342020 0.000000
-0.941526 -0.336735 0.011777
-0.905612 -0.423115 -0.028979
-0.941526 -0.336735 0.011777
-0.938604 -0.342592 -0.040655
0.000000 0.000000 1.000000
0.000000 0.000000 1.000000
0.000000 0.000000 1.000000
0.000000 0.000000 1.000000
0.000000 0.000000 1.000000
0.000000 0.000000 1.000000
-0.798636 0.601815 -0.000001
-0.798636 0.601815 -0.000001
-0.798636 0.601815 -0.000001
-0.798636 0.601815 -0.000001
-0.798636 0.601815 -0.000001
-0.798636 0.601815 -0.000001
0.000000 0.000000 1.000000
0.000000 0.000000 1.000000
0.000000 0.000000 1.000000
0.000000 0.000000 1.000000
0.000000 0.000000 1.000000
0.000000 0.000000 1.000000
0.599304 0.792369 0.113956
0.505165 0.862926 -0.012902
0.495157 0.867631 0.045117
0.495157 0.867631 0.045117
0.762043 0.645952 0.045116
0.689972 0.716489 0.102865
0.495157 0.867631 0.045117
0.689972 0.716489 0.102865
0.599304 0.792369 0.113956
0.689972 0.716489 0.102865
0.762043 0.645952 0.045116
0.769839 0.638108 -0.012902
0.689972 0.716489 0.102865
0.769839 0.638108 -0.012902
0.766044 0.642788 -0.000001
0.731354 -0.681998 0.000001
0.731354 -0.681998 0.000001
0.731354 -0.681998 0.000001
0.731354 -0.681998 0.000001
0.731354 -0.681998 0.000001
0.731354 -0.681998 0.000001
-0.706283 -0.707336 -0.028979
-0.766044 -0.642788 0.000001
-0.769575 -0.638448 0.011777
-0.706283 -0.707336 -0.028979
-0.769575 -0.638448 0.011777
-0.764826 -0.642953 -0.040656
-0.764826 -0.642953 -0.040656
-0.498798 -0.865764 -0.040656
-0.594790 -0.802950 -0.038688
-0.764826 -0.642953 -0.040656
-0.594790 -0.802950 -0.038688
-0.706283 -0.707336 -0.028979
-0.594790 -0.802950 -0.038688
-0.498798 -0.865764 -0.040656
-0.504801 -0.863155 0.011777
-0.956305 0.292371 -0.000000
-0.956305 0.292371 -0.000000
-0.956305 0.292371 -0.000000
-0.956305 0.292371 -0.000000
-0.956305 0.292371 -0.000000
-0.956305 0.292371 -0.000000
0.000000 0.000000 1.000000
0.000000 0.000000 1.000000
0.000000 0.000000 1.000000
0.000000 0.000000 1.000000
0.000000 0.000000 1.000000
0.000000 0.000000 1.000000
0.000000 0.000000 1.000000
0.000000 0.000000 1.000000
0.000000 0.000000 1.000000
0.000000 0.000000 1.000000
0.000000 0.000000 1.000000
0.000000 0.000000 1.000000
0.292155 0.949558 0.113955
0.179562 0.983662 -0.012902
0.168548 0.984660 0.045117
0.168548 0.984660 0.045117
0.495157 0.867631 0.045117
0.403308 0.909264 0.102866
0.168548 0.984660 0.045117
0.403308 0.909264 0.102866
0.292155 0.949558 0.113955
0.403308 0.909264 0.102866
0.495157 0.867631 0.045117
0.505165 0.862926 -0.012902
0.403308 0.909264 0.102866
0.505165 0.862926 -0.012902
0.500000 0.866026 -0.000001
0.920505 -0.390731 0.000000
0.920505 -0.390731 0.000000
0.920505 -0.390731 0.000000
0.920505 -0.390731 0.000000
0.920505 -0.390731 0.000000
0.920505 -0.390731 0.000000
-0.421766 -0.906242 -0.028980
-0.500000 -0.866026 0.000001
-0.504801 -0.863155 0.011777
-0.421766 -0.906242 -0.028980
-0.504801 -0.863155 0.011777
-0.498798 -0.865764 -0.040656
-0.498798 -0.865764 -0.040656
-0.172608 -0.984151 -0.040656
-0.284294 -0.957956 -0.038688
-0.498798 -0.865764 -0.040656
-0.284294 -0.957956 -0.038688
-0.421766 -0.906242 -0.028980
-0.284294 -0.957956 -0.038688
-0.172608 -0.984151 -0.040656
-0.179141 -0.983753 0.011777
0.000000 0.000000 1.000000
0.000000 0.000000 1.000000
0.000000 0.000000 1.000000
0.000000 0.000000 1.000000
0.000000 0.000000 1.000000
0.000000 0.000000 1.000000
-0.998629 -0.052336 0.000000
-0.998630 -0.052336 0.000000
-0.998630 -0.052336 0.000000
-0.998630 -0.052336 0.000000
-0.998629 -0.052336 0.000000
-0.998630 -0.052336 0.000000
0.000000 0.000000 1.000000
0.000000 0.000000 1.000000
0.000000 0.000000 1.000000
0.000000 0.000000 1.000000
0.000000 0.000000 1.000000
0.000000 0.000000 1.000000
-0.050232 0.992215 0.113956
-0.167699 0.985754 -0.012902
-0.178390 0.982925 0.045117
-0.178390 0.982925 0.045117
0.168548 0.984660 0.045117
0.067999 0.992368 0.102866
-0.178390 0.982925 0.045117
0.067999 0.992368 0.102866
-0.050232 0.992215 0.113956
0.067999 0.992368 0.102866
0.168548 0.984660 0.045117
0.179562 0.983662 -0.012902
0.067999 0.992368 0.102866
0.179562 0.983662 -0.012902
0.173648 0.984808 -0.000001
0.998630 -0.052336 0.000000
0.998630 -0.052336 0.000000
0.998630 -0.052336 0.000000
0.998630 -0.052336 0.000000
0.998630 -0.052336 0.000000
0.998630 -0.052336 0.000000
-0.086378 -0.995841 -0.028980
-0.173648 -0.984808 0.000001
-0.179141 -0.983753 0.011777
-0.086378 -0.995841 -0.028980
-0.179141 -0.983753 0.011777
-0.172608 -0.984151 -0.040656
-0.172608 -0.984151 -0.040656
0.174401 -0.983835 -0.040656
0.060491 -0.997419 -0.038688
-0.172608 -0.984151 -0.040656
0.060491 -0.997419 -0.038688
-0.086378 -0.995841 -0.028980
0.060491 -0.997419 -0.038688
0.174401 -0.983835 -0.040656
0.168125 -0.985695 0.011777
0.956305 0.292372 -0.000000
0.956305 0.292372 -0.000000
0.956305 0.292372 -0.000000
0.956305 0.292372 -0.000000
0.956305 0.292372 -0.000000
0.956305 0.292372 -0.000000
0.000000 0.000000 1.000000
0.000000 0.000000 1.000000
0.000000 0.000000 1.000000
0.000000 0.000000 1.000000
0.000000 0.000000 1.000000
0.000000 0.000000 1.000000
0.000000 0.000000 1.000000
0.000000 0.000000 1.000000
0.000000 0.000000 1.000000
0.000000 0.000000 1.000000
0.000000 0.000000 1.000000
0.000000 0.000000 1.000000
-0.503813 0.862634 0.045115
-0.178390 0.982925 0.045117
-0.275512 0.955778 0.102866
-0.503813 0.862634 0.045115
-0.275512 0.955778 0.102866
-0.386560 0.915197 0.113955
-0.386560 0.915197 0.113955
-0.494734 0.868949 -0.012902
-0.503813 0.862634 0.045115
-0.275512 0.955778 0.102866
-0.178390 0.982925 0.045117
-0.167699 0.985754 -0.012902
-0.275512 0.955778 0.102866
-0.167699 0.985754 -0.012902
-0.173649 0.984808 -0.000001
-0.920505 -0.390731 0.000000
-0.920505 -0.390731 0.000000
-0.920505 -0.390731 0.000000
-0.920505 -0.390731 0.000000
-0.920505 -0.390731 0.000000
-0.920505 -0.390731 0.000000
0.259429 -0.965327 -0.028979
0.173648 -0.984808 0.000001
0.168125 -0.985695 0.011777
0.259429 -0.965327 -0.028979
0.168125 -0.985695 0.011777
0.174401 -0.983835 -0.040656
0.174401 -0.983835 -0.040656
0.500375 -0.864854 -0.040655
0.397980 -0.916578 -0.038688
0.174401 -0.983835 -0.040656
0.397980 -0.916578 -0.038688
0.259429 -0.965327 -0.028979
0.397980 -0.916578 -0.038688
0.500375 -0.864854 -0.040655
0.495114 -0.868748 0.011776
0.000000 0.000000 -1.000000
0.000000 0.000000 -1.000000
0.000000 0.000000 -1.000000
0.000000 0.000000 -1.000000
0.000000 0.000000 -1.000000
0.000000 0.000000 -1.000000
0.000000 0.000000 -1.000000
0.000000 0.000000 -1.000000
0.000000 0.000000 -1.000000
0.000000 0.000000 -1.000000
0.000000 0.000000 -1.000000
0.000000 0.000000 -1.000000
0.000000 0.000000 -1.000000
0.000000 0.000000 -1.000000
0.000000 0.000000 -1.000000
0.000000 0.000000 -1.000000
0.000000 0.000000 -1.000000
0.000000 0.000000 -1.000000
0.000000 0.000000 -1.000000
0.000000 0.000000 -1.000000
0.000000 0.000000 -1.000000
0.000000 0.000000 -1.000000
0.000000 0.000000 -1.000000
0.000000 0.000000 -1.000000
0.000000 0.000000 -1.000000
0.000000 0.000000 -1.000000
0.000000 0.000000 -1.000000
0.500000 -0.866025 0.000000
0.766044 -0.642788 0.000000
0.500000 -0.866025 0.000000
0.500000 -0.866025 0.000000
0.766044 -0.642788 0.000000
0.766044 -0.642788 0.000000
0.766044 -0.642788 0.000000
0.939693 -0.342020 0.000000
0.766044 -0.642788 0.000000
0.766044 -0.642788 0.000000
0.939693 -0.342020 0.000000
0.939693 -0.342020 0.000000
0.939693 -0.342020 0.000000
1.000000 0.000000 0.000000
0.939693 -0.342020 0.000000
0.939693 -0.342020 0.000000
1.000000 0.000000 0.000000
1.000000 0.000000 0.000000
1.000000 0.000000 0.000000
0.939693 0.342020 0.000000
1.000000 0.000000 0.000000
1.000000 0.000000 0.000000
0.939693 0.342020 0.000000
0.939693 0.342020 0.000000
0.939693 0.342020 0.000000
0.766044 0.642788 0.000000
0.939693 0.342020 0.000000
0.939693 0.342020 0.000000
0.766044 0.642788 0.000000
0.766044 0.642788 0.000000
0.766044 0.642788 0.000000
0.500000 0.866026 0.000000
0.766044 0.642788 0.000000
0.766044 0.642788 0.000000
0.500000 0.866026 0.000000
0.500000 0.866026 0.000000
0.500000 0.866026 0.000000
0.173648 0.984808 0.000000
0.500000 0.866026 0.000000
0.500000 0.866026 0.000000
0.173648 0.984808 0.000000
0.173648 0.984808 0.000000
0.173648 0.984808 0.000000
-0.173648 0.984808 0.000000
0.173648 0.984808 0.000000
0.173648 0.984808 0.000000
-0.173648 0.984808 0.000000
-0.173648 0.984808 0.000000
-0.173648 0.984808 0.000000
-0.500000 0.866025 0.000000
-0.173648 0.984808 0.000000
-0.173648 0.984808 0.000000
-0.500000 0.866025 0.000000
-0.500000 0.866025 0.000000
0.000000 0.000000 1.000000
0.000000 0.000000 1.000000
0.000000 0.000000 1.000000
0.000000 0.000000 1.000000
0.000000 0.000000 1.000000
0.000000 0.000000 1.000000
0.000000 0.000000 1.000000
0.000000 0.000000 1.000000
0.000000 0.000000 1.000000
0.000000 0.000000 1.000000
0.000000 0.000000 1.000000
0.000000 0.000000 1.000000
0.000000 0.000000 1.000000
0.000000 0.000000 1.000000
0.000000 0.000000 1.000000
0.000000 0.000000 1.000000
0.000000 0.000000 1.000000
0.000000 0.000000 1.000000
0.000000 0.000000 1.000000
0.000000 0.000000 1.000000
0.000000 0.000000 1.000000
0.000000 0.000000 1.000000
0.000000 0.000000 1.000000
0.000000 0.000000 1.000000
0.000000 0.000000 1.000000
0.000000 0.000000 1.000000
0.000000 0.000000 1.000000
0.353554 -0.612373 -0.707107
0.541675 -0.454520 -0.707107
0.541675 -0.454520 -0.707107
0.541675 -0.454520 -0.707107
0.353554 -0.612372 -0.707107
0.353554 -0.612373 -0.707107
0.541675 -0.454520 -0.707107
0.664463 -0.241845 -0.707107
0.664463 -0.241845 -0.707107
0.664463 -0.241845 -0.707107
0.541675 -0.454520 -0.707107
0.541675 -0.454520 -0.707107
0.664463 -0.241845 -0.707107
0.707107 0.000000 -0.707107
0.707107 0.000000 -0.707107
0.707107 0.000000 -0.707107
0.664463 -0.241845 -0.707107
0.664463 -0.241845 -0.707107
0.707107 0.000000 -0.707107
0.664463 0.241845 -0.707107
0.664463 0.241845 -0.707107
0.664463 0.241845 -0.707107
0.707107 0.000000 -0.707107
0.707107 0.000000 -0.707107
0.664463 0.241845 -0.707107
0.541675 0.454520 -0.707107
0.541675 0.454520 -0.707107
0.541675 0.454520 -0.707107
0.664463 0.241845 -0.707107
0.664463 0.241845 -0.707107
0.541675 0.454520 -0.707107
0.353553 0.612373 -0.707107
0.353553 0.612373 -0.707107
0.353553 0.612373 -0.707107
0.541675 0.454520 -0.707107
0.541675 0.454520 -0.707107
0.353553 0.612373 -0.707107
0.122788 0.696364 -0.707107
0.122788 0.696364 -0.707107
0.122788 0.696364 -0.707107
0.353553 0.612373 -0.707107
0.353553 0.612373 -0.707107
0.122788 0.696364 -0.707107
-0.122788 0.696364 -0.707107
-0.122788 0.696364 -0.707107
-0.122788 0.696364 -0.707107
0.122788 0.696364 -0.707107
0.122788 0.696364 -0.707107
-0.122788 0.696364 -0.707107
-0.353554 0.612373 -0.707107
-0.353554 0.612373 -0.707107
-0.353554 0.612373 -0.707107
-0.122788 0.696364 -0.707107
-0.122788 0.696364 -0.707107
0.000000 0.000000 1.000000
0.000000 0.000000 1.000000
0.000000 0.000000 1.000000
0.000000 0.000000 1.000000
0.000000 0.000000 1.000000
0.000000 0.000000 1.000000
0.798635 0.601815 0.000001
0.798635 0.601815 0.000001
0.798635 0.601815 0.000001
0.798635 0.601815 0.000001
0.798635 0.601815 0.000001
0.798635 0.601815 0.000001
0.000000 0.000000 1.000000
0.000000 0.000000 1.000000
0.000000 0.000000 1.000000
0.000000 0.000000 1.000000
0.000000 0.000000 1.000000
0.000000 0.000000 1.000000
0.573946 -0.818381 -0.028979
0.500000 -0.866026 -0.000001
0.495114 -0.868748 0.011776
0.573946 -0.818381 -0.028979
0.495114 -0.868748 0.011776
0.500375 -0.864854 -0.040655
0.500375 -0.864854 -0.040655
0.765996 -0.641559 -0.040655
0.687465 -0.725186 -0.038688
0.500375 -0.864854 -0.040655
0.687465 -0.725186 -0.038688
0.573946 -0.818381 -0.028979
0.687465 -0.725186 -0.038688
0.765996 -0.641559 -0.040655
0.762384 -0.647018 0.011776
-0.731354 -0.681998 -0.000001
-0.731354 -0.681999 -0.000001
-0.731354 -0.681999 -0.000001
-0.731354 -0.681998 -0.000001
-0.731354 -0.681998 -0.000001
-0.731354 -0.681998 -0.000001
-0.676262 0.727794 0.113952
-0.762095 0.647337 -0.012901
-0.768466 0.638298 0.045115
-0.768466 0.638298 0.045115
-0.503813 0.862634 0.045115
-0.585793 0.803907 0.102862
-0.768466 0.638298 0.045115
-0.585793 0.803907 0.102862
-0.676262 0.727794 0.113952
-0.585793 0.803907 0.102862
-0.503813 0.862634 0.045115
-0.494734 0.868949 -0.012902
-0.585793 0.803907 0.102862
-0.494734 0.868949 -0.012902
-0.500000 0.866025 0.000001
0.000000 0.000000 1.000000
0.000000 0.000000 1.000000
0.000000 0.000000 1.000000
0.000000 0.000000 1.000000
0.000000 0.000000 1.000000
0.000000 0.000000 1.000000
0.544639 0.838671 0.000000
0.544639 0.838671 0.000000
0.544639 0.838671 0.000000
0.544639 0.838671 0.000000
0.544639 0.838671 0.000000
0.544639 0.838671 0.000000
-0.825417 0.555073 0.102862
-0.768466 0.638298 0.045115
-0.762095 0.647337 -0.012901
-0.825417 0.555073 0.102862
-0.762095 0.647337 -0.012901
-0.766045 0.642787 0.000000
0.000000 0.000000 1.000000
0.000000 0.000000 1.000000
0.000000 0.000000 1.000000
0.000000 0.000000 1.000000
0.000000 0.000000 1.000000
0.000000 0.000000 1.000000
-0.884399 0.452607 0.113954
-0.940433 0.336972 0.045116
-0.768466 0.638298 0.045115
-0.884399 0.452607 0.113954
-0.768466 0.638298 0.045115
-0.825417 0.555073 0.102862
-0.884399 0.452607 0.113954
-0.937537 0.347645 -0.012902
-0.940433 0.336972 0.045116
-0.453991 -0.891007 0.000000
-0.453991 -0.891006 0.000000
-0.453991 -0.891007 0.000000
-0.453991 -0.891007 0.000000
-0.453991 -0.891007 0.000000
-0.453991 -0.891006 0.000000
0.819235 -0.572725 -0.028979
0.766045 -0.642787 0.000000
0.762384 -0.647018 0.011776
0.819235 -0.572725 -0.028979
0.762384 -0.647018 0.011776
0.765996 -0.641559 -0.040655
0.765996 -0.641559 -0.040655
0.939227 -0.340882 -0.040655
0.894034 -0.446325 -0.038688
0.765996 -0.641559 -0.040655
0.894034 -0.446325 -0.038688
0.819235 -0.572725 -0.028979
0.894034 -0.446325 -0.038688
0.939227 -0.340882 -0.040655
0.937700 -0.347247 0.011776
-0.121869 -0.992546 -0.000000
-0.121869 -0.992546 -0.000000
-0.121869 -0.992546 -0.000000
-0.121869 -0.992546 -0.000000
-0.121869 -0.992546 -0.000000
-0.121869 -0.992546 -0.000000
0.000000 0.000000 1.000000
0.000000 0.000000 1.000000
0.000000 0.000000 1.000000
0.000000 0.000000 1.000000
0.000000 0.000000 1.000000
0.000000 0.000000 1.000000
0.000000 0.000000 1.000000
0.000000 0.000000 1.000000
0.000000 0.000000 1.000000
0.000000 0.000000 1.000000
0.000000 0.000000 1.000000
0.000000 0.000000 1.000000
-0.985864 0.122829 0.113952
-0.999899 0.006023 -0.012902
-0.998969 -0.004997 0.045116
-0.998969 -0.004997 0.045116
-0.940433 0.336972 0.045116
-0.965484 0.239288 0.102864
-0.998969 -0.004997 0.045116
-0.965484 0.239288 0.102864
-0.985864 0.122829 0.113952
-0.965484 0.239288 0.102864
-0.940433 0.336972 0.045116
-0.937537 0.347645 -0.012902
-0.965484 0.239288 0.102864
-0.937537 0.347645 -0.012902
-0.939693 0.342020 0.000000
0.224951 0.974370 0.000001
0.224951 0.974370 0.000001
0.224951 0.974370 0.000001
0.224951 0.974370 0.000000
0.224951 0.974370 0.000000
0.224951 0.974370 0.000000
0.965713 -0.257991 -0.028979
0.939693 -0.342020 -0.000000
0.937700 -0.347247 0.011776
0.965713 -0.257991 -0.028979
0.937700 -0.347247 0.011776
0.939227 -0.340882 -0.040655
0.939227 -0.340882 -0.040655
0.999173 0.000910 -0.040655
0.992770 -0.113630 -0.038688
0.939227 -0.340882 -0.040655
0.992770 -0.113630 -0.038688
0.965713 -0.257991 -0.028979
0.992770 -0.113630 -0.038688
0.999173 0.000910 -0.040655
0.999915 -0.005593 0.011777
0.224951 -0.974370 -0.000001
0.224951 -0.974370 -0.000001
0.224951 -0.974370 -0.000001
0.224951 -0.974370 -0.000001
0.224951 -0.974370 -0.000001
0.224951 -0.974370 -0.000001
0.000000 0.000000 1.000000
0.000000 0.000000 1.000000
0.000000 0.000000 1.000000
0.000000 0.000000 1.000000
0.000000 0.000000 1.000000
0.000000 0.000000 1.000000
0.000000 0.000000 1.000000
0.000000 0.000000 1.000000
0.000000 0.000000 1.000000
0.000000 0.000000 1.000000
0.000000 0.000000 1.000000
0.000000 0.000000 1.000000
-0.968419 -0.221764 0.113954
-0.941657 -0.336326 -0.012902
-0.937015 -0.346363 0.045116
-0.937015 -0.346363 0.045116
-0.998969 -0.004997 0.045116
-0.989100 -0.105357 0.102864
-0.937015 -0.346363 0.045116
-0.989100 -0.105357 0.102864
-0.968419 -0.221764 0.113954
-0.989100 -0.105357 0.102864
-0.998969 -0.004997 0.045116
-0.999899 0.006023 -0.012902
-0.989100 -0.105357 0.102864
-0.999899 0.006023 -0.012902
-1.000000 0.000000 0.000000
-0.121870 0.992546 0.000000
-0.121870 0.992546 0.000000
-0.121870 0.992546 0.000000
-0.121870 0.992546 0.000000
-0.121870 0.992546 0.000000
-0.121870 0.992546 0.000000
0.995711 0.087861 -0.028979
1.000000 0.000000 0.000000
0.999915 -0.005593 0.011777
0.995711 0.087861 -0.028979
0.999915 -0.005593 0.011777
0.999173 0.000910 -0.040655
0.999173 0.000910 -0.040655
0.938604 0.342592 -0.040655
0.971762 0.232770 -0.038688
0.999173 0.000910 -0.040655
0.971762 0.232770 -0.038688
0.995711 0.087861 -0.028979
0.971762 0.232770 -0.038688
0.938604 0.342592 -0.040655
0.941526 0.336735 0.011776
0.544639 -0.838670 0.000000
0.544639 -0.838670 0.000000
0.544639 -0.838670 0.000000
0.544639 -0.838670 0.000000
0.544639 -0.838670 0.000000
0.544639 -0.838670 0.000000
0.000000 0.000000 1.000000
0.000000 0.000000 1.000000
0.000000 0.000000 1.000000
0.000000 0.000000 1.000000
0.000000 0.000000 1.000000
0.000000 0.000000 1.000000
0.000000 0.000000 1.000000
0.000000 0.000000 1.000000
0.000000 0.000000 1.000000
0.000000 0.000000 1.000000
0.000000 0.000000 1.000000
0.000000 0.000000 1.000000
-0.834169 -0.539608 0.113954
-0.769839 -0.638108 -0.012902
-0.762043 -0.645952 0.045116
-0.762043 -0.645952 0.045116
-0.937015 -0.346363 0.045116
-0.893416 -0.437296 0.102863
-0.762043 -0.645952 0.045116
-0.893416 -0.437296 0.102863
-0.834169 -0.539608 0.113954
-0.893416 -0.437296 0.102863
-0.937015 -0.346363 0.045116
-0.941657 -0.336326 -0.012902
-0.893416 -0.437296 0.102863
-0.941657 -0.336326 -0.012902
-0.939693 -0.342020 0.000000
-0.453991 0.891007 0.000000
-0.453991 0.891006 0.000000
-0.453991 0.891006 0.000000
-0.453991 0.891006 0.000000
-0.453991 0.891007 0.000000
-0.453991 0.891006 0.000000
0.938604 0.342592 -0.040655
0.764826 0.642953 -0.040656
0.833546 0.551094 -0.038688
0.938604 0.342592 -0.040655
0.833546 0.551094 -0.038688
0.905612 0.423115 -0.028979
0.833546 0.551094 -0.038688
0.764826 0.642953 -0.040656
0.769575 0.638448 0.011777
0.905612 0.423115 -0.028979
0.939693 0.342020 0.000000
0.941526 0.336735 0.011776
0.905612 0.423115 -0.028979
0.941526 0.336735 0.011776
0.938604 0.342592 -0.040655
0.000000 0.000000 1.000000
0.000000 0.000000 1.000000
0.000000 0.000000 1.000000
0.000000 0.000000 1.000000
0.000000 0.000000 1.000000
0.000000 0.000000 1.000000
0.798636 -0.601815 -0.000001
0.798636 -0.601815 -0.000001
0.798636 -0.601815 -0.000001
0.798636 -0.601815 -0.000001
0.798636 -0.601815 -0.000001
0.798636 -0.601815 -0.000001
0.000000 0.000000 1.000000
0.000000 0.000000 1.000000
0.000000 0.000000 1.000000
0.000000 0.000000 1.000000
0.000000 0.000000 1.000000
0.000000 0.000000 1.000000
-0.599304 -0.792369 0.113956
-0.505165 -0.862926 -0.012902
-0.495158 -0.867631 0.045117
-0.495158 -0.867631 0.045117
-0.762043 -0.645952 0.045116
-0.689972 -0.716489 0.102865
-0.495158 -0.867631 0.045117
-0.689972 -0.716489 0.102865
-0.599304 -0.792369 0.113956
-0.689972 -0.716489 0.102865
-0.762043 -0.645952 0.045116
-0.769839 -0.638108 -0.012902
-0.689972 -0.716489 0.102865
-0.769839 -0.638108 -0.012902
-0.766044 -0.642788 -0.000001
-0.731354 0.681998 0.000001
-0.731354 0.681998 0.000001
-0.731354 0.681998 0.000001
-0.731354 0.681998 0.000001
-0.731354 0.681998 0.000001
-0.731354 0.681998 0.000001
0.706283 0.707336 -0.028979
0.766044 0.642788 0.000001
0.769575 0.638448 0.011777
0.706283 0.707336 -0.028979
0.769575 0.638448 0.011777
0.764826 0.642953 -0.040656
0.764826 0.642953 -0.040656
0.498798 0.865764 -0.040656
0.594790 0.802950 -0.038688
0.764826 0.642953 -0.040656
0.594790 0.802950 -0.038688
0.706283 0.707336 -0.028979
0.594790 0.802950 -0.038688
0.498798 0.865764 -0.040656
0.504801 0.863155 0.011777
0.956305 -0.292372 -0.000000
0.956305 -0.292372 -0.000000
0.956305 -0.292372 -0.000000
0.956305 -0.292372 -0.000000
0.956305 -0.292372 -0.000000
0.956305 -0.292372 -0.000000
0.000000 0.000000 1.000000
0.000000 0.000000 1.000000
0.000000 0.000000 1.000000
0.000000 0.000000 1.000000
0.000000 0.000000 1.000000
0.000000 0.000000 1.000000
0.000000 0.000000 1.000000
0.000000 0.000000 1.000000
0.000000 0.000000 1.000000
0.000000 0.000000 1.000000
0.000000 0.000000 1.000000
0.000000 0.000000 1.000000
-0.292155 -0.949558 0.113955
-0.179562 -0.983662 -0.012902
-0.168548 -0.984660 0.045117
-0.168548 -0.984660 0.045117
-0.495158 -0.867631 0.045117
-0.403308 -0.909264 0.102866
-0.168548 -0.984660 0.045117
-0.403308 -0.909264 0.102866
-0.292155 -0.949558 0.113955
-0.403308 -0.909264 0.102866
-0.495158 -0.867631 0.045117
-0.505165 -0.862926 -0.012902
-0.403308 -0.909264 0.102866
-0.505165 -0.862926 -0.012902
-0.500000 -0.866025 -0.000001
-0.920505 0.390731 0.000000
-0.920505 0.390731 0.000000
-0.920505 0.390731 0.000000
-0.920505 0.390731 0.000000
-0.920505 0.390731 0.000000
-0.920505 0.390731 0.000000
0.421766 0.906241 -0.028980
0.500000 0.866025 0.000001
0.504801 0.863155 0.011777
0.421766 0.906241 -0.028980
0.504801 0.863155 0.011777
0.498798 0.865764 -0.040656
0.498798 0.865764 -0.040656
0.172608 0.984151 -0.040656
0.284295 0.957956 -0.038688
0.498798 0.865764 -0.040656
0.284295 0.957956 -0.038688
0.421766 0.906241 -0.028980
0.284295 0.957956 -0.038688
0.172608 0.984151 -0.040656
0.179141 0.983753 0.011777
0.000000 0.000000 1.000000
0.000000 0.000000 1.000000
0.000000 0.000000 1.000000
0.000000 0.000000 1.000000
0.000000 0.000000 1.000000
0.000000 0.000000 1.000000
0.998629 0.052336 0.000000
0.998630 0.052336 0.000000
0.998630 0.052336 0.000000
0.998630 0.052336 0.000000
0.998629 0.052336 0.000000
0.998630 0.052336 0.000000
0.000000 0.000000 1.000000
0.000000 0.000000 1.000000
0.000000 0.000000 1.000000
0.000000 0.000000 1.000000
0.000000 0.000000 1.000000
0.000000 0.000000 1.000000
0.050232 -0.992215 0.113956
0.167699 -0.985754 -0.012902
0.178390 -0.982925 0.045117
0.178390 -0.982925 0.045117
-0.168548 -0.984660 0.045117
-0.067999 -0.992368 0.102866
0.178390 -0.982925 0.045117
-0.067999 -0.992368 0.102866
0.050232 -0.992215 0.113956
-0.067999 -0.992368 0.102866
-0.168548 -0.984660 0.045117
-0.179562 -0.983662 -0.012902
-0.067999 -0.992368 0.102866
-0.179562 -0.983662 -0.012902
-0.173648 -0.984808 -0.000001
-0.998630 0.052336 0.000000
-0.998630 0.052336 0.000000
-0.998630 0.052336 0.000000
-0.998630 0.052336 0.000000
-0.998630 0.052336 0.000000
-0.998630 0.052336 0.000000
0.086378 0.995841 -0.028980
0.173648 0.984808 0.000001
0.179141 0.983753 0.011777
0.086378 0.995841 -0.028980
0.179141 0.983753 0.011777
0.172608 0.984151 -0.040656
0.172608 0.984151 -0.040656
-0.174401 0.983835 -0.040656
-0.060491 0.997419 -0.038688
0.172608 0.984151 -0.040656
-0.060491 0.997419 -0.038688
0.086378 0.995841 -0.028980
-0.060491 0.997419 -0.038688
-0.174401 0.983835 -0.040656
-0.168125 0.985695 0.011777
-0.956305 -0.292372 -0.000000
-0.956305 -0.292372 -0.000000
-0.956305 -0.292372 -0.000000
-0.956305 -0.292372 -0.000000
-0.956305 -0.292372 -0.000000
-0.956305 -0.292372 -0.000000
0.000000 0.000000 1.000000
0.000000 0.000000 1.000000
0.000000 0.000000 1.000000
0.000000 0.000000 1.000000
0.000000 0.000000 1.000000
0.000000 0.000000 1.000000
0.000000 0.000000 1.000000
0.000000 0.000000 1.000000
0.000000 0.000000 1.000000
0.000000 0.000000 1.000000
0.000000 0.000000 1.000000
0.000000 0.000000 1.000000
0.503813 -0.862634 0.045115
0.178390 -0.982925 0.045117
0.275512 -0.955778 0.102865
0.503813 -0.862634 0.045115
0.275512 -0.955778 0.102865
0.386560 -0.915197 0.113954
0.386560 -0.915197 0.113954
0.494734 -0.868949 -0.012902
0.503813 -0.862634 0.045115
0.275512 -0.955778 0.102865
0.178390 -0.982925 0.045117
0.167699 -0.985754 -0.012902
0.275512 -0.955778 0.102865
0.167699 -0.985754 -0.012902
0.173649 -0.984808 -0.000001
0.920505 0.390731 0.000000
0.920505 0.390731 0.000000
0.920505 0.390731 0.000000
0.920505 0.390731 0.000000
0.920505 0.390731 0.000000
0.920505 0.390731 0.000000
-0.259429 0.965327 -0.028979
-0.173648 0.984808 0.000001
-0.168125 0.985695 0.011777
-0.259429 0.965327 -0.028979
-0.168125 0.985695 0.011777
-0.174401 0.983835 -0.040656
-0.174401 0.983835 -0.040656
-0.500375 0.864854 -0.040655
-0.397980 0.916578 -0.038688
-0.174401 0.983835 -0.040656
-0.397980 0.916578 -0.038688
-0.259429 0.965327 -0.028979
-0.397980 0.916578 -0.038688
-0.500375 0.864854 -0.040655
-0.495114 0.868748 0.011776

324
1.500000 -2.225000
0.250000 -2.225000
0.416667 -2.225000
0.583333 -2.225000
0.750000 -2.225000
0.916667 -2.225000
1.083333 -2.225000
1.250000 -2.225000
1.416667 -2.225000
1.583333 -2.225000
1.750000 -2.225000
0.250000 2.775000
0.416667 2.775000
0.583333 2.775000
0.750000 2.775000
0.916667 2.775000
1.083333 2.775000
1.250000 2.775000
1.416667 2.775000
1.583333 2.775000
1.750000 2.775000
1.916667 -2.225000
2.083333 -2.225000
2.250000 -2.225000
2.416667 -2.225000
2.583333 -2.225000
2.750000 -2.225000
2.916667 -2.225000
0.083333 -2.225000
1.916667 2.775000
2.083333 2.775000
2.250000 2.775000
2.416667 2.775000
2.583333 2.775000
2.750000 2.775000
2.916667 2.775000
0.083333 2.775000
1.750000 2.925000
1.916667 2.925000
2.083333 2.925000
2.250000 2.925000
2.416667 2.925000
2.583333 2.925000
2.750000 2.925000
2.916667 2.925000
0.083333 2.925000
0.250000 2.925000
1.691667 3.225000
1.858333 3.225000
2.025000 3.225000
2.191667 3.225000
2.358333 3.225000
2.525000 3.225000
2.691667 3.225000
2.858333 3.225000
0.025000 3.225000
0.191667 3.225000
1.691667 3.225000
1.858333 3.225000
2.025000 3.225000
2.191667 3.225000
2.358333 3.225000
2.525000 3.225000
2.691667 3.225000
2.858333 3.225000
0.025000 3.225000
0.191667 3.225000
1.750000 3.025000
1.916667 3.025000
2.083333 3.025000
2.250000 3.025000
2.416667 3.025000
2.583333 3.025000
2.750000 3.025000
2.916667 3.025000
0.083333 3.025000
0.250000 3.025000
1.808333 3.225000
1.975000 3.225000
2.141667 3.225000
2.308333 3.225000
2.475000 3.225000
2.641666 3.225000
2.808333 3.225000
2.975000 3.225000
0.141667 3.225000
1.808333 3.225000
1.975000 3.225000
2.141667 3.225000
2.308333 3.225000
2.475000 3.225000
2.641666 3.225000
2.808333 3.225000
2.975000 3.225000
0.141667 3.225000
1.858333 3.075002
2.025000 3.075002
2.191667 3.075002
2.358333 3.075002
2.525000 3.075002
2.691667 3.075002
2.858333 3.075002
0.025000 3.075002
0.191667 3.075002
1.858333 3.075002
2.025000 3.075002
2.191667 3.075002
2.358333 3.075002
2.525000 3.075002
2.691667 3.075002
2.858333 3.075002
0.025000 3.075002
0.191667 3.075002
1.808333 3.075002
1.975000 3.075002
2.141667 3.075002
2.308333 3.075002
2.475000 3.075002
2.641667 3.075002
2.808333 3.075002
2.975000 3.075002
0.141667 3.075002
1.808333 3.075002
1.975000 3.075002
2.141667 3.075002
2.308333 3.075002
2.475000 3.075002
2.641667 3.075002
2.808333 3.075002
2.975000 3.075002
0.141667 3.075002
0.416667 2.925000
0.583333 2.925000
0.750000 2.925000
0.916667 2.925000
1.083333 2.925000
1.250000 2.925000
1.416667 2.925000
1.583333 2.925000
0.358333 3.225000
0.525000 3.225000
0.691667 3.225000
0.858333 3.225000
1.025000 3.225000
1.191667 3.225000
1.358333 3.225000
1.525000 3.225000
0.358333 3.225000
0.525000 3.225000
0.691667 3.225000
0.858333 3.225000
1.025000 3.225000
1.191667 3.225000
1.358333 3.225000
1.525000 3.225000
0.416667 3.025000
0.583333 3.025000
0.750000 3.025000
0.916667 3.025000
1.083333 3.025000
1.250000 3.025000
1.416667 3.025000
1.583333 3.025000
0.308333 3.225000
0.475000 3.225000
0.641667 3.225000
0.808333 3.225000
0.975000 3.225000
1.141667 3.225000
1.308333 3.225000
1.475000 3.225000
1.641667 3.225000
0.308333 3.225000
0.475000 3.225000
0.641667 3.225000
0.808333 3.225000
0.975000 3.225000
1.141667 3.225000
1.308333 3.225000
1.475000 3.225000
1.641667 3.225000
0.358333 3.075002
0.525000 3.075002
0.691667 3.075002
0.858333 3.075002
1.025000 3.075002
1.191667 3.075002
1.358333 3.075002
1.525000 3.075002
1.691667 3.075002
0.358333 3.075002
0.525000 3.075002
0.691667 3.075002
0.858333 3.075002
1.025000 3.075002
1.191667 3.075002
1.358333 3.075002
1.525000 3.075002
1.691667 3.075002
0.308333 3.075002
0.475000 3.075002
0.641667 3.075002
0.808333 3.075002
0.975000 3.075002
1.141667 3.075002
1.308333 3.075002
1.475000 3.075002
1.641667 3.075002
0.308333 3.075002
0.475000 3.075002
0.641667 3.075002
0.808333 3.075002
0.975000 3.075002
1.141667 3.075002
1.308333 3.075002
1.475000 3.075002
1.641667 3.075002
-0.083333 -2.225000
-0.083333 -2.225000
-0.083333 2.775000
-0.083333 -2.225000
-0.083333 2.775000
-0.083333 2.925000
-0.083333 2.775000
-0.025000 3.075002
-0.025000 3.075002
-0.025000 3.075002
-0.083333 3.025000
-0.025000 3.075002
-0.025000 3.075002
-0.083333 2.925000
-0.083333 2.925000
-0.025000 3.075002
0.500000 0.500000
0.126157 1.147515
-0.072761 0.980603
-0.202595 0.755724
-0.247686 0.500000
-0.202595 0.244276
-0.072761 0.019397
0.126157 -0.147515
0.370166 -0.236327
0.629834 -0.236327
0.873843 -0.147515
0.050031 1.097129
0.207856 1.188249
0.148342 1.328454
-0.041633 1.218772
-0.113798 1.158218
-0.254803 0.990175
-0.127062 0.907219
-0.009921 1.046823
-0.301906 0.908592
-0.376933 0.702456
-0.228523 0.668193
-0.166193 0.839442
-0.393291 0.390318
-0.242113 0.408880
-0.242113 0.591120
-0.393291 0.609682
-0.301906 0.091409
-0.166193 0.160558
-0.228523 0.331807
-0.376933 0.297544
-0.113798 -0.158218
-0.009921 -0.046823
-0.127062 0.092781
-0.254803 0.009825
0.148342 -0.328454
0.207856 -0.188249
0.050031 -0.097129
-0.041633 -0.218772
0.452898 -0.398767
0.460869 -0.246661
0.281398 -0.215016
0.236865 -0.360674
0.547102 -0.398767
0.763135 -0.360674
0.718602 -0.215016
0.539131 -0.246661
1.072761 0.019397
1.202595 0.244276
1.247686 0.500000
1.202595 0.755724
1.072761 0.980603
0.873843 1.147515
0.629834 1.236327
0.370166 1.236327
0.949969 -0.097129
0.792144 -0.188249
0.851658 -0.328454
1.041633 -0.218772
1.113798 -0.158218
1.254803 0.009825
1.127062 0.092781
1.009921 -0.046823
1.301906 0.091408
1.376933 0.297544
1.228523 0.331807
1.166193 0.160558
1.393291 0.609682
1.242113 0.591120
1.242113 0.408880
1.393291 0.390317
1.301906 0.908591
1.166193 0.839442
1.228523 0.668193
1.376933 0.702456
1.113799 1.158218
1.009921 1.046823
1.127062 0.907219
1.254804 0.990175
0.851658 1.328454
0.792144 1.188249
0.949969 1.097129
1.041634 1.218772
0.547102 1.398767
0.539131 1.246661
0.718602 1.215016
0.763135 1.360674
0.452898 1.398767
0.236866 1.360674
0.281398 1.215016
0.460869 1.246661

432
0 0 0 2 1 2 1 2 1
0 3 0 3 4 3 2 5 2
0 6 0 4 7 4 3 8 3
0 9 0 5 10 5 4 11 4
0 12 0 6 13 6 5 14 5
0 15 0 7 16 7 6 17 6
0 18 0 8 19 8 7 20 7
0 21 0 9 22 9 8 23 8
0 24 0 10 25 10 9 26 9
1 27 1 12 28 12 11 29 11
1 30 1 2 31 2 12 32 12
2 33 2 13 34 13 12 35 12
2 36 2 3 37 3 13 38 13
3 39 3 14 40 14 13 41 13
3 42 3 4 43 4 14 44 14
4 45 4 15 46 15 14 47 14
4 48 4 5 49 5 15 50 15
5 51 5 16 52 16 15 53 15
5 54 5 6 55 6 16 56 16
6 57 6 17 58 17 16 59 16
6 60 6 7 61 7 17 62 17
7 63 7 18 64 18 17 65 17
7 66 7 8 67 8 18 68 18
8 69 8 19 70 19 18 71 18
8 72 8 9 73 9 19 74 19
9 75 9 20 76 20 19 77 19
9 78 9 10 79 10 20 80 20
21 81 233 77 82 234 156 83 235
21 84 233 156 85 235 157 86 236
21 87 233 157 88 236 158 89 237
21 90 233 158 91 237 159 92 238
21 93 233 159 94 238 160 95 239
21 96 233 160 97 239 161 98 240
21 99 233 161 100 240 162 101 241
21 102 233 162 103 241 163 104 242
21 105 233 163 106 242 68 107 243
11 108 11 12 109 12 132 110 131
132 111 131 47 112 46 11 113 11
12 114 12 13 115 13 133 116 132
133 117 132 132 118 131 12 119 12
13 120 13 14 121 14 134 122 133
134 123 133 133 124 132 13 125 13
14 126 14 15 127 15 135 128 134
135 129 134 134 130 133 14 131 14
15 132 15 16 133 16 136 134 135
136 135 135 135 136 134 15 137 15
16 138 16 17 139 17 137 140 136
137 141 136 136 142 135 16 143 16
17 144 17 18 145 18 138 146 137
138 147 137 137 148 136 17 149 17
18 150 18 19 151 19 139 152 138
139 153 138 138 154 137 18 155 18
19 156 19 20 157 20 38 158 37
38 159 37 139 160 138 19 161 19
173 162 244 67 163 245 57 164 246
173 165 244 57 166 246 164 167 247
164 168 163 200 169 199 209 170 208
164 171 163 209 172 208 173 173 172
209 174 208 200 175 199 182 176 181
209 177 208 182 178 181 191 179 190
200 180 199 164 181 163 57 182 56
200 183 199 57 184 56 47 185 46
47 186 46 132 187 131 182 188 181
47 189 46 182 190 181 200 191 199
182 192 181 132 193 131 140 194 139
148 195 147 191 196 190 182 197 181
148 198 147 182 199 181 140 200 139
191 201 190 148 202 147 156 203 155
156 204 155 77 205 76 209 206 208
156 207 155 209 208 208 191 209 190
209 210 208 77 211 76 67 212 66
209 213 208 67 214 66 173 215 172
140 216 248 165 217 249 174 218 250
140 219 248 174 220 250 148 221 251
165 222 164 201 223 200 210 224 209
165 225 164 210 226 209 174 227 173
210 228 209 156 229 155 148 230 147
210 231 209 148 232 147 174 233 173
201 234 200 183 235 182 192 236 191
201 237 200 192 238 191 210 239 209
192 240 191 157 241 156 156 242 155
192 243 191 156 244 155 210 245 209
192 246 191 149 247 148 157 248 156
149 249 148 192 250 191 183 251 182
149 252 148 183 253 182 141 254 140
201 255 200 165 256 164 140 257 139
201 258 200 140 259 139 132 260 131
132 261 131 133 262 132 183 263 182
132 264 131 183 265 182 201 266 200
183 267 182 133 268 132 141 269 140
150 270 149 193 271 192 184 272 183
150 273 149 184 274 183 142 275 141
184 276 183 193 277 192 211 278 210
184 279 183 211 280 210 202 281 201
141 282 252 166 283 253 175 284 254
141 285 252 175 286 254 149 287 255
193 288 192 150 289 149 158 290 157
158 291 157 157 292 156 211 293 210
158 294 157 211 295 210 193 296 192
211 297 210 157 298 156 149 299 148
211 300 210 149 301 148 175 302 174
166 303 165 202 304 201 211 305 210
166 306 165 211 307 210 175 308 174
202 309 201 166 310 165 141 311 140
202 312 201 141 313 140 133 314 132
133 315 132 134 316 133 184 317 183
133 318 132 184 319 183 202 320 201
184 321 183 134 322 133 142 323 141
151 324 150 194 325 193 185 326 184
151 327 150 185 328 184 143 329 142
194 330 193 212 331 211 203 332 202
194 333 193 203 334 202 185 335 184
167 336 256 176 337 257 150 338 258
167 339 256 150 340 258 142 341 259
194 342 193 151 343 150 159 344 158
159 345 158 158 346 157 212 347 211
159 348 158 212 349 211 194 350 193
212 351 211 158 352 157 150 353 149
212 354 211 150 355 149 176 356 175
167 357 166 203 358 202 212 359 211
167 360 166 212 361 211 176 362 175
203 363 202 167 364 166 142 365 141
203 366 202 142 367 141 134 368 133
134 369 133 135 370 134 185 371 184
134 372 133 185 373 184 203 374 202
185 375 184 135 376 134 143 377 142
152 378 151 195 379 194 186 380 185
152 381 151 186 382 185 144 383 143
168 384 260 177 385 261 151 386 262
168 387 260 151 388 262 143 389 263
195 390 194 213 391 212 204 392 203
195 393 194 204 394 203 186 395 185
195 396 194 152 397 151 160 398 159
160 399 159 159 400 158 213 401 212
160 402 159 213 403 212 195 404 194
213 405 212 159 406 158 151 407 150
213 408 212 151 409 150 177 410 176
168 411 167 204 412 203 213 413 212
168 414 167 213 415 212 177 416 176
135 417 134 136 418 135 186 419 185
135 420 134 186 421 185 204 422 203
186 423 185 136 424 135 144 425 143
204 426 203 168 427 167 143 428 142
204 429 203 143 430 142 135 431 134
196 432 195 214 433 213 205 434 204
196 435 195 205 436 204 187 437 186
153 438 152 196 439 195 187 440 186
153 441 152 187 442 186 145 443 144
169 444 264 178 445 265 152 446 266
169 447 264 152 448 266 144 449 267
196 450 195 153 451 152 161 452 160
161 453 160 160 454 159 214 455 213
161 456 160 214 457 213 196 458 195
214 459 213 160 460 159 152 461 151
214 462 213 152 463 151 178 464 177
169 465 168 205 466 204 214 467 213
169 468 168 214 469 213 178 470 177
205 471 204 169 472 168 144 473 143
205 474 204 144 475 143 136 476 135
136 477 135 137 478 136 187 479 186
136 480 135 187 481 186 205 482 204
187 483 186 137 484 136 145 485 144
154 486 153 197 487 196 188 488 187
154 489 153 188 490 187 146 491 145
197 492 196 215 493 214 206 494 205
197 495 196 206 496 205 188 497 187
170 498 268 179 499 269 153 500 270
170 501 268 153 502 270 145 503 271
197 504 196 154 505 153 162 506 161
162 507 161 161 508 160 215 509 214
162 510 161 215 511 214 197 512 196
215 513 214 161 514 160 153 515 152
215 516 214 153 517 152 179 518 178
170 519 169 206 520 205 215 521 214
170 522 169 215 523 214 179 524 178
206 525 205 170 526 169 145 527 144
206 528 205 145 529 144 137 530 136
137 531 136 138 532 137 188 533 187
137 534 136 188 535 187 206 536 205
188 537 187 138 538 137 146 539 145
189 540 188 198 541 197 216 542 215
189 543 188 216 544 215 207 545 206
155 546 154 198 547 197 189 548 188
155 549 154 189 550 188 147 551 146
171 552 272 180 553 273 154 554 274
171 555 272 154 556 274 146 557 275
198 558 197 155 559 154 163 560 162
163 561 162 162 562 161 216 563 215
163 564 162 216 565 215 198 566 197
216 567 215 162 568 161 154 569 153
216 570 215 154 571 153 180 572 179
171 573 170 207 574 206 216 575 215
171 576 170 216 577 215 180 578 179
207 579 206 171 580 170 146 581 145
207 582 206 146 583 145 138 584 137
138 585 137 139 586 138 189 587 188
138 588 137 189 589 188 207 590 206
189 591 188 139 592 138 147 593 146
172 594 171 208 595 207 217 596 216
172 597 171 217 598 216 181 599 180
147 600 276 172 601 277 181 602 278
147 603 276 181 604 278 155 605 279
208 606 207 190 607 189 199 608 198
208 609 207 199 610 198 217 611 216
68 612 67 163 613 162 217 614 216
68 615 67 217 616 216 199 617 198
199 618 198 58 619 57 68 620 67
217 621 216 163 622 162 155 623 154
217 624 216 155 625 154 181 626 180
58 627 57 199 628 198 190 629 189
58 630 57 190 631 189 48 632 47
208 633 207 172 634 171 147 635 146
208 636 207 147 637 146 139 638 138
139 639 138 38 640 37 190 641 189
139 642 138 190 643 189 208 644 207
190 645 189 38 646 37 48 647 47
0 648 0 22 649 21 10 650 10
0 651 0 23 652 22 22 653 21
0 654 0 24 655 23 23 656 22
0 657 0 25 658 24 24 659 23
0 660 0 26 661 25 25 662 24
0 663 0 27 664 26 26 665 25
0 666 0 28 667 27 27 668 26
0 669 0 29 670 28 28 671 217
0 672 0 1 673 1 29 674 28
10 675 10 30 676 29 20 677 20
10 678 10 22 679 21 30 680 29
22 681 21 31 682 30 30 683 29
22 684 21 23 685 22 31 686 30
23 687 22 32 688 31 31 689 30
23 690 22 24 691 23 32 692 31
24 693 23 33 694 32 32 695 31
24 696 23 25 697 24 33 698 32
25 699 24 34 700 33 33 701 32
25 702 24 26 703 25 34 704 33
26 705 25 35 706 34 34 707 33
26 708 25 27 709 26 35 710 34
27 711 26 36 712 35 35 713 34
27 714 26 28 715 27 36 716 35
28 717 218 37 718 36 36 719 219
28 720 220 29 721 28 37 722 36
29 723 28 11 724 11 37 725 36
29 726 28 1 727 1 11 728 11
21 729 233 68 730 243 69 731 280
21 732 233 69 733 280 70 734 281
21 735 233 70 736 281 71 737 282
21 738 233 71 739 282 72 740 283
21 741 233 72 742 283 73 743 284
21 744 233 73 745 284 74 746 285
21 747 233 74 748 285 75 749 286
21 750 233 75 751 286 76 752 287
21 753 233 76 754 287 77 755 234
20 756 20 30 757 29 39 758 38
39 759 38 38 760 37 20 761 20
30 762 29 31 763 30 40 764 39
40 765 39 39 766 38 30 767 29
31 768 30 32 769 31 41 770 40
41 771 40 40 772 39 31 773 30
32 774 31 33 775 32 42 776 41
42 777 41 41 778 40 32 779 31
33 780 32 34 781 33 43 782 42
43 783 42 42 784 41 33 785 32
34 786 33 35 787 34 44 788 43
44 789 43 43 790 42 34 791 33
35 792 34 36 793 35 45 794 44
45 795 44 44 796 43 35 797 34
36 798 221 37 799 36 46 800 45
46 801 45 45 802 222 36 803 223
37 804 36 11 805 11 47 806 46
47 807 46 46 808 45 37 809 36
87 810 288 58 811 289 48 812 290
87 813 288 48 814 290 78 815 291
78 816 77 114 817 113 123 818 122
78 819 77 123 820 122 87 821 86
123 822 122 114 823 113 96 824 95
123 825 122 96 826 95 105 827 104
114 828 113 78 829 77 48 830 47
114 831 113 48 832 47 38 833 37
38 834 37 39 835 38 96 836 95
38 837 37 96 838 95 114 839 113
96 840 95 39 841 38 49 842 48
59 843 58 105 844 104 96 845 95
59 846 58 96 847 95 49 848 48
105 849 104 59 850 58 69 851 68
69 852 68 68 853 67 123 854 122
69 855 68 123 856 122 105 857 104
123 858 122 68 859 67 58 860 57
123 861 122 58 862 57 87 863 86
49 864 292 79 865 293 88 866 294
49 867 292 88 868 294 59 869 295
79 870 78 115 871 114 124 872 123
79 873 78 124 874 123 88 875 87
124 876 123 69 877 68 59 878 58
124 879 123 59 880 58 88 881 87
115 882 114 97 883 96 106 884 105
115 885 114 106 886 105 124 887 123
106 888 105 70 889 69 69 890 68
106 891 105 69 892 68 124 893 123
106 894 105 60 895 59 70 896 69
60 897 59 106 898 105 97 899 96
60 900 59 97 901 96 50 902 49
115 903 114 79 904 78 49 905 48
115 906 114 49 907 48 39 908 38
39 909 38 40 910 39 97 911 96
39 912 38 97 913 96 115 914 114
97 915 96 40 916 39 50 917 49
61 918 60 107 919 106 98 920 97
61 921 60 98 922 97 51 923 50
98 924 97 107 925 106 125 926 124
98 927 97 125 928 124 116 929 115
50 930 296 80 931 297 89 932 298
50 933 296 89 934 298 60 935 299
107 936 106 61 937 60 71 938 70
71 939 70 70 940 69 125 941 124
71 942 70 125 943 124 107 944 106
125 945 124 70 946 69 60 947 59
125 948 124 60 949 59 89 950 88
80 951 79 116 952 115 125 953 124
80 954 79 125 955 124 89 956 88
116 957 115 80 958 79 50 959 49
116 960 115 50 961 49 40 962 39
40 963 39 41 964 40 98 965 97
40 966 39 98 967 97 116 968 115
98 969 97 41 970 40 51 971 50
62 972 61 108 973 107 99 974 98
62 975 61 99 976 98 52 977 51
108 978 107 126 979 125 117 980 116
108 981 107 117 982 116 99 983 98
81 984 300 90 985 301 61 986 302
81 987 300 61 988 302 51 989 303
108 990 107 62 991 61 72 992 71
72 993 71 71 994 70 126 995 125
72 996 71 126 997 125 108 998 107
126 999 125 71 1000 70 61 1001 60
126 1002 125 61 1003 60 90 1004 89
81 1005 80 117 1006 116 126 1007 125
81 1008 80 126 1009 125 90 1010 89
117 1011 116 81 1012 80 51 1013 50
117 1014 116 51 1015 50 41 1016 40
41 1017 40 42 1018 41 99 1019 98
41 1020 40 99 1021 98 117 1022 116
99 1023 98 42 1024 41 52 1025 51
63 1026 62 109 1027 108 100 1028 99
63 1029 62 100 1030 99 53 1031 52
82 1032 304 91 1033 305 62 1034 306
82 1035 304 62 1036 306 52 1037 307
109 1038 108 127 1039 126 118 1040 117
109 1041 108 118 1042 117 100 1043 99
109 1044 108 63 1045 62 73 1046 72
73 1047 72 72 1048 71 127 1049 126
73 1050 72 127 1051 126 109 1052 108
127 1053 126 72 1054 71 62 1055 61
127 1056 126 62 1057 61 91 1058 90
82 1059 81 118 1060 117 127 1061 126
82 1062 81 127 1063 126 91 1064 90
42 1065 41 43 1066 42 100 1067 99
42 1068 41 100 1069 99 118 1070 117
100 1071 99 43 1072 42 53 1073 52
118 1074 117 82 1075 81 52 1076 51
118 1077 117 52 1078 51 42 1079 41
110 1080 109 128 1081 127 119 1082 118
110 1083 109 119 1084 118 101 1085 100
64 1086 63 110 1087 109 101 1088 100
64 1089 63 101 1090 100 54 1091 53
83 1092 308 92 1093 309 63 1094 310
83 1095 308 63 1096 310 53 1097 311
110 1098 109 64 1099 63 74 1100 73
74 1101 73 73 1102 72 128 1103 127
74 1104 73 128 1105 127 110 1106 109
128 1107 127 73 1108 72 63 1109 62
128 1110 127 63 1111 62 92 1112 91
83 1113 82 119 1114 118 128 1115 127
83 1116 82 128 1117 127 92 1118 91
119 1119 118 83 1120 82 53 1121 52
119 1122 118 53 1123 52 43 1124 42
43 1125 42 44 1126 43 101 1127 100
43 1128 42 101 1129 100 119 1130 118
101 1131 100 44 1132 43 54 1133 53
65 1134 64 111 1135 110 102 1136 101
65 1137 64 102 1138 101 55 1139 54
111 1140 110 129 1141 128 120 1142 119
111 1143 110 120 1144 119 102 1145 101
84 1146 312 93 1147 313 64 1148 314
84 1149 312 64 1150 314 54 1151 315
111 1152 110 65 1153 64 75 1154 74
75 1155 74 74 1156 73 129 1157 128
75 1158 74 129 1159 128 111 1160 110
129 1161 128 74 1162 73 64 1163 63
129 1164 128 64 1165 63 93 1166 92
84 1167 83 120 1168 119 129 1169 128
84 1170 83 129 1171 128 93 1172 92
120 1173 119 84 1174 83 54 1175 53
120 1176 119 54 1177 53 44 1178 43
44 1179 43 45 1180 44 102 1181 101
44 1182 43 102 1183 101 120 1184 119
102 1185 101 45 1186 44 55 1187 54
103 1188 102 112 1189 111 130 1190 224
103 1191 102 130 1192 225 121 1193 226
66 1194 65 112 1195 111 103 1196 102
66 1197 65 103 1198 102 56 1199 55
85 1200 316 94 1201 317 65 1202 318
85 1203 316 65 1204 318 55 1205 319
112 1206 111 66 1207 65 76 1208 75
76 1209 75 75 1210 227 130 1211 228
76 1212 75 130 1213 229 112 1214 111
130 1215 129 75 1216 74 65 1217 64
130 1218 129 65 1219 64 94 1220 93
85 1221 84 121 1222 120 130 1223 129
85 1224 84 130 1225 129 94 1226 93
121 1227 120 85 1228 84 55 1229 54
121 1230 120 55 1231 54 45 1232 44
45 1233 230 46 1234 45 103 1235 102
45 1236 231 103 1237 102 121 1238 232
103 1239 102 46 1240 45 56 1241 55
86 1242 85 122 1243 121 131 1244 130
86 1245 85 131 1246 130 95 1247 94
56 1248 320 86 1249 321 95 1250 322
56 1251 320 95 1252 322 66 1253 323
122 1254 121 104 1255 103 113 1256 112
122 1257 121 113 1258 112 131 1259 130
77 1260 76 76 1261 75 131 1262 130
77 1263 76 131 1264 130 113 1265 112
113 1266 112 67 1267 66 77 1268 76
131 1269 130 76 1270 75 66 1271 65
131 1272 130 66 1273 65 95 1274 94
67 1275 66 113 1276 112 104 1277 103
67 1278 66 104 1279 103 57 1280 56
122 1281 121 86 1282 85 56 1283 55
122 1284 121 56 1285 55 46 1286 45
46 1287 45 47 1288 46 104 1289 103
46 1290 45 104 1291 103 122 1292 121
104 1293 103 47 1294 46 57 1295 56
