217
-90.000023 155.884567 0.000000
-137.888016 115.701752 0.000000
-169.144684 61.563599 0.000000
-180.000000 -0.000032 0.000000
-169.144653 -61.563660 0.000000
-137.887970 -115.701797 0.000000
-89.999962 -155.884598 0.000000
-31.256626 -177.265396 0.000000
31.256721 -177.265381 0.000000
90.000023 -155.884567 0.000000
-90.000023 155.884567 1200.000000
-137.888016 115.701752 1200.000000
-169.144684 61.563599 1200.000000
-180.000000 -0.000032 1200.000000
-169.144653 -61.563660 1200.000000
-137.887970 -115.701797 1200.000000
-89.999962 -155.884598 1200.000000
-31.256626 -177.265396 1200.000000
31.256721 -177.265381 1200.000000
90.000023 -155.884567 1200.000000
0.000000 0.000000 1260.000000
137.888000 -115.701767 0.000000
169.144684 -61.563614 0.000000
180.000000 0.000016 0.000000
169.144653 61.563644 0.000000
137.887985 115.701782 0.000000
89.999977 155.884583 0.000000
31.256641 177.265396 0.000000
-31.256706 177.265381 0.000000
137.888000 -115.701767 1200.000000
169.144684 -61.563614 1200.000000
180.000000 0.000016 1200.000000
169.144653 61.563644 1200.000000
137.887985 115.701782 1200.000000
89.999977 155.884583 1200.000000
31.256641 177.265396 1200.000000
-31.256706 177.265381 1200.000000
108.000023 -187.061462 1236.000000
165.465591 -138.842102 1236.000000
202.973602 -73.876328 1236.000000
215.999985 0.000019 1236.000000
202.973572 73.876373 1236.000000
165.465576 138.842133 1236.000000
107.999962 187.061493 1236.000000
37.507969 212.718460 1236.000000
-37.508045 212.718445 1236.000000
-108.000023 187.061462 1236.000000
84.397964 -198.829010 1308.000000
147.311646 -157.972382 1308.000000
192.457397 -98.061928 1308.000000
214.389954 -26.323759 1308.000000
210.463898 48.589447 1308.000000
181.152817 117.642044 1308.000000
129.992004 172.505280 1308.000000
63.152248 206.561813 1308.000000
-11.304607 215.703949 1308.000000
-84.397949 198.829010 1308.000000
70.114639 -165.179626 1308.000000
122.380951 -131.237488 1308.000000
159.886353 -81.466148 1308.000000
178.107071 -21.868786 1308.000000
174.845459 40.366280 1308.000000
150.494919 97.732559 1308.000000
107.992462 143.310867 1308.000000
52.464504 171.603760 1308.000000
-9.391445 179.198700 1308.000000
-70.114624 165.179626 1308.000000
89.722336 -155.403595 1260.000000
137.462570 -115.344772 1260.000000
168.622803 -61.373665 1260.000000
179.444626 0.000013 1260.000000
168.622772 61.373699 1260.000000
137.462555 115.344795 1260.000000
89.722290 155.403625 1260.000000
31.160204 176.718460 1260.000000
-31.160271 176.718445 1260.000000
-89.722336 155.403595 1260.000000
129.992050 -172.505264 1308.000000
181.152832 -117.642014 1308.000000
210.463928 -48.589409 1308.000000
214.389938 26.323793 1308.000000
192.457382 98.061966 1308.000000
147.311615 157.972397 1308.000000
84.397881 198.829056 1308.000000
11.304531 215.703949 1308.000000
-63.152321 206.561783 1308.000000
107.992477 -143.310852 1308.000000
150.494919 -97.732536 1308.000000
174.845490 -40.366241 1308.000000
178.107071 21.868811 1308.000000
159.886307 81.466171 1308.000000
122.380920 131.237503 1308.000000
70.114578 165.179672 1308.000000
9.391376 179.198700 1308.000000
-52.464569 171.603729 1308.000000
147.311646 -157.972336 1272.000366
192.457397 -98.061928 1272.000366
214.389954 -26.323744 1272.000366
210.463898 48.589466 1272.000366
181.152817 117.642044 1272.000366
129.992004 172.505325 1272.000366
63.152248 206.561859 1272.000366
-11.304607 215.703995 1272.000366
-84.397957 198.829056 1272.000366
122.380943 -131.237442 1272.000366
159.886353 -81.466148 1272.000366
178.107071 -21.868769 1272.000366
174.845459 40.366299 1272.000366
150.494919 97.732559 1272.000366
107.992462 143.310913 1272.000366
52.464504 171.603806 1272.000366
-9.391445 179.198746 1272.000366
-70.114632 165.179672 1272.000366
129.992050 -172.505219 1272.000366
181.152832 -117.642014 1272.000366
210.463928 -48.589390 1272.000366
214.389938 26.323809 1272.000366
192.457382 98.061966 1272.000366
147.311615 157.972443 1272.000366
84.397881 198.829102 1272.000366
11.304531 215.703995 1272.000366
-63.152321 206.561829 1272.000366
107.992477 -143.310806 1272.000366
150.494919 -97.732536 1272.000366
174.845490 -40.366226 1272.000366
178.107071 21.868826 1272.000366
159.886307 81.466171 1272.000366
122.380920 131.237549 1272.000366
70.114578 165.179718 1272.000366
9.391376 179.198746 1272.000366
-52.464569 171.603775 1272.000366
-165.465607 138.842087 1236.000000
-202.973602 73.876312 1236.000000
-215.999985 -0.000038 1236.000000
-202.973572 -73.876389 1236.000000
-165.465561 -138.842148 1236.000000
-107.999947 -187.061508 1236.000000
-37.507950 -212.718460 1236.000000
37.508064 -212.718445 1236.000000
-147.311661 157.972366 1308.000000
-192.457413 98.061913 1308.000000
-214.389954 26.323740 1308.000000
-210.463898 -48.589466 1308.000000
-181.152802 -117.642059 1308.000000
-129.991989 -172.505295 1308.000000
-63.152229 -206.561813 1308.000000
11.304626 -215.703949 1308.000000
-122.380959 131.237473 1308.000000
-159.886353 81.466133 1308.000000
-178.107071 21.868769 1308.000000
-174.845459 -40.366295 1308.000000
-150.494904 -97.732574 1308.000000
-107.992447 -143.310883 1308.000000
-52.464489 -171.603760 1308.000000
9.391460 -179.198700 1308.000000
-137.462585 115.344757 1260.000000
-168.622803 61.373650 1260.000000
-179.444626 -0.000029 1260.000000
-168.622772 -61.373714 1260.000000
-137.462540 -115.344810 1260.000000
-89.722275 -155.403641 1260.000000
-31.160189 -176.718460 1260.000000
31.160286 -176.718445 1260.000000
-129.992065 172.505249 1308.000000
-181.152847 117.641998 1308.000000
-210.463928 48.589390 1308.000000
-214.389938 -26.323812 1308.000000
-192.457367 -98.061981 1308.000000
-147.311600 -157.972412 1308.000000
-84.397865 -198.829056 1308.000000
-11.304512 -215.703949 1308.000000
63.152340 -206.561783 1308.000000
-107.992493 143.310837 1308.000000
-150.494934 97.732521 1308.000000
-174.845490 40.366226 1308.000000
-178.107071 -21.868826 1308.000000
-159.886307 -81.466187 1308.000000
-122.380905 -131.237518 1308.000000
-70.114563 -165.179672 1308.000000
-9.391361 -179.198700 1308.000000
52.464584 -171.603729 1308.000000
-147.311661 157.972321 1272.000366
-192.457413 98.061913 1272.000366
-214.389954 26.323725 1272.000366
-210.463898 -48.589485 1272.000366
-181.152802 -117.642059 1272.000366
-129.991989 -172.505341 1272.000366
-63.152229 -206.561859 1272.000366
11.304626 -215.703995 1272.000366
84.397972 -198.829056 1272.000366
-122.380959 131.237427 1272.000366
-159.886353 81.466133 1272.000366
-178.107071 21.868753 1272.000366
-174.845459 -40.366314 1272.000366
-150.494904 -97.732574 1272.000366
-107.992447 -143.310928 1272.000366
-52.464489 -171.603806 1272.000366
9.391460 -179.198746 1272.000366
70.114647 -165.179672 1272.000366
-129.992065 172.505203 1272.000366
-181.152847 117.641998 1272.000366
-210.463928 48.589371 1272.000366
-214.389938 -26.323828 1272.000366
-192.457367 -98.061981 1272.000366
-147.311600 -157.972458 1272.000366
-84.397865 -198.829102 1272.000366
-11.304512 -215.703995 1272.000366
63.152340 -206.561829 1272.000366
-107.992493 143.310791 1272.000366
-150.494934 97.732521 1272.000366
-174.845490 40.366211 1272.000366
-178.107071 -21.868841 1272.000366
-159.886307 -81.466187 1272.000366
-122.380905 -131.237564 1272.000366
-70.114563 -165.179718 1272.000366
-9.391361 -179.198746 1272.000366
52.464584 -171.603775 1272.000366

1242
-0.500000 0.866025 0.000000
-0.766044 0.642787 0.000000
-0.500000 0.866025 0.000000
-0.500000 0.866025 0.000000
-0.766045 0.642787 0.000000
-0.766044 0.642787 0.000000
-0.766045 0.642787 0.000000
-0.939693 0.342020 0.000000
-0.766044 0.642787 0.000000
-0.766045 0.642787 0.000000
-0.939693 0.342020 0.000000
-0.939693 0.342020 0.000000
-0.939693 0.342020 0.000000
-1.000000 -0.000000 0.000000
-0.939693 0.342020 0.000000
-0.939693 0.342020 0.000000
-1.000000 -0.000000 0.000000
-1.000000 -0.000000 0.000000
-1.000000 -0.000000 0.000000
-0.939692 -0.342020 0.000000
-1.000000 -0.000000 0.000000
-1.000000 -0.000000 0.000000
-0.939693 -0.342020 0.000000
-0.939692 -0.342020 0.000000
-0.939693 -0.342020 0.000000
-0.766044 -0.642788 0.000000
-0.939692 -0.342020 0.000000
-0.939693 -0.342020 0.000000
-0.766044 -0.642788 0.000000
-0.766044 -0.642788 0.000000
-0.766044 -0.642788 0.000000
-0.500000 -0.866025 0.000000
-0.766044 -0.642788 0.000000
-0.766044 -0.642788 0.000000
-0.500000 -0.866026 0.000000
-0.500000 -0.866025 0.000000
-0.500000 -0.866026 0.000000
-0.173648 -0.984808 0.000000
-0.500000 -0.866025 0.000000
-0.500000 -0.866026 0.000000
-0.173648 -0.984808 0.000000
-0.173648 -0.984808 0.000000
-0.173648 -0.984808 0.000000
0.173648 -0.984808 0.000000
-0.173648 -0.984808 0.000000
-0.173648 -0.984808 0.000000
0.173648 -0.984808 0.000000
0.173648 -0.984808 0.000000
0.173648 -0.984808 0.000000
0.500000 -0.866025 0.000000
0.173648 -0.984808 0.000000
0.173648 -0.984808 0.000000
0.500000 -0.866025 0.000000
0.500000 -0.866025 0.000000
0.000000 0.000000 1.000000
0.000000 0.000000 1.000000
0.000000 0.000000 1.000000
0.000000 0.000000 1.000000
0.000000 0.000000 1.000000
0.000000 0.000000 1.000000
0.000000 0.000000 1.000000
0.000000 0.000000 1.000000
0.000000 0.000000 1.000000
0.000000 0.000000 1.000000
0.000000 0.000000 1.000000
0.000000 0.000000 1.000000
0.000000 0.000000 1.000000
0.000000 0.000000 1.000000
0.000000 0.000000 1.000000
0.000000 0.000000 1.000000
0.000000 0.000000 1.000000
0.000000 0.000000 1.000000
0.000000 0.000000 1.000000
0.000000 0.000000 1.000000
0.000000 0.000000 1.000000
0.000000 0.000000 1.000000
0.000000 0.000000 1.000000
0.000000 0.000000 1.000000
0.000000 0.000000 1.000000
0.000000 0.000000 1.000000
0.000000 0.000000 1.000000
-0.353554 0.612373 -0.707107
-0.541675 0.454520 -0.707107
-0.541675 0.454519 -0.707107
-0.541675 0.454519 -0.707107
-0.353554 0.612373 -0.707107
-0.353554 0.612373 -0.707107
-0.541675 0.454520 -0.707107
-0.664463 0.241845 -0.707107
-0.664463 0.241845 -0.707107
-0.664463 0.241845 -0.707107
-0.541675 0.454519 -0.707107
-0.541675 0.454520 -0.707107
-0.664463 0.241845 -0.707107
-0.707107 -0.000000 -0.707107
-0.707107 -0.000000 -0.707107
-0.707107 -0.000000 -0.707107
-0.664463 0.241845 -0.707107
-0.664463 0.241845 -0.707107
-0.707107 -0.000000 -0.707107
-0.664463 -0.241845 -0.707107
-0.664463 -0.241845 -0.707107
-0.664463 -0.241845 -0.707107
-0.707107 -0.000000 -0.707107
-0.707107 -0.000000 -0.707107
-0.664463 -0.241845 -0.707107
-0.541675 -0.454520 -0.707107
-0.541675 -0.454520 -0.707107
-0.541675 -0.454520 -0.707107
-0.664463 -0.241845 -0.707107
-0.664463 -0.241845 -0.707107
-0.541675 -0.454520 -0.707107
-0.353553 -0.612373 -0.707107
-0.353553 -0.612373 -0.707107
-0.353553 -0.612373 -0.707107
-0.541675 -0.454520 -0.707107
-0.541675 -0.454520 -0.707107
-0.353553 -0.612373 -0.707107
-0.122788 -0.696364 -0.707107
-0.122788 -0.696364 -0.707107
-0.122788 -0.696364 -0.707107
-0.353553 -0.612373 -0.707107
-0.353553 -0.612373 -0.707107
-0.122788 -0.696364 -0.707107
0.122788 -0.696364 -0.707107
0.122788 -0.696364 -0.707107
0.122788 -0.696364 -0.707107
-0.122788 -0.696364 -0.707107
-0.122788 -0.696364 -0.707107
0.122788 -0.696364 -0.707107
0.353554 -0.612373 -0.707107
0.353554 -0.612372 -0.707107
0.353554 -0.612372 -0.707107
0.122788 -0.696364 -0.707107
0.122788 -0.696364 -0.707107
0.000000 0.000000 1.000000
0.000000 0.000000 1.000000
0.000000 0.000000 1.000000
0.000000 0.000000 1.000000
0.000000 0.000000 1.000000
0.000000 0.000000 1.000000
-0.798635 -0.601815 0.000001
-0.798635 -0.601815 0.000001
-0.798635 -0.601815 0.000001
-0.798635 -0.601815 0.000001
-0.798635 -0.601815 0.000001
-0.798635 -0.601815 0.000001
0.000000 0.000000 1.000000
0.000000 0.000000 1.000000
0.000000 0.000000 1.000000
0.000000 0.000000 1.000000
0.000000 0.000000 1.000000
0.000000 0.000000 1.000000
-0.573946 0.818381 -0.028979
-0.500000 0.866026 -0.000001
-0.495114 0.868748 0.011776
-0.573946 0.818381 -0.028979
-0.495114 0.868748 0.011776
-0.500375 0.864854 -0.040655
-0.500375 0.864854 -0.040655
-0.765996 0.641559 -0.040655
-0.687465 0.725186 -0.038688
-0.500375 0.864854 -0.040655
-0.687465 0.725186 -0.038688
-0.573946 0.818381 -0.028979
-0.687465 0.725186 -0.038688
-0.765996 0.641559 -0.040655
-0.762384 0.647018 0.011776
0.731354 0.681998 -0.000001
0.731354 0.681999 -0.000001
0.731354 0.681999 -0.000001
0.731354 0.681999 -0.000001
0.731354 0.681998 -0.000001
0.731354 0.681999 -0.000001
0.676262 -0.727794 0.113952
0.762095 -0.647337 -0.012902
0.768466 -0.638298 0.045115
0.768466 -0.638298 0.045115
0.503813 -0.862634 0.045115
0.585793 -0.803907 0.102862
0.768466 -0.638298 0.045115
0.585793 -0.803907 0.102862
0.676262 -0.727794 0.113952
0.585793 -0.803907 0.102862
0.503813 -0.862634 0.045115
0.494734 -0.868949 -0.012902
0.585793 -0.803907 0.102862
0.494734 -0.868949 -0.012902
0.500000 -0.866025 0.000001
0.000000 0.000000 1.000000
0.000000 0.000000 1.000000
0.000000 0.000000 1.000000
0.000000 0.000000 1.000000
0.000000 0.000000 1.000000
0.000000 0.000000 1.000000
-0.544639 -0.838671 0.000000
-0.544639 -0.838671 0.000000
-0.544639 -0.838671 0.000000
-0.544639 -0.838671 0.000000
-0.544639 -0.838671 0.000000
-0.544639 -0.838671 0.000000
0.825417 -0.555073 0.102862
0.768466 -0.638298 0.045115
0.762095 -0.647337 -0.012902
0.825417 -0.555073 0.102862
0.762095 -0.647337 -0.012902
0.766045 -0.642787 0.000000
0.000000 0.000000 1.000000
0.000000 0.000000 1.000000
0.000000 0.000000 1.000000
0.000000 0.000000 1.000000
0.000000 0.000000 1.000000
0.000000 0.000000 1.000000
0.884399 -0.452607 0.113954
0.940433 -0.336972 0.045116
0.768466 -0.638298 0.045115
0.884399 -0.452607 0.113954
0.768466 -0.638298 0.045115
0.825417 -0.555073 0.102862
0.884399 -0.452607 0.113954
0.937537 -0.347645 -0.012902
0.940433 -0.336972 0.045116
0.453990 0.891007 0.000000
0.453990 0.891007 0.000000
0.453990 0.891007 0.000000
0.453990 0.891007 0.000000
0.453990 0.891007 0.000000
0.453990 0.891007 0.000000
-0.819235 0.572725 -0.028979
-0.766045 0.642787 0.000000
-0.762384 0.647018 0.011776
-0.819235 0.572725 -0.028979
-0.762384 0.647018 0.011776
-0.765996 0.641559 -0.040655
-0.765996 0.641559 -0.040655
-0.939227 0.340882 -0.040655
-0.894035 0.446324 -0.038688
-0.765996 0.641559 -0.040655
-0.894035 0.446324 -0.038688
-0.819235 0.572725 -0.028979
-0.894035 0.446324 -0.038688
-0.939227 0.340882 -0.040655
-0.937700 0.347247 0.011776
0.121869 0.992546 -0.000000
0.121869 0.992546 -0.000000
0.121869 0.992546 -0.000000
0.121869 0.992546 -0.000000
0.121869 0.992546 -0.000000
0.121869 0.992546 -0.000000
0.000000 0.000000 1.000000
0.000000 0.000000 1.000000
0.000000 0.000000 1.000000
0.000000 0.000000 1.000000
0.000000 0.000000 1.000000
0.000000 0.000000 1.000000
0.000000 0.000000 1.000000
0.000000 0.000000 1.000000
0.000000 0.000000 1.000000
0.000000 0.000000 1.000000
0.000000 0.000000 1.000000
0.000000 0.000000 1.000000
0.985864 -0.122829 0.113952
0.999899 -0.006023 -0.012902
0.998969 0.004997 0.045116
0.998969 0.004997 0.045116
0.940433 -0.336972 0.045116
0.965484 -0.239288 0.102864
0.998969 0.004997 0.045116
0.965484 -0.239288 0.102864
0.985864 -0.122829 0.113952
0.965484 -0.239288 0.102864
0.940433 -0.336972 0.045116
0.937537 -0.347645 -0.012902
0.965484 -0.239288 0.102864
0.937537 -0.347645 -0.012902
0.939693 -0.342020 0.000000
-0.224951 -0.974370 0.000001
-0.224951 -0.974370 0.000001
-0.224951 -0.974370 0.000001
-0.224951 -0.974370 0.000000
-0.224951 -0.974370 0.000000
-0.224951 -0.974370 0.000000
-0.965713 0.257991 -0.028979
-0.939693 0.342020 -0.000000
-0.937700 0.347247 0.011776
-0.965713 0.257991 -0.028979
-0.937700 0.347247 0.011776
-0.939227 0.340882 -0.040655
-0.939227 0.340882 -0.040655
-0.999173 -0.000910 -0.040655
-0.992770 0.113630 -0.038688
-0.939227 0.340882 -0.040655
-0.992770 0.113630 -0.038688
-0.965713 0.257991 -0.028979
-0.992770 0.113630 -0.038688
-0.999173 -0.000910 -0.040655
-0.999915 0.005593 0.011777
-0.224951 0.974370 -0.000001
-0.224951 0.974370 -0.000001
-0.224951 0.974370 -0.000001
-0.224951 0.974370 -0.000001
-0.224951 0.974370 -0.000001
-0.224951 0.974370 -0.000001
0.000000 0.000000 1.000000
0.000000 0.000000 1.000000
0.000000 0.000000 1.000000
0.000000 0.000000 1.000000
0.000000 0.000000 1.000000
0.000000 0.000000 1.000000
0.000000 0.000000 1.000000
0.000000 0.000000 1.000000
0.000000 0.000000 1.000000
0.000000 0.000000 1.000000
0.000000 0.000000 1.000000
0.000000 0.000000 1.000000
0.968419 0.221764 0.113954
0.941657 0.336326 -0.012902
0.937015 0.346363 0.045116
0.937015 0.346363 0.045116
0.998969 0.004997 0.045116
0.989100 0.105357 0.102864
0.937015 0.346363 0.045116
0.989100 0.105357 0.102864
0.968419 0.221764 0.113954
0.989100 0.105357 0.102864
0.998969 0.004997 0.045116
0.999899 -0.006023 -0.012902
0.989100 0.105357 0.102864
0.999899 -0.006023 -0.012902
1.000000 0.000000 0.000000
0.121870 -0.992546 0.000000
0.121870 -0.992546 0.000000
0.121870 -0.992546 0.000000
0.121870 -0.992546 0.000000
0.121870 -0.992546 0.000000
0.121870 -0.992546 0.000000
-0.995711 -0.087861 -0.028979
-1.000000 -0.000000 0.000000
-0.999915 0.005593 0.011777
-0.995711 -0.087861 -0.028979
-0.999915 0.005593 0.011777
-0.999173 -0.000910 -0.040655
-0.999173 -0.000910 -0.040655
-0.938604 -0.342592 -0.040655
-0.971762 -0.232770 -0.038688
-0.999173 -0.000910 -0.040655
-0.971762 -0.232770 -0.038688
-0.995711 -0.087861 -0.028979
-0.971762 -0.232770 -0.038688
-0.938604 -0.342592 -0.040655
-0.941526 -0.336735 0.011777
-0.544639 0.838670 0.000000
-0.544639 0.838670 0.000000
-0.544639 0.838670 0.000000
-0.544639 0.838670 0.000000
-0.544639 0.838670 0.000000
-0.544639 0.838670 0.000000
0.000000 0.000000 1.000000
0.000000 0.000000 1.000000
0.000000 0.000000 1.000000
0.000000 0.000000 1.000000
0.000000 0.000000 1.000000
0.000000 0.000000 1.000000
0.000000 0.000000 1.000000
0.000000 0.000000 1.000000
0.000000 0.000000 1.000000
0.000000 0.000000 1.000000
0.000000 0.000000 1.000000
0.000000 0.000000 1.000000
0.834169 0.539608 0.113953
0.769839 0.638108 -0.012902
0.762043 0.645952 0.045116
0.762043 0.645952 0.045116
0.937015 0.346363 0.045116
0.893416 0.437296 0.102863
0.762043 0.645952 0.045116
0.893416 0.437296 0.102863
0.834169 0.539608 0.113953
0.893416 0.437296 0.102863
0.937015 0.346363 0.045116
0.941657 0.336326 -0.012902
0.893416 0.437296 0.102863
0.941657 0.336326 -0.012902
0.939693 0.342020 0.000000
0.453991 -0.891006 0.000000
0.453991 -0.891006 0.000000
0.453991 -0.891006 0.000000
0.453991 -0.891006 0.000000
0.453991 -0.891006 0.000000
0.453991 -0.891006 0.000000
-0.938604 -0.342592 -0.040655
-0.764826 -0.642953 -0.040656
-0.833546 -0.551094 -0.038688
-0.938604 -0.342592 -0.040655
-0.833546 -0.551094 -0.038688
-0.905612 -0.423115 -0.028979
-0.833546 -0.551094 -0.038688
-0.764826 -0.642953 -0.040656
-0.769575 -0.638448 0.011777
-0.905612 -0.423115 -0.028979
-0.939692 -0.342020 0.000000
-0.941526 -0.336735 0.011777
-0.905612 -0.423115 -0.028979
-0.941526 -0.336735 0.011777
-0.938604 -0.342592 -0.040655
0.000000 0.000000 1.000000
0.000000 0.000000 1.000000
0.000000 0.000000 1.000000
0.000000 0.000000 1.000000
0.000000 0.000000 1.000000
0.000000 0.000000 1.000000
-0.798636 0.601815 -0.000001
-0.798636 0.601815 -0.000001
-0.798636 0.601815 -0.000001
-0.798636 0.601815 -0.000001
-0.798636 0.601815 -0.000001
-0.798636 0.601815 -0.000001
0.000000 0.000000 1.000000
0.000000 0.000000 1.000000
0.000000 0.000000 1.000000
0.000000 0.000000 1.000000
0.000000 0.000000 1.000000
0.000000 0.000000 1.000000
0.599304 0.792369 0.113956
0.505165 0.862926 -0.012902
0.495157 0.867631 0.045117
0.495157 0.867631 0.045117
0.762043 0.645952 0.045116
0.689972 0.716489 0.102865
0.495157 0.867631 0.045117
0.689972 0.716489 0.102865
0.599304 0.792369 0.113956
0.689972 0.716489 0.102865
0.762043 0.645952 0.045116
0.769839 0.638108 -0.012902
0.689972 0.716489 0.102865
0.769839 0.638108 -0.012902
0.766044 0.642788 -0.000001
0.731354 -0.681998 0.000001
0.731354 -0.681998 0.000001
0.731354 -0.681998 0.000001
0.731354 -0.681998 0.000001
0.731354 -0.681998 0.000001
0.731354 -0.681998 0.000001
-0.706283 -0.707336 -0.028979
-0.766044 -0.642788 0.000001
-0.769575 -0.638448 0.011777
-0.706283 -0.707336 -0.028979
-0.769575 -0.638448 0.011777
-0.764826 -0.642953 -0.040656
-0.764826 -0.642953 -0.040656
-0.498798 -0.865764 -0.040656
-0.594790 -0.802950 -0.038688
-0.764826 -0.642953 -0.040656
-0.594790 -0.802950 -0.038688
-0.706283 -0.707336 -0.028979
-0.594790 -0.802950 -0.038688
-0.498798 -0.865764 -0.040656
-0.504801 -0.863155 0.011777
-0.956305 0.292371 -0.000000
-0.956305 0.292371 -0.000000
-0.956305 0.292371 -0.000000
-0.956305 0.292371 -0.000000
-0.956305 0.292371 -0.000000
-0.956305 0.292371 -0.000000
0.000000 0.000000 1.000000
0.000000 0.000000 1.000000
0.000000 0.000000 1.000000
0.000000 0.000000 1.000000
0.000000 0.000000 1.000000
0.000000 0.000000 1.000000
0.000000 0.000000 1.000000
0.000000 0.000000 1.000000
0.000000 0.000000 1.000000
0.000000 0.000000 1.000000
0.000000 0.000000 1.000000
0.000000 0.000000 1.000000
0.292155 0.949558 0.113955
0.179562 0.983662 -0.012902
0.168548 0.984660 0.045117
0.168548 0.984660 0.045117
0.495157 0.867631 0.045117
0.403308 0.909264 0.102866
0.168548 0.984660 0.045117
0.403308 0.909264 0.102866
0.292155 0.949558 0.113955
0.403308 0.909264 0.102866
0.495157 0.867631 0.045117
0.505165 0.862926 -0.012902
0.403308 0.909264 0.102866
0.505165 0.862926 -0.012902
0.500000 0.866026 -0.000001
0.920505 -0.390731 0.000000
0.920505 -0.390731 0.000000
0.920505 -0.390731 0.000000
0.920505 -0.390731 0.000000
0.920505 -0.390731 0.000000
0.920505 -0.390731 0.000000
-0.421766 -0.906242 -0.028980
-0.500000 -0.866026 0.000001
-0.504801 -0.863155 0.011777
-0.421766 -0.906242 -0.028980
-0.504801 -0.863155 0.011777
-0.498798 -0.865764 -0.040656
-0.498798 -0.865764 -0.040656
-0.172608 -0.984151 -0.040656
-0.284294 -0.957956 -0.038688
-0.498798 -0.865764 -0.040656
-0.284294 -0.957956 -0.038688
-0.421766 -0.906242 -0.028980
-0.284294 -0.957956 -0.038688
-0.172608 -0.984151 -0.040656
-0.179141 -0.983753 0.011777
0.000000 0.000000 1.000000
0.000000 0.000000 1.000000
0.000000 0.000000 1.000000
0.000000 0.000000 1.000000
0.000000 0.000000 1.000000
0.000000 0.000000 1.000000
-0.998629 -0.052336 0.000000
-0.998630 -0.052336 0.000000
-0.998630 -0.052336 0.000000
-0.998630 -0.052336 0.000000
-0.998629 -0.052336 0.000000
-0.998630 -0.052336 0.000000
0.000000 0.000000 1.000000
0.000000 0.000000 1.000000
0.000000 0.000000 1.000000
0.000000 0.000000 1.000000
0.000000 0.000000 1.000000
0.000000 0.000000 1.000000
-0.050232 0.992215 0.113956
-0.167699 0.985754 -0.012902
-0.178390 0.982925 0.045117
-0.178390 0.982925 0.045117
0.168548 0.984660 0.045117
0.067999 0.992368 0.102866
-0.178390 0.982925 0.045117
0.067999 0.992368 0.102866
-0.050232 0.992215 0.113956
0.067999 0.992368 0.102866
0.168548 0.984660 0.045117
0.179562 0.983662 -0.012902
0.067999 0.992368 0.102866
0.179562 0.983662 -0.012902
0.173648 0.984808 -0.000001
0.998630 -0.052336 0.000000
0.998630 -0.052336 0.000000
0.998630 -0.052336 0.000000
0.998630 -0.052336 0.000000
0.998630 -0.052336 0.000000
0.998630 -0.052336 0.000000
-0.086378 -0.995841 -0.028980
-0.173648 -0.984808 0.000001
-0.179141 -0.983753 0.011777
-0.086378 -0.995841 -0.028980
-0.179141 -0.983753 0.011777
-0.172608 -0.984151 -0.040656
-0.172608 -0.984151 -0.040656
0.174401 -0.983835 -0.040656
0.060491 -0.997419 -0.038688
-0.172608 -0.984151 -0.040656
0.060491 -0.997419 -0.038688
-0.086378 -0.995841 -0.028980
0.060491 -0.997419 -0.038688
0.174401 -0.983835 -0.040656
0.168125 -0.985695 0.011777
0.956305 0.292372 -0.000000
0.956305 0.292372 -0.000000
0.956305 0.292372 -0.000000
0.956305 0.292372 -0.000000
0.956305 0.292372 -0.000000
0.956305 0.292372 -0.000000
0.000000 0.000000 1.000000
0.000000 0.000000 1.000000
0.000000 0.000000 1.000000
0.000000 0.000000 1.000000
0.000000 0.000000 1.000000
0.000000 0.000000 1.000000
0.000000 0.000000 1.000000
0.000000 0.000000 1.000000
0.000000 0.000000 1.000000
0.000000 0.000000 1.000000
0.000000 0.000000 1.000000
0.000000 0.000000 1.000000
-0.503813 0.862634 0.045115
-0.178390 0.982925 0.045117
-0.275512 0.955778 0.102866
-0.503813 0.862634 0.045115
-0.275512 0.955778 0.102866
-0.386560 0.915197 0.113955
-0.386560 0.915197 0.113955
-0.494734 0.868949 -0.012902
-0.503813 0.862634 0.045115
-0.275512 0.955778 0.102866
-0.178390 0.982925 0.045117
-0.167699 0.985754 -0.012902
-0.275512 0.955778 0.102866
-0.167699 0.985754 -0.012902
-0.173649 0.984808 -0.000001
-0.920505 -0.390731 0.000000
-0.920505 -0.390731 0.000000
-0.920505 -0.390731 0.000000
-0.920505 -0.390731 0.000000
-0.920505 -0.390731 0.000000
-0.920505 -0.390731 0.000000
0.259429 -0.965327 -0.028979
0.173648 -0.984808 0.000001
0.168125 -0.985695 0.011777
0.259429 -0.965327 -0.028979
0.168125 -0.985695 0.011777
0.174401 -0.983835 -0.040656
0.174401 -0.983835 -0.040656
0.500375 -0.864854 -0.040655
0.397980 -0.916578 -0.038688
0.174401 -0.983835 -0.040656
0.397980 -0.916578 -0.038688
0.259429 -0.965327 -0.028979
0.397980 -0.916578 -0.038688
0.500375 -0.864854 -0.040655
0.495114 -0.868748 0.011776
0.500000 -0.866025 0.000000
0.766044 -0.642788 0.000000
0.500000 -0.866025 0.000000
0.500000 -0.866025 0.000000
0.766044 -0.642788 0.000000
0.766044 -0.642788 0.000000
0.766044 -0.642788 0.000000
0.939693 -0.342020 0.000000
0.766044 -0.642788 0.000000
0.766044 -0.642788 0.000000
0.939693 -0.342020 0.000000
0.939693 -0.342020 0.000000
0.939693 -0.342020 0.000000
1.000000 0.000000 0.000000
0.939693 -0.342020 0.000000
0.939693 -0.342020 0.000000
1.000000 0.000000 0.000000
1.000000 0.000000 0.000000
1.000000 0.000000 0.000000
0.939693 0.342020 0.000000
1.000000 0.000000 0.000000
1.000000 0.000000 0.000000
0.939693 0.342020 0.000000
0.939693 0.342020 0.000000
0.939693 0.342020 0.000000
0.766044 0.642788 0.000000
0.939693 0.342020 0.000000
0.939693 0.342020 0.000000
0.766044 0.642788 0.000000
0.766044 0.642788 0.000000
0.766044 0.642788 0.000000
0.500000 0.866026 0.000000
0.766044 0.642788 0.000000
0.766044 0.642788 0.000000
0.500000 0.866026 0.000000
0.500000 0.866026 0.000000
0.500000 0.866026 0.000000
0.173648 0.984808 0.000000
0.500000 0.866026 0.000000
0.500000 0.866026 0.000000
0.173648 0.984808 0.000000
0.173648 0.984808 0.000000
0.173648 0.984808 0.000000
-0.173648 0.984808 0.000000
0.173648 0.984808 0.000000
0.173648 0.984808 0.000000
-0.173648 0.984808 0.000000
-0.173648 0.984808 0.000000
-0.173648 0.984808 0.000000
-0.500000 0.866025 0.000000
-0.173648 0.984808 0.000000
-0.173648 0.984808 0.000000
-0.500000 0.866025 0.000000
-0.500000 0.866025 0.000000
0.000000 0.000000 1.000000
0.000000 0.000000 1.000000
0.000000 0.000000 1.000000
0.000000 0.000000 1.000000
0.000000 0.000000 1.000000
0.000000 0.000000 1.000000
0.000000 0.000000 1.000000
0.000000 0.000000 1.000000
0.000000 0.000000 1.000000
0.000000 0.000000 1.000000
0.000000 0.000000 1.000000
0.000000 0.000000 1.000000
0.000000 0.000000 1.000000
0.000000 0.000000 1.000000
0.000000 0.000000 1.000000
0.000000 0.000000 1.000000
0.000000 0.000000 1.000000
0.000000 0.000000 1.000000
0.000000 0.000000 1.000000
0.000000 0.000000 1.000000
0.000000 0.000000 1.000000
0.000000 0.000000 1.000000
0.000000 0.000000 1.000000
0.000000 0.000000 1.000000
0.000000 0.000000 1.000000
0.000000 0.000000 1.000000
0.000000 0.000000 1.000000
0.353554 -0.612373 -0.707107
0.541675 -0.454520 -0.707107
0.541675 -0.454520 -0.707107
0.541675 -0.454520 -0.707107
0.353554 -0.612372 -0.707107
0.353554 -0.612373 -0.707107
0.541675 -0.454520 -0.707107
0.664463 -0.241845 -0.707107
0.664463 -0.241845 -0.707107
0.664463 -0.241845 -0.707107
0.541675 -0.454520 -0.707107
0.541675 -0.454520 -0.707107
0.664463 -0.241845 -0.707107
0.707107 0.000000 -0.707107
0.707107 0.000000 -0.707107
0.707107 0.000000 -0.707107
0.664463 -0.241845 -0.707107
0.664463 -0.241845 -0.707107
0.707107 0.000000 -0.707107
0.664463 0.241845 -0.707107
0.664463 0.241845 -0.707107
0.664463 0.241845 -0.707107
0.707107 0.000000 -0.707107
0.707107 0.000000 -0.707107
0.664463 0.241845 -0.707107
0.541675 0.454520 -0.707107
0.541675 0.454520 -0.707107
0.541675 0.454520 -0.707107
0.664463 0.241845 -0.707107
0.664463 0.241845 -0.707107
0.541675 0.454520 -0.707107
0.353553 0.612373 -0.707107
0.353553 0.612373 -0.707107
0.353553 0.612373 -0.707107
0.541675 0.454520 -0.707107
0.541675 0.454520 -0.707107
0.353553 0.612373 -0.707107
0.122788 0.696364 -0.707107
0.122788 0.696364 -0.707107
0.122788 0.696364 -0.707107
0.353553 0.612373 -0.707107
0.353553 0.612373 -0.707107
0.122788 0.696364 -0.707107
-0.122788 0.696364 -0.707107
-0.122788 0.696364 -0.707107
-0.122788 0.696364 -0.707107
0.122788 0.696364 -0.707107
0.122788 0.696364 -0.707107
-0.122788 0.696364 -0.707107
-0.353554 0.612373 -0.707107
-0.353554 0.612373 -0.707107
-0.353554 0.612373 -0.707107
-0.122788 0.696364 -0.707107
-0.122788 0.696364 -0.707107
0.000000 0.000000 1.000000
0.000000 0.000000 1.000000
0.000000 0.000000 1.000000
0.000000 0.000000 1.000000
0.000000 0.000000 1.000000
0.000000 0.000000 1.000000
0.798635 0.601815 0.000001
0.798635 0.601815 0.000001
0.798635 0.601815 0.000001
0.798635 0.601815 0.000001
0.798635 0.601815 0.000001
0.798635 0.601815 0.000001
0.000000 0.000000 1.000000
0.000000 0.000000 1.000000
0.000000 0.000000 1.000000
0.000000 0.000000 1.000000
0.000000 0.000000 1.000000
0.000000 0.000000 1.000000
0.573946 -0.818381 -0.028979
0.500000 -0.866026 -0.000001
0.495114 -0.868748 0.011776
0.573946 -0.818381 -0.028979
0.495114 -0.868748 0.011776
0.500375 -0.864854 -0.040655
0.500375 -0.864854 -0.040655
0.765996 -0.641559 -0.040655
0.687465 -0.725186 -0.038688
0.500375 -0.864854 -0.040655
0.687465 -0.725186 -0.038688
0.573946 -0.818381 -0.028979
0.687465 -0.725186 -0.038688
0.765996 -0.641559 -0.040655
0.762384 -0.647018 0.011776
-0.731354 -0.681998 -0.000001
-0.731354 -0.681999 -0.000001
-0.731354 -0.681999 -0.000001
-0.731354 -0.681998 -0.000001
-0.731354 -0.681998 -0.000001
-0.731354 -0.681998 -0.000001
-0.676262 0.727794 0.113952
-0.762095 0.647337 -0.012901
-0.768466 0.638298 0.045115
-0.768466 0.638298 0.045115
-0.503813 0.862634 0.045115
-0.585793 0.803907 0.102862
-0.768466 0.638298 0.045115
-0.585793 0.803907 0.102862
-0.676262 0.727794 0.113952
-0.585793 0.803907 0.102862
-0.503813 0.862634 0.045115
-0.494734 0.868949 -0.012902
-0.585793 0.803907 0.102862
-0.494734 0.868949 -0.012902
-0.500000 0.866025 0.000001
0.000000 0.000000 1.000000
0.000000 0.000000 1.000000
0.000000 0.000000 1.000000
0.000000 0.000000 1.000000
0.000000 0.000000 1.000000
0.000000 0.000000 1.000000
0.544639 0.838671 0.000000
0.544639 0.838671 0.000000
0.544639 0.838671 0.000000
0.544639 0.838671 0.000000
0.544639 0.838671 0.000000
0.544639 0.838671 0.000000
-0.825417 0.555073 0.102862
-0.768466 0.638298 0.045115
-0.762095 0.647337 -0.012901
-0.825417 0.555073 0.102862
-0.762095 0.647337 -0.012901
-0.766045 0.642787 0.000000
0.000000 0.000000 1.000000
0.000000 0.000000 1.000000
0.000000 0.000000 1.000000
0.000000 0.000000 1.000000
0.000000 0.000000 1.000000
0.000000 0.000000 1.000000
-0.884399 0.452607 0.113954
-0.940433 0.336972 0.045116
-0.768466 0.638298 0.045115
-0.884399 0.452607 0.113954
-0.768466 0.638298 0.045115
-0.825417 0.555073 0.102862
-0.884399 0.452607 0.113954
-0.937537 0.347645 -0.012902
-0.940433 0.336972 0.045116
-0.453991 -0.891007 0.000000
-0.453991 -0.891006 0.000000
-0.453991 -0.891007 0.000000
-0.453991 -0.891007 0.000000
-0.453991 -0.891007 0.000000
-0.453991 -0.891006 0.000000
0.819235 -0.572725 -0.028979
0.766045 -0.642787 0.000000
0.762384 -0.647018 0.011776
0.819235 -0.572725 -0.028979
0.762384 -0.647018 0.011776
0.765996 -0.641559 -0.040655
0.765996 -0.641559 -0.040655
0.939227 -0.340882 -0.040655
0.894034 -0.446325 -0.038688
0.765996 -0.641559 -0.040655
0.894034 -0.446325 -0.038688
0.819235 -0.572725 -0.028979
0.894034 -0.446325 -0.038688
0.939227 -0.340882 -0.040655
0.937700 -0.347247 0.011776
-0.121869 -0.992546 -0.000000
-0.121869 -0.992546 -0.000000
-0.121869 -0.992546 -0.000000
-0.121869 -0.992546 -0.000000
-0.121869 -0.992546 -0.000000
-0.121869 -0.992546 -0.000000
0.000000 0.000000 1.000000
0.000000 0.000000 1.000000
0.000000 0.000000 1.000000
0.000000 0.000000 1.000000
0.000000 0.000000 1.000000
0.000000 0.000000 1.000000
0.000000 0.000000 1.000000
0.000000 0.000000 1.000000
0.000000 0.000000 1.000000
0.000000 0.000000 1.000000
0.000000 0.000000 1.000000
0.000000 0.000000 1.000000
-0.985864 0.122829 0.113952
-0.999899 0.006023 -0.012902
-0.998969 -0.004997 0.045116
-0.998969 -0.004997 0.045116
-0.940433 0.336972 0.045116
-0.965484 0.239288 0.102864
-0.998969 -0.004997 0.045116
-0.965484 0.239288 0.102864
-0.985864 0.122829 0.113952
-0.965484 0.239288 0.102864
-0.940433 0.336972 0.045116
-0.937537 0.347645 -0.012902
-0.965484 0.239288 0.102864
-0.937537 0.347645 -0.012902
-0.939693 0.342020 0.000000
0.224951 0.974370 0.000001
0.224951 0.974370 0.000001
0.224951 0.974370 0.000001
0.224951 0.974370 0.000000
0.224951 0.974370 0.000000
0.224951 0.974370 0.000000
0.965713 -0.257991 -0.028979
0.939693 -0.342020 -0.000000
0.937700 -0.347247 0.011776
0.965713 -0.257991 -0.028979
0.937700 -0.347247 0.011776
0.939227 -0.340882 -0.040655
0.939227 -0.340882 -0.040655
0.999173 0.000910 -0.040655
0.992770 -0.113630 -0.038688
0.939227 -0.340882 -0.040655
0.992770 -0.113630 -0.038688
0.965713 -0.257991 -0.028979
0.992770 -0.113630 -0.038688
0.999173 0.000910 -0.040655
0.999915 -0.005593 0.011777
0.224951 -0.974370 -0.000001
0.224951 -0.974370 -0.000001
0.224951 -0.974370 -0.000001
0.224951 -0.974370 -0.000001
0.224951 -0.974370 -0.000001
0.224951 -0.974370 -0.000001
0.000000 0.000000 1.000000
0.000000 0.000000 1.000000
0.000000 0.000000 1.000000
0.000000 0.000000 1.000000
0.000000 0.000000 1.000000
0.000000 0.000000 1.000000
0.000000 0.000000 1.000000
0.000000 0.000000 1.000000
0.000000 0.000000 1.000000
0.000000 0.000000 1.000000
0.000000 0.000000 1.000000
0.000000 0.000000 1.000000
-0.968419 -0.221764 0.113954
-0.941657 -0.336326 -0.012902
-0.937015 -0.346363 0.045116
-0.937015 -0.346363 0.045116
-0.998969 -0.004997 0.045116
-0.989100 -0.105357 0.102864
-0.937015 -0.346363 0.045116
-0.989100 -0.105357 0.102864
-0.968419 -0.221764 0.113954
-0.989100 -0.105357 0.102864
-0.998969 -0.004997 0.045116
-0.999899 0.006023 -0.012902
-0.989100 -0.105357 0.102864
-0.999899 0.006023 -0.012902
-1.000000 0.000000 0.000000
-0.121870 0.992546 0.000000
-0.121870 0.992546 0.000000
-0.121870 0.992546 0.000000
-0.121870 0.992546 0.000000
-0.121870 0.992546 0.000000
-0.121870 0.992546 0.000000
0.995711 0.087861 -0.028979
1.000000 0.000000 0.000000
0.999915 -0.005593 0.011777
0.995711 0.087861 -0.028979
0.999915 -0.005593 0.011777
0.999173 0.000910 -0.040655
0.999173 0.000910 -0.040655
0.938604 0.342592 -0.040655
0.971762 0.232770 -0.038688
0.999173 0.000910 -0.040655
0.971762 0.232770 -0.038688
0.995711 0.087861 -0.028979
0.971762 0.232770 -0.038688
0.938604 0.342592 -0.040655
0.941526 0.336735 0.011776
0.544639 -0.838670 0.000000
0.544639 -0.838670 0.000000
0.544639 -0.838670 0.000000
0.544639 -0.838670 0.000000
0.544639 -0.838670 0.000000
0.544639 -0.838670 0.000000
0.000000 0.000000 1.000000
0.000000 0.000000 1.000000
0.000000 0.000000 1.000000
0.000000 0.000000 1.000000
0.000000 0.000000 1.000000
0.000000 0.000000 1.000000
0.000000 0.000000 1.000000
0.000000 0.000000 1.000000
0.000000 0.000000 1.000000
0.000000 0.000000 1.000000
0.000000 0.000000 1.000000
0.000000 0.000000 1.000000
-0.834169 -0.539608 0.113954
-0.769839 -0.638108 -0.012902
-0.762043 -0.645952 0.045116
-0.762043 -0.645952 0.045116
-0.937015 -0.346363 0.045116
-0.893416 -0.437296 0.102863
-0.762043 -0.645952 0.045116
-0.893416 -0.437296 0.102863
-0.834169 -0.539608 0.113954
-0.893416 -0.437296 0.102863
-0.937015 -0.346363 0.045116
-0.941657 -0.336326 -0.012902
-0.893416 -0.437296 0.102863
-0.941657 -0.336326 -0.012902
-0.939693 -0.342020 0.000000
-0.453991 0.891007 0.000000
-0.453991 0.891006 0.000000
-0.453991 0.891006 0.000000
-0.453991 0.891006 0.000000
-0.453991 0.891007 0.000000
-0.453991 0.891006 0.000000
0.938604 0.342592 -0.040655
0.764826 0.642953 -0.040656
0.833546 0.551094 -0.038688
0.938604 0.342592 -0.040655
0.833546 0.551094 -0.038688
0.905612 0.423115 -0.028979
0.833546 0.551094 -0.038688
0.764826 0.642953 -0.040656
0.769575 0.638448 0.011777
0.905612 0.423115 -0.028979
0.939693 0.342020 0.000000
0.941526 0.336735 0.011776
0.905612 0.423115 -0.028979
0.941526 0.336735 0.011776
0.938604 0.342592 -0.040655
0.000000 0.000000 1.000000
0.000000 0.000000 1.000000
0.000000 0.000000 1.000000
0.000000 0.000000 1.000000
0.000000 0.000000 1.000000
0.000000 0.000000 1.000000
0.798636 -0.601815 -0.000001
0.798636 -0.601815 -0.000001
0.798636 -0.601815 -0.000001
0.798636 -0.601815 -0.000001
0.798636 -0.601815 -0.000001
0.798636 -0.601815 -0.000001
0.000000 0.000000 1.000000
0.000000 0.000000 1.000000
0.000000 0.000000 1.000000
0.000000 0.000000 1.000000
0.000000 0.000000 1.000000
0.000000 0.000000 1.000000
-0.599304 -0.792369 0.113956
-0.505165 -0.862926 -0.012902
-0.495158 -0.867631 0.045117
-0.495158 -0.867631 0.045117
-0.762043 -0.645952 0.045116
-0.689972 -0.716489 0.102865
-0.495158 -0.867631 0.045117
-0.689972 -0.716489 0.102865
-0.599304 -0.792369 0.113956
-0.689972 -0.716489 0.102865
-0.762043 -0.645952 0.045116
-0.769839 -0.638108 -0.012902
-0.689972 -0.716489 0.102865
-0.769839 -0.638108 -0.012902
-0.766044 -0.642788 -0.000001
-0.731354 0.681998 0.000001
-0.731354 0.681998 0.000001
-0.731354 0.681998 0.000001
-0.731354 0.681998 0.000001
-0.731354 0.681998 0.000001
-0.731354 0.681998 0.000001
0.706283 0.707336 -0.028979
0.766044 0.642788 0.000001
0.769575 0.638448 0.011777
0.706283 0.707336 -0.028979
0.769575 0.638448 0.011777
0.764826 0.642953 -0.040656
0.764826 0.642953 -0.040656
0.498798 0.865764 -0.040656
0.594790 0.802950 -0.038688
0.764826 0.642953 -0.040656
0.594790 0.802950 -0.038688
0.706283 0.707336 -0.028979
0.594790 0.802950 -0.038688
0.498798 0.865764 -0.040656
0.504801 0.863155 0.011777
0.956305 -0.292372 -0.000000
0.956305 -0.292372 -0.000000
0.956305 -0.292372 -0.000000
0.956305 -0.292372 -0.000000
0.956305 -0.292372 -0.000000
0.956305 -0.292372 -0.000000
0.000000 0.000000 1.000000
0.000000 0.000000 1.000000
0.000000 0.000000 1.000000
0.000000 0.000000 1.000000
0.000000 0.000000 1.000000
0.000000 0.000000 1.000000
0.000000 0.000000 1.000000
0.000000 0.000000 1.000000
0.000000 0.000000 1.000000
0.000000 0.000000 1.000000
0.000000 0.000000 1.000000
0.000000 0.000000 1.000000
-0.292155 -0.949558 0.113955
-0.179562 -0.983662 -0.012902
-0.168548 -0.984660 0.045117
-0.168548 -0.984660 0.045117
-0.495158 -0.867631 0.045117
-0.403308 -0.909264 0.102866
-0.168548 -0.984660 0.045117
-0.403308 -0.909264 0.102866
-0.292155 -0.949558 0.113955
-0.403308 -0.909264 0.102866
-0.495158 -0.867631 0.045117
-0.505165 -0.862926 -0.012902
-0.403308 -0.909264 0.102866
-0.505165 -0.862926 -0.012902
-0.500000 -0.866025 -0.000001
-0.920505 0.390731 0.000000
-0.920505 0.390731 0.000000
-0.920505 0.390731 0.000000
-0.920505 0.390731 0.000000
-0.920505 0.390731 0.000000
-0.920505 0.390731 0.000000
0.421766 0.906241 -0.028980
0.500000 0.866025 0.000001
0.504801 0.863155 0.011777
0.421766 0.906241 -0.028980
0.504801 0.863155 0.011777
0.498798 0.865764 -0.040656
0.498798 0.865764 -0.040656
0.172608 0.984151 -0.040656
0.284295 0.957956 -0.038688
0.498798 0.865764 -0.040656
0.284295 0.957956 -0.038688
0.421766 0.906241 -0.028980
0.284295 0.957956 -0.038688
0.172608 0.984151 -0.040656
0.179141 0.983753 0.011777
0.000000 0.000000 1.000000
0.000000 0.000000 1.000000
0.000000 0.000000 1.000000
0.000000 0.000000 1.000000
0.000000 0.000000 1.000000
0.000000 0.000000 1.000000
0.998629 0.052336 0.000000
0.998630 0.052336 0.000000
0.998630 0.052336 0.000000
0.998630 0.052336 0.000000
0.998629 0.052336 0.000000
0.998630 0.052336 0.000000
0.000000 0.000000 1.000000
0.000000 0.000000 1.000000
0.000000 0.000000 1.000000
0.000000 0.000000 1.000000
0.000000 0.000000 1.000000
0.000000 0.000000 1.000000
0.050232 -0.992215 0.113956
0.167699 -0.985754 -0.012902
0.178390 -0.982925 0.045117
0.178390 -0.982925 0.045117
-0.168548 -0.984660 0.045117
-0.067999 -0.992368 0.102866
0.178390 -0.982925 0.045117
-0.067999 -0.992368 0.102866
0.050232 -0.992215 0.113956
-0.067999 -0.992368 0.102866
-0.168548 -0.984660 0.045117
-0.179562 -0.983662 -0.012902
-0.067999 -0.992368 0.102866
-0.179562 -0.983662 -0.012902
-0.173648 -0.984808 -0.000001
-0.998630 0.052336 0.000000
-0.998630 0.052336 0.000000
-0.998630 0.052336 0.000000
-0.998630 0.052336 0.000000
-0.998630 0.052336 0.000000
-0.998630 0.052336 0.000000
0.086378 0.995841 -0.028980
0.173648 0.984808 0.000001
0.179141 0.983753 0.011777
0.086378 0.995841 -0.028980
0.179141 0.983753 0.011777
0.172608 0.984151 -0.040656
0.172608 0.984151 -0.040656
-0.174401 0.983835 -0.040656
-0.060491 0.997419 -0.038688
0.172608 0.984151 -0.040656
-0.060491 0.997419 -0.038688
0.086378 0.995841 -0.028980
-0.060491 0.997419 -0.038688
-0.174401 0.983835 -0.040656
-0.168125 0.985695 0.011777
-0.956305 -0.292372 -0.000000
-0.956305 -0.292372 -0.000000
-0.956305 -0.292372 -0.000000
-0.956305 -0.292372 -0.000000
-0.956305 -0.292372 -0.000000
-0.956305 -0.292372 -0.000000
0.000000 0.000000 1.000000
0.000000 0.000000 1.000000
0.000000 0.000000 1.000000
0.000000 0.000000 1.000000
0.000000 0.000000 1.000000
0.000000 0.000000 1.000000
0.000000 0.000000 1.000000
0.000000 0.000000 1.000000
0.000000 0.000000 1.000000
0.000000 0.000000 1.000000
0.000000 0.000000 1.000000
0.000000 0.000000 1.000000
0.503813 -0.862634 0.045115
0.178390 -0.982925 0.045117
0.275512 -0.955778 0.102865
0.503813 -0.862634 0.045115
0.275512 -0.955778 0.102865
0.386560 -0.915197 0.113954
0.386560 -0.915197 0.113954
0.494734 -0.868949 -0.012902
0.503813 -0.862634 0.045115
0.275512 -0.955778 0.102865
0.178390 -0.982925 0.045117
0.167699 -0.985754 -0.012902
0.275512 -0.955778 0.102865
0.167699 -0.985754 -0.012902
0.173649 -0.984808 -0.000001
0.920505 0.390731 0.000000
0.920505 0.390731 0.000000
0.920505 0.390731 0.000000
0.920505 0.390731 0.000000
0.920505 0.390731 0.000000
0.920505 0.390731 0.000000
-0.259429 0.965327 -0.028979
-0.173648 0.984808 0.000001
-0.168125 0.985695 0.011777
-0.259429 0.965327 -0.028979
-0.168125 0.985695 0.011777
-0.174401 0.983835 -0.040656
-0.174401 0.983835 -0.040656
-0.500375 0.864854 -0.040655
-0.397980 0.916578 -0.038688
-0.174401 0.983835 -0.040656
-0.397980 0.916578 -0.038688
-0.259429 0.965327 -0.028979
-0.397980 0.916578 -0.038688
-0.500375 0.864854 -0.040655
-0.495114 0.868748 0.011776

322
0.250000 -2.225000
0.416667 -2.225000
0.583333 -2.225000
0.750000 -2.225000
0.916667 -2.225000
1.083333 -2.225000
1.250000 -2.225000
1.416667 -2.225000
1.583333 -2.225000
1.750000 -2.225000
0.250000 2.775000
0.416667 2.775000
0.583333 2.775000
0.750000 2.775000
0.916667 2.775000
1.083333 2.775000
1.250000 2.775000
1.416667 2.775000
1.583333 2.775000
1.750000 2.775000
1.916667 -2.225000
2.083333 -2.225000
2.250000 -2.225000
2.416667 -2.225000
2.583333 -2.225000
2.750000 -2.225000
2.916667 -2.225000
0.083333 -2.225000
1.916667 2.775000
2.083333 2.775000
2.250000 2.775000
2.416667 2.775000
2.583333 2.775000
2.750000 2.775000
2.916667 2.775000
0.083333 2.775000
1.750000 2.925000
1.916667 2.925000
2.083333 2.925000
2.250000 2.925000
2.416667 2.925000
2.583333 2.925000
2.750000 2.925000
2.916667 2.925000
0.083333 2.925000
0.250000 2.925000
1.691667 3.225000
1.858333 3.225000
2.025000 3.225000
2.191667 3.225000
2.358333 3.225000
2.525000 3.225000
2.691667 3.225000
2.858333 3.225000
0.025000 3.225000
0.191667 3.225000
1.691667 3.225000
1.858333 3.225000
2.025000 3.225000
2.191667 3.225000
2.358333 3.225000
2.525000 3.225000
2.691667 3.225000
2.858333 3.225000
0.025000 3.225000
0.191667 3.225000
1.750000 3.025000
1.916667 3.025000
2.083333 3.025000
2.250000 3.025000
2.416667 3.025000
2.583333 3.025000
2.750000 3.025000
2.916667 3.025000
0.083333 3.025000
0.250000 3.025000
1.808333 3.225000
1.975000 3.225000
2.141667 3.225000
2.308333 3.225000
2.475000 3.225000
2.641666 3.225000
2.808333 3.225000
2.975000 3.225000
0.141667 3.225000
1.808333 3.225000
1.975000 3.225000
2.141667 3.225000
2.308333 3.225000
2.475000 3.225000
2.641666 3.225000
2.808333 3.225000
2.975000 3.225000
0.141667 3.225000
1.858333 3.075002
2.025000 3.075002
2.191667 3.075002
2.358333 3.075002
2.525000 3.075002
2.691667 3.075002
2.858333 3.075002
0.025000 3.075002
0.191667 3.075002
1.858333 3.075002
2.025000 3.075002
2.191667 3.075002
2.358333 3.075002
2.525000 3.075002
2.691667 3.075002
2.858333 3.075002
0.025000 3.075002
0.191667 3.075002
1.808333 3.075002
1.975000 3.075002
2.141667 3.075002
2.308333 3.075002
2.475000 3.075002
2.641667 3.075002
2.808333 3.075002
2.975000 3.075002
0.141667 3.075002
1.808333 3.075002
1.975000 3.075002
2.141667 3.075002
2.308333 3.075002
2.475000 3.075002
2.641667 3.075002
2.808333 3.075002
2.975000 3.075002
0.141667 3.075002
0.416667 2.925000
0.583333 2.925000
0.750000 2.925000
0.916667 2.925000
1.083333 2.925000
1.250000 2.925000
1.416667 2.925000
1.583333 2.925000
0.358333 3.225000
0.525000 3.225000
0.691667 3.225000
0.858333 3.225000
1.025000 3.225000
1.191667 3.225000
1.358333 3.225000
1.525000 3.225000
0.358333 3.225000
0.525000 3.225000
0.691667 3.225000
0.858333 3.225000
1.025000 3.225000
1.191667 3.225000
1.358333 3.225000
1.525000 3.225000
0.416667 3.025000
0.583333 3.025000
0.750000 3.025000
0.916667 3.025000
1.083333 3.025000
1.250000 3.025000
1.416667 3.025000
1.583333 3.025000
0.308333 3.225000
0.475000 3.225000
0.641667 3.225000
0.808333 3.225000
0.975000 3.225000
1.141667 3.225000
1.308333 3.225000
1.475000 3.225000
1.641667 3.225000
0.308333 3.225000
0.475000 3.225000
0.641667 3.225000
0.808333 3.225000
0.975000 3.225000
1.141667 3.225000
1.308333 3.225000
1.475000 3.225000
1.641667 3.225000
0.358333 3.075002
0.525000 3.075002
0.691667 3.075002
0.858333 3.075002
1.025000 3.075002
1.191667 3.075002
1.358333 3.075002
1.525000 3.075002
1.691667 3.075002
0.358333 3.075002
0.525000 3.075002
0.691667 3.075002
0.858333 3.075002
1.025000 3.075002
1.191667 3.075002
1.358333 3.075002
1.525000 3.075002
1.691667 3.075002
0.308333 3.075002
0.475000 3.075002
0.641667 3.075002
0.808333 3.075002
0.975000 3.075002
1.141667 3.075002
1.308333 3.075002
1.475000 3.075002
1.641667 3.075002
0.308333 3.075002
0.475000 3.075002
0.641667 3.075002
0.808333 3.075002
0.975000 3.075002
1.141667 3.075002
1.308333 3.075002
1.475000 3.075002
1.641667 3.075002
-0.083333 -2.225000
-0.083333 2.775000
-0.083333 -2.225000
-0.083333 2.775000
-0.083333 2.925000
-0.083333 2.775000
-0.025000 3.075002
-0.025000 3.075002
-0.025000 3.075002
-0.083333 3.025000
-0.025000 3.075002
-0.025000 3.075002
-0.083333 2.925000
-0.083333 2.925000
-0.025000 3.075002
0.500000 0.500000
0.126157 1.147515
-0.072761 0.980603
-0.202595 0.755724
-0.247686 0.500000
-0.202595 0.244276
-0.072761 0.019397
0.126157 -0.147515
0.370166 -0.236327
0.629834 -0.236327
0.873843 -0.147515
0.050031 1.097129
0.207856 1.188249
0.148342 1.328454
-0.041633 1.218772
-0.113798 1.158218
-0.254803 0.990175
-0.127062 0.907219
-0.009921 1.046823
-0.301906 0.908592
-0.376933 0.702456
-0.228523 0.668193
-0.166193 0.839442
-0.393291 0.390318
-0.242113 0.408880
-0.242113 0.591120
-0.393291 0.609682
-0.301906 0.091409
-0.166193 0.160558
-0.228523 0.331807
-0.376933 0.297544
-0.113798 -0.158218
-0.009921 -0.046823
-0.127062 0.092781
-0.254803 0.009825
0.148342 -0.328454
0.207856 -0.188249
0.050031 -0.097129
-0.041633 -0.218772
0.452898 -0.398767
0.460869 -0.246661
0.281398 -0.215016
0.236865 -0.360674
0.547102 -0.398767
0.763135 -0.360674
0.718602 -0.215016
0.539131 -0.246661
1.072761 0.019397
1.202595 0.244276
1.247686 0.500000
1.202595 0.755724
1.072761 0.980603
0.873843 1.147515
0.629834 1.236327
0.370166 1.236327
0.949969 -0.097129
0.792144 -0.188249
0.851658 -0.328454
1.041633 -0.218772
1.113798 -0.158218
1.254803 0.009825
1.127062 0.092781
1.009921 -0.046823
1.301906 0.091408
1.376933 0.297544
1.228523 0.331807
1.166193 0.160558
1.393291 0.609682
1.242113 0.591120
1.242113 0.408880
1.393291 0.390317
1.301906 0.908591
1.166193 0.839442
1.228523 0.668193
1.376933 0.702456
1.113799 1.158218
1.009921 1.046823
1.127062 0.907219
1.254804 0.990175
0.851658 1.328454
0.792144 1.188249
0.949969 1.097129
1.041634 1.218772
0.547102 1.398767
0.539131 1.246661
0.718602 1.215016
0.763135 1.360674
0.452898 1.398767
0.236866 1.360674
0.281398 1.215016
0.460869 1.246661

414
0 0 0 11 1 11 10 2 10
0 3 0 1 4 1 11 5 11
1 6 1 12 7 12 11 8 11
1 9 1 2 10 2 12 11 12
2 12 2 13 13 13 12 14 12
2 15 2 3 16 3 13 17 13
3 18 3 14 19 14 13 20 13
3 21 3 4 22 4 14 23 14
4 24 4 15 25 15 14 26 14
4 27 4 5 28 5 15 29 15
5 30 5 16 31 16 15 32 15
5 33 5 6 34 6 16 35 16
6 36 6 17 37 17 16 38 16
6 39 6 7 40 7 17 41 17
7 42 7 18 43 18 17 44 17
7 45 7 8 46 8 18 47 18
8 48 8 19 49 19 18 50 18
8 51 8 9 52 9 19 53 19
20 54 231 76 55 232 155 56 233
20 57 231 155 58 233 156 59 234
20 60 231 156 61 234 157 62 235
20 63 231 157 64 235 158 65 236
20 66 231 158 67 236 159 68 237
20 69 231 159 70 237 160 71 238
20 72 231 160 73 238 161 74 239
20 75 231 161 76 239 162 77 240
20 78 231 162 79 240 67 80 241
10 81 10 11 82 11 131 83 130
131 84 130 46 85 45 10 86 10
11 87 11 12 88 12 132 89 131
132 90 131 131 91 130 11 92 11
12 93 12 13 94 13 133 95 132
133 96 132 132 97 131 12 98 12
13 99 13 14 100 14 134 101 133
134 102 133 133 103 132 13 104 13
14 105 14 15 106 15 135 107 134
135 108 134 134 109 133 14 110 14
15 111 15 16 112 16 136 113 135
136 114 135 135 115 134 15 116 15
16 117 16 17 118 17 137 119 136
137 120 136 136 121 135 16 122 16
17 123 17 18 124 18 138 125 137
138 126 137 137 127 136 17 128 17
18 129 18 19 130 19 37 131 36
37 132 36 138 133 137 18 134 18
172 135 242 66 136 243 56 137 244
172 138 242 56 139 244 163 140 245
163 141 162 199 142 198 208 143 207
163 144 162 208 145 207 172 146 171
208 147 207 199 148 198 181 149 180
208 150 207 181 151 180 190 152 189
199 153 198 163 154 162 56 155 55
199 156 198 56 157 55 46 158 45
46 159 45 131 160 130 181 161 180
46 162 45 181 163 180 199 164 198
181 165 180 131 166 130 139 167 138
147 168 146 190 169 189 181 170 180
147 171 146 181 172 180 139 173 138
190 174 189 147 175 146 155 176 154
155 177 154 76 178 75 208 179 207
155 180 154 208 181 207 190 182 189
208 183 207 76 184 75 66 185 65
208 186 207 66 187 65 172 188 171
139 189 246 164 190 247 173 191 248
139 192 246 173 193 248 147 194 249
164 195 163 200 196 199 209 197 208
164 198 163 209 199 208 173 200 172
209 201 208 155 202 154 147 203 146
209 204 208 147 205 146 173 206 172
200 207 199 182 208 181 191 209 190
200 210 199 191 211 190 209 212 208
191 213 190 156 214 155 155 215 154
191 216 190 155 217 154 209 218 208
191 219 190 148 220 147 156 221 155
148 222 147 191 223 190 182 224 181
148 225 147 182 226 181 140 227 139
200 228 199 164 229 163 139 230 138
200 231 199 139 232 138 131 233 130
131 234 130 132 235 131 182 236 181
131 237 130 182 238 181 200 239 199
182 240 181 132 241 131 140 242 139
149 243 148 192 244 191 183 245 182
149 246 148 183 247 182 141 248 140
183 249 182 192 250 191 210 251 209
183 252 182 210 253 209 201 254 200
140 255 250 165 256 251 174 257 252
140 258 250 174 259 252 148 260 253
192 261 191 149 262 148 157 263 156
157 264 156 156 265 155 210 266 209
157 267 156 210 268 209 192 269 191
210 270 209 156 271 155 148 272 147
210 273 209 148 274 147 174 275 173
165 276 164 201 277 200 210 278 209
165 279 164 210 280 209 174 281 173
201 282 200 165 283 164 140 284 139
201 285 200 140 286 139 132 287 131
132 288 131 133 289 132 183 290 182
132 291 131 183 292 182 201 293 200
183 294 182 133 295 132 141 296 140
150 297 149 193 298 192 184 299 183
150 300 149 184 301 183 142 302 141
193 303 192 211 304 210 202 305 201
193 306 192 202 307 201 184 308 183
166 309 254 175 310 255 149 311 256
166 312 254 149 313 256 141 314 257
193 315 192 150 316 149 158 317 157
158 318 157 157 319 156 211 320 210
158 321 157 211 322 210 193 323 192
211 324 210 157 325 156 149 326 148
211 327 210 149 328 148 175 329 174
166 330 165 202 331 201 211 332 210
166 333 165 211 334 210 175 335 174
202 336 201 166 337 165 141 338 140
202 339 201 141 340 140 133 341 132
133 342 132 134 343 133 184 344 183
133 345 132 184 346 183 202 347 201
184 348 183 134 349 133 142 350 141
151 351 150 194 352 193 185 353 184
151 354 150 185 355 184 143 356 142
167 357 258 176 358 259 150 359 260
167 360 258 150 361 260 142 362 261
194 363 193 212 364 211 203 365 202
194 366 193 203 367 202 185 368 184
194 369 193 151 370 150 159 371 158
159 372 158 158 373 157 212 374 211
159 375 158 212 376 211 194 377 193
212 378 211 158 379 157 150 380 149
212 381 211 150 382 149 176 383 175
167 384 166 203 385 202 212 386 211
167 387 166 212 388 211 176 389 175
134 390 133 135 391 134 185 392 184
134 393 133 185 394 184 203 395 202
185 396 184 135 397 134 143 398 142
203 399 202 167 400 166 142 401 141
203 402 202 142 403 141 134 404 133
195 405 194 213 406 212 204 407 203
195 408 194 204 409 203 186 410 185
152 411 151 195 412 194 186 413 185
152 414 151 186 415 185 144 416 143
168 417 262 177 418 263 151 419 264
168 420 262 151 421 264 143 422 265
195 423 194 152 424 151 160 425 159
160 426 159 159 427 158 213 428 212
160 429 159 213 430 212 195 431 194
213 432 212 159 433 158 151 434 150
213 435 212 151 436 150 177 437 176
168 438 167 204 439 203 213 440 212
168 441 167 213 442 212 177 443 176
204 444 203 168 445 167 143 446 142
204 447 203 143 448 142 135 449 134
135 450 134 136 451 135 186 452 185
135 453 134 186 454 185 204 455 203
186 456 185 136 457 135 144 458 143
153 459 152 196 460 195 187 461 186
153 462 152 187 463 186 145 464 144
196 465 195 214 466 213 205 467 204
196 468 195 205 469 204 187 470 186
169 471 266 178 472 267 152 473 268
169 474 266 152 475 268 144 476 269
196 477 195 153 478 152 161 479 160
161 480 160 160 481 159 214 482 213
161 483 160 214 484 213 196 485 195
214 486 213 160 487 159 152 488 151
214 489 213 152 490 151 178 491 177
169 492 168 205 493 204 214 494 213
169 495 168 214 496 213 178 497 177
205 498 204 169 499 168 144 500 143
205 501 204 144 502 143 136 503 135
136 504 135 137 505 136 187 506 186
136 507 135 187 508 186 205 509 204
187 510 186 137 511 136 145 512 144
188 513 187 197 514 196 215 515 214
188 516 187 215 517 214 206 518 205
154 519 153 197 520 196 188 521 187
154 522 153 188 523 187 146 524 145
170 525 270 179 526 271 153 527 272
170 528 270 153 529 272 145 530 273
197 531 196 154 532 153 162 533 161
162 534 161 161 535 160 215 536 214
162 537 161 215 538 214 197 539 196
215 540 214 161 541 160 153 542 152
215 543 214 153 544 152 179 545 178
170 546 169 206 547 205 215 548 214
170 549 169 215 550 214 179 551 178
206 552 205 170 553 169 145 554 144
206 555 205 145 556 144 137 557 136
137 558 136 138 559 137 188 560 187
137 561 136 188 562 187 206 563 205
188 564 187 138 565 137 146 566 145
171 567 170 207 568 206 216 569 215
171 570 170 216 571 215 180 572 179
146 573 274 171 574 275 180 575 276
146 576 274 180 577 276 154 578 277
207 579 206 189 580 188 198 581 197
207 582 206 198 583 197 216 584 215
67 585 66 162 586 161 216 587 215
67 588 66 216 589 215 198 590 197
198 591 197 57 592 56 67 593 66
216 594 215 162 595 161 154 596 153
216 597 215 154 598 153 180 599 179
57 600 56 198 601 197 189 602 188
57 603 56 189 604 188 47 605 46
207 606 206 171 607 170 146 608 145
207 609 206 146 610 145 138 611 137
138 612 137 37 613 36 189 614 188
138 615 137 189 616 188 207 617 206
189 618 188 37 619 36 47 620 46
9 621 9 29 622 28 19 623 19
9 624 9 21 625 20 29 626 28
21 627 20 30 628 29 29 629 28
21 630 20 22 631 21 30 632 29
22 633 21 31 634 30 30 635 29
22 636 21 23 637 22 31 638 30
23 639 22 32 640 31 31 641 30
23 642 22 24 643 23 32 644 31
24 645 23 33 646 32 32 647 31
24 648 23 25 649 24 33 650 32
25 651 24 34 652 33 33 653 32
25 654 24 26 655 25 34 656 33
26 657 25 35 658 34 34 659 33
26 660 25 27 661 26 35 662 34
27 663 216 36 664 35 35 665 217
27 666 218 28 667 27 36 668 35
28 669 27 10 670 10 36 671 35
28 672 27 0 673 0 10 674 10
20 675 231 67 676 241 68 677 278
20 678 231 68 679 278 69 680 279
20 681 231 69 682 279 70 683 280
20 684 231 70 685 280 71 686 281
20 687 231 71 688 281 72 689 282
20 690 231 72 691 282 73 692 283
20 693 231 73 694 283 74 695 284
20 696 231 74 697 284 75 698 285
20 699 231 75 700 285 76 701 232
19 702 19 29 703 28 38 704 37
38 705 37 37 706 36 19 707 19
29 708 28 30 709 29 39 710 38
39 711 38 38 712 37 29 713 28
30 714 29 31 715 30 40 716 39
40 717 39 39 718 38 30 719 29
31 720 30 32 721 31 41 722 40
41 723 40 40 724 39 31 725 30
32 726 31 33 727 32 42 728 41
42 729 41 41 730 40 32 731 31
33 732 32 34 733 33 43 734 42
43 735 42 42 736 41 33 737 32
34 738 33 35 739 34 44 740 43
44 741 43 43 742 42 34 743 33
35 744 219 36 745 35 45 746 44
45 747 44 44 748 220 35 749 221
36 750 35 10 751 10 46 752 45
46 753 45 45 754 44 36 755 35
86 756 286 57 757 287 47 758 288
86 759 286 47 760 288 77 761 289
77 762 76 113 763 112 122 764 121
77 765 76 122 766 121 86 767 85
122 768 121 113 769 112 95 770 94
122 771 121 95 772 94 104 773 103
113 774 112 77 775 76 47 776 46
113 777 112 47 778 46 37 779 36
37 780 36 38 781 37 95 782 94
37 783 36 95 784 94 113 785 112
95 786 94 38 787 37 48 788 47
58 789 57 104 790 103 95 791 94
58 792 57 95 793 94 48 794 47
104 795 103 58 796 57 68 797 67
68 798 67 67 799 66 122 800 121
68 801 67 122 802 121 104 803 103
122 804 121 67 805 66 57 806 56
122 807 121 57 808 56 86 809 85
48 810 290 78 811 291 87 812 292
48 813 290 87 814 292 58 815 293
78 816 77 114 817 113 123 818 122
78 819 77 123 820 122 87 821 86
123 822 122 68 823 67 58 824 57
123 825 122 58 826 57 87 827 86
114 828 113 96 829 95 105 830 104
114 831 113 105 832 104 123 833 122
105 834 104 69 835 68 68 836 67
105 837 104 68 838 67 123 839 122
105 840 104 59 841 58 69 842 68
59 843 58 105 844 104 96 845 95
59 846 58 96 847 95 49 848 48
114 849 113 78 850 77 48 851 47
114 852 113 48 853 47 38 854 37
38 855 37 39 856 38 96 857 95
38 858 37 96 859 95 114 860 113
96 861 95 39 862 38 49 863 48
60 864 59 106 865 105 97 866 96
60 867 59 97 868 96 50 869 49
97 870 96 106 871 105 124 872 123
97 873 96 124 874 123 115 875 114
49 876 294 79 877 295 88 878 296
49 879 294 88 880 296 59 881 297
106 882 105 60 883 59 70 884 69
70 885 69 69 886 68 124 887 123
70 888 69 124 889 123 106 890 105
124 891 123 69 892 68 59 893 58
124 894 123 59 895 58 88 896 87
79 897 78 115 898 114 124 899 123
79 900 78 124 901 123 88 902 87
115 903 114 79 904 78 49 905 48
115 906 114 49 907 48 39 908 38
39 909 38 40 910 39 97 911 96
39 912 38 97 913 96 115 914 114
97 915 96 40 916 39 50 917 49
61 918 60 107 919 106 98 920 97
61 921 60 98 922 97 51 923 50
107 924 106 125 925 124 116 926 115
107 927 106 116 928 115 98 929 97
80 930 298 89 931 299 60 932 300
80 933 298 60 934 300 50 935 301
107 936 106 61 937 60 71 938 70
71 939 70 70 940 69 125 941 124
71 942 70 125 943 124 107 944 106
125 945 124 70 946 69 60 947 59
125 948 124 60 949 59 89 950 88
80 951 79 116 952 115 125 953 124
80 954 79 125 955 124 89 956 88
116 957 115 80 958 79 50 959 49
116 960 115 50 961 49 40 962 39
40 963 39 41 964 40 98 965 97
40 966 39 98 967 97 116 968 115
98 969 97 41 970 40 51 971 50
62 972 61 108 973 107 99 974 98
62 975 61 99 976 98 52 977 51
81 978 302 90 979 303 61 980 304
81 981 302 61 982 304 51 983 305
108 984 107 126 985 125 117 986 116
108 987 107 117 988 116 99 989 98
108 990 107 62 991 61 72 992 71
72 993 71 71 994 70 126 995 125
72 996 71 126 997 125 108 998 107
126 999 125 71 1000 70 61 1001 60
126 1002 125 61 1003 60 90 1004 89
81 1005 80 117 1006 116 126 1007 125
81 1008 80 126 1009 125 90 1010 89
41 1011 40 42 1012 41 99 1013 98
41 1014 40 99 1015 98 117 1016 116
99 1017 98 42 1018 41 52 1019 51
117 1020 116 81 1021 80 51 1022 50
117 1023 116 51 1024 50 41 1025 40
109 1026 108 127 1027 126 118 1028 117
109 1029 108 118 1030 117 100 1031 99
63 1032 62 109 1033 108 100 1034 99
63 1035 62 100 1036 99 53 1037 52
82 1038 306 91 1039 307 62 1040 308
82 1041 306 62 1042 308 52 1043 309
109 1044 108 63 1045 62 73 1046 72
73 1047 72 72 1048 71 127 1049 126
73 1050 72 127 1051 126 109 1052 108
127 1053 126 72 1054 71 62 1055 61
127 1056 126 62 1057 61 91 1058 90
82 1059 81 118 1060 117 127 1061 126
82 1062 81 127 1063 126 91 1064 90
118 1065 117 82 1066 81 52 1067 51
118 1068 117 52 1069 51 42 1070 41
42 1071 41 43 1072 42 100 1073 99
42 1074 41 100 1075 99 118 1076 117
100 1077 99 43 1078 42 53 1079 52
64 1080 63 110 1081 109 101 1082 100
64 1083 63 101 1084 100 54 1085 53
110 1086 109 128 1087 127 119 1088 118
110 1089 109 119 1090 118 101 1091 100
83 1092 310 92 1093 311 63 1094 312
83 1095 310 63 1096 312 53 1097 313
110 1098 109 64 1099 63 74 1100 73
74 1101 73 73 1102 72 128 1103 127
74 1104 73 128 1105 127 110 1106 109
128 1107 127 73 1108 72 63 1109 62
128 1110 127 63 1111 62 92 1112 91
83 1113 82 119 1114 118 128 1115 127
83 1116 82 128 1117 127 92 1118 91
119 1119 118 83 1120 82 53 1121 52
119 1122 118 53 1123 52 43 1124 42
43 1125 42 44 1126 43 101 1127 100
43 1128 42 101 1129 100 119 1130 118
101 1131 100 44 1132 43 54 1133 53
102 1134 101 111 1135 110 129 1136 222
102 1137 101 129 1138 223 120 1139 224
65 1140 64 111 1141 110 102 1142 101
65 1143 64 102 1144 101 55 1145 54
84 1146 314 93 1147 315 64 1148 316
84 1149 314 64 1150 316 54 1151 317
111 1152 110 65 1153 64 75 1154 74
75 1155 74 74 1156 225 129 1157 226
75 1158 74 129 1159 227 111 1160 110
129 1161 128 74 1162 73 64 1163 63
129 1164 128 64 1165 63 93 1166 92
84 1167 83 120 1168 119 129 1169 128
84 1170 83 129 1171 128 93 1172 92
120 1173 119 84 1174 83 54 1175 53
120 1176 119 54 1177 53 44 1178 43
44 1179 228 45 1180 44 102 1181 101
44 1182 229 102 1183 101 120 1184 230
102 1185 101 45 1186 44 55 1187 54
85 1188 84 121 1189 120 130 1190 129
85 1191 84 130 1192 129 94 1193 93
55 1194 318 85 1195 319 94 1196 320
55 1197 318 94 1198 320 65 1199 321
121 1200 120 103 1201 102 112 1202 111
121 1203 120 112 1204 111 130 1205 129
76 1206 75 75 1207 74 130 1208 129
76 1209 75 130 1210 129 112 1211 111
112 1212 111 66 1213 65 76 1214 75
130 1215 129 75 1216 74 65 1217 64
130 1218 129 65 1219 64 94 1220 93
66 1221 65 112 1222 111 103 1223 102
66 1224 65 103 1225 102 56 1226 55
121 1227 120 85 1228 84 55 1229 54
121 1230 120 55 1231 54 45 1232 44
45 1233 44 46 1234 45 103 1235 102
45 1236 44 103 1237 102 121 1238 120
103 1239 102 46 1240 45 56 1241 55
