4
-12000.000000 -24000.000000 0.000000
12000.000000 -24000.000000 0.000000
-12000.000000 24000.000000 0.000000
12000.000000 24000.000000 0.000000

6
0.000000 0.000000 1.000000
0.000000 0.000000 1.000000
0.000000 0.000000 1.000000
0.000000 0.000000 1.000000
0.000000 0.000000 1.000000
0.000000 0.000000 1.000000

4
-33.785728 -67.138840
34.785698 -67.138863
-33.785698 70.004013
34.785732 70.003998

4
-0.104715 0.000968
1.561529 0.000968
-0.104714 1.101324
1.561530 1.101324

2
2 0 2 2 0 1 0 0 3 2 3 3
1 3 1 1 3 4 3 3 0 5 0 0
