34
0.000000 0.000000 0.000000
1.583333 0.000000 0.000000
1.462809 0.605915 0.000000
1.119586 1.119586 0.000000
0.605915 1.462809 0.000000
-0.000000 1.583333 0.000000
-0.605916 1.462809 0.000000
-1.119586 1.119586 0.000000
-1.462809 0.605915 0.000000
-1.583333 -0.000000 0.000000
-1.462809 -0.605916 0.000000
-1.119586 -1.119586 0.000000
-0.605915 -1.462809 0.000000
0.000000 -1.583333 0.000000
0.605916 -1.462809 0.000000
1.119586 -1.119586 0.000000
1.462809 -0.605915 0.000000
1.583333 0.000000 0.166667
1.462809 0.605915 0.166667
1.119586 1.119586 0.166667
0.605915 1.462809 0.166667
-0.000000 1.583333 0.166667
-0.605916 1.462809 0.166667
-1.119586 1.119586 0.166667
-1.462809 0.605915 0.166667
-1.583333 -0.000000 0.166667
-1.462809 -0.605916 0.166667
-1.119586 -1.119586 0.166667
-0.605915 -1.462809 0.166667
0.000000 -1.583333 0.166667
0.605916 -1.462809 0.166667
1.119586 -1.119586 0.166667
1.462809 -0.605915 0.166667
0.000000 0.000000 0.166667

192
0.000000 0.000000 -1.000000
0.000000 0.000000 -1.000000
0.000000 0.000000 -1.000000
0.000000 0.000000 -1.000000
0.000000 0.000000 -1.000000
0.000000 0.000000 -1.000000
0.000000 0.000000 -1.000000
0.000000 0.000000 -1.000000
0.000000 0.000000 -1.000000
0.000000 0.000000 -1.000000
0.000000 0.000000 -1.000000
0.000000 0.000000 -1.000000
0.000000 0.000000 -1.000000
0.000000 0.000000 -1.000000
0.000000 0.000000 -1.000000
0.000000 0.000000 -1.000000
0.000000 0.000000 -1.000000
0.000000 0.000000 -1.000000
0.000000 0.000000 -1.000000
0.000000 0.000000 -1.000000
0.000000 0.000000 -1.000000
0.000000 0.000000 -1.000000
0.000000 0.000000 -1.000000
0.000000 0.000000 -1.000000
0.000000 0.000000 -1.000000
0.000000 0.000000 -1.000000
0.000000 0.000000 -1.000000
0.000000 0.000000 -1.000000
0.000000 0.000000 -1.000000
0.000000 0.000000 -1.000000
0.000000 0.000000 -1.000000
0.000000 0.000000 -1.000000
0.000000 0.000000 -1.000000
0.000000 0.000000 -1.000000
0.000000 0.000000 -1.000000
0.000000 0.000000 -1.000000
0.000000 0.000000 -1.000000
0.000000 0.000000 -1.000000
0.000000 0.000000 -1.000000
0.000000 0.000000 -1.000000
0.000000 0.000000 -1.000000
0.000000 0.000000 -1.000000
0.000000 0.000000 -1.000000
0.000000 0.000000 -1.000000
0.000000 0.000000 -1.000000
0.000000 0.000000 -1.000000
0.000000 0.000000 -1.000000
0.000000 0.000000 -1.000000
1.000000 0.000000 0.000000
0.923880 0.382683 0.000000
1.000000 0.000000 0.000000
1.000000 0.000000 0.000000
0.923880 0.382683 0.000000
0.923880 0.382683 0.000000
0.923880 0.382683 0.000000
0.707107 0.707107 0.000000
0.923880 0.382683 0.000000
0.923880 0.382683 0.000000
0.707107 0.707107 0.000000
0.707107 0.707107 0.000000
0.707107 0.707107 0.000000
0.382683 0.923880 0.000000
0.707107 0.707107 0.000000
0.707107 0.707107 0.000000
0.382683 0.923880 0.000000
0.382683 0.923880 0.000000
0.382683 0.923880 0.000000
-0.000000 1.000000 0.000000
0.382683 0.923880 0.000000
0.382683 0.923880 0.000000
-0.000000 1.000000 0.000000
-0.000000 1.000000 0.000000
-0.000000 1.000000 0.000000
-0.382683 0.923880 0.000000
-0.000000 1.000000 0.000000
-0.000000 1.000000 0.000000
-0.382684 0.923880 0.000000
-0.382683 0.923880 0.000000
-0.382684 0.923880 0.000000
-0.707107 0.707107 0.000000
-0.382683 0.923880 0.000000
-0.382684 0.923880 0.000000
-0.707107 0.707107 0.000000
-0.707107 0.707107 0.000000
-0.707107 0.707107 0.000000
-0.923880 0.382683 0.000000
-0.707107 0.707107 0.000000
-0.707107 0.707107 0.000000
-0.923880 0.382683 0.000000
-0.923880 0.382683 0.000000
-0.923880 0.382683 0.000000
-1.000000 -0.000000 0.000000
-0.923880 0.382683 0.000000
-0.923880 0.382683 0.000000
-1.000000 -0.000000 0.000000
-1.000000 -0.000000 0.000000
-1.000000 -0.000000 0.000000
-0.923879 -0.382683 0.000000
-1.000000 -0.000000 0.000000
-1.000000 -0.000000 0.000000
-0.923879 -0.382684 0.000000
-0.923879 -0.382683 0.000000
-0.923879 -0.382684 0.000000
-0.707107 -0.707107 0.000000
-0.923879 -0.382683 0.000000
-0.923879 -0.382684 0.000000
-0.707107 -0.707107 0.000000
-0.707107 -0.707107 0.000000
-0.707107 -0.707107 0.000000
-0.382683 -0.923880 0.000000
-0.707107 -0.707107 0.000000
-0.707107 -0.707107 0.000000
-0.382683 -0.923880 0.000000
-0.382683 -0.923880 0.000000
-0.382683 -0.923880 0.000000
0.000000 -1.000000 0.000000
-0.382683 -0.923880 0.000000
-0.382683 -0.923880 0.000000
0.000000 -1.000000 0.000000
0.000000 -1.000000 0.000000
0.000000 -1.000000 0.000000
0.382683 -0.923880 0.000000
0.000000 -1.000000 0.000000
0.000000 -1.000000 0.000000
0.382684 -0.923880 0.000000
0.382683 -0.923880 0.000000
0.382684 -0.923880 0.000000
0.707107 -0.707107 0.000000
0.382683 -0.923880 0.000000
0.382684 -0.923880 0.000000
0.707107 -0.707107 0.000000
0.707107 -0.707107 0.000000
0.707107 -0.707107 0.000000
0.923880 -0.382683 0.000000
0.707107 -0.707107 0.000000
0.707107 -0.707107 0.000000
0.923880 -0.382683 0.000000
0.923880 -0.382683 0.000000
0.923880 -0.382683 0.000000
1.000000 0.000000 0.000000
0.923880 -0.382683 0.000000
0.923880 -0.382683 0.000000
1.000000 0.000000 0.000000
1.000000 0.000000 0.000000
0.000000 0.000000 1.000000
0.000000 0.000000 1.000000
0.000000 0.000000 1.000000
0.000000 0.000000 1.000000
0.000000 0.000000 1.000000
0.000000 0.000000 1.000000
0.000000 0.000000 1.000000
0.000000 0.000000 1.000000
0.000000 0.000000 1.000000
0.000000 0.000000 1.000000
0.000000 0.000000 1.000000
0.000000 0.000000 1.000000
0.000000 0.000000 1.000000
0.000000 0.000000 1.000000
0.000000 0.000000 1.000000
0.000000 0.000000 1.000000
0.000000 0.000000 1.000000
0.000000 0.000000 1.000000
0.000000 0.000000 1.000000
0.000000 0.000000 1.000000
0.000000 0.000000 1.000000
0.000000 0.000000 1.000000
0.000000 0.000000 1.000000
0.000000 0.000000 1.000000
0.000000 0.000000 1.000000
0.000000 0.000000 1.000000
0.000000 0.000000 1.000000
0.000000 0.000000 1.000000
0.000000 0.000000 1.000000
0.000000 0.000000 1.000000
0.000000 0.000000 1.000000
0.000000 0.000000 1.000000
0.000000 0.000000 1.000000
0.000000 0.000000 1.000000
0.000000 0.000000 1.000000
0.000000 0.000000 1.000000
0.000000 0.000000 1.000000
0.000000 0.000000 1.000000
0.000000 0.000000 1.000000
0.000000 0.000000 1.000000
0.000000 0.000000 1.000000
0.000000 0.000000 1.000000
0.000000 0.000000 1.000000
0.000000 0.000000 1.000000
0.000000 0.000000 1.000000
0.000000 0.000000 1.000000
0.000000 0.000000 1.000000
0.000000 0.000000 1.000000

34
0.500000 0.500000
0.742163 0.936873
0.556545 0.996290
0.362319 0.980151
0.189054 0.890913
0.063127 0.742163
0.003710 0.556545
0.019849 0.362319
0.109087 0.189054
0.257837 0.063127
0.443455 0.003710
0.637681 0.019849
0.810946 0.109087
0.936873 0.257837
0.996290 0.443455
0.980151 0.637681
0.890913 0.810946
0.742163 0.936873
0.556545 0.996290
0.362319 0.980151
0.189054 0.890913
0.063127 0.742163
0.003710 0.556545
0.019849 0.362319
0.109087 0.189054
0.257837 0.063127
0.443455 0.003710
0.637681 0.019849
0.810946 0.109087
0.936873 0.257837
0.996290 0.443455
0.980151 0.637681
0.890913 0.810946
0.500000 0.500000

64
0 0 0 2 1 2 1 2 1
0 3 0 3 4 3 2 5 2
0 6 0 4 7 4 3 8 3
0 9 0 5 10 5 4 11 4
0 12 0 6 13 6 5 14 5
0 15 0 7 16 7 6 17 6
0 18 0 8 19 8 7 20 7
0 21 0 9 22 9 8 23 8
0 24 0 10 25 10 9 26 9
0 27 0 11 28 11 10 29 10
0 30 0 12 31 12 11 32 11
0 33 0 13 34 13 12 35 12
0 36 0 14 37 14 13 38 13
0 39 0 15 40 15 14 41 14
0 42 0 16 43 16 15 44 15
0 45 0 1 46 1 16 47 16
1 48 1 18 49 18 17 50 17
1 51 1 2 52 2 18 53 18
2 54 2 19 55 19 18 56 18
2 57 2 3 58 3 19 59 19
3 60 3 20 61 20 19 62 19
3 63 3 4 64 4 20 65 20
4 66 4 21 67 21 20 68 20
4 69 4 5 70 5 21 71 21
5 72 5 22 73 22 21 74 21
5 75 5 6 76 6 22 77 22
6 78 6 23 79 23 22 80 22
6 81 6 7 82 7 23 83 23
7 84 7 24 85 24 23 86 23
7 87 7 8 88 8 24 89 24
8 90 8 25 91 25 24 92 24
8 93 8 9 94 9 25 95 25
9 96 9 26 97 26 25 98 25
9 99 9 10 100 10 26 101 26
10 102 10 27 103 27 26 104 26
10 105 10 11 106 11 27 107 27
11 108 11 28 109 28 27 110 27
11 111 11 12 112 12 28 113 28
12 114 12 29 115 29 28 116 28
12 117 12 13 118 13 29 119 29
13 120 13 30 121 30 29 122 29
13 123 13 14 124 14 30 125 30
14 126 14 31 127 31 30 128 30
14 129 14 15 130 15 31 131 31
15 132 15 32 133 32 31 134 31
15 135 15 16 136 16 32 137 32
16 138 16 17 139 17 32 140 32
16 141 16 1 142 1 17 143 17
33 144 33 17 145 17 18 146 18
33 147 33 18 148 18 19 149 19
33 150 33 19 151 19 20 152 20
33 153 33 20 154 20 21 155 21
33 156 33 21 157 21 22 158 22
33 159 33 22 160 22 23 161 23
33 162 33 23 163 23 24 164 24
33 165 33 24 166 24 25 167 25
33 168 33 25 169 25 26 170 26
33 171 33 26 172 26 27 173 27
33 174 33 27 175 27 28 176 28
33 177 33 28 178 28 29 179 29
33 180 33 29 181 29 30 182 30
33 183 33 30 184 30 31 185 31
33 186 33 31 187 31 32 188 32
33 189 33 32 190 32 17 191 17
