184 792
0.000000 0.000000 1.000000 0.979167 1.000000
0.000000 0.000000 1.000000 0.020833 1.000000
0.000000 0.000000 1.000000 0.062500 1.000000
0.000000 0.000000 1.000000 0.104167 1.000000
0.000000 0.000000 1.000000 0.145833 1.000000
0.000000 0.000000 1.000000 0.187500 1.000000
0.000000 0.000000 1.000000 0.229167 1.000000
0.000000 0.000000 1.000000 0.270833 1.000000
0.000000 0.000000 1.000000 0.312500 1.000000
0.000000 0.000000 1.000000 0.354167 1.000000
0.000000 0.000000 1.000000 0.395833 1.000000
0.000000 0.000000 1.000000 0.437500 1.000000
0.000000 0.000000 1.000000 0.479167 1.000000
0.000000 0.000000 1.000000 0.520833 1.000000
0.000000 0.000000 1.000000 0.562500 1.000000
0.000000 0.000000 1.000000 0.604167 1.000000
0.000000 0.000000 1.000000 0.645833 1.000000
0.000000 0.000000 1.000000 0.687500 1.000000
0.000000 0.000000 1.000000 0.729167 1.000000
0.000000 0.000000 1.000000 0.770833 1.000000
0.000000 0.000000 1.000000 0.812500 1.000000
0.000000 0.000000 1.000000 0.854167 1.000000
0.000000 0.000000 1.000000 0.895833 1.000000
0.000000 0.000000 1.000000 0.937500 1.000000
-0.000000 0.179678 1.000000 1.000000 0.869672
-0.000000 0.179678 1.000000 -0.000000 0.869672
-0.000000 0.179678 1.000000 -0.000000 0.869672
-0.000000 0.179678 1.000000 -0.000000 0.869672
-0.046504 0.173556 1.000000 0.041667 0.869672
-0.089839 0.155606 1.000000 0.083333 0.869672
-0.127052 0.127052 1.000000 0.125000 0.869672
-0.155606 0.089839 1.000000 0.166667 0.869672
-0.173556 0.046504 1.000000 0.208333 0.869672
-0.179678 -0.000000 1.000000 0.250000 0.869672
-0.173556 -0.046504 1.000000 0.291667 0.869672
-0.155606 -0.089839 1.000000 0.333333 0.869672
-0.127052 -0.127052 1.000000 0.375000 0.869672
-0.089839 -0.155606 1.000000 0.416667 0.869672
-0.046504 -0.173556 1.000000 0.458333 0.869672
0.000000 -0.179678 1.000000 0.500000 0.869672
0.046504 -0.173556 1.000000 0.541667 0.869672
0.089839 -0.155606 1.000000 0.583333 0.869672
0.127052 -0.127052 1.000000 0.625000 0.869672
0.155606 -0.089839 1.000000 0.666667 0.869672
0.173556 -0.046504 1.000000 0.708333 0.869672
0.179678 0.000000 1.000000 0.750000 0.869672
0.173556 0.046504 1.000000 0.791667 0.869672
0.155606 0.089839 1.000000 0.833333 0.869672
0.127052 0.127052 1.000000 0.875000 0.869672
0.089839 0.155606 1.000000 0.916667 0.869672
0.046504 0.173556 1.000000 0.958333 0.869672
-0.000000 0.472434 0.896575 1.000000 0.751501
-0.000000 0.472434 0.896575 -0.000000 0.751501
-0.000000 0.472434 0.896575 -0.000000 0.751501
-0.000000 0.472434 0.896575 -0.000000 0.751501
-0.122275 0.456336 0.896575 0.041667 0.751501
-0.236217 0.409140 0.896575 0.083333 0.751501
-0.334061 0.334061 0.896575 0.125000 0.751501
-0.409140 0.236217 0.896575 0.166667 0.751501
-0.456336 0.122275 0.896575 0.208333 0.751501
-0.472434 -0.000000 0.896575 0.250000 0.751501
-0.456336 -0.122275 0.896575 0.291667 0.751501
-0.409140 -0.236217 0.896575 0.333333 0.751501
-0.334061 -0.334061 0.896575 0.375000 0.751501
-0.236217 -0.409140 0.896575 0.416667 0.751501
-0.122275 -0.456336 0.896575 0.458333 0.751501
0.000000 -0.472434 0.896575 0.500000 0.751501
0.122275 -0.456336 0.896575 0.541667 0.751501
0.236217 -0.409140 0.896575 0.583333 0.751501
0.334061 -0.334061 0.896575 0.625000 0.751501
0.409140 -0.236217 0.896575 0.666667 0.751501
0.456336 -0.122275 0.896575 0.708333 0.751501
0.472434 0.000000 0.896575 0.750000 0.751501
0.456336 0.122275 0.896575 0.791667 0.751501
0.409139 0.236217 0.896575 0.833333 0.751501
0.334061 0.334061 0.896575 0.875000 0.751501
0.236217 0.409140 0.896575 0.916667 0.751501
0.122275 0.456336 0.896575 0.958333 0.751501
-0.000000 0.700150 0.732051 1.000000 0.676872
-0.000000 0.700150 0.732051 -0.000000 0.676872
-0.000000 0.700150 0.732051 -0.000000 0.676872
-0.000000 0.700150 0.732051 -0.000000 0.676872
-0.181212 0.676293 0.732051 0.041667 0.676872
-0.350075 0.606348 0.732051 0.083333 0.676872
-0.495081 0.495081 0.732051 0.125000 0.676872
-0.606348 0.350075 0.732051 0.166667 0.676872
-0.676293 0.181212 0.732051 0.208333 0.676872
-0.700150 -0.000000 0.732051 0.250000 0.676872
-0.676293 -0.181212 0.732051 0.291667 0.676872
-0.606348 -0.350075 0.732051 0.333333 0.676872
-0.495081 -0.495081 0.732051 0.375000 0.676872
-0.350075 -0.606348 0.732051 0.416667 0.676872
-0.181212 -0.676293 0.732051 0.458333 0.676872
0.000000 -0.700150 0.732051 0.500000 0.676872
0.181212 -0.676293 0.732051 0.541667 0.676872
0.350075 -0.606348 0.732051 0.583333 0.676872
0.495081 -0.495081 0.732051 0.625000 0.676872
0.606348 -0.350075 0.732051 0.666667 0.676872
0.676293 -0.181212 0.732051 0.708333 0.676872
0.700150 0.000000 0.732051 0.750000 0.676872
0.676293 0.181212 0.732051 0.791667 0.676872
0.606348 0.350075 0.732051 0.833333 0.676872
0.495081 0.495081 0.732051 0.875000 0.676872
0.350075 0.606348 0.732051 0.916667 0.676872
0.181212 0.676293 0.732051 0.958333 0.676872
-0.000000 0.866025 0.517638 1.000000 0.604417
-0.000000 0.866025 0.517638 -0.000000 0.604417
-0.000000 0.866025 0.517638 -0.000000 0.604417
-0.000000 0.866025 0.517638 -0.000000 0.604417
-0.224144 0.836516 0.517638 0.041667 0.604417
-0.433013 0.750000 0.517638 0.083333 0.604417
-0.612373 0.612372 0.517638 0.125000 0.604417
-0.750000 0.433013 0.517638 0.166667 0.604417
-0.836516 0.224144 0.517638 0.208333 0.604417
-0.866026 -0.000000 0.517638 0.250000 0.604417
-0.836516 -0.224144 0.517638 0.291667 0.604417
-0.750000 -0.433013 0.517638 0.333333 0.604417
-0.612372 -0.612373 0.517638 0.375000 0.604417
-0.433013 -0.750000 0.517638 0.416667 0.604417
-0.224144 -0.836516 0.517638 0.458333 0.604417
0.000000 -0.866026 0.517638 0.500000 0.604417
0.224144 -0.836516 0.517638 0.541667 0.604417
0.433013 -0.750000 0.517638 0.583333 0.604417
0.612373 -0.612372 0.517638 0.625000 0.604417
0.750000 -0.433013 0.517638 0.666667 0.604417
0.836516 -0.224144 0.517638 0.708333 0.604417
0.866025 0.000000 0.517638 0.750000 0.604417
0.836516 0.224144 0.517638 0.791667 0.604417
0.750000 0.433013 0.517638 0.833333 0.604417
0.612372 0.612373 0.517638 0.875000 0.604417
0.433013 0.750000 0.517638 0.916667 0.604417
0.224144 0.836516 0.517638 0.958333 0.604417
-0.000000 0.956548 0.267949 1.000000 0.523923
-0.000000 0.956548 0.267949 -0.000000 0.523923
-0.000000 0.956548 0.267949 -0.000000 0.523923
-0.000000 0.956548 0.267949 -0.000000 0.523923
-0.247573 0.923954 0.267949 0.041667 0.523923
-0.478274 0.828395 0.267949 0.083333 0.523923
-0.676382 0.676381 0.267949 0.125000 0.523923
-0.828395 0.478274 0.267949 0.166667 0.523923
-0.923954 0.247573 0.267949 0.208333 0.523923
-0.956548 -0.000000 0.267949 0.250000 0.523923
-0.923954 -0.247573 0.267949 0.291667 0.523923
-0.828395 -0.478274 0.267949 0.333333 0.523923
-0.676381 -0.676382 0.267949 0.375000 0.523923
-0.478274 -0.828395 0.267949 0.416667 0.523923
-0.247573 -0.923954 0.267949 0.458333 0.523923
0.000000 -0.956548 0.267949 0.500000 0.523923
0.247573 -0.923954 0.267949 0.541667 0.523923
0.478274 -0.828395 0.267949 0.583333 0.523923
0.676382 -0.676381 0.267949 0.625000 0.523923
0.828395 -0.478274 0.267949 0.666667 0.523923
0.923954 -0.247573 0.267949 0.708333 0.523923
0.956548 0.000000 0.267949 0.750000 0.523923
0.923954 0.247573 0.267949 0.791667 0.523923
0.828395 0.478274 0.267949 0.833333 0.523923
0.676381 0.676382 0.267949 0.875000 0.523923
0.478274 0.828395 0.267949 0.916667 0.523923
0.247573 0.923954 0.267949 0.958333 0.523923
-0.000000 1.000000 0.000000 1.000000 0.441885
-0.000000 1.000000 0.000000 -0.000000 0.441885
-0.258819 0.965926 0.000000 0.041667 0.441885
-0.500000 0.866025 0.000000 0.083333 0.441885
-0.707107 0.707107 0.000000 0.125000 0.441885
-0.866026 0.500000 0.000000 0.166667 0.441885
-0.965926 0.258819 0.000000 0.208333 0.441885
-1.000000 -0.000000 0.000000 0.250000 0.441885
-0.965926 -0.258819 0.000000 0.291667 0.441885
-0.866025 -0.500000 0.000000 0.333333 0.441885
-0.707107 -0.707107 0.000000 0.375000 0.441885
-0.500000 -0.866026 0.000000 0.416667 0.441885
-0.258819 -0.965926 0.000000 0.458333 0.441885
0.000000 -1.000000 0.000000 0.500000 0.441885
0.258819 -0.965926 0.000000 0.541667 0.441885
0.500000 -0.866025 0.000000 0.583333 0.441885
0.707107 -0.707107 0.000000 0.625000 0.441885
0.866026 -0.500000 0.000000 0.666667 0.441885
0.965926 -0.258819 0.000000 0.708333 0.441885
1.000000 0.000000 0.000000 0.750000 0.441885
0.965926 0.258819 0.000000 0.791667 0.441885
0.866025 0.500000 0.000000 0.833333 0.441885
0.707107 0.707107 0.000000 0.875000 0.441885
0.500000 0.866026 0.000000 0.916667 0.441885
0.258819 0.965926 0.000000 0.958333 0.441885
25 1 28
28 2 29
29 3 30
30 4 31
31 5 32
32 6 33
33 7 34
34 8 35
35 9 36
36 10 37
37 11 38
38 12 39
39 13 40
40 14 41
41 15 42
42 16 43
43 17 44
44 18 45
45 19 46
46 20 47
47 21 48
48 22 49
49 23 50
50 0 24
52 26 55
55 27 28
55 28 56
56 28 29
56 29 57
57 29 30
57 30 58
58 30 31
58 31 59
59 31 32
59 32 60
60 32 33
60 33 61
61 33 34
61 34 62
62 34 35
62 35 63
63 35 36
63 36 64
64 36 37
64 37 65
65 37 38
65 38 66
66 38 39
66 39 67
67 39 40
67 40 68
68 40 41
68 41 69
69 41 42
69 42 70
70 42 43
70 43 71
71 43 44
71 44 72
72 44 45
72 45 73
73 45 46
73 46 74
74 46 47
74 47 75
75 47 48
75 48 76
76 48 49
76 49 77
77 49 50
77 50 51
51 50 24
79 53 82
82 54 55
82 55 83
83 55 56
83 56 84
84 56 57
84 57 85
85 57 58
85 58 86
86 58 59
86 59 87
87 59 60
87 60 88
88 60 61
88 61 89
89 61 62
89 62 90
90 62 63
90 63 91
91 63 64
91 64 92
92 64 65
92 65 93
93 65 66
93 66 94
94 66 67
94 67 95
95 67 68
95 68 96
96 68 69
96 69 97
97 69 70
97 70 98
98 70 71
98 71 99
99 71 72
99 72 100
100 72 73
100 73 101
101 73 74
101 74 102
102 74 75
102 75 103
103 75 76
103 76 104
104 76 77
104 77 78
78 77 51
106 80 109
109 81 82
109 82 110
110 82 83
110 83 111
111 83 84
111 84 112
112 84 85
112 85 113
113 85 86
113 86 114
114 86 87
114 87 115
115 87 88
115 88 116
116 88 89
116 89 117
117 89 90
117 90 118
118 90 91
118 91 119
119 91 92
119 92 120
120 92 93
120 93 121
121 93 94
121 94 122
122 94 95
122 95 123
123 95 96
123 96 124
124 96 97
124 97 125
125 97 98
125 98 126
126 98 99
126 99 127
127 99 100
127 100 128
128 100 101
128 101 129
129 101 102
129 102 130
130 102 103
130 103 131
131 103 104
131 104 105
105 104 78
133 107 136
136 108 109
136 109 137
137 109 110
137 110 138
138 110 111
138 111 139
139 111 112
139 112 140
140 112 113
140 113 141
141 113 114
141 114 142
142 114 115
142 115 143
143 115 116
143 116 144
144 116 117
144 117 145
145 117 118
145 118 146
146 118 119
146 119 147
147 119 120
147 120 148
148 120 121
148 121 149
149 121 122
149 122 150
150 122 123
150 123 151
151 123 124
151 124 152
152 124 125
152 125 153
153 125 126
153 126 154
154 126 127
154 127 155
155 127 128
155 128 156
156 128 129
156 129 157
157 129 130
157 130 158
158 130 131
158 131 132
132 131 105
160 134 161
161 135 136
161 136 162
162 136 137
162 137 163
163 137 138
163 138 164
164 138 139
164 139 165
165 139 140
165 140 166
166 140 141
166 141 167
167 141 142
167 142 168
168 142 143
168 143 169
169 143 144
169 144 170
170 144 145
170 145 171
171 145 146
171 146 172
172 146 147
172 147 173
173 147 148
173 148 174
174 148 149
174 149 175
175 149 150
175 150 176
176 150 151
176 151 177
177 151 152
177 152 178
178 152 153
178 153 179
179 153 154
179 154 180
180 154 155
180 155 181
181 155 156
181 156 182
182 156 157
182 157 183
183 157 158
183 158 159
159 158 132
