3.000 0.000 0.000
-122994.000 632.912 674145.000
-122851.000 527.132 674904.000
-122142.000 0.000 678584.000
-117235.000 3544.040 651322.000
-122142.000 0.000 678584.000
-52882.300 9470.210 293807.000
-122142.000 0.000 678584.000
-33669.600 3437.390 187070.000
118431.000 0.000 -2688770.000
118393.000 0.000 -2687060.000
-89934.800 18805.500 499655.000
-65308.700 3487.110 362843.000
78430.800 -74042.700 -565137.000
2090.830 -2390.470 -11790.000
-122142.000 0.000 678584.000
-122142.000 0.000 678584.000
-45713.400 54089.400 252707.000
-25164.900 22645.400 140245.000
-122142.000 0.000 678584.000
-72551.200 0.000 403079.000
48006.100 60506.200 -290194.000
1165.270 2517.460 -6489.080
83932.400 55202.000 -512186.000
78059.300 51256.100 -476306.000
-122142.000 0.000 678584.000
-117871.000 3084.650 654856.000
136192.000 46554.900 -872477.000
7433.270 2578.170 -41577.600
-190742.000 -5713.840 237712.000
-17469.600 -611.340 95442.900
175383.000 38297.400 -1266800.000
41280.000 15445.800 -238872.000
-54741.900 8574.870 304138.000
-190742.000 5713.840 237712.000
-17469.600 611.340 95442.900
186893.000 35947.700 -1609270.000
180507.000 36821.200 -1540940.000
184955.000 36334.500 -1728330.000
54838.600 20352.900 -335815.000
179210.000 37352.800 -1856850.000
10739.200 1565.780 -61951.800
-24942.100 7639.510 138584.000
153296.000 39314.600 -2150340.000
150588.000 41856.300 -2077410.000
138079.000 35520.500 -2285720.000
67336.200 29390.800 -465399.000
-176366.000 6032.480 352780.000
-42203.700 1417.250 232374.000
109254.000 20202.100 -2497380.000
6092.930 920.070 -37043.300
15173.200 52147.600 -84945.200
14569.100 47458.100 -81354.700
95629.800 12462.200 -2560280.000
55586.900 65234.500 -852116.000
79017.700 40545.900 -449917.000
4872.650 2955.800 -27075.600
91683.100 14403.800 -2541950.000
5703.500 1135.650 -37022.300
119831.000 33815.100 -698638.000
111186.000 31629.600 -647908.000
64766.700 16283.600 -2391230.000
-20580.600 65231.400 -815043.000
48890.900 16902.600 -2302730.000
5325.520 1693.960 -38082.700
27191.300 22754.200 -2175350.000
2235.120 920.070 -17004.900
1233.510 31027.700 -2010190.000
-5020.660 31706.400 -1965700.000
-24410.100 37784.700 -1832840.000
-42262.600 30368.400 -369674.000
-51774.900 41432.300 -1632930.000
222.851 1557.340 -8375.150
-79180.700 41065.100 -1420410.000
-554.791 875.291 -719.020
-176366.000 -6032.480 352780.000
-175137.000 -6027.030 361724.000
-121318.000 38950.300 -1030260.000
-41523.300 21335.900 -184345.000
-138099.000 38371.600 -846743.000
-4788.950 1641.190 21010.900
131195.000 -14402.100 -2543150.000
6993.140 -485.066 -41657.300
-179512.000 38303.500 -300339.000
-42666.000 16430.600 -18148.900
191070.000 20386.200 -1286260.000
10802.300 1190.800 -60579.300
-188924.000 30230.900 21122.700
-7740.020 1290.670 41173.400
-186229.000 25413.600 170667.000
-180478.000 28104.200 168781.000
-122142.000 0.000 678584.000
-122142.000 0.000 678584.000
-163952.000 21265.700 400392.000
-25377.200 3566.720 139390.000
65068.000 0.000 -2397130.000
3772.400 0.000 -27272.400
-140510.000 11926.300 567706.000
-139858.000 11544.800 572075.000
-130161.000 5652.690 633173.000
-112579.000 7401.890 621814.000
-208713.000 -10687.300 32777.200
-16494.800 -1331.690 87747.200
-122142.000 0.000 678584.000
-31683.600 4393.570 176037.000
-122142.000 0.000 678584.000
-122142.000 0.000 678584.000
71240.800 68799.900 -478233.000
14174.600 14438.000 -80714.800
-122142.000 0.000 678584.000
-55109.600 8397.790 306181.000
115190.000 63684.800 -803567.000
3444.570 1835.660 -19360.900
131374.000 61325.500 -947251.000
124340.000 59182.900 -894285.000
191070.000 -20386.200 -1286260.000
49104.000 -11533.400 -277569.000
-122142.000 0.000 678584.000
-67440.200 2460.860 374684.000
200213.000 17003.700 -1932450.000
6881.910 483.995 -39489.200
191559.000 17530.500 -2062810.000
186702.000 19908.000 -1986620.000
-122142.000 0.000 678584.000
-122142.000 0.000 678584.000
-124721.000 -1739.190 665116.000
-64074.900 -4087.860 355925.000
-24406.300 7897.480 135607.000
131195.000 14402.100 -2543150.000
98561.000 19371.500 -683700.000
27100.400 57793.600 -158164.000
734.035 4694.220 -4077.040
106002.000 40423.300 -2302370.000
5249.440 1319.980 -32194.100
75033.100 49585.600 -439587.000
69578.700 45840.500 -407500.000
94797.400 -5046.720 -2562590.000
-7716.650 -17472.600 -1952420.000
136970.000 39733.400 -841864.000
7751.310 2313.580 -43249.500
-40808.700 0.000 226732.000
-122142.000 0.000 678584.000
-122142.000 0.000 678584.000
3397.150 -17067.000 -2046660.000
-69709.100 -19368.700 -586720.000
-122142.000 0.000 678584.000
-67440.200 -2460.860 374684.000
-175154.000 -12049.900 351147.000
-18364.400 -1253.770 100940.000
-156192.000 -12382.600 478471.000
-154963.000 -12226.000 486356.000
196940.000 26336.600 -1677720.000
59804.900 17253.500 -357272.000
-4936.720 0.000 27464.000
189011.000 27143.300 -1914000.000
6457.380 688.073 -37175.300
121306.000 0.000 -675294.000
111918.000 0.000 -622629.000
-43219.700 -11468.900 -1769860.000
-79090.700 -8271.390 -587342.000
142878.000 27410.000 -2360920.000
11644.400 1223.900 -68908.200
-155051.000 57125.500 -256356.000
-4949.340 1529.740 25497.500
-158448.000 53538.600 -90299.100
-151740.000 54267.000 -94645.100
184702.000 0.000 -1090050.000
54715.500 0.000 -301793.000
3397.150 17067.000 -2046660.000
2201.400 862.339 -20927.800
-156395.000 33164.800 323936.000
-10602.400 2412.460 57944.500
-122142.000 0.000 678584.000
-122142.000 0.000 678584.000
200213.000 -17003.700 -1932450.000
79903.800 -13768.100 -490065.000
-93622.300 20698.500 -1377520.000
-1697.160 851.739 1907.260
-32267.800 -4112.320 179282.000
94797.400 5046.720 -2562590.000
84907.500 4542.040 -2505650.000
216567.000 0.000 -1495190.000
79560.400 0.000 -464731.000
-54741.900 -8574.870 304138.000
-122142.000 0.000 678584.000
-27553.100 6382.320 153090.000
191559.000 -17530.500 -2062810.000
186702.000 -19908.000 -1986620.000
-122142.000 0.000 678584.000
-86545.900 20437.200 480827.000
-41190.800 15099.500 228854.000
-20583.500 9738.510 114370.000
-179344.000 0.000 334251.000
-178405.000 0.000 341239.000
-14754.600 63324.200 72434.100
-12818.600 18542.400 71595.300
215862.000 0.000 -1867890.000
13964.600 0.000 -79524.800
55768.800 65005.300 -354072.000
1400.940 2525.270 -7829.230
-208713.000 10687.300 32777.200
-207295.000 10756.400 49404.800
110587.000 58187.900 -721527.000
22648.900 13423.000 -128305.000
130279.000 54785.600 -874234.000
7016.630 2843.410 -39356.400
145582.000 52078.500 -1011620.000
4393.600 1445.110 -24691.000
-69148.800 62723.700 205410.000
-70513.400 61037.900 218629.000
-45223.900 74011.700 115143.000
-49717.800 38262.600 268915.000
-32912.800 77757.900 77379.500
-14083.600 11736.700 77977.900
-8122.160 83028.300 -66394.100
-4102.180 5001.140 22639.900
13815.800 88582.100 -209033.000
10471.800 84736.000 -182157.000
30695.100 93960.200 -333786.000
6702.470 19103.300 -43865.200
56901.400 89896.600 -520316.000
2026.430 5075.310 -11784.000
75139.900 87562.700 -673699.000
1996.010 2519.020 -11456.000
89996.000 86610.900 -821588.000
86067.100 82375.000 -779807.000
100747.000 86779.800 -963380.000
26378.600 19686.600 -164725.000
107277.000 87977.500 -1103610.000
6188.300 3492.770 -35700.900
110288.000 89400.400 -1239870.000
3753.550 1873.020 -21765.300
110649.000 90304.800 -1367820.000
106562.000 89203.700 -1310630.000
108624.000 90551.700 -1485500.000
37916.600 26617.700 -264717.000
104431.000 90159.400 -1590630.000
7362.760 3151.140 -43791.800
98262.700 89280.100 -1680800.000
4152.750 1788.390 -24981.900
90282.800 88174.900 -1753560.000
86730.700 89630.900 -1698490.000
80623.800 87181.600 -1806450.000
31324.100 52605.200 -487295.000
69372.500 86681.400 -1837100.000
6783.060 3540.740 -42969.400
56539.700 87074.100 -1843060.000
3557.330 2124.410 -23139.200
38384.500 89512.000 -1761120.000
33416.600 88462.300 -1700540.000
17200.600 89918.400 -1643700.000
-9973.620 52605.100 -445959.000
-3014.080 90801.000 -1512980.000
2331.730 3252.490 -18460.500
-20895.700 91778.900 -1377030.000
622.130 1789.620 -6406.970
-39157.900 92513.100 -1221770.000
-39205.500 90582.800 -1185260.000
-56466.900 92740.500 -1056090.000
-25954.100 27601.900 -170218.000
-72864.400 92305.600 -881626.000
-2557.590 3227.280 9891.930
-88450.500 91185.300 -700091.000
-2156.870 1875.630 9766.550
-102040.000 90489.300 -520662.000
-97001.400 86103.200 -517000.000
-110746.000 85158.200 -362007.000
-30197.300 20676.000 -24874.100
-116307.000 79100.500 -217796.000
-8221.150 4048.820 42870.200
-120922.000 73020.400 -79256.200
-5626.690 2522.220 29902.300
-125347.000 66864.400 54930.500
-120118.000 66043.200 46433.800
-122999.000 60746.200 145636.000
-40819.000 20093.400 126407.000
-118946.000 55001.800 218611.000
-17527.600 7108.190 95961.500
-113807.000 50336.600 274817.000
-12057.000 5003.960 66348.400
-106252.000 48315.800 303857.000
-105187.000 48025.500 306835.000
-91582.700 52991.800 276834.000
-71215.200 33318.300 345051.000
158137.000 49232.500 -1144270.000
8421.770 2362.340 -47468.200
167037.000 47326.800 -1267760.000
5009.440 1240.600 -28316.200
-54718.700 32069.400 -1647890.000
-59643.700 31126.700 -1604940.000
175468.000 45873.400 -1504220.000
46002.700 19256.500 -277565.000
174933.000 46261.800 -1625040.000
9814.680 1938.960 -56243.900
-43219.700 11468.900 -1769860.000
241.484 253.520 -6243.720
-175154.000 12049.900 351147.000
-82535.600 10123.400 354902.000
-156192.000 12382.600 478471.000
-44850.900 2960.770 247969.000
125735.000 40367.700 -2270330.000
5730.840 1080.650 -34334.100
-93622.300 -20698.500 -1377520.000
-95021.900 -19908.900 -1350210.000
101205.000 24618.700 -2452710.000
59166.500 48975.900 -597174.000
90664.700 17625.600 -2507390.000
9844.260 2121.960 -61537.700
-173982.000 29316.100 -501995.000
-4517.830 790.666 22211.200
83830.000 18164.600 -2496970.000
79108.400 19288.700 -2469210.000
-188907.000 29695.300 -313961.000
-48089.100 15598.400 -40428.300
56664.100 21225.700 -2344870.000
6188.020 2121.960 -42546.200
35576.400 27105.400 -2216860.000
2710.660 1142.880 -19483.900
11876.900 35255.800 -2060690.000
5302.580 35953.300 -2012170.000
-124721.000 1739.190 665116.000
-122155.000 8.718 678515.000
-34633.200 48045.300 -1720050.000
1098.730 1893.400 -13045.900
-58408.900 51004.100 -1531700.000
-42.314 1057.840 -3471.670
-81945.800 51103.700 -1334690.000
-83598.700 49558.400 -1299290.000
15173.200 -52147.600 -84945.200
2685.050 -11811.700 -14002.700
324.870 77514.300 -1692410.000
2947.930 2951.080 -22437.400
-120937.000 48695.300 -953923.000
-2067.480 1092.490 8400.260
-122142.000 0.000 678584.000
-122142.000 0.000 678584.000
-150269.000 48246.100 -590901.000
-37476.800 18939.800 -74094.700
-163129.000 49093.600 -405323.000
-7866.640 2209.490 39462.100
-187729.000 17290.800 233279.000
-11864.300 1303.800 64491.700
-122142.000 0.000 678584.000
-122142.000 0.000 678584.000
-173682.000 39437.300 82135.300
-44035.800 14983.600 91080.800
79017.700 -40545.900 -449917.000
4872.650 -2955.800 -27075.600
119831.000 -33815.100 -698638.000
4081.210 -1251.430 -22699.700
-156841.000 21781.100 441553.000
-155712.000 21181.700 450892.000
-122142.000 0.000 678584.000
-120541.000 1156.710 669686.000
-137608.000 11169.100 583111.000
-45231.800 7819.400 250735.000
-128782.000 4987.650 640418.000
-29978.700 5226.640 166454.000
118526.000 0.000 -2687350.000
118478.000 0.000 -2685790.000
-122142.000 0.000 678584.000
-104113.000 11978.900 578424.000
-122142.000 0.000 678584.000
-51547.000 10113.100 286389.000
186893.000 -35947.700 -1609270.000
5853.140 -921.530 -33353.200
64766.700 -16283.600 -2391230.000
57879.900 -14655.300 -2351420.000
-138099.000 -38371.600 -846743.000
-41416.100 -19926.700 -143393.000
-163952.000 -21265.700 400392.000
-25377.200 -3566.720 139390.000
-122142.000 0.000 678584.000
-25059.400 -7583.030 139235.000
174933.000 -46261.800 -1625040.000
169482.000 -46868.500 -1555990.000
-122142.000 0.000 678584.000
-104113.000 -11978.900 578424.000
-106822.000 -11064.400 593473.000
-40083.400 -15632.700 222702.000
9720.380 -72649.600 -84610.900
-1371.580 -3668.030 7592.990
71240.800 -68799.900 -478233.000
66762.400 -63869.300 -447899.000
95800.500 -66175.000 -651227.000
19820.400 -14466.500 -113484.000
131374.000 -61325.500 -947251.000
6999.210 -2949.820 -39440.000
127383.000 -53394.000 -2109530.000
5348.430 -1252.850 -31933.500
40335.600 -34876.700 -2224050.000
32434.500 -35777.100 -2165170.000
-155051.000 -57125.500 -256356.000
-36569.800 -17509.800 16.363
-156395.000 -33164.800 323936.000
-18851.100 -4288.820 103012.000
-145935.000 -17952.800 515778.000
-16889.400 -3670.850 93322.100
-129602.000 -5944.340 633718.000
-129251.000 -5653.940 636056.000
146578.000 -68191.300 -1392950.000
39065.000 -20837.500 -243061.000
119200.000 -64271.500 -2000200.000
8804.630 -2552.770 -52819.600
324.870 -77514.300 -1692410.000
1659.520 -1659.980 -12621.000
100747.000 -86779.800 -963380.000
96675.000 -83287.400 -915826.000
107277.000 -87977.500 -1103610.000
29789.600 -20831.500 -189050.000
110288.000 -89400.400 -1239870.000
6670.650 -3329.820 -38693.800
108624.000 -90551.700 -1485500.000
4075.430 -1780.450 -23993.600
104431.000 -90159.400 -1590630.000
100475.000 -90582.500 -1532760.000
90282.800 -88174.900 -1753560.000
38971.500 -41690.100 -396051.000
80623.800 -87181.600 -1806450.000
7100.140 -3369.070 -44054.800
-72864.400 -92305.600 -881626.000
-1437.330 -1815.350 5564.210
-110746.000 -85158.200 -362007.000
-108496.000 -83767.500 -345030.000
-116307.000 -79100.500 -217796.000
-31862.800 -19863.500 10085.200
-51556.700 -91899.100 -38211.800
-24013.600 -16238.100 132145.000
-40313.900 -92981.300 -47519.500
-8139.260 -6805.560 44776.400
-17048.200 -94769.200 -145306.000
-17994.700 -90961.300 -128901.000
5977.100 -97483.000 -264302.000
-2356.480 -23204.300 2309.940
23398.200 -101199.000 -375982.000
-843.692 -6322.140 4050.710
44858.500 -99743.000 -532086.000
749.736 -3056.570 -4571.400
62810.600 -96930.400 -687426.000
60493.800 -91278.300 -653710.000
76620.100 -96112.000 -839425.000
21697.100 -20571.700 -139843.000
86013.100 -96441.400 -983559.000
4997.980 -4000.560 -29080.200
91679.500 -97199.500 -1119820.000
3178.530 -2118.680 -18555.300
94078.600 -97916.400 -1247000.000
90577.000 -95905.800 -1196910.000
93563.900 -98324.600 -1362970.000
34252.500 -27192.100 -247014.000
90424.400 -98348.900 -1465060.000
6576.040 -3493.450 -39349.400
84904.400 -98085.100 -1550330.000
3716.000 -1980.120 -22508.600
77208.200 -97768.100 -1615770.000
74191.300 -98089.100 -1567240.000
67490.700 -97732.400 -1658350.000
24369.700 -54910.600 -483559.000
55836.900 -98369.800 -1675080.000
5837.620 -3965.120 -37588.200
41643.300 -100589.000 -1640970.000
2738.240 -2230.620 -18268.000
21323.800 -100291.000 -1534370.000
17738.100 -98233.100 -1483550.000
1293.960 -100225.000 -1409410.000
-13979.000 -45824.200 -353952.000
-16436.000 -100416.000 -1277720.000
966.477 -3522.690 -10238.400
-34525.400 -100528.000 -1125720.000
-157.893 -1966.760 -1699.550
-51598.400 -100325.000 -962922.000
-50202.400 -97084.300 -938639.000
-67671.100 -99705.900 -791673.000
-25768.500 -25669.500 -118907.000
-82832.300 -98741.000 -614439.000
-4146.910 -3770.880 19447.600
-93735.600 -95148.800 -453163.000
-3117.800 -2252.950 15514.900
-98869.400 -90064.100 -319878.000
-97124.100 -88209.200 -304421.000
-103864.000 -84093.100 -187062.000
-31554.600 -21134.400 22503.600
-107392.000 -78782.100 -65878.500
-10488.100 -5439.220 56107.500
-109021.000 -74568.300 37499.800
-7047.120 -3559.170 38116.700
-101910.000 -72401.500 81722.500
-102126.000 -70863.600 96935.500
-91234.000 -73450.600 92551.700
-46299.200 -27975.300 167373.000
-76604.500 -78324.900 65221.800
-20640.300 -12101.600 113415.000
-38755.800 -112457.000 -853405.000
-883.728 -2439.520 2800.280
-19325.500 -122760.000 -531320.000
-21601.000 -119137.000 -505715.000
-3493.460 -123028.000 -583318.000
-390.870 -39920.600 -147302.000
10157.300 -124565.000 -662797.000
-202.696 -6298.200 -787.561
28643.000 -120441.000 -808025.000
878.123 -3127.540 -5987.510
40134.900 -117636.000 -946742.000
38971.100 -113249.000 -918611.000
45595.200 -116681.000 -1072900.000
22064.900 -35382.700 -241289.000
44339.600 -116930.000 -1168170.000
3759.110 -4741.980 -23979.200
37108.500 -118295.000 -1221160.000
2023.330 -2734.740 -13293.300
24561.700 -121154.000 -1221430.000
24110.600 -118293.000 -1196910.000
8149.180 -120086.000 -1135060.000
-4384.470 -51751.700 -358775.000
-11860.800 -118584.000 -994039.000
119.486 -4743.590 -4557.680
-30204.200 -118108.000 -832132.000
-758.746 -2706.610 2200.080
-44258.100 -117641.000 -673027.000
-43091.700 -113253.000 -657660.000
-48218.500 -114374.000 -561288.000
-23112.300 -31519.300 -100160.000
-46241.100 -113288.000 -487490.000
-5117.290 -6300.400 25762.400
-37010.800 -115785.000 -471864.000
-3139.790 -4103.110 16041.100
-3962.950 -131142.000 -796108.000
-7000.100 -128217.000 -762629.000
7083.690 -129899.000 -874046.000
3465.770 -50001.900 -299321.000
4103.870 -130859.000 -928340.000
694.884 -6105.250 -7416.230
-9844.340 -129900.000 -818292.000
-367.935 -3420.710 170.623
215476.000 3708.400 -1501150.000
205784.000 5380.860 -1432700.000
-122142.000 0.000 678584.000
-122142.000 0.000 678584.000
-72551.200 0.000 403079.000
209707.000 9186.640 -1464040.000
6868.500 341.511 -38596.700
-122142.000 0.000 678584.000
-122142.000 0.000 678584.000
-122142.000 0.000 678584.000
185824.000 29616.800 -1322310.000
10183.400 1565.490 -57313.200
-122142.000 0.000 678584.000
-31841.400 4317.590 176914.000
173793.000 39594.000 -1258740.000
40693.400 15556.200 -235749.000
-122142.000 0.000 678584.000
-52350.000 9726.500 290850.000
-40808.700 0.000 226732.000
116200.000 80263.200 -1050310.000
111301.000 77608.000 -998009.000
-86044.500 32928.700 431231.000
-69478.200 28686.100 385792.000
9.609 0.000 -11.581
108106.000 85154.300 -1037560.000
3397.430 1984.370 -19511.800
-74591.800 54069.100 273031.000
-75258.400 52844.900 282464.000
27738.600 0.000 -149283.000
74087.600 103369.000 -1002570.000
4553.300 4230.670 -26876.600
-47586.400 104068.000 -158330.000
-8480.170 7059.300 46190.700
178346.000 0.000 -1041500.000
165774.000 0.000 -968758.000
65942.600 107080.000 -991335.000
24137.200 24749.000 -173166.000
-44166.600 109797.000 -232743.000
-11649.600 11140.200 62850.500
187945.000 0.000 -1115950.000
6854.240 0.000 -38162.600
49704.900 113905.000 -964874.000
48085.000 109737.000 -933129.000
-26557.300 118736.000 -434260.000
-17082.200 49138.800 -130158.000
201062.000 0.000 -1237370.000
12696.500 0.000 -70838.400
16813.700 126564.000 -899054.000
720.967 3251.880 -5590.950
-7059.670 129609.000 -732028.000
-10158.800 126342.000 -699157.000
213729.000 0.000 -1426810.000
75627.200 0.000 -436626.000
7396.120 129793.000 -874876.000
667.497 6070.890 -6799.880
-4054.010 131099.000 -794143.000
-452.890 3777.150 720.450
215717.000 0.000 -1472220.000
209662.000 0.000 -1426060.000
-10156.900 129794.000 -816929.000
-6361.730 49855.300 -282172.000
4316.080 130783.000 -930978.000
717.091 6096.230 -7545.360
218463.000 0.000 -1562560.000
7637.000 0.000 -42972.000
-28557.600 123412.000 -738053.000
-28185.700 118620.000 -719967.000
16361.600 125973.000 -1089230.000
3093.060 57473.400 -403379.000
219608.000 0.000 -1653890.000
13719.400 0.000 -77454.400
-86462.800 99382.900 -509074.000
-2780.340 2279.750 13597.300
46793.900 102361.000 -1619390.000
45050.400 102333.000 -1582110.000
208062.000 0.000 -2014970.000
103886.000 0.000 -672927.000
-102238.000 91198.900 -454547.000
-5684.550 3703.190 28221.900
54389.000 91059.600 -1790160.000
3430.800 2179.530 -22345.400
197756.000 0.000 -2143550.000
200303.000 0.000 -2113370.000
-207693.000 14467.300 -225080.000
-64481.200 9863.520 -85251.900
113312.000 3547.730 -2666000.000
12505.900 919.308 -81201.000
118213.000 0.000 -2692020.000
8108.120 0.000 -51245.100
-219615.000 3709.410 -182992.000
-209919.000 5381.770 -214768.000
117998.000 58.258 -2694100.000
26912.200 691.559 -2170540.000
118075.000 0.000 -2694090.000
14459.200 0.000 -92984.000
-219615.000 -3709.410 -182992.000
-7219.590 -179.137 36960.500
117998.000 -58.258 -2694100.000
116774.000 -940.143 -2685040.000
117921.000 0.000 -2694110.000
25431.600 0.000 -2162420.000
-150161.000 -60803.000 -341114.000
-7823.680 -2691.130 39707.100
74976.100 -22404.600 -2446260.000
4721.550 -1591.500 -30645.000
24310.700 0.000 -2168500.000
16790.900 0.000 -2127290.000
-110864.000 -86147.500 -424955.000
-29894.300 -20915.900 -39767.000
58082.400 -83949.400 -1882420.000
6483.170 -3705.790 -42154.200
-79823.700 0.000 -1519570.000
-678.524 0.000 -1200.740
-28557.600 -123412.000 -738053.000
-28185.700 -118620.000 -719967.000
16361.600 -125973.000 -1089230.000
3093.060 -57473.400 -403379.000
-194506.000 0.000 -482238.000
-9770.610 0.000 47673.000
-10156.900 -129794.000 -816929.000
-379.562 -3415.210 235.874
4316.080 -130783.000 -930978.000
5121.670 -125763.000 -917044.000
-217328.000 0.000 -257750.000
-84109.900 0.000 -204794.000
7396.120 -129793.000 -874876.000
667.497 -6070.890 -6799.880
-4054.010 -131099.000 -794143.000
-452.890 -3777.150 720.450
-219858.000 0.000 -138097.000
-219128.000 0.000 -121521.000
108106.000 -85154.300 -1037560.000
28519.100 -19926.800 -178201.000
-74591.800 -54069.100 273031.000
-35044.800 -18109.800 194343.000
-148268.000 0.000 538226.000
-40846.600 0.000 226530.000
116200.000 -80263.200 -1050310.000
111301.000 -77608.000 -998009.000
-86044.500 -32928.700 431231.000
-69478.200 -28686.100 385792.000
-131092.000 0.000 632791.000
-72569.300 0.000 402985.000
131668.000 -70496.800 -1087830.000
3995.360 -1701.290 -22712.600
-111265.000 -7855.790 618155.000
-108281.000 -10010.700 601578.000
-122142.000 0.000 678584.000
-122142.000 0.000 678584.000
179882.000 -34590.000 -1290180.000
9749.750 -1770.720 -54906.200
-122142.000 0.000 678584.000
-30620.800 -4905.320 170132.000
-122142.000 0.000 678584.000
-122142.000 0.000 678584.000
203558.000 -14464.500 -1425890.000
61731.500 -8883.040 -351795.000
-122142.000 0.000 678584.000
-63794.000 -4216.430 354428.000
-122142.000 0.000 678584.000
-40808.700 0.000 226732.000
209707.000 -9186.640 -1464040.000
199826.000 -10529.400 -1393990.000
-122142.000 0.000 678584.000
-122142.000 0.000 678584.000
-122142.000 0.000 678584.000
-72551.200 0.000 403079.000
215476.000 -3708.400 -1501150.000
7212.270 -178.813 -40524.300
-122142.000 0.000 678584.000
-122142.000 0.000 678584.000
-122142.000 0.000 678584.000
-122142.000 0.000 678584.000
61143.600 49539.900 -2219740.000
7033.370 3001.520 -46288.900
38615.100 52939.300 -2109900.000
3154.540 1593.340 -21464.700
16972.000 57172.400 -1972630.000
11741.200 58375.900 -1909790.000
-3578.000 61928.300 -1823050.000
-24412.300 41918.600 -385878.000
-22296.000 66156.800 -1672360.000
1818.780 2554.040 -16361.600
-41970.800 69352.600 -1506250.000
362.670 1416.950 -5359.090
-61203.800 71230.400 -1332410.000
-61857.300 70192.500 -1294020.000
-79891.600 71672.700 -1150740.000
-30042.400 25493.100 -175200.000
-97883.200 70720.900 -961049.000
-2897.170 2569.470 11160.900
-112797.000 70245.400 -774748.000
-2330.010 1487.290 10391.800
-125862.000 70018.500 -583519.000
-119642.000 67322.300 -578052.000
-136760.000 70193.400 -395095.000
-33128.200 19194.900 -33234.400
-141063.000 66033.400 -240229.000
-8464.630 3114.420 43735.100
-145051.000 61170.200 -86389.000
-5762.970 1906.400 30417.800
-149525.000 55352.000 68799.500
-142615.000 55624.900 56190.000
-147183.000 48382.300 182863.000
-42779.000 16596.300 125209.000
-145142.000 40084.100 293571.000
-17987.000 4953.440 98308.200
-144303.000 30228.200 404229.000
-12471.900 3359.570 68593.300
-144712.000 19107.500 513468.000
-140881.000 20727.000 502543.000
-137602.000 13444.100 570948.000
-84224.400 22799.300 435335.000
-130480.000 7262.110 624562.000
-45798.500 12912.300 254174.000
-124074.000 1593.060 667536.000
-25209.800 7513.830 140043.000
-122142.000 0.000 678584.000
-122142.000 0.000 678584.000
-122142.000 0.000 678584.000
-88121.000 19678.900 489578.000
-122142.000 0.000 678584.000
-43030.100 14213.900 239073.000
-106822.000 11064.400 593473.000
-22545.600 8793.370 125270.000
-78968.000 31278.400 438871.000
-48903.300 53525.900 267463.000
-46553.300 32524.300 258879.000
-22157.600 64376.100 108738.000
-8511.320 8910.890 47266.400
9720.380 72649.600 -84610.900
-1371.580 3668.030 7592.990
41001.800 73123.600 -280965.000
39007.200 67346.100 -266300.000
95800.500 66175.000 -651227.000
19820.400 14466.500 -113484.000
144838.000 58826.100 -1086470.000
7675.880 2714.610 -43371.800
153679.000 57681.400 -1213020.000
4615.700 1427.350 -26161.400
159999.000 56606.300 -1341380.000
153596.000 56272.900 -1277520.000
162570.000 56530.300 -1468740.000
42623.300 20236.900 -261370.000
161040.000 57482.500 -1600010.000
9172.960 2246.690 -52813.500
154870.000 59256.500 -1738750.000
5257.520 1242.500 -30485.400
146669.000 59424.800 -1871990.000
143075.000 61039.800 -1802450.000
137408.000 57432.000 -1995850.000
53070.400 28955.800 -367477.000
127383.000 53394.000 -2109530.000
9505.990 2227.280 -56770.600
116845.000 47584.300 -2212070.000
5315.660 1279.830 -32138.500
95015.100 32480.900 -2379030.000
92769.200 36660.200 -2326510.000
84034.600 24611.900 -2439250.000
30606.300 70724.700 -788945.000
76420.900 21712.800 -2454540.000
8542.490 2759.260 -55460.400
61987.900 27858.100 -2367860.000
3917.960 1451.560 -26130.800
40335.600 34876.700 -2224050.000
32434.500 35777.100 -2165170.000
17938.700 42692.700 -2067210.000
-24459.100 47902.800 -481667.000
-4245.170 49727.900 -1903530.000
2915.080 2275.780 -23163.000
-24861.700 55405.800 -1740310.000
955.322 1253.430 -9048.200
-46584.900 59304.500 -1562270.000
-49367.700 58878.100 -1520140.000
-67993.800 61148.400 -1376750.000
-32398.200 27047.200 -224779.000
-88994.300 60819.200 -1183560.000
-1867.320 2211.550 4729.000
-107485.000 59851.200 -993274.000
-1735.490 1265.600 6684.900
-123860.000 58707.900 -802873.000
-119724.000 56525.500 -790100.000
-137678.000 58565.100 -615345.000
-34349.100 19815.400 -74179.800
-149783.000 59387.800 -424700.000
-7175.240 2542.090 35840.100
-161226.000 48547.400 71053.900
-7215.240 1838.880 38618.200
-158323.000 41856.900 197473.000
-154257.000 43052.900 198691.000
-154720.000 23289.200 444400.000
-58669.100 16063.300 255404.000
-145935.000 17952.800 515778.000
-30027.900 6525.960 165906.000
-137675.000 12186.100 577915.000
-23027.700 5014.930 127617.000
-129602.000 5944.340 633718.000
-129251.000 5653.940 636056.000
-123263.000 871.214 672549.000
-96728.800 15541.800 537334.000
-122142.000 0.000 678584.000
-48177.500 11735.500 267669.000
-122142.000 0.000 678584.000
-26396.300 6939.330 146663.000
-122142.000 0.000 678584.000
-122142.000 0.000 678584.000
-50144.600 52214.800 276741.000
-40127.900 29034.300 223269.000
16516.400 71538.300 -115311.000
-693.895 5687.090 3813.490
86355.100 61150.900 -551711.000
2555.930 2098.780 -14286.600
172767.000 46227.800 -1386450.000
165925.000 46256.100 -1322160.000
170525.000 47448.100 -1753440.000
52113.000 22397.600 -326480.000
161284.000 49316.500 -1893580.000
10106.900 1881.350 -58749.100
150020.000 49065.100 -2030000.000
5726.780 1056.980 -33578.700
138075.000 45963.100 -2156090.000
135254.000 48995.600 -2088910.000
113299.000 32904.100 -2370500.000
61570.300 39668.600 -507921.000
86516.100 16851.900 -2510180.000
9618.450 2242.220 -61183.800
73248.400 20583.100 -2437700.000
4317.690 1261.250 -28733.400
-12068.000 42586.600 -1891710.000
-17515.800 43053.000 -1845410.000
-102741.000 50054.600 -1142270.000
-36507.600 23380.200 -187027.000
-136442.000 48112.100 -772007.000
-4970.240 2003.560 22514.000
-169786.000 46523.100 -241836.000
-5376.130 1331.230 27748.200
-174297.000 43206.400 -74078.600
-166585.000 44666.800 -82536.000
-170300.000 33495.600 221402.000
-48032.600 14413.200 142343.000
-167227.000 25659.700 356133.000
-20300.300 3736.660 110980.000
-146851.000 16794.800 517741.000
-18399.800 3201.820 101709.000
-122766.000 471.873 675327.000
-122645.000 379.678 675972.000
-122142.000 0.000 678584.000
-99803.000 14054.200 554478.000
-122142.000 0.000 678584.000
-51217.600 10271.800 284559.000
-122142.000 0.000 678584.000
-27570.600 6373.930 153187.000
-67418.600 29662.000 374591.000
2256.670 64854.900 -21353.400
-2336.160 6089.150 12975.600
112831.000 51289.900 -703332.000
3529.380 1675.260 -19700.400
152676.000 43381.700 -1013400.000
144184.000 42120.600 -955268.000
165832.000 40398.000 -1145370.000
37121.400 14432.800 -212731.000
181939.000 36910.300 -1382140.000
9838.770 1795.570 -55617.400
185779.000 36141.000 -1495130.000
5713.030 958.852 -32409.700
168231.000 39100.500 -2000780.000
165107.000 40611.600 -1924690.000
123110.000 28621.100 -2403360.000
69791.800 33542.900 -513119.000
98585.700 13225.300 -2555720.000
10732.200 1693.960 -66166.400
93959.300 13286.300 -2552700.000
5849.710 1057.450 -37228.000
80178.300 17257.300 -2477430.000
71750.400 15531.600 -2429000.000
-101802.000 40138.900 -1221630.000
-41734.700 22962.000 -226168.000
-153262.000 38351.900 -665337.000
-6196.650 1707.670 29252.600
-167617.000 38880.100 -480726.000
-4348.940 1011.820 21505.500
-186485.000 34437.100 -135095.000
-178938.000 36110.400 -146054.000
-176688.000 23293.600 299041.000
-55603.300 13121.500 193976.000
-151739.000 17272.100 490648.000
-32872.400 4480.620 181532.000
703.798 73561.000 -43621.600
-2631.700 4248.410 14579.700
-122142.000 0.000 678584.000
-122142.000 0.000 678584.000
-122142.000 0.000 678584.000
-112576.000 6908.780 625440.000
-122142.000 0.000 678584.000
-55697.400 8114.770 309447.000
-122142.000 0.000 678584.000
-30330.300 5045.170 168518.000
-122142.000 0.000 678584.000
-94785.800 16469.800 526605.000
-27557.100 55001.000 152650.000
-6980.390 7401.140 38797.600
110599.000 44067.000 -661220.000
3598.280 1553.170 -20038.600
156254.000 35342.600 -993320.000
147017.000 34032.800 -933572.000
170489.000 32196.300 -1125220.000
38505.800 12858.800 -217675.000
181016.000 29922.100 -1244510.000
9945.710 1620.380 -55855.300
188619.000 28302.600 -1355970.000
5832.120 841.935 -32836.900
193730.000 27208.400 -1463250.000
185758.000 27975.900 -1396940.000
196523.000 26565.000 -1569490.000
55541.800 16336.800 -327319.000
194661.000 26519.800 -1791230.000
11349.300 1245.010 -64948.700
178748.000 28270.300 -2051310.000
6507.980 682.956 -37755.700
161909.000 29822.000 -2209340.000
159599.000 32113.400 -2131110.000
125252.000 20532.600 -2486370.000
82458.700 29077.600 -585190.000
110940.000 12263.300 -2575380.000
11602.100 1269.130 -70302.400
104451.000 8204.120 -2608000.000
6492.470 737.373 -39838.800
103715.000 8577.510 -2605530.000
97004.900 10660.300 -2566910.000
102639.000 9116.330 -2601290.000
56436.200 70638.400 -1156680.000
101142.000 9859.300 -2594900.000
11137.400 1544.820 -71606.500
94235.200 12310.000 -2557220.000
5654.800 868.961 -37103.500
79588.900 13263.100 -2475160.000
71220.000 11936.800 -2426960.000
64127.500 12561.600 -2388610.000
-40399.300 56506.000 -871033.000
49948.500 12033.700 -2309200.000
5230.120 1310.880 -38050.300
31999.700 14961.900 -2208840.000
2176.700 713.884 -16946.000
5243.210 23079.100 -2049390.000
-1224.280 23884.200 -2007070.000
-23326.800 29807.000 -1864400.000
-52709.000 26529.800 -428353.000
-82828.200 31344.900 -1433530.000
-1151.040 1215.550 -792.870
-106199.000 30059.600 -1232350.000
-1345.530 689.191 3656.870
-125688.000 29262.700 -1044580.000
-123544.000 28094.800 -1031020.000
-142827.000 28889.800 -863805.000
-48653.100 18235.300 -179854.000
-158657.000 28908.600 -684626.000
-6457.240 1335.000 30292.400
-197689.000 25398.000 -150349.000
-6658.380 913.119 34631.100
-201030.000 20551.400 -4277.940
-196096.000 23045.900 -4100.360
-198779.000 16648.700 127566.000
-53995.200 12975.500 122938.000
-173095.000 18074.200 348714.000
-26376.600 2766.330 144625.000
-157824.000 16491.100 457599.000
-19267.100 1949.800 106315.000
-143933.000 12204.300 549901.000
-143149.000 11856.800 554971.000
-131427.000 6039.950 626861.000
-117960.000 3622.140 650888.000
-123048.000 658.336 673901.000
-60309.800 5896.650 335047.000
-122142.000 0.000 678584.000
-33430.000 3552.710 185739.000
-122142.000 0.000 678584.000
-122142.000 0.000 678584.000
-122142.000 0.000 678584.000
-114114.000 5798.350 633981.000
-122142.000 0.000 678584.000
-61582.500 5281.210 342142.000
-33308.500 3611.240 185064.000
-34309.700 21775.900 190928.000
148057.000 28896.100 -890326.000
8675.560 1798.020 -48344.700
167277.000 25185.900 -1041650.000
5414.000 855.591 -30218.300
180989.000 22390.800 -1170340.000
171131.000 22151.300 -1105600.000
198348.000 18941.200 -1394380.000
55174.800 11664.500 -314796.000
203280.000 17922.000 -1498340.000
11499.600 1011.230 -64855.300
206069.000 17249.600 -1601170.000
6608.710 536.285 -37390.900
206700.000 16880.400 -1705700.000
199115.000 18628.700 -1634980.000
204928.000 16796.800 -1814940.000
75207.400 13197.900 -452798.000
177201.000 18431.500 -2212460.000
12388.500 849.133 -72220.000
154411.000 19475.800 -2388620.000
6988.260 480.016 -41155.900
115387.000 6185.370 -2637190.000
109914.000 10064.400 -2582240.000
112481.000 4343.510 -2652740.000
107256.000 27228.800 -866114.000
112164.000 4516.130 -2652660.000
12341.100 942.790 -76308.400
111627.000 4796.550 -2651500.000
6901.140 558.526 -43277.000
110822.000 5208.340 -2649060.000
103401.000 7628.030 -2606090.000
109675.000 5787.600 -2644990.000
22973.500 14414.900 -2063900.000
95896.900 9722.890 -2567550.000
9927.090 1059.160 -65905.300
78120.400 9114.950 -2467990.000
4557.790 558.526 -31105.000
62170.800 8654.630 -2378640.000
55543.600 7789.170 -2340090.000
47526.400 8313.120 -2296580.000
-72288.300 27225.900 -801806.000
31747.800 9464.100 -2209020.000
3548.600 879.227 -28795.000
-31449.300 21979.700 -1830660.000
502.237 480.102 -7459.360
-65925.500 21758.600 -1594480.000
-69921.400 20976.400 -1556700.000
-116160.000 20000.400 -1178850.000
-63235.100 13768.700 -332992.000
-135590.000 19608.800 -990752.000
-4385.800 881.737 17664.500
-153255.000 19491.400 -807127.000
-3285.110 513.127 14724.700
-170146.000 19637.400 -622540.000
-162991.000 18732.500 -636834.000
-187113.000 20056.500 -431517.000
-58616.600 12583.800 -118644.000
-202482.000 18944.700 -241919.000
-11206.500 1090.190 57325.600
-210243.000 13723.500 -85020.800
-7640.460 671.043 39961.600
-200574.000 10987.700 130498.000
-199118.000 10977.900 145872.000
-189695.000 11432.700 235489.000
-69999.400 10769.900 237808.000
-138372.000 8443.220 587933.000
-64076.100 4130.380 355459.000
-122142.000 0.000 678584.000
-36014.500 2308.360 200097.000
-122142.000 0.000 678584.000
-122142.000 0.000 678584.000
-122142.000 0.000 678584.000
-122069.000 52.759 678178.000
-122142.000 0.000 678584.000
-62932.000 4631.490 349639.000
-122142.000 0.000 678584.000
-37503.300 1591.530 208368.000
-122142.000 0.000 678584.000
-122142.000 0.000 678584.000
-62622.800 4780.350 347921.000
-33826.300 3361.890 187941.000
-90850.300 18364.700 504741.000
-1709.150 3953.650 9521.590
89617.700 25904.000 -500095.000
3299.870 1163.400 -18314.600
133979.000 19889.400 -768873.000
124365.000 18498.300 -713342.000
161760.000 16263.400 -958415.000
38969.500 6997.280 -213533.000
180305.000 13788.100 -1105910.000
10826.800 887.804 -60391.100
192941.000 11657.300 -1228110.000
6423.620 426.559 -35896.900
202164.000 10153.700 -1338360.000
191679.000 10957.700 -1268770.000
208799.000 9063.170 -1441490.000
66593.400 6426.720 -380473.000
213290.000 8267.150 -1540940.000
12434.400 554.327 -70037.700
215833.000 7696.470 -1639490.000
7112.840 291.507 -40184.900
215916.000 7310.620 -1736860.000
208016.000 9520.350 -1667320.000
213943.000 7087.770 -1839120.000
86772.800 6532.260 -528107.000
209448.000 7020.150 -1949290.000
13067.600 459.008 -74807.600
201603.000 7112.860 -2071300.000
7402.890 253.913 -42635.500
188966.000 7385.530 -2210610.000
186038.000 10254.900 -2141320.000
169002.000 7868.050 -2375190.000
105831.000 8272.830 -714843.000
138237.000 7886.980 -2571590.000
13285.300 453.872 -78794.600
118618.000 528.745 -2681740.000
7480.510 259.482 -44870.800
118287.000 230.907 -2685110.000
112593.000 3148.350 -2652270.000
118225.000 213.865 -2686530.000
122782.000 15468.400 -1157910.000
118091.000 244.670 -2687700.000
13269.000 516.645 -82668.600
117870.000 331.633 -2688590.000
7445.940 309.241 -47077.000
117538.000 488.184 -2689170.000
112297.000 3379.900 -2658030.000
112786.000 3298.460 -2663560.000
22868.500 1226.030 -2147720.000
76468.300 4742.700 -2459850.000
7903.260 516.645 -54797.400
60008.300 4514.910 -2367580.000
3496.670 276.654 -25277.500
44867.600 4348.760 -2282690.000
39970.700 3913.890 -2253730.000
30296.700 4472.420 -2201160.000
-83103.300 10475.800 -772400.000
-330.934 10678.600 -2031420.000
1798.180 453.872 -19127.400
-76700.700 10823.500 -1533010.000
-523.400 252.880 -1760.360
-103160.000 10378.800 -1320440.000
-103585.000 9958.600 -1299370.000
-125408.000 10103.900 -1122760.000
-74441.500 6773.230 -392453.000
-145212.000 9976.640 -932827.000
-5187.910 472.958 21778.800
-163812.000 9986.620 -744664.000
-3814.440 276.940 17478.200
-182211.000 10134.500 -552549.000
-173930.000 9642.000 -575186.000
-201376.000 10432.300 -350244.000
-71898.500 6331.080 -163643.000
-216666.000 7392.600 -162076.000
-12887.200 603.780 66351.200
-215545.000 5222.430 -55562.900
-8844.080 376.459 46478.400
-209587.000 5320.550 36540.800
-208427.000 5315.080 51618.800
-201510.000 5481.280 133424.000
-79976.800 7369.210 153352.000
-156903.000 6457.750 483234.000
-63679.800 2072.170 352569.000
-130390.000 4098.610 635108.000
-38300.600 1218.100 212681.000
-122142.000 0.053 678584.000
-122142.000 0.048 678584.000
-122142.000 0.000 678584.000
-122142.000 0.000 678584.000
-122142.000 0.000 678584.000
-67866.200 2255.720 377051.000
-122142.000 0.000 678584.000
-38072.400 1317.480 211530.000
-122142.000 0.000 678584.000
-122142.000 0.000 678584.000
-122142.000 0.000 678584.000
-122142.000 0.000 678584.000
-72551.200 0.000 403079.000
-40808.700 0.000 226732.000
-122142.000 0.000 678584.000
-72551.200 0.000 403079.000
-40808.700 0.000 226732.000
161853.000 0.000 -925712.000
150039.000 0.000 -858306.000
199333.000 0.000 -1217610.000
62273.200 0.000 -348151.000
207036.000 0.000 -1314010.000
12977.700 0.000 -72527.900
212673.000 0.000 -1405810.000
7450.290 0.000 -41725.600
218881.000 0.000 -1584100.000
214790.000 0.000 -1544900.000
219640.000 0.000 -1674440.000
89014.200 0.000 -537351.000
218727.000 0.000 -1768260.000
13864.500 0.000 -78619.500
210527.000 0.000 -1976270.000
7904.900 0.000 -45237.200
201840.000 0.000 -2097270.000
204050.000 0.000 -2068030.000
188295.000 0.000 -2236360.000
111527.000 0.000 -760184.000
167243.000 0.000 -2401700.000
14218.800 0.000 -83378.200
133971.000 0.000 -2605250.000
8015.170 0.000 -47530.500
118614.000 0.000 -2686030.000
118557.000 0.000 -2684600.000
118327.000 0.000 -2690320.000
95783.300 0.000 -1741670.000
118210.000 0.000 -2692070.000
14413.200 0.000 -91145.000
118074.000 0.000 -2694110.000
8134.840 0.000 -52313.000
117922.000 0.000 -2694130.000
114223.000 0.000 -2671280.000
103604.000 0.000 -2613300.000
20132.600 0.000 -2132690.000
83174.700 0.000 -2498700.000
8560.850 0.000 -59358.600
48579.400 0.000 -2304630.000
2821.340 0.000 -21702.200
33189.600 0.000 -2218300.000
29460.500 0.000 -2195790.000
3220.040 0.000 -2056330.000
-88580.200 0.000 -783490.000
-40228.300 0.000 -1796240.000
456.824 0.000 -11894.900
-75496.000 0.000 -1551930.000
-562.283 0.000 -1882.130
-103543.000 0.000 -1332270.000
-103777.000 0.000 -1313960.000
-127329.000 0.000 -1127380.000
-83809.800 0.000 -467420.000
-148747.000 0.000 -929646.000
-5593.790 0.000 23488.200
-169162.000 0.000 -732513.000
-4127.920 0.000 18917.500
-189736.000 0.000 -529466.000
-180815.000 0.000 -557729.000
-211668.000 0.000 -313065.000
-83815.100 0.000 -220727.000
-220709.000 0.000 -161067.000
-14233.000 0.000 73291.200
-216814.000 0.000 -71681.500
-9885.970 0.000 51960.800
-211177.000 0.000 20129.000
-210184.000 0.000 33493.500
-203472.000 0.000 116531.000
-101210.000 0.000 129642.000
-193155.000 0.000 220124.000
-37613.100 0.000 205516.000
-158599.000 0.000 476088.000
-40874.900 0.000 226371.000
-126018.000 0.000 659012.000
-124802.000 0.000 665191.000
-122142.000 0.000 678584.000
-122142.000 0.000 678584.000
-122142.000 0.000 678584.000
-72551.200 0.000 403079.000
-122142.000 0.000 678584.000
-40808.700 0.000 226732.000
-122142.000 0.000 678584.000
-122142.000 0.000 678584.000
-122142.000 0.000 678584.000
-122142.000 0.000 678584.000
-122142.000 0.000 678584.000
-66674.800 -2829.380 370432.000
-37176.700 -1748.770 206554.000
-120950.000 -860.911 671962.000
-60138.100 -5976.700 334117.000
-31385.200 -4537.270 174379.000
-2146.920 -9983.980 12709.300
89617.700 -25904.000 -500095.000
5864.110 -2068.270 -32559.300
133979.000 -19889.400 -768873.000
4816.720 -795.718 -26770.300
161760.000 -16263.400 -958415.000
150748.000 -15202.900 -893229.000
180305.000 -13788.100 -1105910.000
47334.100 -6388.040 -261049.000
192941.000 -11657.300 -1228110.000
11417.400 -758.326 -63816.700
202164.000 -10153.700 -1338360.000
6665.700 -375.774 -37335.600
208799.000 -9063.170 -1441490.000
198773.000 -10326.500 -1371460.000
213290.000 -8267.150 -1540940.000
72077.200 -6330.690 -417623.000
215833.000 -7696.470 -1639490.000
12642.700 -518.236 -71439.800
215916.000 -7310.620 -1736860.000
7208.660 -276.448 -40875.900
213943.000 -7087.770 -1839120.000
207165.000 -9530.930 -1770830.000
209448.000 -7020.150 -1949290.000
91435.600 -6772.910 -567758.000
201603.000 -7112.860 -2071300.000
13158.400 -451.400 -75796.500
188966.000 -7385.530 -2210610.000
7440.280 -252.535 -43188.300
169002.000 -7868.050 -2375190.000
167801.000 -10756.100 -2303420.000
138237.000 -7886.980 -2571590.000
110946.000 -9184.360 -782269.000
118618.000 -528.745 -2681740.000
13296.300 -461.301 -79770.300
118287.000 -230.907 -2685110.000
7481.390 -266.474 -45410.100
118225.000 -213.865 -2686530.000
112664.000 -3133.010 -2654260.000
118091.000 -244.670 -2687700.000
111293.000 -21055.700 -1458540.000
117870.000 -331.633 -2688590.000
13234.900 -549.762 -83692.400
117538.000 -488.184 -2689170.000
7416.920 -333.894 -47694.600
112786.000 -3298.460 -2663560.000
103777.000 -4904.140 -2611410.000
76468.300 -4742.700 -2459850.000
-67720.900 -21054.100 -1418370.000
60008.300 -4514.910 -2367580.000
6213.970 -491.830 -44937.700
44867.600 -4348.760 -2282690.000
2622.770 -266.474 -20173.200
30296.700 -4472.420 -2201160.000
25420.700 -4956.680 -2172950.000
-330.934 -10678.600 -2031420.000
-81074.200 -9182.910 -670563.000
-76700.700 -10823.500 -1533010.000
-932.821 -449.564 -3129.530
-103160.000 -10378.800 -1320440.000
-1292.720 -254.356 2750.980
-125408.000 -10103.900 -1122760.000
-123588.000 -9674.120 -1112050.000
-145212.000 -9976.640 -932827.000
-73368.200 -6532.590 -335661.000
-163812.000 -9986.620 -744664.000
-6783.560 -492.339 31072.300
-182211.000 -10134.500 -552549.000
-4805.930 -292.030 23233.000
-201376.000 -10432.300 -350244.000
-190738.000 -9903.120 -385955.000
-216666.000 -7392.600 -162076.000
-72263.400 -6427.150 -99879.900
-215545.000 -5222.430 -55562.900
-15725.100 -669.260 82628.300
-209587.000 -5320.550 36540.800
-10865.500 -427.340 58020.600
-201510.000 -5481.280 133424.000
-200253.000 -5475.780 146600.000
-156903.000 -6457.750 483234.000
-128089.000 -3082.910 647495.000
-130390.000 -4098.610 635108.000
-68092.300 -2165.510 378099.000
-122142.000 -0.053 678584.000
-38299.500 -1208.170 212791.000
-122142.000 0.000 678584.000
-122142.000 0.000 678584.000
-122142.000 0.000 678584.000
-122142.000 0.000 678584.000
-122142.000 0.000 678584.000
-67686.700 -2342.190 376054.000
-122142.000 0.000 678584.000
-37748.600 -1473.400 209731.000
-122142.000 0.000 678584.000
-122142.000 0.000 678584.000
-115842.000 -4550.090 643583.000
-50801.400 -10472.100 282246.000
-8738.950 -5327.200 48568.700
148057.000 -28896.100 -890326.000
138056.000 -27140.300 -829899.000
167277.000 -25185.900 -1041650.000
37961.500 -10527.200 -211192.000
180989.000 -22390.800 -1170340.000
10297.800 -1329.260 -57613.000
198348.000 -18941.200 -1394380.000
6296.710 -612.126 -35398.700
203280.000 -17922.000 -1498340.000
194584.000 -19089.400 -1430260.000
206069.000 -17249.600 -1601170.000
66588.700 -11644.000 -388580.000
206700.000 -16880.400 -1705700.000
11945.700 -910.605 -67865.500
204928.000 -16796.800 -1814940.000
6810.910 -495.102 -38865.100
177201.000 -18431.500 -2212460.000
173731.000 -20922.600 -2133210.000
154411.000 -19475.800 -2388620.000
93802.900 -17232.200 -623627.000
115387.000 -6185.370 -2637190.000
12419.900 -879.227 -74874.700
112481.000 -4343.510 -2652740.000
6971.280 -509.392 -42537.700
112164.000 -4516.130 -2652660.000
104609.000 -7005.050 -2609330.000
111627.000 -4796.550 -2651500.000
88712.800 -50271.600 -1336870.000
110822.000 -5208.340 -2649060.000
12161.200 -1059.160 -77510.100
109675.000 -5787.600 -2644990.000
6760.980 -644.729 -43890.200
95896.900 -9722.890 -2567550.000
85897.100 -8750.600 -2510110.000
78120.400 -9114.950 -2467990.000
-48312.000 -49289.100 -1303210.000
62170.800 -8654.630 -2378640.000
6461.970 -942.790 -45770.700
47526.400 -8313.120 -2296580.000
2790.270 -509.392 -20820.500
31747.800 -9464.100 -2209020.000
26456.900 -9570.230 -2178150.000
-31449.300 -21979.700 -1830660.000
-67920.200 -17229.900 -511403.000
-65925.500 -21758.600 -1594480.000
-402.737 -849.865 -5684.490
-116160.000 -20000.400 -1178850.000
-1694.700 -484.845 5420.740
-135590.000 -19608.800 -990752.000
-132570.000 -18781.700 -983731.000
-153255.000 -19491.400 -807127.000
-60687.300 -12825.500 -227758.000
-170146.000 -19637.400 -622540.000
-7426.040 -955.102 35405.500
-187113.000 -20056.500 -431517.000
-5167.760 -569.840 25677.900
-202482.000 -18944.700 -241919.000
-193341.000 -19738.600 -267108.000
-210243.000 -13723.500 -85020.800
-58082.000 -12515.300 3533.740
-200574.000 -10987.700 130498.000
-20215.800 -1523.850 109010.000
-189695.000 -11432.700 235489.000
-14205.900 -1013.260 77438.100
-138372.000 -8443.220 587933.000
-137709.000 -8184.080 591856.000
-122142.000 0.000 678584.000
-122142.000 0.000 678584.000
-122142.000 0.000 678584.000
-63686.500 -4268.200 353830.000
-122142.000 0.000 678584.000
-35643.600 -2486.910 198037.000
-122142.000 0.000 678584.000
-122142.000 0.000 678584.000
-122142.000 0.000 678584.000
-112576.000 -6908.780 625440.000
-122142.000 0.000 678584.000
-55697.400 -8114.770 309447.000
-122142.000 0.000 678584.000
-30330.300 -5045.170 168518.000
-122142.000 0.000 678584.000
-94785.800 -16469.800 526605.000
-43391.300 -14040.000 241079.000
-20174.200 -9935.980 112097.000
-27557.100 -55001.000 152650.000
-28371.600 -52776.500 157321.000
27100.400 -57793.600 -158164.000
3820.610 -11997.000 -20390.800
75033.100 -49585.600 -439587.000
4317.050 -3461.130 -24020.400
110599.000 -44067.000 -661220.000
3598.280 -1553.170 -20038.600
136970.000 -39733.400 -841864.000
127619.000 -37476.400 -784166.000
156254.000 -35342.600 -993320.000
33424.300 -11989.800 -187508.000
170489.000 -32196.300 -1125220.000
9408.440 -1784.420 -52708.200
181016.000 -29922.100 -1244510.000
5595.780 -911.462 -31418.600
188619.000 -28302.600 -1355970.000
180217.000 -28702.600 -1291220.000
193730.000 -27208.400 -1463250.000
51155.100 -15471.800 -297878.000
196523.000 -26565.000 -1569490.000
10966.900 -1332.620 -62181.100
196940.000 -26336.600 -1677720.000
6290.420 -720.497 -35809.700
194661.000 -26519.800 -1791230.000
188623.000 -28091.300 -1719680.000
189011.000 -27143.300 -1914000.000
67954.700 -19505.500 -420155.000
178748.000 -28270.300 -2051310.000
11567.400 -1214.140 -67121.200
161909.000 -29822.000 -2209340.000
6538.760 -683.434 -38283.500
142878.000 -27410.000 -2360920.000
140297.000 -30914.700 -2288950.000
125252.000 -20532.600 -2486370.000
82458.700 -29077.600 -585190.000
110940.000 -12263.300 -2575380.000
11602.100 -1269.130 -70302.400
104451.000 -8204.120 -2608000.000
6492.470 -737.373 -39838.800
103715.000 -8577.510 -2605530.000
97004.900 -10660.300 -2566910.000
102639.000 -9116.330 -2601290.000
56436.200 -70638.400 -1156680.000
101142.000 -9859.300 -2594900.000
11137.400 -1544.820 -71606.500
-3962.950 131142.000 -796108.000
-437.524 3770.910 631.847
79588.900 -13263.100 -2475160.000
71220.000 -11936.800 -2426960.000
64127.500 -12561.600 -2388610.000
-40399.300 -56506.000 -871033.000
49948.500 -12033.700 -2309200.000
5230.120 -1310.880 -38050.300
31999.700 -14961.900 -2208840.000
2176.700 -713.884 -16946.000
5243.210 -23079.100 -2049390.000
-1224.280 -23884.200 -2007070.000
-23326.800 -29807.000 -1864400.000
-52709.000 -26529.800 -428353.000
-54718.700 -32069.400 -1647890.000
78.118 -1215.840 -7998.030
-82828.200 -31344.900 -1433530.000
-646.147 -683.747 -445.989
-106199.000 -30059.600 -1232350.000
-106204.000 -28919.000 -1208900.000
-125688.000 -29262.700 -1044580.000
-49389.500 -19264.500 -225449.000
-142827.000 -28889.800 -863805.000
-5017.580 -1283.160 21876.300
-158657.000 -28908.600 -684626.000
-3630.880 -750.938 17039.500
-173982.000 -29316.100 -501995.000
-165773.000 -27979.800 -519523.000
-188907.000 -29695.300 -313961.000
-48089.100 -15598.400 -40428.300
-197689.000 -25398.000 -150349.000
-11839.500 -1623.320 61566.500
-201030.000 -20551.400 -4277.940
-8019.570 -1005.570 42483.900
-198779.000 -16648.700 127566.000
-195329.000 -17929.600 135255.000
-187729.000 -17290.800 233279.000
-59336.000 -12200.900 192019.000
-173095.000 -18074.200 348714.000
-26376.600 -2766.330 144625.000
-157824.000 -16491.100 457599.000
-19267.100 -1949.800 106315.000
-143933.000 -12204.300 549901.000
-143149.000 -11856.800 554971.000
-131427.000 -6039.950 626861.000
-117960.000 -3622.140 650888.000
-123048.000 -658.336 673901.000
-60309.800 -5896.650 335047.000
-122142.000 0.000 678584.000
-33830.800 -3359.730 187966.000
-122142.000 0.000 678584.000
-122142.000 0.000 678584.000
-122142.000 0.000 678584.000
-116166.000 -4315.960 645384.000
-122142.000 0.000 678584.000
-58846.500 -6598.560 326942.000
-122142.000 0.000 678584.000
-32660.300 -3923.310 181463.000
-122142.000 0.000 678584.000
-122142.000 0.000 678584.000
-122142.000 0.000 678584.000
-101543.000 -13216.600 564143.000
-122142.000 0.000 678584.000
-49016.700 -11331.400 272332.000
-25906.600 -7175.100 143942.000
-67418.600 -29662.000 374591.000
-45713.400 -54089.400 252707.000
-11800.500 -9611.690 65573.700
2256.670 -64854.900 -21353.400
-1312.780 -3425.150 7298.760
48006.100 -60506.200 -290194.000
45012.600 -55608.500 -271803.000
83932.400 -55202.000 -512186.000
16356.000 -11967.000 -90914.500
112831.000 -51289.900 -703332.000
6272.110 -2978.230 -35022.900
136192.000 -46554.900 -872477.000
4182.530 -1450.220 -23387.400
152676.000 -43381.700 -1013400.000
144184.000 -42120.600 -955268.000
165832.000 -40398.000 -1145370.000
37121.400 -14432.800 -212731.000
175383.000 -38297.400 -1266800.000
9441.010 -1916.830 -53196.200
181939.000 -36910.300 -1382140.000
5535.620 -1010.010 -31284.800
185779.000 -36141.000 -1495130.000
178746.000 -36730.300 -1428840.000
7083.690 129899.000 -874046.000
3465.770 50001.900 -299321.000
184955.000 -36334.500 -1728330.000
10596.300 -1592.800 -60721.100
179210.000 -37352.800 -1856850.000
6042.130 -880.753 -34847.900
168231.000 -39100.500 -2000780.000
165107.000 -40611.600 -1924690.000
153296.000 -39314.600 -2150340.000
64485.500 -26315.600 -426913.000
138079.000 -35520.500 -2285720.000
10909.900 -1569.950 -64723.900
123110.000 -28621.100 -2403360.000
6126.120 -897.565 -36768.800
109254.000 -20202.100 -2497380.000
105959.000 -24088.400 -2442990.000
98585.700 -13225.300 -2555720.000
69192.000 -49229.400 -678731.000
95629.800 -12462.200 -2560280.000
10591.000 -1773.850 -66284.800
93959.300 -13286.300 -2552700.000
5849.710 -1057.450 -37228.000
91683.100 -14403.800 -2541950.000
86176.200 -15904.000 -2509690.000
80178.300 -17257.300 -2477430.000
130.174 -75699.200 -1022840.000
4103.870 130859.000 -928340.000
694.884 6105.250 -7416.230
48890.900 -16902.600 -2302730.000
2996.920 -952.854 -21421.500
27191.300 -22754.200 -2175350.000
20229.200 -23346.000 -2131300.000
1233.510 -31027.700 -2010190.000
-41968.900 -34519.300 -432261.000
-24410.100 -37784.700 -1832840.000
1440.540 -1570.500 -15494.700
-51774.900 -41432.300 -1632930.000
126.666 -876.005 -4711.020
-79180.700 -41065.100 -1420410.000
-80475.700 -40606.300 -1390990.000
-101802.000 -40138.900 -1221630.000
-41734.700 -22962.000 -226168.000
-121318.000 -38950.300 -1030260.000
-3471.390 -1595.610 13285.500
-9844.340 129900.000 -818292.000
-367.935 3420.710 170.623
-153262.000 -38351.900 -665337.000
-147141.000 -36735.100 -669042.000
-167617.000 -38880.100 -480726.000
-41866.400 -17511.000 -61027.400
-179512.000 -38303.500 -300339.000
-9452.440 -1920.300 48242.900
-186485.000 -34437.100 -135095.000
-6425.670 -1170.560 33578.800
-188924.000 -30230.900 21122.700
-183983.000 -32366.800 24321.100
-186229.000 -25413.600 170667.000
-50000.600 -13693.000 130362.000
-176688.000 -23293.600 299041.000
-20327.900 -2983.770 110790.000
-10129.100 127983.000 -673529.000
-1478.010 4193.390 6608.330
-151739.000 -17272.100 490648.000
-150723.000 -16796.700 498053.000
-140510.000 -11926.300 567706.000
-102573.000 -13856.000 535445.000
-130161.000 -5652.690 633173.000
-56837.900 -7591.690 315539.000
-122994.000 -632.912 674145.000
-31868.000 -4306.200 177049.000
-122142.000 0.000 678584.000
-122142.000 0.000 678584.000
-122142.000 0.000 678584.000
-110750.000 -8227.760 615294.000
-122142.000 0.000 678584.000
-55109.600 -8397.790 306181.000
-122142.000 0.000 678584.000
-30457.800 -4983.770 169227.000
-122142.000 0.000 678584.000
-122142.000 0.000 678584.000
-122142.000 0.000 678584.000
-92214.900 -17707.700 512322.000
2589.290 128206.000 -721263.000
-612.146 6548.890 912.616
-23168.500 -8493.440 128731.000
-50144.600 -52214.800 276741.000
-40127.900 -29034.300 223269.000
-14754.600 -63324.200 72434.100
-6256.380 -7814.870 34752.000
16516.400 -71538.300 -115311.000
-389.003 -3198.990 2145.090
55768.800 -65005.300 -354072.000
53616.800 -59984.700 -339046.000
86355.100 -61150.900 -551711.000
17168.700 -13190.700 -96607.400
110587.000 -58187.900 -721527.000
5970.680 -3214.050 -33430.800
130279.000 -54785.600 -874234.000
3948.170 -1599.420 -22138.000
145582.000 -52078.500 -1011620.000
137849.000 -50576.300 -955488.000
158137.000 -49232.500 -1144270.000
35568.300 -15721.000 -206691.000
167037.000 -47326.800 -1267760.000
8903.350 -2205.510 -50339.900
172767.000 -46227.800 -1386450.000
5223.420 -1174.060 -29635.200
175468.000 -45873.400 -1504220.000
169236.000 -46215.300 -1437630.000
18433.200 125436.000 -845619.000
10934.100 40023.800 -225194.000
170525.000 -47448.100 -1753440.000
9987.030 -1900.520 -57606.500
161284.000 -49316.500 -1893580.000
5686.430 -1058.260 -33046.400
150020.000 -49065.100 -2030000.000
146940.000 -51262.500 -1959230.000
138075.000 -45963.100 -2156090.000
58646.700 -29809.100 -408750.000
125735.000 -40367.700 -2270330.000
10185.800 -1921.160 -61038.300
113299.000 -32904.100 -2370500.000
5694.470 -1106.180 -34553.800
101205.000 -24618.700 -2452710.000
98468.400 -28419.500 -2401550.000
90664.700 -17625.600 -2507390.000
47945.100 -63476.000 -746528.000
86516.100 -16851.900 -2510180.000
9618.450 -2242.220 -61183.800
83830.000 -18164.600 -2496970.000
5241.930 -1349.920 -34024.600
73248.400 -20583.100 -2437700.000
65513.500 -18524.800 -2393240.000
56664.100 -21225.700 -2344870.000
-15053.100 -63473.100 -706360.000
35576.400 -27105.400 -2216860.000
4816.610 -2031.780 -34638.000
11876.900 -35255.800 -2060690.000
1985.120 -1106.180 -15284.700
-12068.000 -42586.600 -1891710.000
-17515.800 -43053.000 -1845410.000
-34633.200 -48045.300 -1720050.000
-35929.900 -30787.800 -317120.000
-58408.900 -51004.100 -1531700.000
-77.559 -1880.600 -6171.860
-81945.800 -51103.700 -1334690.000
-703.757 -1059.420 401.560
-102741.000 -50054.600 -1142270.000
-102242.000 -48279.200 -1115820.000
-120937.000 -48695.300 -953923.000
-36687.400 -21703.500 -148919.000
-136442.000 -48112.100 -772007.000
-4970.240 -2003.560 22514.000
-150269.000 -48246.100 -590901.000
-3572.690 -1176.170 17223.100
-163129.000 -49093.600 -405323.000
-154420.000 -46986.300 -419633.000
-169786.000 -46523.100 -241836.000
-39489.500 -16707.700 3589.200
-174297.000 -43206.400 -74078.600
-11505.700 -2573.780 60623.800
-173682.000 -39437.300 82135.300
-7767.660 -1602.360 41589.500
-170300.000 -33495.600 221402.000
-165299.000 -35435.200 219295.000
-167227.000 -25659.700 356133.000
-53987.200 -14180.900 202723.000
-156841.000 -21781.100 441553.000
-25294.200 -4494.680 139181.000
-146851.000 -16794.800 517741.000
-18399.800 -3201.820 101709.000
-137608.000 -11169.100 583111.000
-137067.000 -10788.200 586872.000
-128782.000 -4987.650 640418.000
-106325.000 -11088.400 589181.000
-122766.000 -471.873 675327.000
-52929.700 -9449.370 294053.000
28547.900 122818.000 -983392.000
1251.300 3023.230 -8523.560
-122142.000 0.000 678584.000
-122142.000 0.000 678584.000
-122142.000 0.000 678584.000
-99803.000 -14054.200 554478.000
-122142.000 0.000 678584.000
-45252.400 -13143.900 251419.000
-122142.000 0.000 678584.000
-24203.100 -7995.300 134478.000
25885.100 123150.000 -1064290.000
25891.200 119322.000 -1043230.000
-67588.300 -29567.600 375508.000
-48903.300 -53525.900 267463.000
-21286.300 -13996.900 118264.000
-22157.600 -64376.100 108738.000
-4786.310 -5012.380 26587.400
15823.300 126213.000 -1081770.000
15960.200 122298.000 -1062360.000
41001.800 -73123.600 -280965.000
7100.730 -15073.300 -40391.600
-2370.030 124584.000 -975287.000
470.706 5314.570 -6353.840
-21458.700 124018.000 -815490.000
-606.265 3024.050 1433.850
115190.000 -63684.800 -803567.000
108517.000 -60583.800 -755944.000
-29533.400 122428.000 -689037.000
-15128.200 41004.700 -189439.000
144838.000 -58826.100 -1086470.000
7675.880 -2714.610 -43371.800
153679.000 -57681.400 -1213020.000
4615.700 -1427.350 -26161.400
159999.000 -56606.300 -1341380.000
153596.000 -56272.900 -1277520.000
162570.000 -56530.300 -1468740.000
42623.300 -20236.900 -261370.000
161040.000 -57482.500 -1600010.000
9172.960 -2246.690 -52813.500
154870.000 -59256.500 -1738750.000
5257.520 -1242.500 -30485.400
146669.000 -59424.800 -1871990.000
143075.000 -61039.800 -1802450.000
137408.000 -57432.000 -1995850.000
53070.400 -28955.800 -367477.000
-25341.000 122728.000 -634047.000
-3119.080 6550.010 14428.700
116845.000 -47584.300 -2212070.000
5315.660 -1279.830 -32138.500
106002.000 -40423.300 -2302370.000
103597.000 -44538.200 -2245570.000
95015.100 -32480.900 -2379030.000
42973.800 -60371.900 -660245.000
84034.600 -24611.900 -2439250.000
8889.990 -2580.560 -56464.400
76420.900 -21712.800 -2454540.000
4806.460 -1552.080 -31196.500
61987.900 -27858.100 -2367860.000
53792.700 -27625.700 -2312180.000
-19325.500 122760.000 -531320.000
-12775.000 49860.000 -176092.000
17938.700 -42692.700 -2067210.000
4183.110 -2346.640 -30494.500
-4245.170 -49727.900 -1903530.000
1641.040 -1280.130 -13029.200
-24861.700 -55405.800 -1740310.000
-28937.800 -55550.300 -1693640.000
-46584.900 -59304.500 -1562270.000
-31899.900 -29935.800 -269217.000
-67993.800 -61148.400 -1376750.000
-676.083 -2196.200 -2246.050
-88994.300 -60819.200 -1183560.000
-1049.050 -1243.990 2660.060
-107485.000 -59851.200 -993274.000
-105502.000 -57743.000 -970266.000
-123860.000 -58707.900 -802873.000
-33691.800 -21222.500 -110345.000
-137678.000 -58565.100 -615345.000
-5710.290 -2409.990 27265.400
-149783.000 -59387.800 -424700.000
-4034.760 -1429.930 20160.100
-3493.460 123028.000 -583318.000
-6686.290 119252.000 -550686.000
-158448.000 -53538.600 -90299.100
-38422.100 -16602.100 39658.300
-161226.000 -48547.400 71053.900
-12829.400 -3269.120 68654.600
-158323.000 -41856.900 197473.000
-8705.630 -2078.050 47158.000
10157.300 124565.000 -662797.000
8641.350 119340.000 -637139.000
-154720.000 -23289.200 444400.000
-58669.100 -16063.300 255404.000
28643.000 120441.000 -808025.000
1558.770 5560.080 -10644.500
-137675.000 -12186.100 577915.000
-23027.700 -5014.930 127617.000
40134.900 117636.000 -946742.000
38971.100 113249.000 -918611.000
-123263.000 -871.214 672549.000
-96728.800 -15541.800 537334.000
-122142.000 0.000 678584.000
-48177.500 -11735.500 267669.000
-122142.000 0.000 678584.000
-26396.300 -6939.330 146663.000
-116926.000 -3767.060 649607.000
-113376.000 -6330.890 629885.000
-100460.000 -15659.000 558130.000
-74343.600 -26312.400 413037.000
-76109.100 -33530.700 422142.000
-35841.800 -17676.800 199136.000
-48104.900 -54862.400 258271.000
-14141.600 -8920.710 78568.600
-32298.300 -65404.300 157704.000
-32225.700 -62571.100 158791.000
703.798 -73561.000 -43621.600
-7665.870 -19306.100 41789.800
23490.900 -80472.000 -193758.000
-698.960 -5967.320 3735.600
54209.900 -76970.900 -394074.000
1070.570 -2783.240 -6067.370
94235.200 -12310.000 -2557220.000
86733.300 -12763.000 -2513770.000
98224.700 -71886.500 -719403.000
21333.100 -15827.600 -124619.000
114257.000 -70298.600 -861825.000
6035.450 -3383.370 -34113.600
127263.000 -69025.700 -998195.000
3827.030 -1748.680 -21678.700
137416.000 -67967.400 -1131890.000
131177.000 -66429.300 -1074200.000
143214.000 -68183.900 -1258100.000
36103.000 -19416.600 -220587.000
45595.200 116681.000 -1072900.000
3490.420 4809.620 -21997.200
145143.000 -69452.600 -1530400.000
4767.460 -1443.380 -27540.000
140764.000 -70227.800 -1662900.000
136456.000 -70979.700 -1594470.000
134745.000 -69625.700 -1785810.000
46636.600 -26974.100 -317229.000
127458.000 -67602.000 -1898540.000
8821.180 -2517.250 -52321.500
44339.600 116930.000 -1168170.000
2115.810 2667.370 -13488.300
110185.000 -59918.100 -2089520.000
106839.000 -63568.800 -2027140.000
100481.000 -55045.600 -2164350.000
43323.600 -51880.800 -539278.000
89613.100 -50701.400 -2219310.000
8331.150 -2832.610 -52317.400
76353.000 -48338.400 -2245770.000
4502.340 -1688.350 -28867.100
61143.600 -49539.900 -2219740.000
55658.100 -52489.700 -2150200.000
38615.100 -52939.300 -2109900.000
-4161.350 -63260.800 -620389.000
16972.000 -57172.400 -1972630.000
4278.780 -2706.820 -30559.300
-3578.000 -61928.300 -1823050.000
1702.420 -1471.320 -13126.200
-22296.000 -66156.800 -1672360.000
-25433.500 -66285.400 -1622670.000
-41970.800 -69352.600 -1506250.000
-28653.700 -31122.600 -259832.000
-61203.800 -71230.400 -1332410.000
-523.450 -2509.470 -2730.020
-79891.600 -71672.700 -1150740.000
-953.363 -1420.710 2324.300
-97883.200 -70720.900 -961049.000
-94386.100 -69370.700 -942387.000
-112797.000 -70245.400 -774748.000
-31277.900 -21823.600 -102955.000
-125862.000 -70018.500 -583519.000
-5464.750 -2754.590 26212.500
-136760.000 -70193.400 -395095.000
-3874.570 -1635.700 19437.300
-141063.000 -66033.400 -240229.000
-136256.000 -65964.800 -233433.000
-145051.000 -61170.200 -86389.000
-36448.700 -17374.800 40126.200
-149525.000 -55352.000 68799.500
-12326.300 -3756.260 66051.500
-147183.000 -48382.300 182863.000
-8342.540 -2393.610 45221.600
-145142.000 -40084.100 293571.000
-141488.000 -41099.200 291100.000
-144303.000 -30228.200 404229.000
-55712.200 -17909.600 240807.000
-144712.000 -19107.500 513468.000
-28166.000 -7557.700 155573.000
-137602.000 -13444.100 570948.000
-21232.400 -5783.400 117630.000
-130480.000 -7262.110 624562.000
-130121.000 -6918.160 627269.000
-124074.000 -1593.060 667536.000
-87147.400 -20160.400 484058.000
-122142.000 0.000 678584.000
-43451.600 -14010.900 241415.000
-92593.500 -21374.400 514196.000
-21345.000 -9373.310 118587.000
-69734.300 -39862.800 375849.000
-69443.400 -39864.600 375630.000
-44161.700 -60287.200 217763.000
-51436.200 -35822.500 284961.000
-32681.600 -69684.100 138765.000
-12611.100 -10940.800 69966.400
-2166.340 -77321.900 -51145.100
-3259.740 -4578.890 18033.200
20131.800 -84018.400 -201199.000
16113.900 -80345.600 -173145.000
44802.800 -84555.100 -371087.000
8954.760 -17314.800 -54072.200
69131.600 -81342.900 -546796.000
3000.550 -4610.950 -17082.900
88587.300 -79263.200 -704531.000
2477.420 -2290.610 -14063.200
103892.000 -78160.300 -850155.000
98872.100 -74585.000 -805171.000
115661.000 -77745.800 -989695.000
28224.300 -18450.800 -171581.000
123922.000 -77945.900 -1127140.000
6860.510 -3174.380 -39267.000
128260.000 -78894.300 -1266000.000
4120.500 -1699.190 -23700.000
128611.000 -80284.400 -1405900.000
123986.000 -79539.500 -1342160.000
125694.000 -81419.000 -1532350.000
40203.900 -24650.100 -267093.000
121209.000 -81214.300 -1650750.000
8052.520 -2825.300 -47403.300
115279.000 -79848.000 -1758620.000
4566.380 -1593.310 -27152.100
107635.000 -77883.800 -1851330.000
103443.000 -80381.400 -1788160.000
98417.800 -75660.100 -1926660.000
43251.800 -43181.000 -434482.000
89100.900 -72593.600 -1990010.000
7792.690 -3065.740 -48358.600
77042.900 -71069.300 -2024160.000
4214.240 -1815.590 -26672.500
63607.700 -70535.300 -2034460.000
60886.900 -73670.700 -1985220.000
44259.200 -74117.200 -1948960.000
1823.270 -64642.400 -613989.000
21746.300 -75540.000 -1827060.000
4234.780 -3066.380 -29811.600
37108.500 118295.000 -1221160.000
2023.330 2734.740 -13293.300
-18695.700 -79613.900 -1552650.000
-20560.900 -79396.000 -1502080.000
-38052.700 -81440.500 -1393360.000
-26242.300 -31634.500 -244754.000
-56425.100 -82653.700 -1223020.000
-700.995 -2827.990 -1300.750
-73861.600 -83000.400 -1042860.000
-1075.510 -1606.240 3253.260
-90441.400 -82341.100 -854256.000
-87479.900 -79539.500 -832209.000
-104864.000 -81715.300 -666524.000
-29704.800 -21918.400 -84783.600
-118658.000 -80520.600 -473321.000
-5846.450 -3179.820 28794.300
-125734.000 -76099.700 -312211.000
-4135.710 -1909.040 21143.600
-130502.000 -70542.400 -161950.000
-126012.000 -69935.500 -158281.000
-135035.000 -64480.800 -13652.000
-36199.000 -18056.800 60386.300
-137257.000 -57766.200 118833.000
-13237.300 -4616.550 71485.500
-134605.000 -50338.500 219213.000
-9016.610 -3021.090 49154.500
-132204.000 -42208.500 314094.000
-129330.000 -42815.500 312478.000
-130441.000 -33428.800 403969.000
-60075.600 -22179.400 277159.000
-129771.000 -24036.100 489904.000
-32092.600 -10945.300 177571.000
-127487.000 -15821.900 559878.000
-23380.000 -8420.530 129654.000
-111399.000 -16516.400 555156.000
-108559.000 -17877.300 544451.000
-69148.800 -62723.700 205410.000
-63318.600 -32527.400 345630.000
-45223.900 -74011.700 115143.000
-25837.500 -16713.300 143194.000
-32912.800 -77757.900 77379.500
-7920.740 -6601.910 43862.600
-8122.160 -83028.300 -66394.100
-9711.390 -79412.600 -50585.300
13815.800 -88582.100 -209033.000
-1345.190 -20690.200 2137.840
30695.100 -93960.200 -333786.000
-49.480 -5908.080 -141.891
56901.400 -89896.600 -520316.000
1141.180 -2854.860 -6628.510
75139.900 -87562.700 -673699.000
71636.500 -82418.900 -638271.000
89996.000 -86610.900 -821588.000
22539.100 -18873.300 -139272.000
24561.700 121154.000 -1221430.000
2977.250 5176.460 -20803.900
8149.180 120086.000 -1135060.000
890.146 2735.230 -7257.760
-11860.800 118584.000 -994039.000
-12041.500 113975.000 -969266.000
110649.000 -90304.800 -1367820.000
35558.900 -24199.600 -237883.000
-30204.200 118108.000 -832132.000
-1351.220 4811.760 3911.250
-44258.100 117641.000 -673027.000
-1562.910 2855.540 6855.040
98262.700 -89280.100 -1680800.000
94472.800 -90296.500 -1623900.000
-48218.500 114374.000 -561288.000
-23112.300 31519.300 -100160.000
-46241.100 113288.000 -487490.000
-5117.290 6300.400 25762.400
69372.500 -86681.400 -1837100.000
3816.790 -1991.670 -24170.300
56539.700 -87074.100 -1843060.000
54229.600 -88706.600 -1799200.000
38384.500 -89512.000 -1761120.000
1245.410 -61954.700 -556275.000
17200.600 -89918.400 -1643700.000
3596.000 -3370.280 -25692.900
-3014.080 -90801.000 -1512980.000
1312.910 -1829.520 -10384.000
-20895.700 -91778.900 -1377030.000
-22137.500 -90295.800 -1333950.000
-39157.900 -92513.100 -1221770.000
-24814.900 -30822.500 -214761.000
-56466.900 -92740.500 -1056090.000
-1321.750 -3168.540 2683.360
-37010.800 115785.000 -471864.000
-3139.790 4103.110 16041.100
-88450.500 -91185.300 -700091.000
-84784.300 -87437.700 -686976.000
-102040.000 -90489.300 -520662.000
-28891.800 -21819.900 -59471.400
-32417.300 115613.000 -362542.000
-8539.660 9865.290 45318.400
-12809.600 115764.000 -428680.000
-2827.530 4669.940 14782.000
-120922.000 -73020.400 -79256.200
-116656.000 -71987.800 -79232.400
-125347.000 -66864.400 54930.500
-36929.200 -19440.500 84527.900
-122999.000 -60746.200 145636.000
-14508.300 -5913.530 78877.800
-118946.000 -55001.800 218611.000
-9857.980 -3998.360 53978.300
-113807.000 -50336.600 274817.000
-112375.000 -50088.900 278364.000
-106252.000 -48315.800 303857.000
-64815.600 -30458.800 304861.000
-91582.700 -52991.800 276834.000
-35051.700 -16717.300 193967.000
4357.590 117254.000 -510798.000
-1168.260 3948.860 5678.000
18770.500 119232.000 -608058.000
18757.000 112381.000 -590200.000
38932.400 114362.000 -766216.000
16653.800 25480.800 -130731.000
51314.400 111941.000 -906343.000
3174.560 4842.040 -19392.200
59358.100 111003.000 -1041790.000
2266.910 2541.410 -13745.700
62347.600 110838.000 -1161250.000
60115.000 108025.000 -1123230.000
60835.500 111075.000 -1259510.000
27426.300 36217.100 -279578.000
55295.000 111689.000 -1330600.000
4790.700 4324.470 -30059.600
46106.900 112944.000 -1368440.000
2533.630 2527.650 -16333.400
33517.500 115289.000 -1367230.000
32545.800 113460.000 -1337860.000
16153.700 115033.000 -1280790.000
-2552.590 54214.000 -406083.000
-2368.510 113676.000 -1161280.000
1178.180 4326.060 -10865.000
-21257.700 112905.000 -1014440.000
-108.439 2404.340 -1676.770
-38755.800 112457.000 -853405.000
-37280.600 108029.000 -835749.000
-54564.900 112353.000 -684995.000
-23576.900 28721.700 -117014.000
-63197.400 109144.000 -546211.000
-4346.170 4845.380 21058.300
-66855.100 105282.000 -432171.000
-3213.680 3003.800 16310.500
-66755.500 102903.000 -343702.000
-66168.900 100539.000 -328998.000
-62027.000 103091.000 -292865.000
-29077.800 30025.600 -8761.140
-51229.700 107007.000 -293934.000
-8746.920 8303.790 46481.600
-47096.100 105837.000 -177430.000
-7859.530 6803.890 42706.400
-25616.500 106147.000 -247798.000
-26502.700 102484.000 -231912.000
-3277.820 107679.000 -348651.000
-2175.330 26965.100 -13803.100
14406.800 110358.000 -450398.000
-1330.400 6613.570 6405.320
33260.300 110064.000 -585093.000
516.652 3195.250 -3454.000
51344.700 106329.000 -740317.000
50473.700 100785.000 -714040.000
64880.900 104786.000 -892119.000
21861.600 22931.500 -150402.000
73421.100 104463.000 -1033900.000
4627.390 4215.220 -27403.600
77628.600 104651.000 -1164280.000
2937.750 2253.210 -17465.100
78011.400 104919.000 -1280350.000
75097.700 103006.000 -1235500.000
74979.900 105110.000 -1378270.000
32258.800 33889.100 -285002.000
68874.100 105321.000 -1453800.000
5730.960 3916.500 -35325.200
59962.700 105843.000 -1502550.000
3101.440 2279.930 -19517.600
-47096.100 -105837.000 -177430.000
-50666.000 -102482.000 -148685.000
-25616.500 -106147.000 -247798.000
-13177.500 -34129.800 16263.800
-3277.820 -107679.000 -348651.000
-4391.310 -7911.680 23369.000
14406.800 -110358.000 -450398.000
-747.038 -3720.130 3602.990
33260.300 -110064.000 -585093.000
32500.300 -103270.000 -562087.000
51344.700 -106329.000 -740317.000
17394.100 -22375.600 -120462.000
64880.900 -104786.000 -892119.000
3764.850 -4540.460 -22327.700
73421.100 -104463.000 -1033900.000
2604.220 -2371.060 -15414.500
77628.600 -104651.000 -1164280.000
74765.300 -101990.000 -1120790.000
78011.400 -104919.000 -1280350.000
31201.600 -29227.600 -242657.000
74979.900 -105110.000 -1378270.000
5754.880 -3863.730 -34917.800
68874.100 -105321.000 -1453800.000
3224.980 -2203.030 -19870.400
59962.700 -105843.000 -1502550.000
57697.300 -105204.000 -1461730.000
48417.900 -107095.000 -1520240.000
13846.100 -60540.600 -512872.000
34257.900 -109415.000 -1484570.000
4064.540 -4283.910 -27574.600
13473.700 -108154.000 -1370870.000
1513.210 -2280.630 -11120.500
-5226.770 -107519.000 -1245380.000
-6651.910 -104461.000 -1208270.000
-24245.300 -107156.000 -1095900.000
-20663.000 -34871.600 -223813.000
-42078.800 -106774.000 -933152.000
-1335.540 -3895.250 3359.180
-58641.400 -106274.000 -761020.000
-1514.120 -2255.180 6324.490
-73908.400 -105782.000 -583955.000
-69970.800 -100951.000 -579584.000
-80790.200 -100536.000 -446307.000
-27216.000 -23918.000 -45193.400
-85388.300 -95529.800 -319533.000
-7057.180 -5017.210 36555.400
-87508.400 -91475.300 -210162.000
-4861.340 -3197.660 25707.500
-86728.300 -89263.000 -125803.000
-84382.300 -87210.400 -122601.000
-82140.900 -89978.700 -76289.800
-35808.100 -27950.800 70552.000
-68602.400 -94963.300 -94270.800
-13259.900 -9702.920 71965.000
-32417.300 -115613.000 -362542.000
-4802.250 -5549.220 25491.600
-12809.600 -115764.000 -428680.000
-15035.500 -112002.000 -403365.000
4357.590 -117254.000 -510798.000
4810.280 -29041.800 -74757.700
18770.500 -119232.000 -608058.000
218.916 -6045.380 -2650.900
38932.400 -114362.000 -766216.000
1089.760 -3001.880 -6914.790
51314.400 -111941.000 -906343.000
49629.800 -107426.000 -874472.000
59358.100 -111003.000 -1041790.000
24622.500 -27737.600 -193743.000
62347.600 -110838.000 -1161250.000
4559.140 -4334.210 -27778.000
60835.500 -111075.000 -1259510.000
2705.820 -2403.100 -16664.300
55295.000 -111689.000 -1330600.000
53310.800 -109881.000 -1293420.000
46106.900 -112944.000 -1368440.000
15703.100 -54213.700 -429404.000
33517.500 -115289.000 -1367230.000
3913.940 -4792.280 -26386.700
16153.700 -115033.000 -1280790.000
1435.320 -2528.140 -10506.200
-2368.510 -113676.000 -1161280.000
-3613.680 -109883.000 -1128060.000
-21257.700 -112905.000 -1014440.000
-18407.400 -37199.000 -227143.000
48417.900 107095.000 -1520240.000
5076.290 4283.460 -32919.200
-54564.900 -112353.000 -684995.000
-1662.790 -2543.150 7315.570
-63197.400 -109144.000 -546211.000
-63549.100 -106941.000 -521512.000
-66855.100 -105282.000 -432171.000
-26520.700 -26465.900 -45348.000
-66755.500 -102903.000 -343702.000
-7009.310 -6048.620 36476.500
-62027.000 -103091.000 -292865.000
-4555.670 -3950.380 24057.500
-51229.700 -107007.000 -293934.000
-51015.900 -104120.000 -282093.000
34257.900 109415.000 -1484570.000
4007.360 60540.800 -500840.000
13473.700 108154.000 -1370870.000
2687.820 4054.450 -19769.800
-5226.770 107519.000 -1245380.000
754.401 2204.110 -6786.130
-24245.300 107156.000 -1095900.000
-24354.800 103814.000 -1065910.000
-42078.800 106774.000 -933152.000
-22994.100 30211.400 -167219.000
-58641.400 106274.000 -761020.000
-2694.100 4009.210 11243.500
-73908.400 105782.000 -583955.000
-2299.270 2373.240 10887.100
-80790.200 100536.000 -446307.000
-80165.400 98538.900 -425629.000
-85388.300 95529.800 -319533.000
-28867.000 23362.700 -11003.800
-87508.400 91475.300 -210162.000
-8644.720 5684.730 45702.200
-86728.300 89263.000 -125803.000
-5781.340 3722.400 30977.800
-82140.900 89978.700 -76289.800
-79614.200 87804.400 -76794.400
-68602.400 94963.300 -94270.800
-37215.500 35113.100 66788.700
-51556.700 91899.100 -38211.800
-24013.600 16238.100 132145.000
-40313.900 92981.300 -47519.500
-8139.260 6805.560 44776.400
-17048.200 94769.200 -145306.000
-17994.700 90961.300 -128901.000
-10129.100 -127983.000 -673529.000
-7274.610 -51447.200 -241899.000
2589.290 -128206.000 -721263.000
-612.146 -6548.890 912.616
18433.200 -125436.000 -845619.000
652.994 -3259.620 -5024.650
28547.900 -122818.000 -983392.000
28027.900 -118455.000 -959849.000
25885.100 -123150.000 -1064290.000
10206.900 -49610.000 -336745.000
15823.300 -126213.000 -1081770.000
1921.280 -5606.910 -14578.000
-2370.030 -124584.000 -975287.000
266.085 -2989.440 -3574.030
-21458.700 -124018.000 -815490.000
-20428.400 -118457.000 -800447.000
-29533.400 -122428.000 -689037.000
-15128.200 -41004.700 -189439.000
-25341.000 -122728.000 -634047.000
-3119.080 -6550.010 14428.700
5977.100 97483.000 -264302.000
-2171.360 4262.600 11737.700
23398.200 101199.000 -375982.000
19592.300 96914.200 -339675.000
44858.500 99743.000 -532086.000
12024.200 20290.300 -79643.200
62810.600 96930.400 -687426.000
2927.310 4795.490 -17143.200
217291.000 0.000 -1517390.000
7590.100 0.000 -42646.400
-122142.000 0.000 678584.000
-122142.000 0.000 678584.000
76620.100 96112.000 -839425.000
21697.100 20571.700 -139843.000
86013.100 96441.400 -983559.000
4997.980 4000.560 -29080.200
91679.500 97199.500 -1119820.000
3178.530 2118.680 -18555.300
94078.600 97916.400 -1247000.000
90577.000 95905.800 -1196910.000
93563.900 98324.600 -1362970.000
34252.500 27192.100 -247014.000
90424.400 98348.900 -1465060.000
6576.040 3493.450 -39349.400
203558.000 14464.500 -1425890.000
6552.720 490.961 -36829.200
-122142.000 0.000 678584.000
-122142.000 0.000 678584.000
-122142.000 0.000 678584.000
197583.000 19597.100 -1389830.000
11126.700 1119.020 -62567.800
-122142.000 0.000 678584.000
-34460.100 3056.750 191462.000
191699.000 24633.100 -1355420.000
48761.200 13666.300 -279353.000
-122142.000 0.000 678584.000
-58877.800 6583.510 327115.000
-40808.700 0.000 226732.000
84904.400 98085.100 -1550330.000
81629.200 98037.000 -1499860.000
77208.200 97768.100 -1615770.000
32253.200 44843.200 -397065.000
67490.700 97732.400 -1658350.000
6248.230 3749.210 -39212.400
179882.000 34590.000 -1290180.000
5485.550 996.028 -30884.800
-122142.000 0.000 678584.000
-122142.000 0.000 678584.000
-122142.000 0.000 678584.000
55836.900 98369.800 -1675080.000
5837.620 3965.120 -37588.200
41643.300 100589.000 -1640970.000
2738.240 2230.620 -18268.000
21323.800 100291.000 -1534370.000
17738.100 98233.100 -1483550.000
167470.000 44670.300 -1227750.000
38649.200 15965.300 -224977.000
-122142.000 0.000 678584.000
-50326.300 10700.900 279607.000
-40808.700 0.000 226732.000
160816.000 49863.000 -1196930.000
153373.000 49234.200 -1136250.000
-122142.000 0.000 678584.000
-95100.800 16318.200 528355.000
-72551.200 0.000 403079.000
153717.000 55219.800 -1166060.000
4602.890 1413.760 -26018.600
-122142.000 0.000 678584.000
-122142.000 0.000 678584.000
-122142.000 0.000 678584.000
146038.000 60794.500 -1134860.000
7815.240 2686.260 -44258.400
-122142.000 0.000 678584.000
-25039.900 7592.380 139127.000
139415.000 65351.600 -1112810.000
32707.700 17668.100 -195335.000
-122142.000 0.000 678584.000
-42630.500 14406.300 236853.000
-40808.700 0.000 226732.000
131668.000 70496.800 -1087830.000
125663.000 68599.900 -1032200.000
-111265.000 7855.790 618155.000
-77990.100 24556.700 433295.000
-72551.200 0.000 403079.000
123989.000 75419.200 -1067060.000
3796.550 1795.380 -21641.900
-98701.900 16929.100 548361.000
-96974.400 18176.700 538763.000
1293.960 100225.000 -1409410.000
2228.710 3605.800 -17486.300
-16436.000 100416.000 -1277720.000
544.956 1981.510 -5759.070
-34525.400 100528.000 -1125720.000
-34374.900 97772.600 -1094000.000
-51598.400 100325.000 -962922.000
-24642.900 28176.900 -159448.000
-67671.100 99705.900 -791673.000
-2819.670 3615.420 11717.700
-82832.300 98741.000 -614439.000
-2331.320 2121.120 10939.300
99476.000 90208.900 -1028990.000
95812.200 86837.500 -979462.000
-61531.500 74201.100 113282.000
-60750.100 41657.800 276938.000
129583.000 0.000 -724064.000
9358.850 0.000 -51967.800
90777.900 95020.500 -1021380.000
2989.320 2177.650 -17355.400
-52830.900 88644.800 -8635.820
-55827.400 85826.200 14143.800
151032.000 0.000 -855382.000
41234.400 0.000 -223695.000
82341.700 99375.200 -1012570.000
4937.980 4048.500 -28889.700
-49695.800 97170.600 -88155.900
-11150.500 8160.320 61155.700
166435.000 0.000 -956674.000
154397.000 0.000 -887759.000
-93735.600 95148.800 -453163.000
-28131.000 22461.700 -46432.500
-98869.400 90064.100 -319878.000
-7043.250 4338.360 36272.700
-103864.000 84093.100 -187062.000
-4879.250 2700.390 25708.900
-107392.000 78782.100 -65878.500
-103928.000 77180.000 -65317.400
-109021.000 74568.300 37499.800
-37119.700 22185.600 93147.600
-101910.000 72401.500 81722.500
-14865.800 7582.930 81003.000
57837.500 110574.000 -978806.000
2105.600 2596.150 -12738.000
-34325.600 114627.000 -340302.000
-35101.000 111094.000 -325216.000
195876.000 0.000 -1183310.000
60089.000 0.000 -334519.000
-91234.000 73450.600 92551.700
-17557.700 9399.220 96165.400
-76604.500 78324.900 65221.800
-11608.900 6807.140 63795.800
-92593.500 21374.400 514196.000
-91476.800 22177.500 508016.000
41475.900 117125.000 -949396.000
20530.400 31006.800 -192756.000
-20238.100 122244.000 -518467.000
-5315.880 8548.270 27060.400
205023.000 0.000 -1286470.000
7248.590 0.000 -40477.300
33078.400 120277.000 -932181.000
33621.800 115715.000 -914290.000
-14970.600 125239.000 -595471.000
-10181.100 50503.200 -205960.000
208419.000 0.000 -1334210.000
13041.800 0.000 -72921.100
25792.100 123409.000 -920532.000
1037.130 3102.150 -7216.270
-10489.800 127786.000 -667052.000
-13648.800 124168.000 -634780.000
211307.000 0.000 -1380890.000
72875.900 0.000 -417580.000
-69734.300 39862.800 375849.000
-35091.600 18043.600 194942.000
-44161.700 60287.200 217763.000
-14382.500 9179.030 79878.800
-32681.600 69684.100 138765.000
-33747.200 66667.100 147463.000
-2166.340 77321.900 -51145.100
-9662.840 21189.400 51692.300
20131.800 84018.400 -201199.000
-1660.110 6460.760 9004.770
44802.800 84555.100 -371087.000
608.579 3018.020 -3545.380
-1378.990 132280.000 -854171.000
-1377.590 127503.000 -836686.000
217291.000 0.000 -1517390.000
80796.800 0.000 -473798.000
69131.600 81342.900 -546796.000
3000.550 4610.950 -17082.900
88587.300 79263.200 -704531.000
2477.420 2290.610 -14063.200
103892.000 78160.300 -850155.000
98872.100 74585.000 -805171.000
-19577.000 126566.000 -776198.000
-11242.100 45147.100 -239101.000
10594.400 128409.000 -1011270.000
1374.100 5829.380 -11374.600
219238.000 0.000 -1607970.000
7679.570 0.000 -43277.800
115661.000 77745.800 -989695.000
110467.000 74936.900 -939226.000
123922.000 77945.900 -1127140.000
31661.700 19559.400 -195305.000
128260.000 78894.300 -1266000.000
7323.000 3020.780 -42133.400
-37202.000 120281.000 -701985.000
-1332.340 2964.590 5569.210
20351.100 123421.000 -1158090.000
20144.800 120109.000 -1135730.000
219559.000 0.000 -1700580.000
90294.900 0.000 -547844.000
-45599.100 117129.000 -667573.000
-2857.200 5040.400 12612.100
25346.100 120702.000 -1233580.000
1722.160 2892.890 -11975.900
219066.000 0.000 -1748320.000
217416.000 0.000 -1715900.000
-53827.500 113911.000 -634457.000
-23449.000 29312.800 -109710.000
30047.700 117759.000 -1308800.000
3551.040 4941.490 -24216.000
218091.000 0.000 -1797420.000
7817.850 0.000 -44377.700
-61959.800 110580.000 -602323.000
-59967.000 106580.000 -589436.000
34504.800 114532.000 -1384360.000
7682.430 62036.500 -504052.000
216582.000 0.000 -1848220.000
13946.500 0.000 -79352.800
-70064.400 107087.000 -570887.000
-2340.330 2487.860 11171.300
38758.600 110949.000 -1460880.000
37482.300 109784.000 -1428510.000
214472.000 0.000 -1901100.000
99343.100 0.000 -627826.000
-78209.100 103376.000 -539888.000
-4560.710 4234.720 22056.500
42844.700 106926.000 -1538990.000
2751.640 2468.080 -18157.200
211671.000 0.000 -1956520.000
212757.000 0.000 -1929030.000
128611.000 80284.400 -1405900.000
37630.300 22600.500 -242242.000
125694.000 81419.000 -1532350.000
7904.400 2852.260 -46119.600
121209.000 81214.300 -1650750.000
4530.850 1589.230 -26664.400
-94898.500 95028.800 -478196.000
-91565.100 91549.400 -468259.000
50633.800 97126.800 -1702820.000
11478.300 66991.000 -613673.000
203490.000 0.000 -2077070.000
14113.000 0.000 -81191.700
115279.000 79848.000 -1758620.000
4566.380 1593.310 -27152.100
107635.000 77883.800 -1851330.000
103443.000 80381.400 -1788160.000
98417.800 75660.100 -1926660.000
43251.800 43181.000 -434482.000
-110864.000 86147.500 -424955.000
-6044.110 3533.140 30178.800
58082.400 83949.400 -1882420.000
3648.090 2084.510 -23711.700
190592.000 0.000 -2215290.000
193696.000 0.000 -2183660.000
-118954.000 81259.500 -399971.000
-30847.900 20271.500 -34537.300
61733.700 75519.500 -1980810.000
6865.060 3535.400 -44583.900
181641.000 0.000 -2293390.000
7987.520 0.000 -46512.800
-126742.000 76416.400 -379199.000
-121277.000 74131.600 -375507.000
65362.100 65397.900 -2086800.000
14944.500 72370.300 -749820.000
170419.000 0.000 -2379230.000
14215.300 0.000 -83238.900
-134426.000 71490.900 -362431.000
-3996.740 1704.370 20197.000
68990.500 53101.500 -2202100.000
65889.700 57584.800 -2147970.000
156298.000 0.000 -2474360.000
118033.000 0.000 -853580.000
-142178.000 66342.700 -349678.000
-7463.690 2861.490 37800.700
71283.500 38936.200 -2321310.000
4504.520 1692.260 -29235.500
138392.000 0.000 -2580830.000
144942.000 0.000 -2541850.000
-150161.000 60803.000 -341114.000
-35342.600 18196.900 -19878.800
74976.100 22404.600 -2446260.000
8391.530 2829.340 -54480.000
118665.000 0.000 -2685270.000
8021.560 0.000 -47786.100
-157842.000 55227.800 -333497.000
-150590.000 54396.700 -337076.000
78730.500 20606.700 -2467760.000
18408.100 77569.300 -948178.000
118622.000 0.000 -2685910.000
14272.900 0.000 -85539.400
-164941.000 49870.400 -324686.000
-4815.910 1316.690 24526.400
82569.500 18768.200 -2489750.000
77974.000 19831.900 -2462710.000
118578.000 0.000 -2686570.000
126608.000 0.000 -1061270.000
-171597.000 44677.100 -314680.000
-8948.880 2158.620 45617.000
86517.900 16877.400 -2512360.000
5399.910 1276.580 -35050.700
118533.000 0.000 -2687250.000
118484.000 0.000 -2685700.000
-177921.000 39600.200 -303445.000
-42078.900 16541.200 -17568.600
90603.000 14921.100 -2535760.000
10024.400 2071.320 -65084.500
118486.000 0.000 -2687950.000
8055.910 0.000 -49158.800
-184012.000 34595.600 -290913.000
-175854.000 34611.400 -306338.000
94855.900 12884.400 -2560120.000
20843.800 75585.700 -1312270.000
118437.000 0.000 -2688680.000
14335.900 0.000 -88057.600
-189955.000 29621.700 -276978.000
-5734.040 882.184 29308.900
99312.000 10750.400 -2585640.000
93042.200 12615.900 -2549010.000
118386.000 0.000 -2689440.000
116854.000 0.000 -1505500.000
-195831.000 24637.400 -261497.000
-10654.400 1351.450 54476.000
104013.000 8499.350 -2612560.000
6428.160 799.234 -41728.700
118332.000 0.000 -2690250.000
118303.000 0.000 -2688400.000
-201717.000 19600.600 -244279.000
-57034.300 12978.500 -55908.900
109007.000 6107.800 -2641160.000
11947.300 1178.620 -77573.300
118275.000 0.000 -2691110.000
8096.370 0.000 -50775.500
89100.900 72593.600 -1990010.000
85479.800 75825.400 -1932030.000
77042.900 71069.300 -2024160.000
24905.200 64643.500 -636182.000
63607.700 70535.300 -2034460.000
7061.070 3446.360 -45843.400
-213844.000 9188.560 -203582.000
-6875.190 342.129 35193.200
117067.000 784.984 -2687850.000
111771.000 3647.020 -2656270.000
118147.000 0.000 -2693010.000
28261.000 0.000 -2177600.000
44259.200 74117.200 -1948960.000
5595.760 3227.890 -37559.300
21746.300 75540.000 -1827060.000
2383.380 1724.840 -16769.100
-18695.700 79613.900 -1552650.000
-20560.900 79396.000 -1502080.000
-221432.000 0.000 -183265.000
-84904.600 0.000 -170159.000
92605.600 0.000 -2546280.000
9658.440 0.000 -62708.000
-38052.700 81440.500 -1393360.000
282.954 1594.510 -4665.330
-56425.100 82653.700 -1223020.000
-55913.200 81318.700 -1185500.000
-73861.600 83000.400 -1042860.000
-28086.300 25634.300 -157824.000
-213844.000 -9188.560 -203582.000
-12224.900 -608.229 62565.800
117067.000 -784.984 -2687850.000
7374.950 -359.700 -47877.700
114595.000 0.000 -2674960.000
102725.000 0.000 -2606780.000
-207693.000 -14467.300 -225080.000
-64481.200 -9863.520 -85251.900
113312.000 -3547.730 -2666000.000
12505.900 -919.308 -81201.000
103058.000 0.000 -2610240.000
5963.640 0.000 -40106.100
-201717.000 -19600.600 -244279.000
-192623.000 -20359.500 -269045.000
109007.000 -6107.800 -2641160.000
23556.900 -20981.400 -2014410.000
92366.700 0.000 -2550260.000
9503.420 0.000 -64879.100
-195831.000 -24637.400 -261497.000
-5991.810 -760.192 30642.800
104013.000 -8499.350 -2612560.000
97272.800 -10589.900 -2573240.000
82379.600 0.000 -2494240.000
-50790.800 0.000 -1673970.000
-189955.000 -29621.700 -276978.000
-10196.200 -1568.330 52104.700
99312.000 -10750.400 -2585640.000
6151.880 -927.492 -39934.400
72979.000 0.000 -2441510.000
65271.000 0.000 -2396670.000
-184012.000 -34595.600 -290913.000
-44524.700 -16088.900 -20640.700
94855.900 -12884.400 -2560120.000
10468.700 -1865.030 -67970.500
64067.500 0.000 -2391520.000
3714.690 0.000 -26934.400
-177921.000 -39600.200 -303445.000
-170023.000 -39392.600 -315894.000
90603.000 -14921.100 -2535760.000
19843.300 -78150.100 -1188810.000
55562.300 0.000 -2343810.000
5729.430 0.000 -42775.500
-171597.000 -44677.100 -314680.000
-5032.430 -1214.220 25659.500
86517.900 -16877.400 -2512360.000
81527.500 -18130.200 -2483060.000
47392.600 0.000 -2297980.000
-88556.800 0.000 -1050290.000
-164941.000 -49870.400 -324686.000
-8563.960 -2340.780 43602.500
82569.500 -18768.200 -2489750.000
5167.850 -1384.310 -33543.500
39496.500 0.000 -2253680.000
35136.700 0.000 -2227630.000
-157842.000 -55227.800 -333497.000
-36726.800 -17764.800 -17835.300
78730.500 -20606.700 -2467760.000
8783.820 -2647.220 -57027.700
31819.000 0.000 -2210610.000
1854.610 0.000 -16040.300
-90441.400 82341.100 -854256.000
-87479.900 79539.500 -832209.000
-104864.000 81715.300 -666524.000
-29704.800 21918.400 -84783.600
-118658.000 80520.600 -473321.000
-5846.450 3179.820 28794.300
-142178.000 -66342.700 -349678.000
-4197.010 -1609.590 21262.900
71283.500 -38936.200 -2321310.000
69173.200 -43441.800 -2270570.000
1311.520 0.000 -2045880.000
-88448.500 0.000 -772067.000
-134426.000 -71490.900 -362431.000
-7107.640 -3029.990 35905.700
68990.500 -53101.500 -2202100.000
4289.860 -1791.910 -27841.400
-23844.700 0.000 -1899120.000
-30728.900 0.000 -1854190.000
-126742.000 -76416.400 -379199.000
-31855.500 -19686.700 -29956.400
65362.100 -65397.900 -2086800.000
7244.580 -3361.790 -47031.000
-45176.600 0.000 -1763930.000
155.339 0.000 -6087.990
-118954.000 -81259.500 -399971.000
-114053.000 -78603.500 -394535.000
61733.700 -75519.500 -1980810.000
14090.600 -70996.600 -711870.000
-63608.900 0.000 -1638030.000
-467.581 0.000 -6478.480
-125734.000 76099.700 -312211.000
-4135.710 1909.040 21143.600
-130502.000 70542.400 -161950.000
-126012.000 69935.500 -158281.000
-135035.000 64480.800 -13652.000
-36199.000 18056.800 60386.300
-102238.000 -91198.900 -454547.000
-5684.550 -3703.190 28221.900
54389.000 -91059.600 -1790160.000
3430.800 -2179.530 -22345.400
-94332.600 0.000 -1407030.000
-95417.900 0.000 -1384930.000
-94898.500 -95028.800 -478196.000
-28104.100 -22443.400 -52514.700
50633.800 -97126.800 -1702820.000
5704.120 -4043.680 -37280.900
-107535.000 0.000 -1299060.000
-1521.120 0.000 3734.930
-86462.800 -99382.900 -509074.000
-83448.500 -95796.000 -498586.000
46793.900 -102361.000 -1619390.000
10574.600 -65710.500 -584629.000
-119742.000 0.000 -1194540.000
-3473.860 0.000 11127.100
-78209.100 -103376.000 -539888.000
-2564.080 -2382.030 12406.800
42844.700 -106926.000 -1538990.000
41330.800 -106319.000 -1504180.000
-131205.000 0.000 -1092450.000
-83674.100 0.000 -456365.000
-70064.400 -107087.000 -570887.000
-4162.930 -4422.850 19860.100
38758.600 -110949.000 -1460880.000
2511.250 -2568.200 -16698.700
-142132.000 0.000 -991895.000
-138524.000 0.000 -991981.000
-61959.800 -110580.000 -602323.000
-24568.700 -27309.900 -93279.500
34504.800 -114532.000 -1384360.000
4017.200 -4749.720 -27006.200
-152701.000 0.000 -892012.000
-3326.440 0.000 14266.100
-53827.500 -113911.000 -634457.000
-52205.200 -109741.000 -620509.000
30047.700 -117759.000 -1308800.000
6633.490 -60862.800 -478572.000
-163073.000 0.000 -791969.000
-6798.470 0.000 30486.500
-45599.100 -117129.000 -667573.000
-1605.870 -2835.230 7094.320
25346.100 -120702.000 -1233580.000
24849.400 -117927.000 -1208640.000
-173397.000 0.000 -690925.000
-82881.800 0.000 -332324.000
-37202.000 -120281.000 -701985.000
-2370.930 -5270.380 9900.810
20351.100 -123421.000 -1158090.000
1428.300 -3012.870 -10237.300
-183824.000 0.000 -588000.000
-175589.000 0.000 -612493.000
-137257.000 57766.200 118833.000
-39442.200 17906.100 102089.000
-134605.000 50338.500 219213.000
-16031.900 5370.830 87385.900
-132204.000 42208.500 314094.000
-11043.000 3637.150 60609.300
-19577.000 -126566.000 -776198.000
-19684.700 -121521.000 -756344.000
10594.400 -128409.000 -1011270.000
1735.050 -56385.100 -378071.000
-205610.000 0.000 -372568.000
-10909.200 0.000 54229.200
-130441.000 33428.800 403969.000
-13831.600 4581.700 76282.100
-129771.000 24036.100 489904.000
-126160.000 25682.700 477854.000
-127487.000 15821.900 559878.000
-81364.200 25049.700 433799.000
-1378.990 -132280.000 -854171.000
-4.998 -6389.360 -3355.570
-221432.000 0.000 -183265.000
-7598.110 0.000 38899.200
-111399.000 16516.400 555156.000
-108559.000 17877.300 544451.000
-116926.000 3767.060 649607.000
-79900.800 23636.700 443910.000
-100460.000 15659.000 558130.000
-39129.100 16092.100 217401.000
16813.700 -126564.000 -899054.000
720.967 -3251.880 -5590.950
-7059.670 -129609.000 -732028.000
-10158.800 -126342.000 -699157.000
-217870.000 0.000 -92681.100
-87404.200 0.000 -94639.800
25792.100 -123409.000 -920532.000
1841.450 -5514.930 -12828.900
-10489.800 -127786.000 -667052.000
-1537.450 -4217.550 6948.460
-215448.000 0.000 -46761.600
-214543.000 0.000 -32039.300
33078.400 -120277.000 -932181.000
17899.900 -34848.400 -211520.000
-14970.600 -125239.000 -595471.000
-3921.610 -7980.270 19126.100
-212559.000 0.000 -73.399
-11751.500 0.000 62562.600
41475.900 -117125.000 -949396.000
40246.900 -112769.000 -920755.000
-20238.100 -122244.000 -518467.000
-13318.500 -49746.500 -170062.000
-209162.000 0.000 47666.700
-23524.600 0.000 126129.000
49704.900 -113905.000 -964874.000
1861.390 -2711.800 -11471.200
-26557.300 -118736.000 -434260.000
-28109.600 -115146.000 -413827.000
-205201.000 0.000 96766.700
-99168.700 0.000 104045.000
57837.500 -110574.000 -978806.000
3740.950 -4615.380 -22645.400
-34325.600 -114627.000 -340302.000
-5086.360 -5665.540 27095.900
-200603.000 0.000 147568.000
-199540.000 0.000 158346.000
65942.600 -107080.000 -991335.000
24137.200 -24749.000 -173166.000
-44166.600 -109797.000 -232743.000
-11649.600 -11140.200 62850.500
-195276.000 0.000 200455.000
-19962.300 0.000 108896.000
74087.600 -103369.000 -1002570.000
71404.000 -99660.400 -961871.000
-47586.400 -104068.000 -158330.000
-35285.200 -49303.300 32518.500
-189105.000 0.000 255869.000
-41977.200 0.000 230006.000
82341.700 -99375.200 -1012570.000
2778.930 -2277.280 -16250.500
-49695.800 -97170.600 -88155.900
-53005.700 -94056.900 -62374.100
-181940.000 0.000 314324.000
-140311.000 0.000 493110.000
90777.900 -95020.500 -1021380.000
5312.010 -3871.370 -30854.000
-52830.900 -88644.800 -8635.820
-15119.500 -9801.530 83343.100
-173591.000 0.000 376426.000
-172718.000 0.000 382559.000
99476.000 -90208.900 -1028990.000
27607.600 -20645.400 -175464.000
-61531.500 -74201.100 113282.000
-33087.600 -19108.800 183039.000
-162549.000 0.000 451050.000
-40888.700 0.000 226292.000
-76109.100 33530.700 422142.000
-76586.700 33153.700 424945.000
-48104.900 54862.400 258271.000
-52188.000 34866.900 289980.000
-32298.300 65404.300 157704.000
-11435.900 10277.100 63494.200
23490.900 80472.000 -193758.000
-391.852 3356.610 2101.280
54209.900 76970.900 -394074.000
51370.300 71257.900 -372259.000
78430.800 74042.700 -565137.000
16400.500 15606.100 -95317.800
123989.000 -75419.200 -1067060.000
6747.090 -3191.790 -38474.600
-98701.900 -16929.100 548361.000
-21860.400 -9123.260 121464.000
-122142.000 0.000 678584.000
-122142.000 0.000 678584.000
98224.700 71886.500 -719403.000
21333.100 15827.600 -124619.000
114257.000 70298.600 -861825.000
6035.450 3383.370 -34113.600
127263.000 69025.700 -998195.000
3827.030 1748.680 -21678.700
139415.000 -65351.600 -1112810.000
132879.000 -63866.800 -1055270.000
-122142.000 0.000 678584.000
-82221.700 -22519.200 456804.000
-122142.000 0.000 678584.000
-72551.200 0.000 403079.000
146038.000 -60794.500 -1134860.000
4397.390 -1511.020 -24895.400
-122142.000 0.000 678584.000
-122142.000 0.000 678584.000
-122142.000 0.000 678584.000
-122142.000 0.000 678584.000
153717.000 -55219.800 -1166060.000
8180.590 -2513.360 -46255.200
-122142.000 0.000 678584.000
-26111.200 -7076.610 145079.000
-122142.000 0.000 678584.000
-122142.000 0.000 678584.000
160816.000 -49863.000 -1196930.000
36891.300 -16366.500 -215886.000
-122142.000 0.000 678584.000
-48354.500 -11650.200 268653.000
-122142.000 0.000 678584.000
-40808.700 0.000 226732.000
167470.000 -44670.300 -1227750.000
159812.000 -44248.800 -1166390.000
-122142.000 0.000 678584.000
-99537.400 -14182.100 553002.000
-122142.000 0.000 678584.000
-72551.200 0.000 403079.000
173793.000 -39594.000 -1258740.000
5252.760 -1106.200 -29595.800
-122142.000 0.000 678584.000
-122142.000 0.000 678584.000
-122142.000 0.000 678584.000
-122142.000 0.000 678584.000
137416.000 67967.400 -1131890.000
7395.540 2902.660 -42049.200
143214.000 68183.900 -1258100.000
4420.690 1546.720 -25236.200
146578.000 68191.300 -1392950.000
141105.000 67748.600 -1326720.000
185824.000 -29616.800 -1322310.000
44897.200 -14535.400 -258196.000
-122142.000 0.000 678584.000
-56609.300 -7675.710 314513.000
-122142.000 0.000 678584.000
-40808.700 0.000 226732.000
191699.000 -24633.100 -1355420.000
182949.000 -25130.100 -1290070.000
-122142.000 0.000 678584.000
-115333.000 -4918.010 640753.000
-122142.000 0.000 678584.000
-72551.200 0.000 403079.000
197583.000 -19597.100 -1389830.000
6260.110 -629.448 -35194.400
-122142.000 0.000 678584.000
-122142.000 0.000 678584.000
-122142.000 0.000 678584.000
-122142.000 0.000 678584.000
145143.000 69452.600 -1530400.000
8473.160 2566.000 -48959.900
140764.000 70227.800 -1662900.000
4871.540 1419.090 -28354.100
134745.000 69625.700 -1785810.000
130723.000 71176.900 -1718490.000
127458.000 67602.000 -1898540.000
48587.000 30141.900 -348606.000
119200.000 64271.500 -2000200.000
8804.630 2552.770 -52819.600
110185.000 59918.100 -2089520.000
4907.100 1470.890 -29815.700
100481.000 55045.600 -2164350.000
97163.900 59363.400 -2103140.000
89613.100 50701.400 -2219310.000
32804.900 63263.000 -652261.000
76353.000 48338.400 -2245770.000
8001.830 3001.520 -51319.400
217291.000 0.000 -1517390.000
7590.100 0.000 -42646.400
-122142.000 0.000 678584.000
-122142.000 0.000 678584.000
