0.090998 -0.010001 0.080100
0.090799 -0.010986 0.080029
0.365498 0.000000 -0.834927
0.081928 0.030836 0.076863
0.082505 0.030037 0.077069
0.083067 0.029226 0.077270
0.083614 0.028403 0.077465
0.084145 0.027569 0.077654
0.084660 0.026723 0.077838
0.085158 0.025867 0.078016
0.085641 0.025000 0.078188
0.086107 0.024123 0.078355
0.086556 0.023236 0.078515
0.086988 0.022340 0.078669
0.087403 0.021435 0.078817
0.087801 0.020521 0.078959
0.088182 0.019598 0.079095
0.088544 0.018668 0.079224
0.088890 0.017730 0.079348
0.089217 0.016785 0.079464
0.089526 0.015833 0.079575
0.089818 0.014875 0.079679
0.090091 0.013911 0.079776
0.090345 0.012941 0.079867
0.090581 0.011966 0.079951
0.090799 0.010986 0.080029
0.090998 0.010001 0.080100
0.091178 0.009013 0.080164
0.091340 0.008021 0.080222
0.091483 0.007025 0.080273
0.091606 0.006027 0.080317
0.091711 0.005026 0.080355
0.091797 0.004023 0.080385
0.091864 0.003019 0.080409
0.091912 0.002013 0.080426
0.091940 0.001007 0.080436
0.091950 -0.000000 0.080440
0.091940 -0.001007 0.080436
0.091912 -0.002013 0.080426
0.091864 -0.003019 0.080409
0.091797 -0.004023 0.080385
0.091711 -0.005026 0.080355
0.091606 -0.006027 0.080317
0.091483 -0.007025 0.080273
0.091340 -0.008021 0.080222
0.091178 -0.009013 0.080164
0.090581 -0.011966 0.079951
0.090345 -0.012941 0.079867
0.090091 -0.013911 0.079776
0.089818 -0.014875 0.079679
0.089526 -0.015833 0.079575
0.089217 -0.016785 0.079464
0.088890 -0.017730 0.079348
0.088544 -0.018668 0.079224
0.088182 -0.019598 0.079095
0.087801 -0.020521 0.078959
0.087403 -0.021435 0.078817
0.086988 -0.022340 0.078669
0.086556 -0.023236 0.078515
0.086107 -0.024123 0.078355
0.085641 -0.025000 0.078188
0.085158 -0.025867 0.078016
0.047701 0.049909 0.064650
0.048647 0.049838 0.064988
0.049592 0.049747 0.065325
0.050534 0.049635 0.065661
0.051475 0.049504 0.065997
0.052412 0.049353 0.066331
0.053347 0.049181 0.066665
0.054278 0.048990 0.066997
0.055205 0.048778 0.067328
0.056128 0.048547 0.067657
0.057046 0.048296 0.067985
0.057960 0.048026 0.068311
0.058868 0.047736 0.068635
0.059771 0.047427 0.068957
0.060667 0.047098 0.069277
0.061557 0.046751 0.069594
0.062440 0.046384 0.069910
0.063317 0.045999 0.070222
0.064185 0.045595 0.070532
0.065046 0.045173 0.070839
0.065899 0.044732 0.071144
0.066743 0.044273 0.071445
0.067578 0.043796 0.071743
0.068404 0.043301 0.072038
0.069220 0.042789 0.072329
0.070027 0.042260 0.072617
0.070823 0.041713 0.072901
0.071609 0.041149 0.073181
0.072384 0.040569 0.073458
0.073148 0.039972 0.073731
0.073900 0.039359 0.073999
0.074641 0.038730 0.074263
0.075370 0.038086 0.074523
0.076086 0.037426 0.074779
0.076789 0.036750 0.075030
0.077480 0.036060 0.075276
0.078157 0.035355 0.075518
0.078821 0.034636 0.075755
0.079471 0.033903 0.075987
0.080107 0.033156 0.076214
0.080728 0.032396 0.076435
0.081336 0.031622 0.076652
0.011559 0.035355 0.051753
0.012237 0.036060 0.051995
0.012927 0.036750 0.052241
0.013631 0.037426 0.052492
0.014347 0.038086 0.052748
0.015075 0.038730 0.053008
0.015816 0.039359 0.053272
0.016568 0.039972 0.053541
0.017332 0.040569 0.053813
0.018107 0.041149 0.054090
0.018893 0.041713 0.054370
0.019689 0.042260 0.054654
0.020496 0.042789 0.054942
0.021312 0.043301 0.055234
0.022138 0.043796 0.055528
0.022974 0.044273 0.055826
0.023818 0.044732 0.056128
0.024670 0.045173 0.056432
0.025531 0.045595 0.056739
0.026400 0.045999 0.057049
0.027276 0.046384 0.057362
0.028159 0.046751 0.057677
0.029049 0.047098 0.057994
0.029946 0.047427 0.058314
0.030848 0.047736 0.058636
0.031756 0.048026 0.058960
0.032670 0.048296 0.059286
0.033588 0.048547 0.059614
0.034511 0.048778 0.059944
0.035439 0.048990 0.060274
0.036370 0.049181 0.060607
0.037304 0.049353 0.060940
0.038242 0.049504 0.061275
0.039182 0.049635 0.061610
0.040124 0.049747 0.061946
0.041069 0.049838 0.062283
0.042015 0.049909 0.062621
0.042962 0.049959 0.062959
0.043910 0.049990 0.063297
0.044858 0.050000 0.063636
0.045806 0.049990 0.063974
0.046754 0.049959 0.064312
-0.002148 -0.003019 0.046862
-0.002195 -0.002013 0.046845
-0.002224 -0.001007 0.046835
-0.002234 -0.000000 0.046832
-0.002224 0.001007 0.046835
-0.002195 0.002013 0.046845
-0.002148 0.003019 0.046862
-0.002081 0.004023 0.046886
-0.001995 0.005026 0.046917
-0.001890 0.006027 0.046954
-0.001766 0.007025 0.046998
-0.001624 0.008021 0.047049
-0.001462 0.009013 0.047107
-0.001282 0.010001 0.047171
-0.001083 0.010986 0.047242
-0.000865 0.011966 0.047320
-0.000629 0.012941 0.047404
-0.000374 0.013911 0.047495
-0.000101 0.014875 0.047592
0.000190 0.015833 0.047696
0.000499 0.016785 0.047807
0.000827 0.017730 0.047924
0.001172 0.018668 0.048047
0.001535 0.019598 0.048176
0.001915 0.020521 0.048312
0.002313 0.021435 0.048454
0.002728 0.022340 0.048602
0.003161 0.023236 0.048756
0.003610 0.024123 0.048917
0.004076 0.025000 0.049083
0.004558 0.025867 0.049255
0.005057 0.026723 0.049433
0.005572 0.027569 0.049617
0.006102 0.028403 0.049806
0.006649 0.029226 0.050001
0.007211 0.030037 0.050202
0.007788 0.030836 0.050408
0.008381 0.031622 0.050619
0.008988 0.032396 0.050836
0.009610 0.033156 0.051058
0.010246 0.033903 0.051285
0.010896 0.034636 0.051516
0.015816 -0.039359 0.053272
0.015075 -0.038730 0.053008
0.014347 -0.038086 0.052748
0.013631 -0.037426 0.052492
0.012927 -0.036750 0.052241
0.012237 -0.036060 0.051995
0.011559 -0.035355 0.051753
0.010896 -0.034636 0.051516
0.010246 -0.033903 0.051285
0.009610 -0.033156 0.051058
0.008988 -0.032396 0.050836
0.008381 -0.031622 0.050619
0.007788 -0.030836 0.050408
0.007211 -0.030037 0.050202
0.006649 -0.029226 0.050001
0.006102 -0.028403 0.049806
0.005572 -0.027569 0.049617
0.005057 -0.026723 0.049433
0.004558 -0.025867 0.049255
0.004076 -0.025000 0.049083
0.003610 -0.024123 0.048917
0.003161 -0.023236 0.048756
0.002728 -0.022340 0.048602
0.002313 -0.021435 0.048454
0.001915 -0.020521 0.048312
0.001535 -0.019598 0.048176
0.001172 -0.018668 0.048047
0.000827 -0.017730 0.047924
0.000499 -0.016785 0.047807
0.000190 -0.015833 0.047696
-0.000101 -0.014875 0.047592
-0.000374 -0.013911 0.047495
-0.000629 -0.012941 0.047404
-0.000865 -0.011966 0.047320
-0.001083 -0.010986 0.047242
-0.001282 -0.010001 0.047171
-0.001462 -0.009013 0.047107
-0.001624 -0.008021 0.047049
-0.001766 -0.007025 0.046998
-0.001890 -0.006027 0.046954
-0.001995 -0.005026 0.046917
-0.002081 -0.004023 0.046886
0.053347 -0.049181 0.066665
0.052412 -0.049353 0.066331
0.051475 -0.049504 0.065997
0.050534 -0.049635 0.065661
0.049592 -0.049747 0.065325
0.048647 -0.049838 0.064988
0.047701 -0.049909 0.064650
0.046754 -0.049959 0.064312
0.045806 -0.049990 0.063974
0.044858 -0.050000 0.063636
0.043910 -0.049990 0.063297
0.042962 -0.049959 0.062959
0.042015 -0.049909 0.062621
0.041069 -0.049838 0.062283
0.040124 -0.049747 0.061946
0.039182 -0.049635 0.061610
0.038242 -0.049504 0.061275
0.037304 -0.049353 0.060940
0.036370 -0.049181 0.060607
0.035439 -0.048990 0.060274
0.034511 -0.048778 0.059944
0.033588 -0.048547 0.059614
0.032670 -0.048296 0.059286
0.031756 -0.048026 0.058960
0.030848 -0.047736 0.058636
0.029946 -0.047427 0.058314
0.029049 -0.047098 0.057994
0.028159 -0.046751 0.057677
0.027276 -0.046384 0.057362
0.026400 -0.045999 0.057049
0.025531 -0.045595 0.056739
0.024670 -0.045173 0.056432
0.023818 -0.044732 0.056128
0.022974 -0.044273 0.055826
0.022138 -0.043796 0.055528
0.021312 -0.043301 0.055234
0.020496 -0.042789 0.054942
0.019689 -0.042260 0.054654
0.018893 -0.041713 0.054370
0.018107 -0.041149 0.054090
0.017332 -0.040569 0.053813
0.016568 -0.039972 0.053541
0.084660 -0.026723 0.077838
0.084145 -0.027569 0.077654
0.083614 -0.028403 0.077465
0.083067 -0.029226 0.077270
0.082505 -0.030037 0.077069
0.081928 -0.030836 0.076863
0.081336 -0.031622 0.076652
0.080728 -0.032396 0.076435
0.080107 -0.033156 0.076214
0.079471 -0.033903 0.075987
0.078821 -0.034636 0.075755
0.078157 -0.035355 0.075518
0.077480 -0.036060 0.075276
0.076789 -0.036750 0.075030
0.076086 -0.037426 0.074779
0.075370 -0.038086 0.074523
0.074641 -0.038730 0.074263
0.073900 -0.039359 0.073999
0.073148 -0.039972 0.073731
0.072384 -0.040569 0.073458
0.071609 -0.041149 0.073181
0.070823 -0.041713 0.072901
0.070027 -0.042260 0.072617
0.069220 -0.042789 0.072329
0.068404 -0.043301 0.072038
0.067578 -0.043796 0.071743
0.066743 -0.044273 0.071445
0.065899 -0.044732 0.071144
0.065046 -0.045173 0.070839
0.064185 -0.045595 0.070532
0.063317 -0.045999 0.070222
0.062440 -0.046384 0.069910
0.061557 -0.046751 0.069594
0.060667 -0.047098 0.069277
0.059771 -0.047427 0.068957
0.058868 -0.047736 0.068635
0.057960 -0.048026 0.068311
0.057046 -0.048296 0.067985
0.056128 -0.048547 0.067657
0.055205 -0.048778 0.067328
0.054278 -0.048990 0.066997
