0.008351 -0.283111 0.147004
0.007630 -0.343265 0.026018
0.008418 -0.343330 0.026046
0.024927 -0.277580 0.147922
0.029237 -0.337818 0.023655
0.029866 -0.337378 0.023464
0.024442 -0.277990 0.147889
0.028596 -0.338243 0.023839
0.023947 -0.278386 0.147856
0.027944 -0.338652 0.024017
0.023443 -0.278769 0.147823
0.027280 -0.339047 0.024188
0.022931 -0.279137 0.147790
0.026606 -0.339425 0.024352
0.022409 -0.279490 0.147757
0.025921 -0.339788 0.024510
0.021880 -0.279829 0.147724
0.025227 -0.340134 0.024660
0.021343 -0.280153 0.147691
0.024523 -0.340464 0.024803
0.020798 -0.280462 0.147658
0.023810 -0.340778 0.024939
0.020247 -0.280755 0.147625
0.023088 -0.341075 0.025068
0.019689 -0.281032 0.147592
0.022359 -0.341354 0.025189
0.019124 -0.281293 0.147559
0.021622 -0.341617 0.025303
0.018554 -0.281539 0.147526
0.020878 -0.341862 0.025409
0.017978 -0.281768 0.147493
0.020127 -0.342090 0.025508
0.017397 -0.281980 0.147461
0.019370 -0.342300 0.025599
0.016811 -0.282176 0.147428
0.018608 -0.342492 0.025683
0.016221 -0.282355 0.147396
0.017840 -0.342666 0.025758
0.015627 -0.282517 0.147364
0.017068 -0.342822 0.025826
0.015030 -0.282663 0.147332
0.016292 -0.342960 0.025886
0.014430 -0.282791 0.147301
0.015512 -0.343080 0.025938
0.013827 -0.282901 0.147270
0.014730 -0.343182 0.025982
0.013222 -0.282995 0.147239
0.013944 -0.343265 0.026018
0.012615 -0.283071 0.147208
0.013157 -0.343330 0.026046
0.012006 -0.283129 0.147178
0.012368 -0.343376 0.026066
0.011397 -0.283170 0.147148
0.011578 -0.343404 0.026078
0.010787 -0.283193 0.147118
0.010787 -0.343413 0.026082
0.010177 -0.283199 0.147089
0.009997 -0.343404 0.026078
0.009568 -0.283187 0.147060
0.009207 -0.343376 0.026066
0.008959 -0.283158 0.147032
0.025403 -0.277156 0.147954
0.006845 -0.343182 0.025982
0.008094 -0.283086 0.146992
0.007745 -0.283047 0.146977
0.007141 -0.282965 0.146950
0.006062 -0.343080 0.025938
0.006540 -0.282866 0.146924
0.005282 -0.342960 0.025886
0.005941 -0.282749 0.146898
0.004506 -0.342822 0.025826
0.005346 -0.282615 0.146873
0.003734 -0.342666 0.025758
0.004755 -0.282464 0.146848
0.002966 -0.342492 0.025683
0.004167 -0.282296 0.146824
0.002204 -0.342300 0.025599
0.003584 -0.282110 0.146800
0.001447 -0.342090 0.025508
0.003006 -0.281909 0.146778
0.000697 -0.341862 0.025409
0.002434 -0.281690 0.146756
-0.000047 -0.341617 0.025303
0.001867 -0.281455 0.146734
-0.000784 -0.341354 0.025189
0.001306 -0.281204 0.146713
-0.001514 -0.341075 0.025068
0.000752 -0.280936 0.146693
-0.002235 -0.340778 0.024939
0.033707 -0.261314 0.148718
0.041176 -0.320422 0.016108
0.041317 -0.319708 0.015799
0.033600 -0.261963 0.148698
0.041016 -0.321132 0.016416
0.033478 -0.262609 0.148677
0.040836 -0.321838 0.016723
0.033341 -0.263252 0.148655
0.040636 -0.322540 0.017027
0.033189 -0.263892 0.148633
0.040417 -0.323237 0.017329
0.033023 -0.264528 0.148611
0.040178 -0.323928 0.017629
0.032841 -0.265160 0.148587
0.039920 -0.324614 0.017927
0.032645 -0.265787 0.148563
0.039644 -0.325293 0.018222
0.032434 -0.266409 0.148539
0.039348 -0.325966 0.018514
0.032209 -0.267026 0.148514
0.039034 -0.326632 0.018802
0.031969 -0.267636 0.148488
0.038701 -0.327290 0.019088
0.031715 -0.268240 0.148462
0.038351 -0.327940 0.019370
0.031447 -0.268838 0.148435
0.037982 -0.328581 0.019648
0.031166 -0.269428 0.148408
0.037595 -0.329214 0.019922
0.030870 -0.270011 0.148381
0.037191 -0.329837 0.020193
0.030561 -0.270586 0.148353
0.036770 -0.330451 0.020459
0.030238 -0.271152 0.148324
0.036332 -0.331055 0.020721
0.029902 -0.271710 0.148295
0.035877 -0.331648 0.020978
0.029554 -0.272258 0.148266
0.035406 -0.332231 0.021231
0.029192 -0.272797 0.148236
0.034918 -0.332802 0.021479
0.028818 -0.273326 0.148206
0.034415 -0.333361 0.021722
0.028431 -0.273845 0.148175
0.033897 -0.333909 0.021959
0.028033 -0.274353 0.148145
0.033363 -0.334444 0.022191
0.027622 -0.274850 0.148113
0.032815 -0.334967 0.022418
0.027201 -0.275335 0.148082
0.032253 -0.335476 0.022639
0.026767 -0.275809 0.148050
0.031676 -0.335973 0.022855
0.026323 -0.276271 0.148019
0.031086 -0.336455 0.023064
0.025868 -0.276720 0.147986
0.030482 -0.336924 0.023267
0.033799 -0.260664 0.148737
0.030370 -0.243294 0.148978
0.037191 -0.300192 0.007332
0.036770 -0.299579 0.007066
0.030679 -0.243836 0.148981
0.037595 -0.300816 0.007603
0.030976 -0.244387 0.148982
0.037982 -0.301448 0.007877
0.031260 -0.244947 0.148982
0.038351 -0.302090 0.008156
0.031532 -0.245516 0.148982
0.038701 -0.302740 0.008438
0.031790 -0.246092 0.148981
0.039034 -0.303398 0.008723
0.032035 -0.246675 0.148979
0.039348 -0.304064 0.009012
0.032266 -0.247266 0.148976
0.039644 -0.304736 0.009304
0.032484 -0.247864 0.148973
0.039920 -0.305416 0.009598
0.032688 -0.248468 0.148968
0.040178 -0.306102 0.009896
0.032879 -0.249079 0.148963
0.040417 -0.306793 0.010196
0.033055 -0.249695 0.148957
0.040636 -0.307490 0.010498
0.033217 -0.250317 0.148951
0.040836 -0.308192 0.010803
0.033364 -0.250943 0.148943
0.041016 -0.308898 0.011109
0.033497 -0.251574 0.148935
0.041176 -0.309608 0.011417
0.033616 -0.252209 0.148925
0.041317 -0.310322 0.011727
0.033720 -0.252848 0.148916
0.041438 -0.311039 0.012038
0.033809 -0.253491 0.148905
0.041538 -0.311758 0.012350
0.033883 -0.254136 0.148893
0.041619 -0.312480 0.012663
0.033943 -0.254784 0.148881
0.041679 -0.313203 0.012977
0.033987 -0.255435 0.148868
0.041720 -0.313927 0.013291
0.034016 -0.256086 0.148854
0.041740 -0.314652 0.013605
0.034031 -0.256740 0.148840
0.041740 -0.315378 0.013920
0.034030 -0.257394 0.148825
0.041720 -0.316103 0.014235
0.034014 -0.258049 0.148809
0.041679 -0.316827 0.014549
0.033983 -0.258703 0.148792
0.041619 -0.317550 0.014863
0.033937 -0.259358 0.148774
0.041538 -0.318272 0.015176
0.033875 -0.260011 0.148756
0.041438 -0.318991 0.015488
0.030048 -0.242761 0.148976
0.017097 -0.232691 0.148593
0.019370 -0.287730 0.001926
0.018608 -0.287538 0.001843
0.017654 -0.232862 0.148616
0.020127 -0.287940 0.002017
0.018207 -0.233048 0.148638
0.020878 -0.288168 0.002116
0.018755 -0.233250 0.148659
0.021622 -0.288413 0.002222
0.019298 -0.233467 0.148680
0.022359 -0.288675 0.002336
0.019836 -0.233699 0.148700
0.023088 -0.288955 0.002458
0.020369 -0.233945 0.148720
0.023810 -0.289252 0.002586
0.020895 -0.234207 0.148739
0.024523 -0.289565 0.002722
0.021416 -0.234483 0.148757
0.025227 -0.289895 0.002865
0.021929 -0.234773 0.148775
0.025921 -0.290242 0.003016
0.022436 -0.235078 0.148792
0.026606 -0.290605 0.003173
0.022936 -0.235396 0.148808
0.027280 -0.290983 0.003337
0.023428 -0.235729 0.148824
0.027944 -0.291377 0.003508
0.023913 -0.236075 0.148839
0.028596 -0.291787 0.003686
0.024389 -0.236435 0.148853
0.029237 -0.292212 0.003870
0.024857 -0.236808 0.148867
0.029866 -0.292652 0.004061
0.025316 -0.237195 0.148880
0.030482 -0.293106 0.004258
0.025767 -0.237594 0.148892
0.031086 -0.293575 0.004461
0.026208 -0.238006 0.148903
0.031676 -0.294057 0.004671
0.026639 -0.238430 0.148914
0.032253 -0.294553 0.004886
0.027061 -0.238866 0.148924
0.032815 -0.295063 0.005107
0.027472 -0.239314 0.148933
0.033363 -0.295586 0.005334
0.027873 -0.239774 0.148941
0.033897 -0.296121 0.005566
0.028264 -0.240245 0.148949
0.034415 -0.296668 0.005804
0.028644 -0.240727 0.148956
0.034918 -0.297228 0.006046
0.029012 -0.241220 0.148962
0.035406 -0.297799 0.006294
0.029369 -0.241723 0.148967
0.035877 -0.298382 0.006547
0.029715 -0.242237 0.148972
0.036332 -0.298975 0.006804
0.016536 -0.232535 0.148570
0.000655 -0.234575 0.147767
-0.002948 -0.289565 0.002722
-0.003652 -0.289895 0.002865
0.001184 -0.234294 0.147799
-0.002235 -0.289252 0.002586
0.001719 -0.234027 0.147830
-0.001514 -0.288955 0.002458
0.002259 -0.233775 0.147862
-0.000784 -0.288675 0.002336
0.002804 -0.233538 0.147893
-0.000047 -0.288413 0.002222
0.003355 -0.233317 0.147925
0.000697 -0.288168 0.002116
0.003909 -0.233110 0.147956
0.001447 -0.287940 0.002017
0.004468 -0.232918 0.147987
0.002204 -0.287730 0.001926
0.005031 -0.232742 0.148018
0.002966 -0.287538 0.001843
0.005597 -0.232582 0.148049
0.003734 -0.287364 0.001767
0.006166 -0.232437 0.148079
0.004506 -0.287207 0.001699
0.006738 -0.232307 0.148109
0.005282 -0.287069 0.001639
0.007312 -0.232194 0.148139
0.006062 -0.286949 0.001587
0.007888 -0.232096 0.148169
0.006845 -0.286848 0.001543
0.008466 -0.232014 0.148198
0.007630 -0.286765 0.001507
0.009045 -0.231947 0.148227
0.008418 -0.286700 0.001479
0.009625 -0.231897 0.148256
0.009207 -0.286654 0.001459
0.010206 -0.231863 0.148285
0.009997 -0.286626 0.001447
0.010787 -0.231844 0.148313
0.010787 -0.286617 0.001443
0.011368 -0.231842 0.148340
0.011578 -0.286626 0.001447
0.011949 -0.231856 0.148368
0.012368 -0.286654 0.001459
0.012529 -0.231885 0.148395
0.013157 -0.286700 0.001479
0.013107 -0.231930 0.148421
0.013944 -0.286765 0.001507
0.013684 -0.231992 0.148447
0.014730 -0.286848 0.001543
0.014260 -0.232069 0.148473
0.015512 -0.286949 0.001587
0.014833 -0.232162 0.148498
0.016292 -0.287069 0.001639
0.015403 -0.232271 0.148523
0.017068 -0.287207 0.001699
0.015971 -0.232395 0.148547
0.017840 -0.287364 0.001767
0.000132 -0.234871 0.147735
-0.010801 -0.248118 0.146907
-0.018069 -0.304736 0.009304
-0.018346 -0.305416 0.009598
-0.010568 -0.247515 0.146932
-0.017774 -0.304064 0.009012
-0.010320 -0.246918 0.146958
-0.017460 -0.303398 0.008723
-0.010059 -0.246329 0.146984
-0.017127 -0.302740 0.008438
-0.009785 -0.245748 0.147010
-0.016776 -0.302090 0.008156
-0.009499 -0.245174 0.147037
-0.016407 -0.301448 0.007877
-0.009199 -0.244608 0.147065
-0.016021 -0.300816 0.007603
-0.008887 -0.244051 0.147092
-0.015617 -0.300192 0.007332
-0.008562 -0.243503 0.147121
-0.015196 -0.299579 0.007066
-0.008225 -0.242964 0.147149
-0.014757 -0.298975 0.006804
-0.007877 -0.242435 0.147178
-0.014303 -0.298382 0.006547
-0.007516 -0.241916 0.147207
-0.013831 -0.297799 0.006294
-0.007145 -0.241407 0.147237
-0.013344 -0.297228 0.006046
-0.006762 -0.240908 0.147267
-0.012841 -0.296668 0.005804
-0.006368 -0.240420 0.147297
-0.012323 -0.296121 0.005566
-0.005964 -0.239943 0.147327
-0.011789 -0.295586 0.005334
-0.005549 -0.239478 0.147358
-0.011241 -0.295063 0.005107
-0.005124 -0.239024 0.147388
-0.010678 -0.294553 0.004886
-0.004690 -0.238582 0.147419
-0.010102 -0.294057 0.004671
-0.004245 -0.238152 0.147451
-0.009511 -0.293575 0.004461
-0.003792 -0.237735 0.147482
-0.008908 -0.293106 0.004258
-0.003330 -0.237331 0.147513
-0.008292 -0.292652 0.004061
-0.002859 -0.236939 0.147545
-0.007663 -0.292212 0.003870
-0.002379 -0.236560 0.147576
-0.007022 -0.291787 0.003686
-0.001892 -0.236195 0.147608
-0.006370 -0.291377 0.003508
-0.001397 -0.235843 0.147640
-0.005706 -0.290983 0.003337
-0.000894 -0.235505 0.147672
-0.005032 -0.290605 0.003173
-0.000384 -0.235181 0.147703
-0.004347 -0.290242 0.003016
-0.011021 -0.248727 0.146882
-0.011184 -0.266749 0.146455
-0.018069 -0.325293 0.018222
-0.017774 -0.325966 0.018514
-0.011382 -0.266128 0.146460
-0.018346 -0.324614 0.017927
-0.011566 -0.265501 0.146466
-0.018604 -0.323928 0.017629
-0.011734 -0.264869 0.146473
-0.018842 -0.323237 0.017329
-0.011888 -0.264232 0.146480
-0.019062 -0.322540 0.017027
-0.012026 -0.263591 0.146488
-0.019261 -0.321838 0.016723
-0.012149 -0.262947 0.146498
-0.019442 -0.321132 0.016416
-0.012257 -0.262300 0.146507
-0.019602 -0.320422 0.016108
-0.012350 -0.261649 0.146518
-0.019743 -0.319708 0.015799
-0.012427 -0.260997 0.146530
-0.019863 -0.318991 0.015488
-0.012489 -0.260342 0.146542
-0.019964 -0.318272 0.015176
-0.012536 -0.259686 0.146555
-0.020045 -0.317550 0.014863
-0.012568 -0.259029 0.146569
-0.020105 -0.316827 0.014549
-0.012584 -0.258372 0.146583
-0.020145 -0.316103 0.014235
-0.012585 -0.257714 0.146599
-0.020166 -0.315378 0.013920
-0.012570 -0.257056 0.146615
-0.020166 -0.314652 0.013605
-0.012540 -0.256400 0.146631
-0.020145 -0.313927 0.013291
-0.012495 -0.255744 0.146649
-0.020105 -0.313203 0.012977
-0.012435 -0.255090 0.146667
-0.020045 -0.312480 0.012663
-0.012360 -0.254438 0.146685
-0.019964 -0.311758 0.012350
-0.012270 -0.253788 0.146705
-0.019863 -0.311039 0.012038
-0.012165 -0.253141 0.146725
-0.019743 -0.310322 0.011727
-0.012045 -0.252498 0.146746
-0.019602 -0.309608 0.011417
-0.011911 -0.251858 0.146767
-0.019442 -0.308898 0.011109
-0.011761 -0.251222 0.146789
-0.019261 -0.308192 0.010803
-0.011598 -0.250591 0.146811
-0.019062 -0.307490 0.010498
-0.011420 -0.249964 0.146834
-0.018842 -0.306793 0.010196
-0.011228 -0.249343 0.146858
-0.018604 -0.306102 0.009896
-0.010971 -0.267365 0.146451
0.000205 -0.280653 0.146674
-0.002948 -0.340464 0.024803
-0.000335 -0.280353 0.146655
-0.003652 -0.340134 0.024660
-0.000867 -0.280039 0.146637
-0.004347 -0.339788 0.024510
-0.001391 -0.279709 0.146620
-0.005032 -0.339425 0.024352
-0.001907 -0.279364 0.146603
-0.005706 -0.339047 0.024188
-0.002414 -0.279004 0.146587
-0.006370 -0.338652 0.024017
-0.002912 -0.278629 0.146572
-0.007022 -0.338243 0.023839
-0.003400 -0.278241 0.146558
-0.007663 -0.337818 0.023655
-0.003879 -0.277838 0.146545
-0.008292 -0.337378 0.023464
-0.004348 -0.277422 0.146532
-0.008908 -0.336924 0.023267
-0.004806 -0.276992 0.146520
-0.009511 -0.336455 0.023064
-0.005253 -0.276550 0.146509
-0.010102 -0.335973 0.022855
-0.005690 -0.276094 0.146499
-0.010678 -0.335476 0.022639
-0.006115 -0.275626 0.146490
-0.011241 -0.334967 0.022418
-0.006529 -0.275146 0.146481
-0.011789 -0.334444 0.022191
-0.006931 -0.274655 0.146473
-0.012323 -0.333909 0.021959
-0.007320 -0.274152 0.146467
-0.012841 -0.333361 0.021722
-0.007698 -0.273638 0.146461
-0.013344 -0.332802 0.021479
-0.008063 -0.273113 0.146455
-0.013831 -0.332231 0.021231
-0.008415 -0.272578 0.146451
-0.014303 -0.331648 0.020978
-0.008753 -0.272033 0.146448
-0.014757 -0.331055 0.020721
-0.009079 -0.271479 0.146445
-0.015196 -0.330451 0.020459
-0.009391 -0.270915 0.146443
-0.015617 -0.329837 0.020193
-0.009690 -0.270343 0.146443
-0.016021 -0.329214 0.019922
-0.009974 -0.269762 0.146442
-0.016407 -0.328581 0.019648
-0.010245 -0.269174 0.146443
-0.016776 -0.327940 0.019370
-0.010501 -0.268578 0.146445
-0.017127 -0.327290 0.019088
-0.010743 -0.267975 0.146447
-0.017460 -0.326632 0.018802
