0.023430 0.330199 0.192506
0.018609 0.255880 0.033622
0.018972 0.256085 0.033515
0.033816 0.342192 0.186230
0.025018 0.263280 0.029750
0.025136 0.263647 0.029558
0.033606 0.341602 0.186539
0.024889 0.262917 0.029940
0.033377 0.341018 0.186844
0.024748 0.262556 0.030129
0.033129 0.340441 0.187146
0.024594 0.262200 0.030315
0.032862 0.339870 0.187445
0.024430 0.261847 0.030500
0.032577 0.339306 0.187740
0.024253 0.261499 0.030682
0.032272 0.338749 0.188032
0.024066 0.261156 0.030861
0.031950 0.338201 0.188318
0.023867 0.260818 0.031038
0.031610 0.337661 0.188601
0.023657 0.260484 0.031213
0.031253 0.337130 0.188879
0.023436 0.260157 0.031384
0.030878 0.336609 0.189151
0.023205 0.259835 0.031553
0.030486 0.336098 0.189419
0.022963 0.259519 0.031718
0.030078 0.335596 0.189681
0.022711 0.259210 0.031880
0.029653 0.335106 0.189938
0.022449 0.258908 0.032038
0.029212 0.334627 0.190189
0.022177 0.258612 0.032193
0.028756 0.334159 0.190434
0.021896 0.258323 0.032344
0.028285 0.333703 0.190672
0.021605 0.258042 0.032491
0.027799 0.333260 0.190904
0.021305 0.257768 0.032634
0.027298 0.332829 0.191129
0.020996 0.257502 0.032773
0.026784 0.332411 0.191348
0.020679 0.257245 0.032908
0.026256 0.332007 0.191559
0.020353 0.256995 0.033039
0.025715 0.331617 0.191764
0.020019 0.256754 0.033165
0.025161 0.331241 0.191961
0.019677 0.256522 0.033286
0.024596 0.330879 0.192150
0.019328 0.256299 0.033403
0.024019 0.330531 0.192332
0.034006 0.342787 0.185919
0.022831 0.329883 0.192671
0.018239 0.255684 0.033725
0.022222 0.329581 0.192829
0.017863 0.255498 0.033822
0.021603 0.329296 0.192978
0.017481 0.255322 0.033914
0.020975 0.329026 0.193119
0.017094 0.255156 0.034001
0.020339 0.328773 0.193252
0.016701 0.255000 0.034083
0.019694 0.328537 0.193375
0.016303 0.254854 0.034159
0.019042 0.328317 0.193491
0.015901 0.254718 0.034230
0.018383 0.328114 0.193597
0.015494 0.254593 0.034296
0.017718 0.327928 0.193694
0.015084 0.254478 0.034356
0.017046 0.327760 0.193782
0.014669 0.254374 0.034410
0.016370 0.327608 0.193861
0.014252 0.254281 0.034459
0.015689 0.327474 0.193931
0.013832 0.254198 0.034502
0.015003 0.327358 0.193992
0.013409 0.254126 0.034540
0.014315 0.327260 0.194044
0.012984 0.254066 0.034572
0.013623 0.327179 0.194086
0.012557 0.254016 0.034598
0.032577 0.357268 0.178341
0.024253 0.272584 0.024881
0.024066 0.272928 0.024701
0.032862 0.356704 0.178636
0.024430 0.272236 0.025063
0.033129 0.356133 0.178935
0.024594 0.271884 0.025248
0.033377 0.355555 0.179237
0.024748 0.271527 0.025434
0.033606 0.354971 0.179543
0.024889 0.271167 0.025623
0.033816 0.354382 0.179851
0.025018 0.270803 0.025813
0.034006 0.353787 0.180162
0.025136 0.270436 0.026005
0.034177 0.353188 0.180476
0.025241 0.270066 0.026199
0.034328 0.352584 0.180792
0.025334 0.269694 0.026394
0.034459 0.351977 0.181110
0.025415 0.269319 0.026590
0.034570 0.351367 0.181429
0.025484 0.268943 0.026787
0.034662 0.350754 0.181750
0.025540 0.268564 0.026985
0.034732 0.350139 0.182071
0.025584 0.268185 0.027183
0.034783 0.349522 0.182394
0.025615 0.267804 0.027382
0.034814 0.348905 0.182717
0.025634 0.267423 0.027582
0.034824 0.348287 0.183041
0.025640 0.267042 0.027781
0.034814 0.347669 0.183364
0.025634 0.266660 0.027981
0.034783 0.347051 0.183687
0.025615 0.266279 0.028180
0.034732 0.346435 0.184010
0.025584 0.265899 0.028380
0.034662 0.345820 0.184332
0.025540 0.265519 0.028578
0.034570 0.345207 0.184652
0.025484 0.265141 0.028776
0.034459 0.344597 0.184972
0.025415 0.264764 0.028973
0.034328 0.343989 0.185289
0.025334 0.264390 0.029169
0.034177 0.343386 0.185605
0.025241 0.264017 0.029364
0.032272 0.357824 0.178050
0.020339 0.367800 0.172829
0.016701 0.279084 0.021480
0.016303 0.279230 0.021404
0.020975 0.367547 0.172962
0.017094 0.278928 0.021562
0.021603 0.367278 0.173103
0.017481 0.278761 0.021649
0.022222 0.366992 0.173252
0.017863 0.278585 0.021741
0.022831 0.366691 0.173410
0.018239 0.278399 0.021838
0.023430 0.366374 0.173576
0.018609 0.278204 0.021940
0.024019 0.366042 0.173749
0.018972 0.277999 0.022048
0.024596 0.365695 0.173931
0.019328 0.277785 0.022160
0.025161 0.365333 0.174121
0.019677 0.277561 0.022277
0.025715 0.364957 0.174317
0.020019 0.277329 0.022398
0.026256 0.364566 0.174522
0.020353 0.277088 0.022524
0.026784 0.364162 0.174733
0.020679 0.276839 0.022655
0.027298 0.363745 0.174952
0.020996 0.276581 0.022790
0.027799 0.363314 0.175177
0.021305 0.276315 0.022929
0.028285 0.362870 0.175409
0.021605 0.276042 0.023072
0.028756 0.362415 0.175648
0.021896 0.275760 0.023219
0.029212 0.361947 0.175892
0.022177 0.275472 0.023370
0.029653 0.361468 0.176143
0.022449 0.275176 0.023525
0.030078 0.360977 0.176400
0.022711 0.274873 0.023683
0.030486 0.360476 0.176662
0.022963 0.274564 0.023845
0.030878 0.359965 0.176930
0.023205 0.274248 0.024010
0.031253 0.359443 0.177203
0.023436 0.273927 0.024179
0.031610 0.358913 0.177480
0.023657 0.273599 0.024350
0.031950 0.358373 0.177763
0.023867 0.273266 0.024524
0.019694 0.368037 0.172706
0.003294 0.368460 0.172484
0.006183 0.279491 0.021267
0.005776 0.279366 0.021333
0.003959 0.368645 0.172387
0.006593 0.279605 0.021207
0.004631 0.368814 0.172299
0.007008 0.279710 0.021152
0.005307 0.368965 0.172220
0.007425 0.279803 0.021104
0.005988 0.369099 0.172150
0.007845 0.279885 0.021060
0.006674 0.369215 0.172089
0.008268 0.279957 0.021023
0.007362 0.369314 0.172037
0.008693 0.280018 0.020991
0.008054 0.369395 0.171995
0.009120 0.280068 0.020965
0.008748 0.369457 0.171962
0.009548 0.280106 0.020945
0.009444 0.369502 0.171939
0.009978 0.280134 0.020930
0.010141 0.369529 0.171925
0.010408 0.280151 0.020922
0.010838 0.369538 0.171920
0.010838 0.280156 0.020919
0.011536 0.369529 0.171925
0.011269 0.280151 0.020922
0.012233 0.369502 0.171939
0.011699 0.280134 0.020930
0.012929 0.369457 0.171962
0.012129 0.280106 0.020945
0.013623 0.369395 0.171995
0.012557 0.280068 0.020965
0.014315 0.369314 0.172037
0.012984 0.280018 0.020991
0.015003 0.369215 0.172089
0.013409 0.279957 0.021023
0.015689 0.369099 0.172150
0.013832 0.279885 0.021060
0.016370 0.368965 0.172220
0.014252 0.279803 0.021104
0.017046 0.368814 0.172299
0.014669 0.279710 0.021152
0.017718 0.368645 0.172387
0.015084 0.279605 0.021207
0.018383 0.368460 0.172484
0.015494 0.279491 0.021267
0.019042 0.368257 0.172591
0.015901 0.279366 0.021333
0.002635 0.368257 0.172591
-0.009933 0.358913 0.177480
-0.001980 0.273599 0.024350
-0.002190 0.273266 0.024524
-0.009576 0.359443 0.177203
-0.001760 0.273927 0.024179
-0.009201 0.359965 0.176930
-0.001528 0.274248 0.024010
-0.008809 0.360476 0.176662
-0.001286 0.274564 0.023845
-0.008401 0.360977 0.176400
-0.001034 0.274873 0.023683
-0.007976 0.361468 0.176143
-0.000772 0.275176 0.023525
-0.007535 0.361947 0.175892
-0.000500 0.275472 0.023370
-0.007079 0.362415 0.175648
-0.000219 0.275760 0.023219
-0.006608 0.362870 0.175409
0.000072 0.276042 0.023072
-0.006122 0.363314 0.175177
0.000372 0.276315 0.022929
-0.005621 0.363745 0.174952
0.000681 0.276581 0.022790
-0.005107 0.364162 0.174733
0.000998 0.276839 0.022655
-0.004579 0.364566 0.174522
0.001324 0.277088 0.022524
-0.004038 0.364957 0.174317
0.001658 0.277329 0.022398
-0.003484 0.365333 0.174121
0.002000 0.277561 0.022277
-0.002919 0.365695 0.173931
0.002349 0.277785 0.022160
-0.002342 0.366042 0.173749
0.002705 0.277999 0.022048
-0.001753 0.366374 0.173576
0.003068 0.278204 0.021940
-0.001154 0.366691 0.173410
0.003438 0.278399 0.021838
-0.000545 0.366992 0.173252
0.003814 0.278585 0.021741
0.000074 0.367278 0.173103
0.004195 0.278761 0.021649
0.000702 0.367547 0.172962
0.004583 0.278928 0.021562
0.001338 0.367800 0.172829
0.004976 0.279084 0.021480
0.001983 0.368037 0.172706
0.005374 0.279230 0.021404
-0.010273 0.358373 0.177763
-0.012651 0.343989 0.185289
-0.003657 0.264390 0.029169
-0.003564 0.264017 0.029364
-0.012782 0.344597 0.184972
-0.003738 0.264764 0.028973
-0.012893 0.345207 0.184652
-0.003807 0.265141 0.028776
-0.012985 0.345820 0.184332
-0.003863 0.265519 0.028578
-0.013055 0.346435 0.184010
-0.003907 0.265899 0.028380
-0.013106 0.347051 0.183687
-0.003938 0.266279 0.028180
-0.013137 0.347669 0.183364
-0.003957 0.266660 0.027981
-0.013147 0.348287 0.183041
-0.003963 0.267042 0.027781
-0.013137 0.348905 0.182717
-0.003957 0.267423 0.027582
-0.013106 0.349522 0.182394
-0.003938 0.267804 0.027382
-0.013055 0.350139 0.182071
-0.003907 0.268185 0.027183
-0.012985 0.350754 0.181750
-0.003863 0.268564 0.026985
-0.012893 0.351367 0.181429
-0.003807 0.268943 0.026787
-0.012782 0.351977 0.181110
-0.003738 0.269319 0.026590
-0.012651 0.352584 0.180792
-0.003657 0.269694 0.026394
-0.012500 0.353188 0.180476
-0.003564 0.270066 0.026199
-0.012329 0.353787 0.180162
-0.003459 0.270436 0.026005
-0.012139 0.354382 0.179851
-0.003341 0.270803 0.025813
-0.011929 0.354971 0.179543
-0.003212 0.271167 0.025623
-0.011700 0.355555 0.179237
-0.003071 0.271527 0.025434
-0.011452 0.356133 0.178935
-0.002917 0.271884 0.025248
-0.011185 0.356704 0.178636
-0.002753 0.272236 0.025063
-0.010900 0.357268 0.178341
-0.002576 0.272584 0.024881
-0.010595 0.357824 0.178050
-0.002389 0.272928 0.024701
-0.012500 0.343386 0.185605
-0.003484 0.331241 0.191961
0.002000 0.256522 0.033286
0.002349 0.256299 0.033403
-0.004038 0.331617 0.191764
0.001658 0.256754 0.033165
-0.004579 0.332007 0.191559
0.001324 0.256995 0.033039
-0.005107 0.332411 0.191348
0.000998 0.257245 0.032908
-0.005621 0.332829 0.191129
0.000681 0.257502 0.032773
-0.006122 0.333260 0.190904
0.000372 0.257768 0.032634
-0.006608 0.333703 0.190672
0.000072 0.258042 0.032491
-0.007079 0.334159 0.190434
-0.000219 0.258323 0.032344
-0.007535 0.334627 0.190189
-0.000500 0.258612 0.032193
-0.007976 0.335106 0.189938
-0.000772 0.258908 0.032038
-0.008401 0.335596 0.189681
-0.001034 0.259210 0.031880
-0.008809 0.336098 0.189419
-0.001286 0.259519 0.031718
-0.009201 0.336609 0.189151
-0.001528 0.259835 0.031553
-0.009576 0.337130 0.188879
-0.001760 0.260157 0.031384
-0.009933 0.337661 0.188601
-0.001980 0.260484 0.031213
-0.010273 0.338201 0.188318
-0.002190 0.260818 0.031038
-0.010595 0.338749 0.188032
-0.002389 0.261156 0.030861
-0.010900 0.339306 0.187740
-0.002576 0.261499 0.030682
-0.011185 0.339870 0.187445
-0.002753 0.261847 0.030500
-0.011452 0.340441 0.187146
-0.002917 0.262200 0.030315
-0.011700 0.341018 0.186844
-0.003071 0.262556 0.030129
-0.011929 0.341602 0.186539
-0.003212 0.262917 0.029940
-0.012139 0.342192 0.186230
-0.003341 0.263280 0.029750
-0.012329 0.342787 0.185919
-0.003459 0.263647 0.029558
-0.002919 0.330879 0.192150
0.012929 0.327116 0.194119
0.012129 0.253977 0.034618
0.012233 0.327071 0.194142
0.011699 0.253949 0.034632
0.011536 0.327044 0.194156
0.011269 0.253933 0.034641
0.010838 0.327035 0.194161
0.010838 0.253927 0.034644
0.010141 0.327044 0.194156
0.010408 0.253933 0.034641
0.009444 0.327071 0.194142
0.009978 0.253949 0.034632
0.008748 0.327116 0.194119
0.009548 0.253977 0.034618
0.008054 0.327179 0.194086
0.009120 0.254016 0.034598
0.007362 0.327260 0.194044
0.008693 0.254066 0.034572
0.006674 0.327358 0.193992
0.008268 0.254126 0.034540
0.005988 0.327474 0.193931
0.007845 0.254198 0.034502
0.005307 0.327608 0.193861
0.007425 0.254281 0.034459
0.004631 0.327760 0.193782
0.007008 0.254374 0.034410
0.003959 0.327928 0.193694
0.006593 0.254478 0.034356
0.003294 0.328114 0.193597
0.006183 0.254593 0.034296
0.002635 0.328317 0.193491
0.005776 0.254718 0.034230
0.001983 0.328537 0.193375
0.005374 0.254854 0.034159
0.001338 0.328773 0.193252
0.004976 0.255000 0.034083
0.000702 0.329026 0.193119
0.004583 0.255156 0.034001
0.000074 0.329296 0.192978
0.004195 0.255322 0.033914
-0.000545 0.329581 0.192829
0.003814 0.255498 0.033822
-0.001154 0.329883 0.192671
0.003438 0.255684 0.033725
-0.001753 0.330199 0.192506
0.003068 0.255880 0.033622
-0.002342 0.330531 0.192332
0.002705 0.256085 0.033515
