0.011252 0.019610 -0.086791
0.030206 -0.023977 -0.006029
0.029065 -0.024462 -0.006029
0.011674 0.019798 -0.086791
0.031339 -0.023473 -0.006029
0.012093 0.019992 -0.086791
0.032463 -0.022951 -0.006029
0.012508 0.020194 -0.086791
0.033579 -0.022411 -0.006029
0.012920 0.020402 -0.086791
0.034686 -0.021852 -0.006029
0.013329 0.020617 -0.086791
0.035783 -0.021275 -0.006029
0.013734 0.020838 -0.086791
0.036871 -0.020681 -0.006029
0.014136 0.021066 -0.086791
0.037949 -0.020068 -0.006029
0.014534 0.021301 -0.086791
0.039017 -0.019439 -0.006029
0.014928 0.021542 -0.086791
0.040074 -0.018791 -0.006029
0.015317 0.021789 -0.086791
0.041121 -0.018127 -0.006029
0.015703 0.022043 -0.086791
0.042157 -0.017445 -0.006029
0.016085 0.022303 -0.086791
0.043181 -0.016747 -0.006029
0.016462 0.022570 -0.086791
0.044194 -0.016032 -0.006029
0.016835 0.022842 -0.086791
0.045195 -0.015300 -0.006029
0.017203 0.023121 -0.086791
0.046183 -0.014552 -0.006029
0.017567 0.023405 -0.086791
0.047160 -0.013788 -0.006029
0.017926 0.023696 -0.086791
0.048124 -0.013009 -0.006029
0.018280 0.023992 -0.086791
0.049075 -0.012213 -0.006029
0.018629 0.024294 -0.086791
0.050012 -0.011402 -0.006029
0.018974 0.024602 -0.086791
0.050937 -0.010576 -0.006029
0.019313 0.024915 -0.086791
0.051847 -0.009735 -0.006029
0.019647 0.025234 -0.086791
0.052744 -0.008879 -0.006029
0.019976 0.025558 -0.086791
0.053627 -0.008008 -0.006029
0.020299 0.025888 -0.086791
0.054495 -0.007123 -0.006029
0.020617 0.026223 -0.086791
0.055349 -0.006224 -0.006029
0.020930 0.026563 -0.086791
0.056188 -0.005312 -0.006029
0.021237 0.026908 -0.086791
0.057012 -0.004385 -0.006029
0.021538 0.027258 -0.086791
0.057820 -0.003445 -0.006029
0.021833 0.027613 -0.086791
0.058613 -0.002493 -0.006029
0.022123 0.027973 -0.086791
0.059391 -0.001527 -0.006029
0.022407 0.028337 -0.086791
0.060152 -0.000548 -0.006029
0.022684 0.028706 -0.086791
0.060898 0.000442 -0.006029
0.022956 0.029080 -0.086791
0.061627 0.001445 -0.006029
0.023221 0.029458 -0.086791
0.062339 0.002459 -0.006029
0.023480 0.029840 -0.086791
0.063035 0.003486 -0.006029
0.023733 0.030226 -0.086791
0.063714 0.004523 -0.006029
0.023980 0.030617 -0.086791
0.064376 0.005571 -0.006029
0.024220 0.031011 -0.086791
0.065020 0.006630 -0.006029
0.024454 0.031410 -0.086791
0.065648 0.007700 -0.006029
0.024681 0.031812 -0.086791
0.066257 0.008779 -0.006029
0.024901 0.032217 -0.086791
0.066849 0.009868 -0.006029
0.025115 0.032627 -0.086791
0.067423 0.010967 -0.006029
0.025322 0.033040 -0.086791
0.067979 0.012075 -0.006029
0.025522 0.033456 -0.086791
0.068517 0.013193 -0.006029
0.025716 0.033875 -0.086791
0.069036 0.014318 -0.006029
0.025902 0.034297 -0.086791
0.069537 0.015452 -0.006029
0.026082 0.034723 -0.086791
0.070019 0.016594 -0.006029
0.026255 0.035151 -0.086791
0.070483 0.017744 -0.006029
0.026420 0.035582 -0.086791
0.070927 0.018902 -0.006029
0.026579 0.036016 -0.086791
0.071353 0.020066 -0.006029
0.026730 0.036452 -0.086791
0.071759 0.021237 -0.006029
0.010827 0.019429 -0.086791
-0.012041 0.019968 -0.086791
-0.032326 -0.023016 -0.006029
-0.033443 -0.022478 -0.006029
-0.011622 0.019774 -0.086791
-0.031201 -0.023536 -0.006029
-0.011200 0.019588 -0.086791
-0.030067 -0.024038 -0.006029
-0.010774 0.019408 -0.086791
-0.028925 -0.024520 -0.006029
-0.010346 0.019235 -0.086791
-0.027775 -0.024984 -0.006029
-0.009915 0.019069 -0.086791
-0.026618 -0.025430 -0.006029
-0.009482 0.018910 -0.086791
-0.025454 -0.025856 -0.006029
-0.009045 0.018759 -0.086791
-0.024283 -0.026263 -0.006029
-0.008607 0.018614 -0.086791
-0.023105 -0.026651 -0.006029
-0.008166 0.018477 -0.086791
-0.021922 -0.027019 -0.006029
-0.007723 0.018347 -0.086791
-0.020732 -0.027368 -0.006029
-0.007277 0.018224 -0.086791
-0.019537 -0.027698 -0.006029
-0.006830 0.018109 -0.086791
-0.018337 -0.028008 -0.006029
-0.006381 0.018001 -0.086791
-0.017131 -0.028298 -0.006029
-0.005931 0.017900 -0.086791
-0.015921 -0.028569 -0.006029
-0.005478 0.017806 -0.086791
-0.014707 -0.028819 -0.006029
-0.005025 0.017721 -0.086791
-0.013489 -0.029050 -0.006029
-0.004570 0.017642 -0.086791
-0.012267 -0.029261 -0.006029
-0.004113 0.017571 -0.086791
-0.011042 -0.029452 -0.006029
-0.003656 0.017507 -0.086791
-0.009815 -0.029622 -0.006029
-0.003197 0.017451 -0.086791
-0.008584 -0.029773 -0.006029
-0.002738 0.017403 -0.086791
-0.007351 -0.029903 -0.006029
-0.002278 0.017362 -0.086791
-0.006116 -0.030013 -0.006029
-0.001818 0.017328 -0.086791
-0.004880 -0.030103 -0.006029
-0.001357 0.017302 -0.086791
-0.003642 -0.030173 -0.006029
-0.000895 0.017284 -0.086791
-0.002403 -0.030223 -0.006029
-0.000433 0.017273 -0.086791
-0.001164 -0.030252 -0.006029
0.000028 0.017270 -0.086791
0.000076 -0.030261 -0.006029
0.000490 0.017274 -0.086791
0.001316 -0.030249 -0.006029
0.000952 0.017286 -0.086791
0.002555 -0.030218 -0.006029
0.001413 0.017305 -0.086791
0.003794 -0.030166 -0.006029
0.001874 0.017332 -0.086791
0.005031 -0.030093 -0.006029
0.002335 0.017366 -0.086791
0.006268 -0.030001 -0.006029
0.002795 0.017408 -0.086791
0.007502 -0.029888 -0.006029
0.003254 0.017458 -0.086791
0.008735 -0.029755 -0.006029
0.003712 0.017515 -0.086791
0.009965 -0.029602 -0.006029
0.004169 0.017579 -0.086791
0.011193 -0.029429 -0.006029
0.004625 0.017651 -0.086791
0.012417 -0.029236 -0.006029
0.005080 0.017731 -0.086791
0.013639 -0.029023 -0.006029
0.005534 0.017818 -0.086791
0.014856 -0.028790 -0.006029
0.005986 0.017912 -0.086791
0.016070 -0.028536 -0.006029
0.006436 0.018013 -0.086791
0.017279 -0.028263 -0.006029
0.006885 0.018123 -0.086791
0.018484 -0.027971 -0.006029
0.007332 0.018239 -0.086791
0.019684 -0.027658 -0.006029
0.007777 0.018363 -0.086791
0.020878 -0.027326 -0.006029
0.008220 0.018493 -0.086791
0.022067 -0.026975 -0.006029
0.008661 0.018632 -0.086791
0.023250 -0.026604 -0.006029
0.009099 0.018777 -0.086791
0.024427 -0.026214 -0.006029
0.009535 0.018929 -0.086791
0.025597 -0.025805 -0.006029
0.009968 0.019089 -0.086791
0.026760 -0.025376 -0.006029
0.010399 0.019256 -0.086791
0.027917 -0.024929 -0.006029
-0.012457 0.020169 -0.086791
-0.027126 0.037721 -0.086791
-0.072821 0.024643 -0.006029
-0.073153 0.025837 -0.006029
-0.026995 0.037278 -0.086791
-0.072470 0.023453 -0.006029
-0.026857 0.036837 -0.086791
-0.072100 0.022270 -0.006029
-0.026712 0.036399 -0.086791
-0.071710 0.021093 -0.006029
-0.026560 0.035963 -0.086791
-0.071302 0.019923 -0.006029
-0.026400 0.035529 -0.086791
-0.070874 0.018759 -0.006029
-0.026234 0.035099 -0.086791
-0.070427 0.017603 -0.006029
-0.026060 0.034671 -0.086791
-0.069961 0.016454 -0.006029
-0.025880 0.034246 -0.086791
-0.069477 0.015313 -0.006029
-0.025692 0.033823 -0.086791
-0.068973 0.014180 -0.006029
-0.025498 0.033405 -0.086791
-0.068452 0.013055 -0.006029
-0.025297 0.032989 -0.086791
-0.067912 0.011939 -0.006029
-0.025089 0.032576 -0.086791
-0.067354 0.010832 -0.006029
-0.024874 0.032168 -0.086791
-0.066778 0.009734 -0.006029
-0.024653 0.031762 -0.086791
-0.066184 0.008646 -0.006029
-0.024425 0.031361 -0.086791
-0.065572 0.007568 -0.006029
-0.024191 0.030963 -0.086791
-0.064942 0.006500 -0.006029
-0.023950 0.030569 -0.086791
-0.064296 0.005442 -0.006029
-0.023703 0.030179 -0.086791
-0.063632 0.004395 -0.006029
-0.023449 0.029793 -0.086791
-0.062951 0.003359 -0.006029
-0.023189 0.029411 -0.086791
-0.062253 0.002335 -0.006029
-0.022923 0.029034 -0.086791
-0.061538 0.001321 -0.006029
-0.022650 0.028661 -0.086791
-0.060807 0.000320 -0.006029
-0.022372 0.028292 -0.086791
-0.060060 -0.000669 -0.006029
-0.022088 0.027928 -0.086791
-0.059296 -0.001646 -0.006029
-0.021797 0.027569 -0.086791
-0.058517 -0.002610 -0.006029
-0.021501 0.027215 -0.086791
-0.057722 -0.003561 -0.006029
-0.021199 0.026865 -0.086791
-0.056912 -0.004500 -0.006029
-0.020892 0.026521 -0.086791
-0.056086 -0.005424 -0.006029
-0.020579 0.026182 -0.086791
-0.055245 -0.006335 -0.006029
-0.020260 0.025847 -0.086791
-0.054390 -0.007233 -0.006029
-0.019936 0.025518 -0.086791
-0.053519 -0.008116 -0.006029
-0.019606 0.025195 -0.086791
-0.052635 -0.008985 -0.006029
-0.019272 0.024877 -0.086791
-0.051737 -0.009839 -0.006029
-0.018932 0.024564 -0.086791
-0.050824 -0.010678 -0.006029
-0.018587 0.024257 -0.086791
-0.049898 -0.011502 -0.006029
-0.018237 0.023956 -0.086791
-0.048959 -0.012311 -0.006029
-0.017882 0.023660 -0.086791
-0.048006 -0.013105 -0.006029
-0.017523 0.023370 -0.086791
-0.047041 -0.013883 -0.006029
-0.017158 0.023086 -0.086791
-0.046063 -0.014645 -0.006029
-0.016789 0.022809 -0.086791
-0.045073 -0.015391 -0.006029
-0.016416 0.022537 -0.086791
-0.044070 -0.016120 -0.006029
-0.016038 0.022271 -0.086791
-0.043056 -0.016833 -0.006029
-0.015656 0.022012 -0.086791
-0.042030 -0.017530 -0.006029
-0.015270 0.021759 -0.086791
-0.040993 -0.018209 -0.006029
-0.014880 0.021512 -0.086791
-0.039945 -0.018872 -0.006029
-0.014485 0.021272 -0.086791
-0.038887 -0.019517 -0.006029
-0.014087 0.021038 -0.086791
-0.037818 -0.020144 -0.006029
-0.013685 0.020810 -0.086791
-0.036738 -0.020755 -0.006029
-0.013279 0.020590 -0.086791
-0.035649 -0.021347 -0.006029
-0.012870 0.020376 -0.086791
-0.034551 -0.021922 -0.006029
-0.027249 0.038166 -0.086791
-0.023718 0.060766 -0.086791
-0.063673 0.086510 -0.006029
-0.062993 0.087546 -0.006029
-0.023965 0.060376 -0.086791
-0.064336 0.085462 -0.006029
-0.024205 0.059982 -0.086791
-0.064981 0.084404 -0.006029
-0.024439 0.059583 -0.086791
-0.065610 0.083335 -0.006029
-0.024667 0.059182 -0.086791
-0.066220 0.082256 -0.006029
-0.024888 0.058776 -0.086791
-0.066813 0.081167 -0.006029
-0.025102 0.058367 -0.086791
-0.067389 0.080069 -0.006029
-0.025309 0.057954 -0.086791
-0.067946 0.078961 -0.006029
-0.025510 0.057538 -0.086791
-0.068484 0.077845 -0.006029
-0.025704 0.057119 -0.086791
-0.069005 0.076720 -0.006029
-0.025891 0.056697 -0.086791
-0.069507 0.075586 -0.006029
-0.026071 0.056272 -0.086791
-0.069990 0.074444 -0.006029
-0.026244 0.055844 -0.086791
-0.070455 0.073295 -0.006029
-0.026410 0.055413 -0.086791
-0.070901 0.072138 -0.006029
-0.026569 0.054979 -0.086791
-0.071327 0.070974 -0.006029
-0.026721 0.054543 -0.086791
-0.071735 0.069803 -0.006029
-0.026866 0.054104 -0.086791
-0.072123 0.068626 -0.006029
-0.027003 0.053664 -0.086791
-0.072492 0.067442 -0.006029
-0.027133 0.053221 -0.086791
-0.072842 0.066253 -0.006029
-0.027256 0.052775 -0.086791
-0.073172 0.065058 -0.006029
-0.027372 0.052328 -0.086791
-0.073483 0.063858 -0.006029
-0.027480 0.051879 -0.086791
-0.073774 0.062653 -0.006029
-0.027581 0.051429 -0.086791
-0.074045 0.061443 -0.006029
-0.027675 0.050977 -0.086791
-0.074296 0.060229 -0.006029
-0.027761 0.050523 -0.086791
-0.074527 0.059011 -0.006029
-0.027840 0.050068 -0.086791
-0.074739 0.057789 -0.006029
-0.027911 0.049612 -0.086791
-0.074930 0.056564 -0.006029
-0.027975 0.049154 -0.086791
-0.075102 0.055336 -0.006029
-0.028031 0.048696 -0.086791
-0.075253 0.054106 -0.006029
-0.028080 0.048237 -0.086791
-0.075384 0.052873 -0.006029
-0.028121 0.047777 -0.086791
-0.075495 0.051638 -0.006029
-0.028155 0.047316 -0.086791
-0.075585 0.050402 -0.006029
-0.028181 0.046855 -0.086791
-0.075656 0.049164 -0.006029
-0.028200 0.046394 -0.086791
-0.075706 0.047925 -0.006029
-0.028211 0.045932 -0.086791
-0.075735 0.046686 -0.006029
-0.028215 0.045470 -0.086791
-0.075745 0.045446 -0.006029
-0.028211 0.045008 -0.086791
-0.075734 0.044207 -0.006029
-0.028199 0.044547 -0.086791
-0.075703 0.042967 -0.006029
-0.028180 0.044085 -0.086791
-0.075652 0.041729 -0.006029
-0.028153 0.043624 -0.086791
-0.075580 0.040491 -0.006029
-0.028119 0.043164 -0.086791
-0.075488 0.039254 -0.006029
-0.028077 0.042704 -0.086791
-0.075376 0.038020 -0.006029
-0.028028 0.042245 -0.086791
-0.075244 0.036787 -0.006029
-0.027971 0.041786 -0.086791
-0.075092 0.035557 -0.006029
-0.027907 0.041329 -0.086791
-0.074919 0.034329 -0.006029
-0.027835 0.040873 -0.086791
-0.074726 0.033104 -0.006029
-0.027756 0.040418 -0.086791
-0.074514 0.031883 -0.006029
-0.027670 0.039964 -0.086791
-0.074281 0.030665 -0.006029
-0.027575 0.039512 -0.086791
-0.074029 0.029451 -0.006029
-0.027474 0.039062 -0.086791
-0.073756 0.028242 -0.006029
-0.027365 0.038613 -0.086791
-0.073464 0.027037 -0.006029
-0.023465 0.061152 -0.086791
-0.004141 0.073393 -0.086791
-0.011118 0.120409 -0.006029
-0.009890 0.120581 -0.006029
-0.004598 0.073322 -0.086791
-0.012342 0.120217 -0.006029
-0.005053 0.073243 -0.086791
-0.013564 0.120005 -0.006029
-0.005506 0.073157 -0.086791
-0.014782 0.119773 -0.006029
-0.005958 0.073063 -0.086791
-0.015996 0.119521 -0.006029
-0.006409 0.072962 -0.086791
-0.017205 0.119249 -0.006029
-0.006858 0.072853 -0.086791
-0.018410 0.118958 -0.006029
-0.007305 0.072737 -0.086791
-0.019610 0.118647 -0.006029
-0.007750 0.072614 -0.086791
-0.020805 0.118316 -0.006029
-0.008193 0.072483 -0.086791
-0.021994 0.117966 -0.006029
-0.008634 0.072346 -0.086791
-0.023178 0.117596 -0.006029
-0.009072 0.072201 -0.086791
-0.024355 0.117207 -0.006029
-0.009508 0.072049 -0.086791
-0.025526 0.116799 -0.006029
-0.009942 0.071889 -0.086791
-0.026689 0.116371 -0.006029
-0.010373 0.071723 -0.086791
-0.027846 0.115925 -0.006029
-0.010801 0.071550 -0.086791
-0.028995 0.115460 -0.006029
-0.011226 0.071370 -0.086791
-0.030137 0.114976 -0.006029
-0.011648 0.071182 -0.086791
-0.031270 0.114473 -0.006029
-0.012067 0.070988 -0.086791
-0.032395 0.113952 -0.006029
-0.012483 0.070787 -0.086791
-0.033511 0.113413 -0.006029
-0.012895 0.070580 -0.086791
-0.034618 0.112855 -0.006029
-0.013304 0.070365 -0.086791
-0.035716 0.112280 -0.006029
-0.013710 0.070144 -0.086791
-0.036805 0.111686 -0.006029
-0.014111 0.069917 -0.086791
-0.037883 0.111075 -0.006029
-0.014509 0.069682 -0.086791
-0.038952 0.110446 -0.006029
-0.014904 0.069442 -0.086791
-0.040010 0.109800 -0.006029
-0.015294 0.069195 -0.086791
-0.041057 0.109137 -0.006029
-0.015680 0.068941 -0.086791
-0.042094 0.108456 -0.006029
-0.016062 0.068681 -0.086791
-0.043119 0.107759 -0.006029
-0.016439 0.068415 -0.086791
-0.044132 0.107045 -0.006029
-0.016812 0.068143 -0.086791
-0.045134 0.106314 -0.006029
-0.017181 0.067865 -0.086791
-0.046123 0.105567 -0.006029
-0.017545 0.067581 -0.086791
-0.047100 0.104804 -0.006029
-0.017904 0.067291 -0.086791
-0.048065 0.104025 -0.006029
-0.018259 0.066995 -0.086791
-0.049017 0.103231 -0.006029
-0.018608 0.066693 -0.086791
-0.049955 0.102421 -0.006029
-0.018953 0.066386 -0.086791
-0.050880 0.101596 -0.006029
-0.019292 0.066073 -0.086791
-0.051792 0.100755 -0.006029
-0.019627 0.065754 -0.086791
-0.052690 0.099900 -0.006029
-0.019956 0.065430 -0.086791
-0.053573 0.099031 -0.006029
-0.020280 0.065101 -0.086791
-0.054442 0.098147 -0.006029
-0.020598 0.064766 -0.086791
-0.055297 0.097249 -0.006029
-0.020911 0.064427 -0.086791
-0.056137 0.096337 -0.006029
-0.021218 0.064082 -0.086791
-0.056962 0.095411 -0.006029
-0.021520 0.063732 -0.086791
-0.057771 0.094472 -0.006029
-0.021815 0.063377 -0.086791
-0.058565 0.093520 -0.006029
-0.022105 0.063018 -0.086791
-0.059344 0.092555 -0.006029
-0.022389 0.062654 -0.086791
-0.060106 0.091577 -0.006029
-0.022667 0.062285 -0.086791
-0.060852 0.090587 -0.006029
-0.022939 0.061912 -0.086791
-0.061582 0.089585 -0.006029
-0.023205 0.061534 -0.086791
-0.062296 0.088572 -0.006029
-0.003684 0.073457 -0.086791
-0.000462 0.073695 -0.086791
-0.001240 0.121219 -0.006029
0.000000 0.121229 -0.006029
-0.000923 0.073684 -0.086791
-0.002479 0.121189 -0.006029
-0.001385 0.073665 -0.086791
-0.003718 0.121138 -0.006029
-0.001846 0.073639 -0.086791
-0.004956 0.121067 -0.006029
-0.002306 0.073605 -0.086791
-0.006192 0.120976 -0.006029
-0.002766 0.073563 -0.086791
-0.007427 0.120864 -0.006029
-0.003226 0.073514 -0.086791
-0.008659 0.120733 -0.006029
0.000000 0.073699 -0.086791
