0 41.2996 42.8459 0 0.9847 -0.1741
-19.3435 -23.0902 -53.3073 0.1051 -0.8832 0.4571
0 -72.4498 61.1261 0 -0.9995 0.0315
0 35.5166 -22.4335 -0 0.8194 0.5732
0 -58.7834 -27.3323 -0 -0.0915 -0.9958
0 -71.4335 14.3008 -0 -0.9324 0.3613
0 -72.613 11.9975 -0 -0.8636 0.5042
0 -73.5604 10.5626 -0 -0.9468 0.322
0 -71.1267 45.552 -0 -0.9796 -0.201
0 -68.641 -17.0565 -0 -0.9849 -0.173
0 26.3143 10.3973 0 0.9079 -0.4193
0 39.2246 71.0077 0 0.9125 0.4091
0 -65.8511 -23.5074 0 -0.727 -0.6866
0 -68.9743 84.7197 -0 -0.6102 0.7922
0 -70.7388 15.9473 -0 -1 0.0087
0 -70.8449 16.39 -0 -0.9753 -0.2209
0 -48.9627 95.3385 -0 -0.2837 0.9589
0 -80.0455 18.5954 0 -0.576 -0.8174
0 -50.1586 -24.3806 0 0.2284 -0.9736
0 -38.0999 -22.9796 -0 -0.2093 -0.9778
0 -34.7339 -34.9673 0 -0.9777 -0.2101
-2.0467 -71.6623 22.7795 -0.2627 -0.225 -0.9383
0 -33.5293 -26.0103 0 -0.9141 -0.4054
0 -72.1058 5.64719 0 -0.7387 -0.674
0 -73.5826 40.8711 0 -0.7815 0.6239
0 -71.2981 -3.09901 -0 -0.8403 0.5422
-43.0436 -25.9974 22.7906 -0.9755 -0.1915 -0.1079
0 -73.7711 9.2748 -0 -0.9916 -0.1294
0 -70.6395 -6.18491 0 -0.8881 -0.4597
0 -75.1555 37.3173 0 -0.9559 0.2936
0 -77.6434 27.8365 0 -0.8712 0.4909
0 -75.9023 33.104 -0 -0.9681 0.2507
0 -71.43 43.3645 0 -0.9885 0.1512
0 -75.8095 18.022 -0 -0.1777 -0.9841
0 -72.1171 64.961 -0 -0.998 0.0633
0 -70.5793 4.6386 0 0.09 -0.9959
0 -76.0761 77.3152 -0 -0.9364 0.3511
0 -81.7539 22.8875 0 -0.987 0.1606
0 -71.7175 42.2649 -0 -0.8239 0.5667
0 -71.7703 47.5493 0 -0.9477 -0.3192
0 -72.4004 50.9108 -0 -0.9999 0.0163
0 -68.8475 -10.9329 0 -0.9752 -0.2213
0 -71.7685 17.045 0 -0.4295 -0.9031
0 19.2608 91.7475 0 0.531 0.8474
0 -71.774 -4.5713 -0 -0.9876 -0.1569
0 29.5616 -13.0735 -0 0.935 0.3547
0 -73.1855 7.65279 -0 -0.9162 -0.4006
0 81.7538 -88.5772 -0 0.9975 0.0703
0 -68.5912 -14.3845 -0 -0.9998 0.0199
0 -42.0625 -88.5772 0 -0.9921 0.1254
0 -76.7853 73.4467 -0 -0.8958 -0.4445
0 -72.3784 56.3783 0 -1 -0.0052
0 -74.2786 39.3592 -0 -0.9125 0.4091
0 -8.2699 101.383 0 0.1264 0.992
0 -27.9445 -53.9667 0 -0.9986 0.0529
0 -76.7734 30.4705 -0 -0.9534 0.3019
0 49.7516 -36.0368 -0 0.6355 0.7721
-30.6694 -48.9604 47.9324 -0.9104 -0.403 0.0933
-28.5925 -54.7723 53.3109 -0.9201 -0.2904 0.2628
-23.633 -61.2295 56.6056 -0.6937 -0.4754 0.541
-19.1984 -65.2719 58.1826 -0.6452 -0.7075 0.2883
-13.7286 -68.8724 58.3541 -0.4873 -0.8636 0.1294
-8.8674 -71.1685 57.462 -0.2474 -0.9581 0.1443
-4.013 -72.0002 56.5648 -0.0487 -0.9895 0.1359
-21.9822 -62.5439 33.9392 -0.4493 -0.8488 0.2786
-25.4787 -59.2069 36.5177 -0.5624 -0.7694 0.3029
-27.3597 -56.7615 38.3729 -0.6831 -0.6781 0.2712
-16.58 -65.4538 33.1414 -0.3849 -0.8742 0.2959
-2.8237 -68.9617 -14.533 -0.0446 -0.9823 0.1821
-7.4909 -67.754 -15.3281 -0.4879 -0.8325 0.2624
-12.5403 -62.9984 -14.8652 -0.6637 -0.7372 0.127
-17.0171 -60.8456 -7.25671 -0.3922 -0.9197 -0.0193
-20.0362 -60.1442 -1.47221 -0.6575 -0.7308 -0.1834
-20.35 -60.5949 6.6401 -0.5758 -0.8175 -0.0126
-18.4184 -61.8025 12.5854 -0.5333 -0.8335 -0.1444
-15.5101 -65.1611 17.6229 -0.3114 -0.9002 -0.3044
-11.2094 -68.4363 24.2391 -0.1664 -0.9003 -0.4022
-8.1648 -71.3792 27.0205 -0.4182 -0.9031 -0.097
-28.1889 -52.911 64.021 -0.8195 -0.5487 -0.1651
-23.406 -60.9301 72.6692 -0.7255 -0.6882 -0.0002
-15.5902 -66.9005 74.4935 -0.6195 -0.7284 -0.2926
-9.1661 -72.6288 73.6301 -0.4779 -0.6923 -0.5407
-3.9507 -75.1279 74.6625 -0.4021 -0.9151 0.0293
-11.8799 -67.429 33.7123 -0.3687 -0.8042 0.4662
-7.9965 -67.7949 35.9465 -0.5713 -0.651 0.4998
-4.9206 -69.7365 37.9832 -0.7554 -0.5783 0.308
-2.3731 -73.3554 39.0223 -0.6586 -0.6909 0.2981
-24.9367 -61.6495 42.5556 -0.7822 -0.6138 -0.1065
-20.4703 -64.9291 44.8502 -0.5198 -0.853 0.0471
-101.904 46.6325 -88.5772 -0.6551 0.7345 0.1768
-117.95 24.6908 -88.5772 -0.966 0.0861 0.2438
-70.6768 -26.6816 -88.5772 -0.5364 -0.8432 0.0363
-36.1063 -44.2224 -88.5772 -0.3652 -0.9155 0.1688
-11.2323 -41.7178 -88.5772 0.4013 -0.9132 0.0707
-7.2947 -41.3154 -88.5772 0.0045 -0.9935 0.1141
-15.2935 -67.5773 45.6564 -0.3062 -0.9403 0.1484
-10.9715 -68.5794 44.6489 0.2428 -0.9657 0.0921
-8.4237 -66.4285 42.7185 0.6161 -0.7529 -0.2314
-4.3456 -68.6566 84.9648 -0.0692 -0.6131 0.787
-5.5102 -50.5661 95.1452 -0.0312 -0.3263 0.9447
-8.913 -10.3083 100.657 -0.1593 0.0783 0.9841
-10.2543 -51.1791 94.2814 -0.3116 -0.3154 0.8963
-17.826 -12.3467 98.6605 -0.2398 0.0462 0.9697
-34.6739 42.9602 -36.7205 -0.1588 0.4889 0.8578
-20.0296 -48.878 -88.5772 0.1701 -0.9712 0.1667
-43.3698 -23.1651 25.1399 -0.9869 -0.107 -0.1206
-2.9162 -27.8201 -53.9667 -0.1096 -0.991 0.0766
-6.6851 -27.1646 -53.9667 -0.4303 -0.8938 0.1261
-9.3237 -25.1003 -54.0803 -0.5686 -0.794 0.2151
-12.4968 -22.7592 -53.7867 -0.2592 -0.8912 0.3723
-36.3671 -29.3484 39.1545 -0.8383 0.175 -0.5164
-32.809 -26.3597 32.2425 -0.9622 -0.2569 0.0903
-41.5746 -23.3233 44.8776 -0.7134 -0.2395 -0.6586
-41.7662 -29.0676 42.0672 -0.6907 0.1989 -0.6953
-42.2257 -22.3943 40.3319 -0.768 -0.6383 0.0528
-41.916 -24.2801 35.2711 -0.6559 -0.7549 0.0063
-41.1667 -24.2431 40.2756 -0.8964 -0.4322 -0.0987
-36.3399 -14.2057 8.153 -0.9999 -0.0104 0.0028
-39.5766 -31.794 37.7335 -0.9765 -0.0787 -0.2004
-42.8769 -17.779 32.8087 -0.8633 -0.4919 0.113
-42.6648 -20.0481 30.2423 -0.912 -0.3408 0.2282
-42.8137 -25.8039 26.8703 -0.751 -0.5608 0.3485
-36.2627 -27.9534 26.6285 -0.8333 -0.2347 0.5005
-43.4672 -18.7662 46.3814 -0.7973 -0.3523 -0.4901
-43.4173 -15.7209 38.5965 -0.8175 -0.5755 -0.0224
-17.4355 -61.4852 -0.694305 -0.4562 -0.8788 -0.1398
-2.6485 -71.929 5.944 -0.1956 -0.7482 -0.634
-2.2775 -71.1644 -2.88821 -0.1096 -0.8434 0.526
-5.2952 -70.3525 -2.74451 -0.32 -0.8379 0.4422
-13.4022 -63.5489 1.91659 0.3783 -0.3177 0.8695
-10.1087 -67.2402 -2.1751 -0.5172 -0.7977 0.3101
-5.6624 -70.9659 6.0991 -0.3618 -0.6994 -0.6163
-10.0317 -67.7746 6.1144 -0.5217 -0.6149 -0.5914
-13.4154 -63.6943 5.13969 -0.6374 -0.7635 -0.1043
-10.0542 -67.5355 -3.4109 -0.6939 -0.7008 -0.1653
-5.5082 -70.5784 -4.44721 -0.428 -0.8923 -0.1435
-2.2488 -71.6082 -4.4841 -0.1771 -0.9734 -0.1451
-2.9416 -72.9567 8.078 -0.2357 -0.9042 -0.3561
-6.1733 -71.6829 8.0965 -0.4722 -0.828 -0.3023
-9.9943 -68.4041 7.0481 -0.6545 -0.7125 -0.2527
-5.4963 -69.6562 15.2996 -0.4859 -0.842 0.2341
-1.7343 -71.6536 14.5481 0.0152 -0.9021 0.4312
-3.3649 -71.1118 14.4249 -0.4377 -0.8105 0.3892
-0.8496 -71.4353 14.3014 0.1322 -0.9257 0.3544
-1.9793 -70.3606 17.239 -0.4351 -0.8514 -0.2931
-0.8287 -70.3971 16.7388 -0.2806 -0.9457 -0.1641
-1.804 -71.0738 15.9236 -0.1274 -0.8909 0.436
-0.8459 -71.1967 15.5638 0.0849 -0.9376 0.3371
-0.8983 -72.6157 11.9984 0.223 -0.8187 0.5292
-1.7258 -73.1722 11.8245 -0.0018 -0.8894 0.4571
-38.6661 -29.4042 44.6484 -0.2463 -0.5505 0.7977
-41.452 -31.0375 47.2316 0.0578 -0.7362 0.6743
-43.6164 -30.7337 45.1527 -0.7971 -0.5872 0.1407
-36.5212 -19.053 26.401 -0.6412 0.7053 -0.3023
-38.0365 -22.1797 21.8282 -0.5245 0.5727 -0.63
-42.7838 -19.9021 22.4741 -0.4933 0.5773 -0.6506
-44.5283 -19.6192 28.71 -0.9869 -0.1213 0.1064
-38.3455 -31.1066 27.7887 -0.9863 0.1114 -0.1215
-39.0946 9.5188 -28.751 -0.8397 -0.2458 0.4843
-37.6405 1.1552 -3.3409 -0.9769 0.1856 0.106
-34.8928 -0.712601 19.5489 -0.9753 0.2004 0.0927
-35.5465 -0.644201 35.4697 -0.9763 0.2141 -0.0329
-7.3247 -69.7549 25.7943 -0.0564 -0.6141 -0.7872
-10.3877 -66.3502 21.7534 -0.1074 -0.9154 -0.3879
-13.4577 -63.3797 -2.2714 -0.6166 -0.7643 -0.1889
-28.264 -55.1029 43.9696 -0.8078 -0.5034 -0.3067
-25.8748 -60.1336 46.2735 -0.6483 -0.6722 -0.3575
-44.6009 -26.4687 47.1947 -0.9496 -0.2338 0.2086
-44.5258 -21.5243 48.1082 -0.9805 0.027 0.1945
-46.1384 -15.3597 38.4652 -0.9634 -0.2678 -0.0107
-45.2351 -17.7747 31.6887 -0.9416 -0.3367 -0.0059
-42.2874 -25.8654 19.4786 -0.5718 0.0945 -0.815
-41.5514 -30.4745 19.3674 -0.5066 -0.5704 -0.6465
-42.2765 -32.073 41.5371 -0.5927 -0.7787 -0.2056
-41.648 -26.5753 49.6866 0.081 -0.2916 0.9531
-42.5884 -19.5666 50.5082 -0.1003 0.2534 0.9622
-44.3132 -12.269 39.123 -0.3026 0.9529 0.0218
-43.5081 -15.2606 31.2893 -0.309 0.8638 -0.398
-37.8817 -24.7509 20.3938 -0.642 0.2375 -0.729
-37.8151 -29.0482 19.8746 -0.6201 -0.0909 -0.7793
-38.3473 -32.3835 41.9406 -0.6655 -0.7278 0.1653
-38.3015 -25.5622 46.3926 -0.3366 -0.1119 0.935
-38.0647 -20.0772 46.034 0.627 0.2477 0.7386
-36.8913 -15.4107 39.8386 -0.9896 0.0503 -0.1347
-37.313 -32.089 23.6645 -0.7716 -0.6253 -0.1171
-37.552 -16.8376 43.4965 -0.9934 0.0994 -0.0579
-37.1446 -19.9699 19.7975 -0.9771 0.2126 -0.0001
-35.6348 -12.0862 16.7197 -0.9942 0.102 0.0329
-36.8022 -32.9756 58.8597 -0.9725 -0.2325 -0.0106
-37.5937 -30.4486 50.6589 -0.9654 -0.1907 0.178
-27.4253 -21.9092 -36.2244 -0.3289 -0.9443 -0.014
-28.7071 -23.869 -18.0447 -0.4676 -0.8675 -0.1695
-3.3594 -33.1267 -25.8353 -0.2508 -0.8788 -0.4061
-7.9523 -31.6578 -25.221 -0.5271 -0.6997 -0.4823
-13.6692 -27.3566 -24.1117 -0.7008 -0.5559 -0.4471
-16.7046 -21.6378 -25.8351 -0.4254 -0.8602 -0.2811
-37.7172 -15.6086 53.6586 -0.9981 0.0244 -0.057
-9.029 -66.6351 85.6994 -0.4036 -0.5504 0.7309
-13.618 -53.5408 91.3382 -0.4888 -0.3746 0.7879
-2.872 -75.0626 78.8558 -0.1258 -0.8773 0.4631
-3.6219 -72.9654 47.4209 0.127 -0.8864 -0.4452
-7.3129 -72.691 47.9841 -0.3414 -0.7306 -0.5914
-10.6634 -70.5613 49.4969 -0.5214 -0.5634 -0.6409
-17.7247 -67.7839 50.2507 -0.4645 -0.799 -0.3819
-24.4917 -63.5037 50.3469 -0.5779 -0.7176 -0.3887
-25.554 -58.817 41.3164 -0.6753 -0.5612 -0.4786
-7.6865 -64.672 41.9908 0.0231 -0.9726 0.2314
-8.8527 -65.9491 41.8964 -0.1824 -0.3358 -0.9241
-11.353 -68.1483 43.6481 -0.1895 -0.5591 -0.8072
-15.4389 -67.0138 44.5507 -0.2139 -0.3654 -0.9059
-20.0677 -64.5988 43.7998 0.0237 -0.3835 -0.9232
-23.9432 -62.2037 41.751 -0.0692 -0.5156 -0.854
-33.851 -43.8234 46.9251 -0.9169 -0.3638 0.1643
-30.0109 -52.222 39.4128 -0.8017 -0.5683 0.1852
-33.7541 -48.4894 35.6503 -0.9203 -0.3344 0.203
-34.996 -43.5875 29.6635 -0.9829 -0.1753 -0.0563
-29.9689 -23.9759 -0.133301 -0.7478 -0.4852 -0.4532
-31.2491 -32.2545 -0.836906 -0.9062 0.0228 -0.4223
-20.6334 -59.354 13.2648 -0.8101 -0.5783 -0.0962
-18.4387 -63.0867 18.6279 -0.6745 -0.7269 -0.1293
-21.9204 -57.3815 7.3349 -0.9137 -0.4042 0.0419
-22.2709 -56.4036 -1.2189 -0.9138 -0.3879 -0.1202
-26.1902 -23.4212 -52.8279 -0.3692 -0.8892 0.2702
-13.9275 -60.7095 -6.3302 -0.456 -0.8886 -0.0501
-11.2488 -64.1125 -10.0007 -0.7058 -0.7072 -0.0413
-7.0785 -67.2473 -11.2206 -0.4989 -0.865 -0.053
-2.967 -68.6353 -11.0272 -0.18 -0.9723 -0.1493
-30.9508 -37.5968 0.146698 -0.9294 -0.1547 -0.3351
-30.2273 -42.1575 0.780998 -0.9416 -0.256 -0.2186
-2.7975 -34.3904 -34.9403 -0.2587 -0.944 -0.2046
-3.3513 -37.6462 -22.6452 -0.1743 -0.265 -0.9484
-3.3141 -49.8467 -24.0553 -0.2759 0.2394 -0.9309
-8.1026 -51.0416 -21.4394 -0.4426 0.3121 -0.8407
-16.0998 -45.3952 -15.8827 -0.512 0.1726 -0.8415
-24.383 -35.3951 -9.6968 -0.7195 0.0064 -0.6945
-35.5505 -28.9995 10.7727 -0.9341 -0.2088 -0.2895
-37.6243 -34.2187 30.2174 -0.9389 -0.3232 -0.1186
-8.7409 -64.7039 42.3197 -0.9836 -0.0601 -0.1701
-8.0652 -66.0245 41.1471 0.0249 -0.9414 0.3363
-9.8341 -66.481 40.3841 -0.2036 -0.9091 0.3635
-12.55 -66.3212 39.7136 -0.2047 -0.6546 0.7278
-11.0185 -65.3553 44.8095 -0.4961 0.1724 -0.851
-16.4734 -64.8556 39.5782 -0.1451 -0.5068 0.8498
-15.4765 -64.3589 46.0625 0.0452 0.2301 -0.9721
-20.5417 -63.4007 40.6411 -0.3612 -0.6489 0.6697
-23.9821 -60.2749 42.4026 0.6573 -0.0773 -0.7497
-26.2185 -59.0698 44.373 -0.8432 -0.5245 -0.1182
-20.7787 -61.1168 45.1301 0.4599 0.1569 -0.874
-35.9506 -41.4448 33.9378 -0.9612 -0.2753 -0.0173
-34.8874 -46.1862 26.8869 -0.9709 -0.1738 -0.1649
-31.9547 -50.5555 23.4347 -0.8388 -0.3745 -0.3952
-27.3704 -56.9008 21.7518 -0.6824 -0.6141 -0.3964
-22.3416 -58.7904 19.7774 -0.6082 -0.7142 -0.3464
-26.836 -43.1487 -6.07111 -0.896 -0.1406 -0.4212
-30.1444 -43.1594 8.14439 -0.9285 -0.3606 -0.0883
-29.6896 -45.5445 15.5163 -0.886 -0.4028 -0.2295
-32.6714 -56.1764 30.1708 -0.8253 -0.5647 0.0097
-26.7871 -56.0029 41.0517 -0.813 -0.5813 -0.0329
-24.1291 -58.6284 38.9404 -0.5557 -0.8182 0.1477
-20.9798 -62.057 34.8971 -0.4684 -0.8114 0.3495
-16.1528 -64.7101 34.1105 -0.329 -0.8952 0.3008
-11.5692 -65.6004 34.8132 -0.3171 -0.8523 0.4159
-7.9152 -66.3408 37.1755 -0.5597 -0.6156 0.5548
-5.5472 -67.4198 39.2365 -0.7415 -0.4033 0.5362
-2.41 -72.5928 40.5708 -0.6061 -0.5963 0.5263
-32.4988 -38.5447 8.6371 -0.9167 -0.3472 -0.1978
-21.7763 -62.5803 72.0578 -0.6746 -0.7376 0.0286
-19.9871 -64.7098 63.4159 -0.7198 -0.694 0.0136
-19.6832 -68.599 53.3422 -0.5749 -0.8182 -0.0086
-4.4184 -71.4018 71.9378 -0.3399 -0.9395 0.042
-9.1388 -72.039 61.9438 -0.2117 -0.9759 0.0538
-8.5554 -73.9563 51.5449 -0.2482 -0.9678 -0.0429
-7.4046 -71.1762 47.1339 -0.445 -0.3631 -0.8186
-7.4319 -69.142 46.6079 -0.4574 -0.439 -0.7733
-7.7169 -68.1442 45.8715 -0.5185 -0.5303 -0.6708
-5.8447 -69.4789 45.948 -0.5365 -0.5638 -0.6279
-9.6259 -60.076 42.9328 -0.807 -0.1841 -0.5611
-13.2576 -64.5623 16.5553 -0.2898 -0.9327 -0.2146
-2.3549 -74.294 37.0121 -0.6697 -0.7069 0.2274
-2.5232 -70.6936 41.715 -0.685 -0.6587 0.3113
-6.9344 -64.8819 42.7497 -0.3141 -0.9486 -0.0381
-7.9948 -64.8824 44.5534 0.0031 -0.9486 -0.3166
-5.5347 -66.0717 42.1496 -0.603 -0.7221 -0.339
-5.4286 -65.5084 40.5939 -0.5028 -0.8599 0.0882
-3.9975 -70.9423 35.7224 -0.7634 -0.6183 0.1868
-22.8995 -51.7425 -4.6049 -0.7539 -0.6423 -0.1381
-23.7711 -51.4521 1.7594 -0.7517 -0.6547 -0.0796
-23.666 -52.5432 7.9175 -0.7182 -0.6799 -0.1478
-33.9183 -46.762 40.2862 -0.9067 -0.3997 0.1346
-30.8915 -50.9929 43.9873 -0.8893 -0.4538 0.0564
-29.2261 -52.2891 55.2817 -0.9097 -0.396 0.1248
-28.1267 -57.211 34.6664 -0.6464 -0.6867 0.3326
-23.1927 -59.1032 41.3855 -0.5165 -0.731 -0.446
-22.9628 -56.1586 42.7923 0.8883 -0.4562 0.0535
-7.5033 -65.6825 38.6993 -0.0884 -0.9807 0.1746
-20.6744 -58.0822 40.5728 0.3469 -0.2033 0.9156
-37.1367 -14.1554 -53.7829 -0.5112 -0.7283 0.4565
-10.5304 -61.1677 40.5249 -0.4936 -0.1523 0.8562
-17.0959 -59.7309 39.8218 0.0554 -0.1414 0.9884
-13.3415 -60.956 39.8496 -0.1451 -0.1403 0.9794
-21.1544 -63.234 46.9133 -0.47 -0.7423 -0.4777
-15.2045 -66.1154 47.7749 -0.3093 -0.8198 -0.482
-10.5899 -66.985 46.6625 -0.0136 -0.9612 -0.2756
-20.0442 -56.9857 45.2523 0.269 -0.179 -0.9464
-15.9077 -58.8173 45.6178 -0.0929 -0.114 -0.9891
-11.9981 -59.8938 44.6435 -0.4461 -0.1247 -0.8862
-1.5806 -75.2121 18.9519 -0.4906 0.1082 -0.8646
-1.2722 -72.4039 18.0498 -0.735 -0.3525 -0.5793
-3.8668 -69.4536 17.8807 -0.315 -0.8475 -0.4271
-7.3703 -70.9715 17.4351 -0.144 -0.3022 -0.9423
-6.0766 -71.3406 18.2323 0.5565 -0.2253 -0.7997
-3.9407 -75.3137 19.0761 0.1248 -0.1663 -0.9781
-2.6041 -65.8951 -23.5171 -0.057 -0.6708 -0.7395
-3.6147 -58.5837 -27.1479 -0.2465 -0.099 -0.9641
-7.6672 -68.7718 -17.8323 -0.4459 -0.8903 -0.0924
-2.9176 -69.959 -17.3224 0.077 -0.9922 -0.0979
-8.7079 -56.7856 -24.9094 -0.4358 0.092 -0.8954
-7.5677 -65.2305 -23.3003 -0.3309 -0.5385 -0.7749
-16.3564 -53.9122 -20.0562 -0.5699 0.137 -0.8102
-22.3546 -50.9665 -11.9845 -0.875 -0.2791 -0.3956
-19.5981 -55.3085 -16.4086 -0.8593 -0.314 -0.4039
-13.8766 -61.4889 -20.4157 -0.7128 -0.4552 -0.5335
-12.9851 -64.6898 10.1878 -0.6531 -0.757 0.0197
-6.4672 -69.0528 13.1901 -0.5964 -0.7567 0.2677
-3.6987 -72.1296 12.2186 -0.5088 -0.7573 0.4095
-9.4868 -68.2041 72.7462 -0.3437 -0.9123 0.2226
-15.182 -66.2701 73.0238 -0.4455 -0.8715 0.2049
-24.9192 -56.9941 63.8884 -0.8036 -0.5946 -0.0265
-32.4913 -42.8512 53.4816 -0.9296 -0.3008 0.213
-36.1392 -1.5217 49.2551 -0.9784 0.1937 -0.0725
-32.5296 7.4878 25.9896 -0.9139 0.3912 -0.1082
-29.7617 16.9771 -5.8423 -0.7076 0.6115 0.3541
-16.0575 27.9629 -10.3516 -0.529 0.7886 0.3134
-23.4848 -59.3018 60.4859 -0.8154 -0.5648 0.1267
-14.302 -69.6175 62.806 -0.5254 -0.8503 0.0308
-4.1643 -72.0528 61.7589 -0.1057 -0.9929 0.0539
-8.2536 -67.4447 21.9097 -0.9849 -0.1173 -0.1276
-6.0376 -69.0337 25.3383 -0.8075 -0.5889 -0.0337
-4.5265 -73.5455 25.8905 -0.7583 -0.5242 0.3875
-4.8388 -76.5913 22.4786 -0.8528 -0.4994 0.1529
-5.0598 -68.5603 17.9283 -0.5658 -0.6248 -0.538
-4.7716 -75.9326 19.5259 -0.6054 -0.5105 -0.6106
-5.2881 -72.015 31.6646 -0.7456 -0.6334 0.2071
-8.6367 -70.0282 17.5803 -0.5417 0.0076 -0.8405
-7.7261 -73.3199 20.0771 -0.7238 -0.6573 -0.2097
-7.1823 -73.2997 23.1019 -0.6707 -0.6991 0.2478
-10.897 -68.4171 21.7497 -0.893 0.4499 -0.0101
-8.0684 -71.6024 25.271 -0.5251 -0.3304 0.7843
-2.1461 -76.8411 27.5382 -0.6408 -0.6656 0.3826
-9.7285 -68.8061 24.0693 -0.6044 0.4332 0.6686
-9.6249 -68.815 18.9425 -0.6864 0.4566 -0.566
-29.9078 -54.115 36.8761 -0.7578 -0.56 0.3348
-17.0563 -65.0861 31.6184 -0.4487 -0.8879 0.1016
-16.1585 -65.7162 38.4846 -0.3357 -0.9321 0.1361
-13.8169 -68.185 25.8218 -0.374 -0.9224 -0.0962
-8.6152 -73.1228 80.3817 -0.3442 -0.8417 0.416
-27.0279 -53.2322 14.7157 -0.7568 -0.597 -0.2663
-22.7049 -55.4937 13.8023 -0.715 -0.6485 -0.2613
-17.0456 -61.6968 11.1287 -0.3746 -0.9149 -0.1505
-8.6155 -37.661 -21.838 -0.3912 -0.2308 -0.8909
-12.7618 -24.2001 -35.8516 -0.7658 -0.6104 -0.2023
-6.7771 -32.5517 -34.7938 -0.5822 -0.7912 -0.1871
-15.2708 -33.7039 -18.3513 -0.6754 -0.237 -0.6984
-2.0419 -70.5384 -6.1828 -0.1349 -0.8871 -0.4413
-16.7308 -58.6238 -14.8286 -0.7576 -0.643 -0.1119
-12.7799 -63.6948 -17.27 -0.7288 -0.6844 0.0225
-5.2817 -69.7049 -6.4977 -0.3881 -0.8502 -0.3557
-10.2522 -66.0181 -5.19061 -0.7233 -0.648 -0.2385
-20.4512 -57.8707 -7.4007 -0.826 -0.5058 -0.249
-8.0778 -69.2491 32.6919 -0.465 -0.8602 0.2094
-9.2588 -60.3906 41.9025 -0.9309 -0.2339 0.2806
-6.1161 -68.769 44.5525 -0.6233 -0.6011 -0.5001
-11.7998 -67.861 30.8881 -0.3798 -0.9079 0.1774
-3.13 -70.5281 43.3442 -0.4892 -0.811 -0.3208
-2.4193 -70.372 4.8211 -0.071 0.0855 -0.9938
-27.4564 -49.4478 1.40929 -0.7807 -0.6065 -0.1504
-10.0121 -66.6413 5.32909 0.0407 0.0862 -0.9954
-5.3828 -69.5335 5.1364 -0.051 0.0801 -0.9955
-3.1409 -70.0939 16.4952 -0.401 -0.8461 0.3512
-2.8258 -80.0322 18.9776 -0.4979 -0.5815 -0.6434
-2.5395 -81.0281 22.9071 -0.5608 -0.8033 0.2006
-10.2561 -70.7658 22.5666 -0.8483 -0.5199 0.1006
-3.3782 -73.4751 10.1427 -0.3179 -0.9437 0.0913
-10.792 -67.7499 47.6873 -0.1831 -0.652 -0.7357
-11.8896 -66.8235 38.8016 0.0246 -0.991 0.1315
-20.5279 -63.335 39.5478 -0.6548 -0.7529 -0.0658
-21.5829 -56.6013 44.3448 0.6024 -0.2396 -0.7614
-20.7757 -65.2683 47.5048 -0.3395 -0.6706 -0.6595
-15.2553 -68.5788 48.2557 -0.2726 -0.74 -0.6148
-26.6399 -61.4329 27.7965 -0.603 -0.7935 -0.0826
-20.5042 -64.9407 26.2434 -0.4763 -0.8613 -0.1772
-33.6303 -46.3412 67.1328 -0.9037 -0.4193 -0.0864
-39.1279 -13.2602 64.752 -0.9988 0.0475 0.0095
-34.1778 -51.3336 32.9271 -0.9298 -0.3065 0.2039
-23.7185 -61.35 32.262 -0.5388 -0.8177 0.2028
-8.4619 -69.3409 29.0895 -0.5141 -0.8293 0.219
-2.2537 -75.2982 32.8949 -0.5841 -0.783 0.214
-3.882 -73.9122 50.7311 0.1588 -0.9873 0.0015
-4.0388 -71.7663 45.8579 -0.2008 -0.7407 -0.6411
-10.109 -70.1143 20.9538 -0.8506 -0.4407 -0.2867
-10.4406 -69.5334 48.6048 -0.4014 -0.5058 -0.7636
-26.057 -50.2264 -5.08121 -0.7844 -0.5807 -0.2179
-10.5391 -68.0428 8.87569 -0.7319 -0.6647 0.1501
-22.2096 -27.1187 -11.8222 -0.6648 -0.5265 -0.53
-35.8266 -17.257 -6.512 -0.9142 -0.3969 -0.0818
-28.9458 -58.2633 49.613 -0.9167 -0.3946 -0.0621
-15.7868 37.1088 45.7541 -0.4938 0.8606 -0.1249
-27.4095 21.9956 43.0119 -0.8548 0.494 -0.1592
-36.1803 -36.0443 25.46 -0.9453 -0.2845 -0.1597
-33.2967 -40.8807 17.3453 -0.8863 -0.3913 -0.2477
-25.9161 -39.9747 -8.39761 -0.79 0.0109 -0.613
-27.8898 -50.4507 7.9528 -0.7791 -0.6101 -0.1445
-6.6295 -71.9869 10.2187 -0.5485 -0.8006 0.2413
-12.6934 -72.1515 52.541 -0.4376 -0.8935 -0.1007
-15.464 -69.3044 80.4854 -0.5799 -0.7622 0.2878
-26.739 -14.385 96.4758 -0.498 0.0513 0.8656
-17.1897 18.6024 90.7126 -0.3176 0.5227 0.7911
-17.4851 36.9557 69.1384 -0.315 0.8997 0.3022
-12.8539 27.65 11.4039 -0.445 0.8526 -0.274
-29.4208 31.8646 -27.0844 -0.3618 0.6635 0.6548
-15.4823 -19.471 -39.8599 -0.2865 -0.9576 -0.0302
-18.1752 -60.6189 6.47459 -0.3006 -0.951 -0.0724
-23.9146 19.5128 14.1357 -0.7215 0.6842 0.1062
-33.8833 -34.3445 9.4246 -0.9423 -0.2039 -0.2654
-37.1346 -11.0919 -33.4436 -0.8769 -0.4674 0.1125
-37.2524 -22.4319 88.1376 -0.8378 -0.1095 0.5349
-32.4097 23.9002 66.0722 -0.8515 0.5109 0.1182
-26.2929 -64.4314 53.7434 -0.6934 -0.6702 0.2648
-31.4566 11.2476 83.9235 -0.7677 0.3449 0.5401
-43.3252 21.6421 -27.2696 -0.5172 0.1269 0.8464
-25.502 -57.6127 80.1264 -0.7496 -0.5182 0.4119
-52.0055 11.2123 -35.153 -0.3782 -0.5194 0.7663
-60.8857 27.562 -32.0928 -0.3839 0.1035 0.9176
-2.1999 -76.0696 30.2166 -0.6107 -0.7624 0.2139
-5.027 -72.1885 27.7076 -0.7189 -0.6892 0.0906
-43.9909 -28.3856 46.644 -0.9285 -0.3 0.2187
-42.9793 -30.7091 42.111 -0.8678 0.1 -0.4867
-42.2804 -23.5817 31.3498 -0.8278 -0.5607 -0.0176
-44.6658 -21.1224 34.4791 -0.9605 -0.2177 -0.1734
-45.5514 -19.4414 39.613 -0.9973 -0.0665 0.0305
-44.5028 -20.5543 44.7572 -0.9926 -0.0879 0.0832
-38.1116 -31.1495 25.4009 -0.8842 -0.3738 0.28
-41.6795 -29.6728 23.0246 -0.746 -0.602 0.2849
-106.868 2.6076 -88.5772 -0.7851 -0.5948 0.1727
-47.8072 -1.8672 -48.0564 -0.4615 -0.6373 0.6171
-10.688 81.5776 -101.383 -0.0711 0.9975 0
-35.2041 78.477 -101.383 -0.2838 0.9589 0
-14.2893 -69.095 50.1134 -0.3329 -0.8495 -0.4092
-8.9881 -71.6261 48.4836 -0.5791 -0.5191 -0.6287
-5.4674 -72.8282 47.4456 -0.2084 -0.8208 -0.5319
-10.6244 -73.0539 52.0429 -0.4432 -0.891 -0.0983
-16.0006 -70.3752 52.9416 -0.44 -0.8943 -0.0812
-22.1015 -66.5152 53.5428 -0.5913 -0.7966 0.1257
0 -31.0553 -71.9337 0 -0.8664 0.4994
0 65.3229 -48.1596 0 0.78 0.6258
-45.5106 59.51 -46.2019 -0.2663 0.7464 0.6099
-80.8912 36.0879 -48.5374 -0.6105 0.4186 0.6723
-88.6288 16.0789 -52.0937 -0.6446 -0.1475 0.7501
-82.1993 -1.7105 -58.0485 -0.459 -0.5369 0.7078
-62.8048 -16.5127 -63.7204 -0.1945 -0.569 0.799
-22.8355 -31.0999 -64.6072 -0.2845 -0.6955 0.6598
-16.483 -33.5577 -64.7142 0.0828 -0.7572 0.6479
-10.1306 -30.9517 -64.8211 0.1068 -0.8101 0.5765
-6.5843 -32.35 -66.7417 0.1042 -0.8566 0.5053
-4.428 -32.788 -68.8955 0.2812 -0.8352 0.4727
-1.8536 -33.2862 -71.4274 0.5734 -0.6485 0.5006
-15.2326 -20.1024 -44.2914 -0.1751 -0.9753 0.1344
-11.0428 -23.6375 -42.4341 -0.7121 -0.6936 -0.1089
-6.7311 -28.8454 -41.8484 -0.5561 -0.7881 -0.2638
-2.8569 -30.0925 -41.9217 -0.1981 -0.9168 -0.3468
0 -30.3264 -41.9351 -0 -0.9295 -0.3687
0 -39.1348 -77.3372 -0 -0.8716 0.4901
0 79.3834 -71.867 0 0.9385 0.3453
-57.2998 63.2887 -69.3217 -0.4455 0.8335 0.3269
-92.8115 46.6574 -70.806 -0.5881 0.6662 0.4585
-107.897 22.8341 -71.3452 -0.8086 0.059 0.5853
-98.4365 0.6866 -72.2732 -0.7125 -0.5481 0.4381
-70.6768 -26.6816 -71.867 -0.4418 -0.7915 0.4222
-32.0062 -39.9568 -73.1817 -0.219 -0.794 0.5671
-17.7836 -40.683 -73.5283 0.117 -0.8345 0.5384
-9.1923 -38.6535 -74.6522 0.256 -0.861 0.4394
-6.0119 -38.4432 -75.6635 0.1015 -0.9113 0.399
-3.7225 -38.7163 -76.4163 0.0349 -0.9033 0.4275
-1.7184 -39.0203 -77.1356 0.0161 -0.888 0.4595
-2.0844 -41.9503 -101.383 -0.0879 -0.9961 0.0012
0 -42.0625 -101.383 0 -1 -0
0 81.7538 -101.383 0 1 0
-63.6601 64.7427 -101.383 -0.431 0.9023 -0.0082
-101.904 46.6325 -101.383 -0.6372 0.7707 0
-117.95 24.6908 -101.383 -0.9965 0.0831 0
-106.868 2.6076 -101.383 -0.779 -0.6271 -0
-70.6768 -26.6816 -101.383 -0.5438 -0.8392 0
-36.1063 -44.2224 -101.383 -0.3669 -0.9302 0
-20.0296 -48.878 -101.383 0.1993 -0.9799 0
-11.2323 -41.7178 -101.383 0.3825 -0.924 0
-7.2947 -41.3154 -101.383 -0.0093 -1 0
-4.5107 -41.6521 -101.383 -0.1211 -0.9926 -0.0002
-38.0253 -30.6629 20.7853 -0.2593 -0.8068 -0.5308
-29.7322 12.1711 10.3951 -0.8412 0.5156 0.163
-36.2666 0.2213 8.104 -0.9609 0.2462 0.1269
-29.7469 13.7373 2.2764 -0.7998 0.5854 0.1328
-11.4598 18.8219 91.0576 -0.0938 0.5333 0.8407
-5.8284 39.3589 70.3846 -0.2172 0.911 0.3506
-11.6567 36.382 69.7615 -0.2316 0.8986 0.3726
-5.2623 39.9027 43.8153 -0.256 0.9564 -0.1408
-10.5246 38.5058 44.7847 -0.2839 0.9514 -0.1197
-4.2846 26.9151 10.7328 0.1953 0.9029 -0.3829
-8.5693 28.8487 11.0684 0.0461 0.9454 -0.3225
-5.3525 30.7168 -12.1662 0.2649 0.9182 0.2946
-10.705 32.3473 -11.2589 -0.1437 0.9443 0.296
-5.9547 36.3489 -23.9838 -0.0726 0.8052 0.5885
-19.6139 34.1067 -25.5341 -0.2641 0.7699 0.581
-9.3 51.6939 -36.4144 -0.0443 0.6194 0.7838
-23.1136 45.9954 -36.4419 -0.1986 0.5316 0.8234
-11.2304 63.4714 -48.145 -0.0452 0.7729 0.6329
-30.3395 62.265 -45.9414 -0.1277 0.7108 0.6917
-10.688 81.5776 -71.867 0.0362 0.9498 0.3106
-35.2041 78.477 -71.867 -0.3211 0.9055 0.2774
-35.2041 78.477 -88.5772 -0.3049 0.9521 0.0214
-10.688 81.5776 -88.5772 -0.0511 0.9984 0.0226
-43.5395 -25.8018 44.9505 -0.7383 0.0191 -0.6742
-45.0583 -17.31 45.3186 -0.9829 -0.1652 0.081
-42.6355 -16.0383 48.252 -0.1025 0.7029 0.7039
-2.3351 -70.0824 -1.981 0.0477 -0.3464 0.9369
0 -70.2304 -2.25101 -0 -0.3502 0.9367
-10.0361 -66.3643 -0.734604 0.0977 -0.343 0.9342
-5.2985 -69.2652 -1.6704 -0.0061 -0.3428 0.9394
0 -71.9247 71.6914 -0 -0.9996 0.0286
-14.3991 -47.1311 43.2207 -0.1885 -0.9815 -0.0327
0 -45.3076 7.0659 0 0.0956 -0.9954
-13.2911 -45.2831 7.0665 -0.0008 -0.2714 0.9625
-2.2595 -45.3069 7.06609 -0.0021 0.0922 -0.9957
-9.9064 -45.2935 7.0663 0.0243 -0.3139 0.9491
-5.2229 -45.3039 7.0663 -0.003 0.084 -0.9965
-15.2343 -62.746 3.7614 -0.5119 -0.858 0.043
19.3434 -23.0902 -53.3073 -0.1051 -0.8832 0.4571
2.0466 -71.6623 22.7795 0.2627 -0.225 -0.9383
43.0435 -25.9974 22.7906 0.9755 -0.1915 -0.1079
30.6693 -48.9604 47.9324 0.9104 -0.403 0.0933
28.5925 -54.7723 53.3109 0.9201 -0.2904 0.2628
23.633 -61.2295 56.6056 0.6937 -0.4754 0.541
19.1984 -65.2719 58.1826 0.6452 -0.7075 0.2883
13.7286 -68.8724 58.3541 0.4873 -0.8636 0.1294
8.8674 -71.1685 57.462 0.2474 -0.9581 0.1443
4.0129 -72.0002 56.5648 0.0487 -0.9895 0.1359
21.9821 -62.5439 33.9392 0.4493 -0.8488 0.2786
25.4786 -59.2069 36.5177 0.5624 -0.7694 0.3029
27.3597 -56.7615 38.3729 0.6831 -0.6781 0.2712
16.58 -65.4538 33.1414 0.3849 -0.8742 0.2959
2.8236 -68.9617 -14.533 0.0446 -0.9823 0.1821
7.4909 -67.754 -15.3281 0.4879 -0.8325 0.2624
12.5402 -62.9984 -14.8652 0.6637 -0.7372 0.127
17.0171 -60.8456 -7.25671 0.3922 -0.9197 -0.0193
20.0362 -60.1442 -1.47221 0.6575 -0.7308 -0.1834
20.35 -60.5949 6.6401 0.5758 -0.8175 -0.0126
18.4183 -61.8025 12.5854 0.5333 -0.8335 -0.1444
15.5101 -65.1611 17.6229 0.3114 -0.9002 -0.3044
11.2094 -68.4363 24.2391 0.1664 -0.9003 -0.4022
8.1647 -71.3792 27.0205 0.4182 -0.9031 -0.097
28.1889 -52.911 64.021 0.8195 -0.5487 -0.1651
23.4059 -60.9301 72.6692 0.7255 -0.6882 -0.0002
15.5901 -66.9005 74.4935 0.6195 -0.7284 -0.2926
9.1661 -72.6288 73.6301 0.4779 -0.6923 -0.5407
3.9507 -75.1279 74.6625 0.4021 -0.9151 0.0293
11.8798 -67.4291 33.7123 0.3687 -0.8042 0.4662
7.9965 -67.7949 35.9465 0.5713 -0.651 0.4998
4.9206 -69.7365 37.9832 0.7554 -0.5783 0.308
2.373 -73.3554 39.0223 0.6586 -0.6909 0.2981
24.9367 -61.6495 42.5556 0.7822 -0.6138 -0.1065
20.4703 -64.9291 44.8502 0.5198 -0.853 0.0471
101.904 46.6325 -88.5772 0.6551 0.7345 0.1768
117.95 24.6908 -88.5772 0.966 0.0861 0.2438
70.6767 -26.6816 -88.5772 0.5364 -0.8432 0.0363
36.1062 -44.2224 -88.5772 0.3652 -0.9155 0.1688
11.2323 -41.7178 -88.5772 -0.4013 -0.9132 0.0707
7.2947 -41.3154 -88.5772 -0.0045 -0.9935 0.1141
15.2934 -67.5773 45.6564 0.3062 -0.9403 0.1484
10.9714 -68.5794 44.6489 -0.2428 -0.9657 0.0921
8.4237 -66.4285 42.7185 -0.6161 -0.7529 -0.2314
4.3455 -68.6566 84.9648 0.0692 -0.6131 0.787
5.5101 -50.5661 95.1452 0.0312 -0.3263 0.9447
8.913 -10.3083 100.657 0.1593 0.0783 0.9841
10.2542 -51.1791 94.2814 0.3116 -0.3154 0.8963
17.826 -12.3467 98.6605 0.2398 0.0462 0.9697
34.6739 42.9602 -36.7205 0.1588 0.4889 0.8578
20.0295 -48.878 -88.5772 -0.1701 -0.9712 0.1667
43.3698 -23.1651 25.1399 0.9869 -0.107 -0.1206
2.9162 -27.8201 -53.9667 0.1096 -0.991 0.0766
6.6851 -27.1646 -53.9667 0.4303 -0.8938 0.1261
9.3236 -25.1003 -54.0803 0.5686 -0.794 0.2151
12.4967 -22.7592 -53.7867 0.2592 -0.8912 0.3723
36.3671 -29.3484 39.1545 0.8383 0.175 -0.5164
32.8089 -26.3597 32.2425 0.9622 -0.2569 0.0903
41.5745 -23.3233 44.8776 0.7134 -0.2395 -0.6586
41.7662 -29.0676 42.0672 0.6907 0.1989 -0.6953
42.2257 -22.3943 40.3319 0.768 -0.6383 0.0528
41.9159 -24.2801 35.2711 0.6559 -0.7549 0.0063
41.1667 -24.2431 40.2756 0.8964 -0.4322 -0.0987
36.3399 -14.2057 8.153 0.9999 -0.0104 0.0028
39.5766 -31.794 37.7335 0.9765 -0.0787 -0.2004
42.8768 -17.779 32.8087 0.8633 -0.4919 0.113
42.6647 -20.0481 30.2423 0.912 -0.3408 0.2282
42.8137 -25.8039 26.8703 0.751 -0.5608 0.3485
36.2627 -27.9534 26.6285 0.8333 -0.2347 0.5005
43.4671 -18.7662 46.3814 0.7973 -0.3523 -0.4901
43.4173 -15.7209 38.5965 0.8175 -0.5755 -0.0224
17.4355 -61.4852 -0.694305 0.4562 -0.8788 -0.1398
2.6484 -71.929 5.944 0.1956 -0.7482 -0.634
2.2774 -71.1644 -2.88821 0.1096 -0.8434 0.526
5.2951 -70.3525 -2.74451 0.32 -0.8379 0.4422
13.4022 -63.5489 1.91659 -0.3783 -0.3177 0.8695
10.1086 -67.2402 -2.1751 0.5172 -0.7977 0.3101
5.6624 -70.9659 6.0991 0.3618 -0.6994 -0.6163
10.0316 -67.7746 6.1144 0.5217 -0.6149 -0.5914
13.4153 -63.6943 5.13969 0.6374 -0.7635 -0.1043
10.0542 -67.5355 -3.4109 0.6939 -0.7008 -0.1653
5.5081 -70.5784 -4.44721 0.428 -0.8923 -0.1435
2.2487 -71.6082 -4.4841 0.1771 -0.9734 -0.1451
2.9415 -72.9567 8.078 0.2357 -0.9042 -0.3561
6.1733 -71.6829 8.0965 0.4722 -0.828 -0.3023
9.9943 -68.4041 7.0481 0.6545 -0.7125 -0.2527
5.4963 -69.6562 15.2996 0.4859 -0.842 0.2341
1.7342 -71.6536 14.5481 -0.0152 -0.9021 0.4312
3.3648 -71.1118 14.4249 0.4377 -0.8105 0.3892
0.8496 -71.4353 14.3014 -0.1322 -0.9257 0.3544
1.9792 -70.3606 17.239 0.4351 -0.8514 -0.2931
0.8286 -70.3971 16.7388 0.2806 -0.9457 -0.1641
1.804 -71.0738 15.9236 0.1274 -0.8909 0.436
0.8459 -71.1967 15.5638 -0.0849 -0.9376 0.3371
0.8982 -72.6157 11.9984 -0.223 -0.8187 0.5292
1.7258 -73.1722 11.8245 0.0018 -0.8894 0.4571
38.6661 -29.4042 44.6484 0.2463 -0.5505 0.7977
41.4519 -31.0375 47.2315 -0.0578 -0.7362 0.6743
43.6163 -30.7337 45.1527 0.7971 -0.5872 0.1407
36.5211 -19.053 26.401 0.6412 0.7053 -0.3023
38.0364 -22.1797 21.8282 0.5245 0.5727 -0.63
42.7837 -19.9021 22.4741 0.4933 0.5773 -0.6506
44.5283 -19.6192 28.71 0.9869 -0.1213 0.1064
38.3455 -31.1066 27.7887 0.9863 0.1114 -0.1215
39.0946 9.5188 -28.751 0.8397 -0.2458 0.4843
37.6405 1.1552 -3.3409 0.9769 0.1856 0.106
34.8927 -0.712601 19.5489 0.9753 0.2004 0.0927
35.5464 -0.644201 35.4697 0.9763 0.2141 -0.0329
7.3246 -69.7549 25.7943 0.0564 -0.6141 -0.7872
10.3877 -66.3502 21.7534 0.1074 -0.9154 -0.3879
13.4577 -63.3798 -2.2714 0.6166 -0.7643 -0.1889
28.264 -55.1029 43.9696 0.8078 -0.5034 -0.3067
25.8747 -60.1336 46.2735 0.6483 -0.6722 -0.3575
44.6009 -26.4687 47.1947 0.9496 -0.2338 0.2086
44.5258 -21.5243 48.1082 0.9805 0.027 0.1945
46.1383 -15.3597 38.4652 0.9634 -0.2678 -0.0107
45.235 -17.7747 31.6887 0.9416 -0.3367 -0.0059
42.2874 -25.8654 19.4786 0.5718 0.0945 -0.815
41.5513 -30.4745 19.3674 0.5066 -0.5704 -0.6465
42.2764 -32.073 41.5371 0.5927 -0.7787 -0.2056
41.6479 -26.5753 49.6866 -0.081 -0.2916 0.9531
42.5884 -19.5666 50.5082 0.1003 0.2534 0.9622
44.3132 -12.269 39.123 0.3026 0.9529 0.0218
43.5081 -15.2606 31.2893 0.309 0.8638 -0.398
37.8817 -24.7509 20.3938 0.642 0.2375 -0.729
37.815 -29.0482 19.8746 0.6201 -0.091 -0.7793
38.3472 -32.3835 41.9406 0.6655 -0.7278 0.1653
38.3014 -25.5622 46.3926 0.3366 -0.1119 0.935
38.0646 -20.0772 46.034 -0.627 0.2477 0.7386
36.8912 -15.4107 39.8386 0.9896 0.0503 -0.1347
37.3129 -32.089 23.6645 0.7716 -0.6253 -0.1171
37.552 -16.8376 43.4965 0.9934 0.0994 -0.0579
37.1445 -19.9699 19.7975 0.9771 0.2126 -0.0001
35.6348 -12.0862 16.7197 0.9942 0.102 0.0329
36.8021 -32.9756 58.8597 0.9725 -0.2325 -0.0106
37.5936 -30.4486 50.6589 0.9654 -0.1907 0.178
27.4253 -21.9092 -36.2244 0.3289 -0.9443 -0.014
28.7071 -23.869 -18.0447 0.4676 -0.8675 -0.1695
3.3594 -33.1267 -25.8353 0.2508 -0.8788 -0.4061
7.9523 -31.6578 -25.221 0.5271 -0.6997 -0.4823
13.6692 -27.3566 -24.1117 0.7008 -0.5559 -0.4471
16.7046 -21.6378 -25.8351 0.4254 -0.8602 -0.2811
37.7172 -15.6086 53.6586 0.9981 0.0244 -0.057
9.0289 -66.6351 85.6994 0.4036 -0.5504 0.7309
13.6179 -53.5408 91.3382 0.4888 -0.3746 0.7879
2.8719 -75.0626 78.8558 0.1258 -0.8773 0.4631
3.6219 -72.9654 47.4209 -0.127 -0.8864 -0.4452
7.3128 -72.691 47.9841 0.3414 -0.7306 -0.5914
10.6634 -70.5613 49.4969 0.5214 -0.5634 -0.6409
17.7247 -67.7839 50.2507 0.4645 -0.799 -0.3819
24.4917 -63.5037 50.3469 0.5779 -0.7176 -0.3887
25.5539 -58.817 41.3164 0.6753 -0.5612 -0.4786
7.6864 -64.672 41.9908 -0.0231 -0.9726 0.2314
8.8526 -65.9491 41.8964 0.1824 -0.3358 -0.9241
11.353 -68.1483 43.6481 0.1895 -0.559 -0.8072
15.4389 -67.0138 44.5507 0.2139 -0.3654 -0.9059
20.0677 -64.5988 43.7998 -0.0237 -0.3835 -0.9232
23.9431 -62.2037 41.751 0.0692 -0.5156 -0.854
33.8509 -43.8234 46.9251 0.9169 -0.3638 0.1643
30.0108 -52.222 39.4128 0.8017 -0.5683 0.1852
33.7541 -48.4894 35.6503 0.9203 -0.3344 0.203
34.9959 -43.5875 29.6635 0.9829 -0.1753 -0.0563
29.9688 -23.9759 -0.133301 0.7478 -0.4852 -0.4532
31.2491 -32.2545 -0.836906 0.9062 0.0228 -0.4223
20.6334 -59.354 13.2648 0.8101 -0.5783 -0.0962
18.4387 -63.0867 18.6279 0.6745 -0.7269 -0.1293
21.9204 -57.3815 7.3349 0.9137 -0.4042 0.0419
22.2708 -56.4036 -1.2189 0.9138 -0.3879 -0.1202
26.1902 -23.4212 -52.8279 0.3692 -0.8892 0.2702
13.9275 -60.7095 -6.3302 0.456 -0.8886 -0.0501
11.2488 -64.1125 -10.0007 0.7058 -0.7072 -0.0413
7.0785 -67.2473 -11.2206 0.4989 -0.865 -0.053
2.9669 -68.6353 -11.0272 0.18 -0.9723 -0.1493
30.9508 -37.5968 0.146698 0.9294 -0.1547 -0.3351
30.2272 -42.1575 0.780998 0.9416 -0.256 -0.2186
2.7975 -34.3904 -34.9403 0.2587 -0.944 -0.2046
3.3512 -37.6462 -22.6452 0.1743 -0.265 -0.9484
3.314 -49.8467 -24.0553 0.2759 0.2394 -0.9309
8.1025 -51.0416 -21.4394 0.4426 0.3121 -0.8407
16.0997 -45.3952 -15.8827 0.512 0.1726 -0.8415
24.3829 -35.3951 -9.6968 0.7195 0.0064 -0.6945
35.5504 -28.9995 10.7727 0.9341 -0.2088 -0.2895
37.6242 -34.2187 30.2174 0.9389 -0.3232 -0.1186
8.7408 -64.7039 42.3197 0.9836 -0.0601 -0.1701
8.0651 -66.0245 41.1471 -0.0249 -0.9414 0.3363
9.8341 -66.481 40.3841 0.2036 -0.9091 0.3635
12.55 -66.3212 39.7136 0.2047 -0.6546 0.7278
11.0184 -65.3553 44.8095 0.4961 0.1724 -0.851
16.4733 -64.8556 39.5782 0.1451 -0.5068 0.8498
15.4765 -64.3589 46.0625 -0.0452 0.2301 -0.9721
20.5417 -63.4007 40.6411 0.3612 -0.6489 0.6697
23.9821 -60.2749 42.4026 -0.6573 -0.0773 -0.7497
26.2185 -59.0698 44.373 0.8432 -0.5245 -0.1182
20.7786 -61.1168 45.1301 -0.4599 0.1569 -0.874
35.9506 -41.4448 33.9378 0.9612 -0.2753 -0.0173
34.8873 -46.1862 26.8869 0.9709 -0.1738 -0.1649
31.9547 -50.5555 23.4347 0.8388 -0.3745 -0.3952
27.3704 -56.9008 21.7518 0.6824 -0.6141 -0.3964
22.3416 -58.7904 19.7774 0.6082 -0.7142 -0.3464
26.836 -43.1487 -6.07111 0.896 -0.1406 -0.4212
30.1443 -43.1594 8.14439 0.9285 -0.3606 -0.0883
29.6895 -45.5445 15.5163 0.886 -0.4028 -0.2295
32.6714 -56.1764 30.1708 0.8253 -0.5647 0.0097
26.787 -56.0029 41.0517 0.813 -0.5813 -0.0329
24.129 -58.6284 38.9404 0.5557 -0.8182 0.1477
20.9798 -62.057 34.8971 0.4684 -0.8114 0.3495
16.1528 -64.7101 34.1105 0.329 -0.8952 0.3008
11.5692 -65.6004 34.8132 0.3171 -0.8523 0.4159
7.9152 -66.3408 37.1755 0.5597 -0.6156 0.5548
5.5471 -67.4198 39.2365 0.7415 -0.4033 0.5362
2.41 -72.5928 40.5708 0.6061 -0.5963 0.5263
32.4987 -38.5447 8.6371 0.9167 -0.3472 -0.1978
21.7762 -62.5803 72.0578 0.6746 -0.7376 0.0286
19.9871 -64.7098 63.4159 0.7198 -0.694 0.0136
19.6832 -68.599 53.3422 0.5749 -0.8182 -0.0086
4.4183 -71.4018 71.9378 0.3399 -0.9395 0.042
9.1388 -72.039 61.9438 0.2117 -0.9759 0.0538
8.5553 -73.9563 51.5449 0.2482 -0.9678 -0.0429
7.4045 -71.1762 47.1339 0.445 -0.3631 -0.8186
7.4318 -69.142 46.6079 0.4574 -0.439 -0.7733
7.7168 -68.1442 45.8715 0.5185 -0.5303 -0.6708
5.8446 -69.4789 45.948 0.5365 -0.5638 -0.6279
9.6258 -60.076 42.9328 0.807 -0.1841 -0.5611
13.2576 -64.5623 16.5553 0.2898 -0.9327 -0.2146
2.3549 -74.294 37.0121 0.6697 -0.7069 0.2274
2.5231 -70.6936 41.715 0.685 -0.6587 0.3113
6.9344 -64.8819 42.7497 0.3141 -0.9486 -0.0381
7.9948 -64.8824 44.5534 -0.0031 -0.9486 -0.3166
5.5347 -66.0717 42.1496 0.603 -0.7221 -0.339
5.4286 -65.5084 40.5939 0.5028 -0.8599 0.0882
3.9975 -70.9423 35.7224 0.7634 -0.6183 0.1868
22.8994 -51.7425 -4.6049 0.7539 -0.6423 -0.1381
23.7711 -51.4521 1.7594 0.7517 -0.6547 -0.0796
23.666 -52.5432 7.9175 0.7182 -0.6799 -0.1478
33.9182 -46.762 40.2862 0.9067 -0.3997 0.1346
30.8915 -50.9929 43.9873 0.8893 -0.4538 0.0564
29.2261 -52.2891 55.2817 0.9097 -0.396 0.1248
28.1267 -57.211 34.6664 0.6464 -0.6867 0.3326
23.1926 -59.1032 41.3855 0.5165 -0.731 -0.446
22.9628 -56.1586 42.7923 -0.8883 -0.4562 0.0535
7.5033 -65.6825 38.6993 0.0884 -0.9807 0.1746
20.6744 -58.0822 40.5728 -0.3469 -0.2033 0.9156
37.1367 -14.1554 -53.7829 0.5112 -0.7282 0.4565
10.5304 -61.1677 40.5249 0.4936 -0.1523 0.8562
17.0959 -59.7309 39.8218 -0.0554 -0.1414 0.9884
13.3414 -60.956 39.8496 0.1451 -0.1403 0.9794
21.1543 -63.234 46.9133 0.47 -0.7423 -0.4777
15.2045 -66.1154 47.7749 0.3093 -0.8198 -0.482
10.5899 -66.985 46.6625 0.0136 -0.9612 -0.2756
20.0441 -56.9857 45.2523 -0.269 -0.179 -0.9464
15.9076 -58.8173 45.6178 0.0929 -0.114 -0.9891
11.998 -59.8938 44.6435 0.4461 -0.1247 -0.8862
1.5806 -75.2121 18.9519 0.4906 0.1082 -0.8646
1.2721 -72.4039 18.0498 0.735 -0.3525 -0.5793
3.8668 -69.4536 17.8807 0.315 -0.8475 -0.4271
7.3702 -70.9714 17.4351 0.1439 -0.3022 -0.9423
6.0766 -71.3406 18.2323 -0.5565 -0.2253 -0.7997
3.9406 -75.3137 19.0761 -0.1248 -0.1663 -0.9782
2.6041 -65.8951 -23.5171 0.057 -0.6708 -0.7395
3.6147 -58.5837 -27.1479 0.2465 -0.099 -0.9641
7.6671 -68.7718 -17.8323 0.4459 -0.8903 -0.0924
2.9175 -69.959 -17.3224 -0.077 -0.9922 -0.0978
8.7079 -56.7856 -24.9094 0.4358 0.092 -0.8954
7.5677 -65.2305 -23.3003 0.3309 -0.5385 -0.7749
16.3564 -53.9122 -20.0562 0.5699 0.137 -0.8102
22.3546 -50.9665 -11.9845 0.875 -0.2791 -0.3956
19.5981 -55.3085 -16.4086 0.8593 -0.314 -0.4039
13.8766 -61.4889 -20.4157 0.7128 -0.4552 -0.5335
12.9851 -64.6898 10.1878 0.6531 -0.757 0.0197
6.4672 -69.0528 13.1901 0.5964 -0.7567 0.2677
3.6986 -72.1296 12.2186 0.5088 -0.7573 0.4095
9.4868 -68.2041 72.7462 0.3437 -0.9123 0.2226
15.182 -66.2701 73.0238 0.4455 -0.8715 0.2049
24.9192 -56.9941 63.8885 0.8036 -0.5946 -0.0265
32.4913 -42.8512 53.4816 0.9296 -0.3008 0.213
36.1391 -1.5217 49.2551 0.9784 0.1937 -0.0725
32.5295 7.4878 25.9896 0.9139 0.3912 -0.1082
29.7616 16.9771 -5.8423 0.7076 0.6115 0.3541
16.0575 27.9629 -10.3516 0.529 0.7886 0.3134
23.4848 -59.3018 60.4859 0.8154 -0.5648 0.1267
14.3019 -69.6175 62.806 0.5254 -0.8503 0.0308
4.1643 -72.0528 61.7589 0.1057 -0.9929 0.0539
8.2536 -67.4447 21.9097 0.9849 -0.1173 -0.1276
6.0376 -69.0337 25.3383 0.8075 -0.5889 -0.0337
4.5264 -73.5455 25.8905 0.7583 -0.5242 0.3875
4.8387 -76.5913 22.4786 0.8528 -0.4994 0.1529
5.0597 -68.5603 17.9283 0.5658 -0.6248 -0.538
4.7715 -75.9326 19.5259 0.6054 -0.5105 -0.6106
5.2881 -72.015 31.6646 0.7456 -0.6334 0.2071
8.6366 -70.0282 17.5803 0.5417 0.0076 -0.8405
7.726 -73.3199 20.0771 0.7238 -0.6573 -0.2097
7.1823 -73.2997 23.1019 0.6707 -0.6991 0.2478
10.897 -68.4171 21.7497 0.893 0.4499 -0.0101
8.0683 -71.6024 25.271 0.5251 -0.3304 0.7843
2.1461 -76.8411 27.5382 0.6408 -0.6656 0.3826
9.7284 -68.8061 24.0693 0.6044 0.4332 0.6686
9.6249 -68.815 18.9425 0.6864 0.4566 -0.566
29.9078 -54.115 36.8761 0.7578 -0.56 0.3348
17.0562 -65.0861 31.6184 0.4487 -0.8879 0.1016
16.1585 -65.7162 38.4846 0.3357 -0.9321 0.1361
13.8168 -68.185 25.8218 0.374 -0.9224 -0.0962
8.6152 -73.1228 80.3817 0.3442 -0.8417 0.416
27.0279 -53.2322 14.7158 0.7568 -0.597 -0.2663
22.7048 -55.4937 13.8023 0.715 -0.6485 -0.2613
17.0455 -61.6968 11.1287 0.3746 -0.9149 -0.1505
8.6154 -37.661 -21.838 0.3912 -0.2308 -0.8909
12.7618 -24.2001 -35.8516 0.7658 -0.6104 -0.2023
6.777 -32.5517 -34.7938 0.5822 -0.7912 -0.1871
15.2707 -33.7039 -18.3513 0.6754 -0.237 -0.6984
2.0418 -70.5384 -6.1828 0.1349 -0.8871 -0.4413
16.7307 -58.6238 -14.8286 0.7576 -0.643 -0.1119
12.7799 -63.6948 -17.27 0.7288 -0.6844 0.0225
5.2817 -69.7049 -6.4977 0.3881 -0.8502 -0.3557
10.2521 -66.0181 -5.19061 0.7233 -0.648 -0.2385
20.4512 -57.8707 -7.4007 0.826 -0.5058 -0.249
8.0778 -69.2491 32.6919 0.465 -0.8602 0.2094
9.2587 -60.3906 41.9025 0.9309 -0.2339 0.2806
6.116 -68.769 44.5525 0.6233 -0.6011 -0.5001
11.7997 -67.861 30.8881 0.3798 -0.9079 0.1774
3.13 -70.5281 43.3442 0.4892 -0.811 -0.3208
2.4192 -70.372 4.8211 0.071 0.0855 -0.9938
27.4564 -49.4478 1.40929 0.7807 -0.6065 -0.1504
10.0121 -66.6413 5.32909 -0.0407 0.0862 -0.9954
5.3828 -69.5335 5.1364 0.051 0.0801 -0.9955
3.1408 -70.0939 16.4952 0.401 -0.8461 0.3512
2.8257 -80.0322 18.9776 0.4979 -0.5815 -0.6434
2.5394 -81.0281 22.9071 0.5608 -0.8033 0.2006
10.256 -70.7658 22.5666 0.8483 -0.5199 0.1006
3.3782 -73.4751 10.1427 0.3179 -0.9437 0.0913
10.7919 -67.7499 47.6873 0.1831 -0.652 -0.7357
11.8896 -66.8235 38.8016 -0.0246 -0.991 0.1315
20.5279 -63.335 39.5478 0.6548 -0.7529 -0.0658
21.5828 -56.6013 44.3448 -0.6024 -0.2396 -0.7614
20.7757 -65.2683 47.5048 0.3395 -0.6706 -0.6595
15.2553 -68.5788 48.2557 0.2726 -0.74 -0.6148
26.6399 -61.4329 27.7965 0.603 -0.7935 -0.0826
20.5042 -64.9407 26.2434 0.4763 -0.8613 -0.1772
33.6303 -46.3412 67.1328 0.9037 -0.4193 -0.0864
39.1279 -13.2602 64.752 0.9988 0.0475 0.0095
34.1777 -51.3336 32.9271 0.9298 -0.3065 0.2039
23.7184 -61.35 32.262 0.5388 -0.8177 0.2028
8.4618 -69.3409 29.0895 0.5141 -0.8293 0.219
2.2537 -75.2982 32.8949 0.5841 -0.783 0.214
3.8819 -73.9122 50.7311 -0.1588 -0.9873 0.0015
4.0388 -71.7663 45.8579 0.2008 -0.7407 -0.6411
10.1089 -70.1143 20.9538 0.8506 -0.4407 -0.2867
10.4406 -69.5334 48.6048 0.4014 -0.5058 -0.7636
26.0569 -50.2264 -5.08121 0.7844 -0.5807 -0.2179
10.5391 -68.0428 8.87569 0.7319 -0.6647 0.1501
22.2095 -27.1187 -11.8222 0.6648 -0.5265 -0.53
35.8266 -17.257 -6.512 0.9142 -0.3969 -0.0818
28.9458 -58.2633 49.613 0.9167 -0.3946 -0.0621
15.7868 37.1088 45.7541 0.4938 0.8606 -0.1249
27.4095 21.9956 43.0119 0.8548 0.494 -0.1592
36.1802 -36.0443 25.46 0.9453 -0.2845 -0.1597
33.2966 -40.8807 17.3453 0.8863 -0.3913 -0.2477
25.9161 -39.9747 -8.39761 0.79 0.0109 -0.613
27.8897 -50.4507 7.9528 0.7791 -0.6101 -0.1445
6.6295 -71.9869 10.2187 0.5485 -0.8006 0.2412
12.6934 -72.1515 52.541 0.4376 -0.8935 -0.1007
15.4639 -69.3044 80.4854 0.5799 -0.7622 0.2878
26.739 -14.385 96.4758 0.498 0.0513 0.8656
17.1896 18.6024 90.7126 0.3176 0.5227 0.7912
17.485 36.9557 69.1384 0.315 0.8997 0.3022
12.8538 27.65 11.4039 0.445 0.8526 -0.274
29.4208 31.8646 -27.0844 0.3618 0.6635 0.6548
15.4822 -19.471 -39.8599 0.2865 -0.9576 -0.0302
18.1752 -60.6189 6.47459 0.3006 -0.951 -0.0724
23.9146 19.5128 14.1357 0.7215 0.6842 0.1062
33.8832 -34.3445 9.4246 0.9423 -0.2039 -0.2654
37.1345 -11.0919 -33.4436 0.8769 -0.4674 0.1125
37.2523 -22.4319 88.1376 0.8378 -0.1095 0.5349
32.4097 23.9002 66.0722 0.8515 0.5109 0.1182
26.2929 -64.4314 53.7434 0.6934 -0.6702 0.2648
31.4566 11.2476 83.9235 0.7677 0.3449 0.5401
43.3252 21.6421 -27.2696 0.5172 0.1269 0.8464
25.5019 -57.6127 80.1264 0.7496 -0.5182 0.4119
52.0055 11.2123 -35.153 0.3782 -0.5194 0.7663
60.8856 27.562 -32.0928 0.3839 0.1035 0.9176
2.1999 -76.0696 30.2166 0.6107 -0.7624 0.2139
5.0269 -72.1885 27.7076 0.7189 -0.6892 0.0906
43.9908 -28.3856 46.644 0.9285 -0.3 0.2187
42.9793 -30.7091 42.111 0.8678 0.1 -0.4867
42.2804 -23.5818 31.3498 0.8278 -0.5607 -0.0176
44.6658 -21.1224 34.4791 0.9605 -0.2177 -0.1734
45.5513 -19.4414 39.613 0.9973 -0.0665 0.0305
44.5028 -20.5543 44.7572 0.9926 -0.0879 0.0832
38.1115 -31.1495 25.4009 0.8842 -0.3738 0.28
41.6795 -29.6728 23.0246 0.746 -0.602 0.2849
106.868 2.6076 -88.5772 0.7851 -0.5948 0.1727
47.8071 -1.8672 -48.0564 0.4615 -0.6373 0.6171
10.6879 81.5776 -101.383 0.0711 0.9975 -0
35.204 78.477 -101.383 0.2838 0.9589 0
14.2892 -69.095 50.1134 0.3329 -0.8495 -0.4092
8.9881 -71.6261 48.4836 0.5791 -0.5191 -0.6287
5.4674 -72.8282 47.4456 0.2084 -0.8208 -0.5319
10.6243 -73.0539 52.0429 0.4432 -0.891 -0.0983
16.0006 -70.3752 52.9416 0.44 -0.8943 -0.0812
22.1015 -66.5152 53.5428 0.5913 -0.7966 0.1257
45.5105 59.51 -46.2019 0.2663 0.7464 0.6099
80.8912 36.0879 -48.5374 0.6105 0.4186 0.6723
88.6288 16.0789 -52.0937 0.6446 -0.1475 0.7501
82.1992 -1.7105 -58.0485 0.459 -0.5369 0.7078
62.8048 -16.5127 -63.7204 0.1945 -0.569 0.799
22.8355 -31.0999 -64.6072 0.2845 -0.6955 0.6598
16.483 -33.5577 -64.7142 -0.0828 -0.7572 0.6479
10.1305 -30.9517 -64.8211 -0.1068 -0.8101 0.5765
6.5843 -32.35 -66.7417 -0.1042 -0.8566 0.5053
4.428 -32.788 -68.8955 -0.2812 -0.8352 0.4727
1.8535 -33.2862 -71.4274 -0.5734 -0.6485 0.5006
15.2326 -20.1024 -44.2914 0.1751 -0.9753 0.1344
11.0427 -23.6375 -42.4341 0.7121 -0.6936 -0.1089
6.7311 -28.8454 -41.8484 0.5561 -0.7881 -0.2638
2.8568 -30.0925 -41.9217 0.1981 -0.9168 -0.3468
57.2997 63.2887 -69.3217 0.4455 0.8335 0.3269
92.8114 46.6574 -70.806 0.5881 0.6662 0.4585
107.897 22.8341 -71.3452 0.8086 0.059 0.5853
98.4364 0.6866 -72.2732 0.7125 -0.5481 0.4381
70.6767 -26.6816 -71.867 0.4418 -0.7915 0.4222
32.0062 -39.9568 -73.1817 0.219 -0.794 0.5671
17.7836 -40.683 -73.5283 -0.117 -0.8345 0.5384
9.1923 -38.6535 -74.6522 -0.256 -0.861 0.4394
6.0119 -38.4432 -75.6635 -0.1015 -0.9113 0.399
3.7225 -38.7163 -76.4163 -0.0349 -0.9033 0.4275
1.7183 -39.0203 -77.1356 -0.0161 -0.888 0.4595
2.0843 -41.9503 -101.383 0.0879 -0.9961 0.0012
63.6601 64.7427 -101.383 0.431 0.9023 -0.0082
101.904 46.6325 -101.383 0.6372 0.7707 -0
117.95 24.6908 -101.383 0.9965 0.0831 -0
106.868 2.6076 -101.383 0.779 -0.6271 -0
70.6767 -26.6816 -101.383 0.5438 -0.8392 0
36.1062 -44.2224 -101.383 0.3669 -0.9302 0
20.0295 -48.878 -101.383 -0.1993 -0.9799 0
11.2323 -41.7178 -101.383 -0.3825 -0.924 0
7.2947 -41.3154 -101.383 0.0093 -1 0
4.5106 -41.6521 -101.383 0.1211 -0.9926 -0.0002
38.0252 -30.6629 20.7853 0.2593 -0.8068 -0.5308
29.7321 12.1711 10.3951 0.8412 0.5156 0.163
36.2666 0.2213 8.104 0.9609 0.2462 0.1269
29.7469 13.7373 2.2764 0.7998 0.5854 0.1328
11.4597 18.8219 91.0576 0.0938 0.5333 0.8407
5.8283 39.3589 70.3846 0.2172 0.911 0.3506
11.6567 36.382 69.7615 0.2316 0.8986 0.3726
5.2622 39.9027 43.8153 0.256 0.9564 -0.1408
10.5245 38.5058 44.7847 0.2839 0.9514 -0.1197
4.2846 26.9151 10.7328 -0.1953 0.9029 -0.3829
8.5692 28.8487 11.0684 -0.0461 0.9454 -0.3225
5.3525 30.7168 -12.1662 -0.2649 0.9182 0.2946
10.705 32.3473 -11.2589 0.1437 0.9443 0.296
5.9547 36.3489 -23.9838 0.0726 0.8052 0.5885
19.6138 34.1067 -25.5341 0.2641 0.7699 0.581
9.3 51.6939 -36.4144 0.0443 0.6194 0.7838
23.1136 45.9954 -36.4419 0.1986 0.5316 0.8234
11.2304 63.4714 -48.145 0.0452 0.7729 0.6329
30.3395 62.265 -45.9414 0.1277 0.7108 0.6917
10.6879 81.5776 -71.867 -0.0362 0.9498 0.3106
35.204 78.477 -71.867 0.3211 0.9055 0.2774
35.204 78.477 -88.5772 0.3049 0.9521 0.0214
10.6879 81.5776 -88.5772 0.0511 0.9984 0.0226
43.5394 -25.8018 44.9505 0.7383 0.0191 -0.6742
45.0583 -17.31 45.3186 0.9829 -0.1652 0.081
42.6354 -16.0383 48.252 0.1025 0.7029 0.7039
2.335 -70.0824 -1.981 -0.0477 -0.3464 0.9369
10.0361 -66.3643 -0.734604 -0.0977 -0.343 0.9342
5.2985 -69.2652 -1.6704 0.0061 -0.3428 0.9394
14.399 -47.1311 43.2207 0.1885 -0.9815 -0.0327
13.291 -45.2831 7.0665 0.0008 -0.2714 0.9625
2.2594 -45.3069 7.06609 0.0021 0.0922 -0.9957
9.9063 -45.2935 7.0663 -0.0243 -0.3139 0.9491
5.2229 -45.3039 7.0663 0.003 0.084 -0.9965
15.2343 -62.746 3.7614 0.5119 -0.858 0.043
-4.3596 -68.4088 2.91199 0.1509 -0.3918 -0.9076
-6.201 -65.5874 3.3005 -0.2431 0.5621 -0.7905
-4.0219 -68.0359 2.9249 0.467 -0.1243 -0.8755
-6.6021 -65.9277 3.2949 -0.5228 0.3618 -0.7718
-6.8128 -66.6002 3.24519 -0.5974 0.14 -0.7896
-3.8541 -66.7947 3.0312 0.4853 0.3247 -0.8118
-6.7699 -67.1689 3.1886 -0.5421 -0.2152 -0.8123
-5.7572 -65.5814 3.2717 0.1193 0.5799 -0.8059
-4.8668 -68.3821 2.948 -0.24 -0.396 -0.8864
-4.2275 -68.7447 3.27219 0.3804 -0.8599 -0.3404
-4.8129 -68.736 3.3117 -0.2851 -0.9068 -0.3104
-3.8263 -68.2687 3.29069 0.8797 -0.3895 -0.2729
-3.5964 -66.7296 3.421 0.8885 0.3978 -0.2289
-5.761 -65.3236 3.6971 0.2294 0.9514 -0.2056
-6.9775 -67.3299 3.5878 -0.8475 -0.4715 -0.2435
-7.0106 -66.6305 3.6561 -0.9749 0.1437 -0.1703
-6.7476 -65.7909 3.71809 -0.8346 0.5282 -0.1565
-6.2741 -65.3521 3.72829 -0.3779 0.9042 -0.199
-4.3033 -68.6112 7.48129 0.4447 -0.8911 0.0908
-3.764 -66.8943 7.6334 0.93 0.3588 0.0797
-6.8203 -67.3028 7.2799 -0.9225 -0.3708 0.1071
-6.2148 -65.6204 7.4291 -0.3236 0.9316 0.1658
-3.2117 -69.2621 2.8241 -0.3704 -0.2871 -0.8834
-3.4359 -68.755 2.8685 -0.5198 -0.021 -0.854
-3.4359 -68.0307 2.9323 -0.5235 0.1789 -0.833
-3.2117 -67.5236 2.97729 -0.318 0.537 -0.7814
-2.6885 -69.4795 2.80579 -0.0571 -0.4233 -0.9042
-0.8945 -67.3066 3 0.0756 0.59 -0.8038
-0.4461 -67.524 2.9815 0.3583 0.45 -0.818
-0.3713 -69.2625 2.8285 0.3185 -0.3783 -0.8691
-0.1471 -68.0311 2.93729 0.5272 0.2046 -0.8247
-0.1471 -68.7555 2.8735 0.524 -0.027 -0.8513
-3.1532 -69.4399 7.6112 -0.6795 -0.7209 0.136
-3.1532 -67.5881 7.7743 -0.6693 0.7262 0.1571
-0.3146 -69.2178 7.63519 0.7549 -0.6456 0.1155
-0.3723 -67.7244 7.76659 0.6999 0.6981 0.1512
-3.4125 -69.5223 3.20049 -0.6936 -0.6553 -0.2991
-2.8156 -69.7937 3.1775 -0.1571 -0.9374 -0.3107
-3.6684 -68.8892 3.2558 -0.9585 -0.168 -0.2303
-3.6684 -67.9849 3.33549 -0.9573 0.1994 -0.2092
-3.4125 -67.3519 3.39159 -0.5925 0.7776 -0.2104
-0.7688 -67.0809 3.41959 0.1961 0.9603 -0.1982
-0.1718 -69.5228 3.2054 0.5798 -0.7611 -0.2907
0.0841 -68.8898 3.2616 0.9558 -0.1718 -0.2385
0.0841 -67.9854 3.34129 0.947 0.2458 -0.2069
-0.2571 -67.3523 3.3965 0.6763 0.7047 -0.2144
-9.977 -61.9577 3.4695 -0.3266 -0.4902 -0.8081
-8.7439 -61.2557 3.59229 0.6574 0.0244 -0.7531
-9.0201 -61.7027 3.54069 0.3956 -0.4107 -0.8215
-11.0349 -58.8898 3.66969 -0.6422 0.2025 -0.7393
-9.7741 -58.2685 3.78719 0.4957 0.5032 -0.7078
-10.2451 -58.1503 3.7725 -0.1616 0.6746 -0.7203
-10.0091 -62.1757 7.72659 -0.3857 -0.9185 0.0868
-8.694 -61.4226 7.795 0.9447 -0.321 0.0668
-9.4303 -58.7261 8.03139 0.8955 0.4447 0.0195
-11.1133 -58.9855 8.006 -0.9161 0.3969 0.0563
-9.7691 -58.3165 8.06699 0.2018 0.9747 0.0962
-10.0596 -62.3175 4.0276 -0.429 -0.8702 -0.2425
-8.8723 -61.9682 4.0603 0.5853 -0.7775 -0.2301
-8.5181 -61.4349 4.1078 0.9725 -0.1404 -0.186
-11.2689 -58.8236 4.3335 -0.9545 0.2748 -0.1154
-10.2725 -57.9226 4.4145 -0.2774 0.9567 -0.0878
-9.6956 -58.033 4.40559 0.6306 0.7651 -0.1306
-9.3647 -63.3269 3.47269 -0.5658 0.1027 -0.8181
-9.1808 -62.8062 3.5188 -0.4756 0.3711 -0.7975
-8.737 -62.3603 3.5588 -0.2813 0.526 -0.8026
-8.2997 -62.2567 3.5686 0.2476 0.5863 -0.7713
-9.2024 -63.9473 3.4183 -0.4768 -0.1314 -0.8691
-6.8578 -64.2778 3.3928 0.5383 0.2664 -0.7996
-8.1891 -65.6156 3.2729 -0.3582 -0.2742 -0.8924
-7.7605 -65.9743 3.30949 -0.0834 -0.4673 -0.8801
-6.8795 -65.4248 3.3593 0.5087 -0.1932 -0.839
-7.3233 -65.8707 3.3193 0.2725 -0.3729 -0.887
-9.4431 -63.4133 7.6185 -0.984 0.1302 0.122
-8.3087 -62.2734 7.7207 0.1215 0.98 0.1578
-7.7718 -66.1652 7.3787 -0.1024 -0.9843 0.1439
-6.6813 -64.9529 7.4872 0.99 -0.0688 0.1228
-9.6165 -63.3203 3.94 -0.9761 0.0862 -0.1997
-9.4454 -64.0366 3.80959 -0.9008 -0.3562 -0.2483
-9.3732 -62.6927 3.9957 -0.8169 0.5536 -0.162
-8.8191 -62.13 3.97849 -0.4966 0.8432 -0.206
-8.2867 -61.9783 3.9927 0.2982 0.9303 -0.2135
-8.2893 -65.9401 3.6437 -0.706 -0.6405 -0.302
-6.6274 -64.2759 3.8604 0.9039 0.3926 -0.1699
-7.786 -66.3342 3.6773 -0.1669 -0.9318 -0.3223
-7.2537 -66.1824 3.6915 0.4937 -0.8207 -0.2875
-6.6997 -65.6258 3.74139 0.836 -0.4962 -0.2344
-6.5045 -64.9188 3.80399 0.9633 -0.0256 -0.2672
10.001 -61.9605 3.5003 0.329 -0.4903 -0.8071
9.044 -61.7051 3.5685 -0.3931 -0.4106 -0.8227
8.7678 -61.2581 3.61929 -0.6551 0.0246 -0.7552
9.7981 -58.2712 3.8174 -0.4934 0.5033 -0.7094
11.0592 -58.8928 3.7037 0.6446 0.2023 -0.7373
10.2692 -58.1532 3.8041 0.164 0.6746 -0.7198
10.0171 -62.1614 7.759 0.3855 -0.9181 0.0923
8.702 -61.408 7.8233 -0.9491 -0.303 0.0865
11.1213 -58.9716 8.04169 0.9153 0.3985 0.058
9.7771 -58.3022 8.09859 -0.3702 0.9243 0.093
10.0817 -62.3203 4.05869 0.4293 -0.8709 -0.2391
8.8944 -61.9706 4.08759 -0.5847 -0.7779 -0.2304
8.5403 -61.4372 4.13409 -0.9718 -0.1408 -0.189
11.291 -58.8267 4.36829 0.9552 0.2737 -0.1127
10.2946 -57.9254 4.4461 0.2781 0.9564 -0.089
9.7177 -58.0356 4.43549 -0.6323 0.7641 -0.1279
9.3884 -63.3294 3.50149 0.5684 0.1026 -0.8163
8.3234 -62.259 3.5942 -0.245 0.5864 -0.7721
8.7607 -62.3627 3.58569 0.284 0.526 -0.8017
9.2044 -62.8087 3.5471 0.4782 0.371 -0.796
9.226 -63.9498 3.44659 0.4795 -0.1316 -0.8676
8.2128 -65.6178 3.2981 0.361 -0.2744 -0.8913
6.8814 -64.2797 3.41389 -0.5357 0.2665 -0.8013
7.784 -65.9765 3.3335 0.0861 -0.4674 -0.8799
7.3467 -65.8727 3.3419 -0.2698 -0.3728 -0.8878
6.9029 -65.4267 3.38049 -0.5061 -0.193 -0.8406
9.4705 -63.4139 7.6478 0.9841 0.1304 0.1206
8.3361 -62.2737 7.7465 -0.0982 0.9866 0.1305
6.8308 -64.3758 7.559 -0.9119 0.4068 0.0543
7.7992 -66.1653 7.40279 0.1043 -0.984 0.1443
6.7088 -64.9527 7.508 -0.9714 -0.2222 0.084
9.4678 -64.0392 3.8387 0.9011 -0.3562 -0.2472
9.6386 -63.3229 3.9696 0.9762 0.0862 -0.1988
9.3953 -62.6952 4.0246 0.8171 0.5534 -0.1614
8.8414 -62.1325 4.0057 0.4971 0.843 -0.2058
8.3091 -61.9806 4.0182 -0.2982 0.9302 -0.214
8.3117 -65.9423 3.6692 0.7064 -0.6406 -0.3012
6.6495 -64.2778 3.8809 -0.9034 0.3909 -0.1765
7.8082 -66.3363 3.70139 0.1668 -0.9319 -0.3219
7.2758 -66.1844 3.7139 -0.4935 -0.8208 -0.2877
6.7218 -65.6276 3.7621 -0.8358 -0.4961 -0.2352
6.5267 -64.9206 3.8241 -0.9633 -0.0251 -0.2674
3.2358 -69.263 2.8341 0.3731 -0.2872 -0.8822
3.2358 -67.5245 2.9872 0.3206 0.5369 -0.7803
3.46 -68.0316 2.94289 0.5262 0.1788 -0.8314
3.46 -68.756 2.8791 0.5225 -0.0211 -0.8524
2.7126 -69.4803 2.8141 0.0598 -0.4233 -0.904
0.9186 -67.3069 3.0028 -0.0729 0.5901 -0.8041
0.3954 -69.2626 2.8297 -0.3159 -0.3782 -0.8701
0.4702 -67.5241 2.98299 -0.3556 0.45 -0.8191
0.1712 -68.7555 2.87399 -0.5214 -0.0269 -0.8529
0.1712 -68.0312 2.9378 -0.5246 0.2048 -0.8264
3.1764 -69.4538 7.6198 0.6785 -0.7222 0.1342
3.1764 -67.6021 7.7829 0.6894 0.7111 0.1381
0.8147 -67.5485 7.784 -0.2342 0.9665 0.1053
0.4114 -69.2285 7.6354 -0.7498 -0.6496 0.1254
0.469 -67.7351 7.767 -0.8318 0.5426 0.1171
2.8384 -69.7945 3.18619 0.1572 -0.9372 -0.3114
3.4353 -69.5233 3.211 0.694 -0.655 -0.299
3.6912 -68.8902 3.2672 0.9588 -0.1679 -0.229
3.6912 -67.9859 3.34679 0.9577 0.1994 -0.2075
3.4353 -67.3528 3.4022 0.5927 0.778 -0.2084
0.7915 -67.0812 3.422 -0.1971 0.9599 -0.1993
0.1946 -69.5228 3.20599 -0.5822 -0.7603 -0.2882
-0.0613 -68.8897 3.2614 -0.9572 -0.1724 -0.2324
-0.0613 -67.9854 3.341 -0.9484 0.2457 -0.2003
0.2798 -67.3524 3.39729 -0.6779 0.7048 -0.2091
4.3837 -68.41 2.9255 -0.1482 -0.3917 -0.9081
4.046 -68.037 2.93739 -0.4643 -0.1242 -0.8769
3.8783 -66.7958 3.0431 -0.4827 0.3249 -0.8133
4.8908 -68.3835 2.9631 0.2426 -0.396 -0.8856
5.7809 -65.583 3.2895 -0.1167 0.5799 -0.8063
6.2246 -65.5891 3.31969 0.2457 0.5621 -0.7898
6.7934 -67.1707 3.2095 0.5446 -0.2154 -0.8105
6.6256 -65.9295 3.3153 0.5254 0.3617 -0.7702
6.8362 -66.602 3.2662 0.5999 0.1398 -0.7878
4.3166 -68.6123 7.4946 -0.4448 -0.8911 0.0898
3.7773 -66.8954 7.645 -0.9301 0.3591 0.0776
6.8336 -67.3046 7.30099 0.9222 -0.3709 0.1093
6.2281 -65.6221 7.4483 0.3236 0.9314 0.1666
4.2502 -68.7459 3.28529 -0.3797 -0.8598 -0.3415
4.8356 -68.7373 3.3266 0.2858 -0.9069 -0.3096
3.8491 -68.2697 3.3025 -0.879 -0.3893 -0.2753
3.6192 -66.7306 3.4321 -0.8878 0.398 -0.2313
5.7833 -65.3252 3.7148 -0.2286 0.9514 -0.2062
6.9997 -67.3319 3.6093 0.8481 -0.4718 -0.2411
7.0327 -66.6324 3.6777 0.9754 0.1435 -0.1676
6.7698 -65.7928 3.7389 0.8352 0.528 -0.1541
6.2963 -65.3538 3.7477 0.3787 0.9041 -0.1979
-9.2492 -63.8889 2.1805 -0.2091 -0.6168 0.7588
-8.8719 -63.86 2.1856 0.2095 -0.6137 0.7613
-8.4617 -63.546 2.2348 0.4293 -0.4622 0.7759
-8.2646 -63.1352 2.2987 0.584 -0.1259 0.8019
-9.5825 -63.5375 2.2344 -0.4714 -0.3923 0.7898
-9.0723 -61.0678 2.61739 0.4651 0.1407 0.874
-9.3756 -60.7801 2.6615 0.2229 0.3181 0.9215
-10.3903 -61.4701 2.55309 -0.5783 -0.1344 0.8047
-9.7829 -60.7453 2.6662 -0.1654 0.3555 0.9199
-10.1932 -61.0593 2.617 -0.4157 0.1877 0.8899
-9.2575 -62.8284 -1.45821 -0.2532 -0.8683 -0.4265
-8.1988 -62.0181 -1.3311 0.9791 -0.1402 -0.1475
-10.4575 -60.2848 -1.06641 -0.9474 0.3201 -0.0089
-9.3672 -59.5414 -0.9496 0.2494 0.9537 0.1681
-9.2957 -64.0882 1.80669 -0.3072 -0.9504 0.0474
-9.6892 -63.6974 1.8666 -0.8132 -0.5726 0.1043
-8.8344 -64.0316 1.8162 0.3712 -0.9282 0.0245
-8.3222 -63.6396 1.87769 0.746 -0.6624 0.0686
-8.0664 -63.1473 1.9543 0.9704 -0.1235 0.2077
-8.9749 -60.7782 2.3195 0.7856 0.4956 0.3705
-10.5976 -61.3284 2.2318 -0.9686 0.0111 0.2483
-10.3419 -60.836 2.30839 -0.7317 0.5638 0.3831
-9.8297 -60.444 2.3699 -0.3052 0.8343 0.4592
-9.3341 -60.4601 2.3682 0.3488 0.804 0.4815
-8.6892 -64.4952 2.13 -0.5446 -0.1651 0.8223
-7.8674 -63.4482 2.2933 0.1652 0.3976 0.9026
-8.2322 -63.5942 2.2701 -0.3275 0.2688 0.9058
-8.5746 -64.0304 2.2021 -0.4792 0.0969 0.8723
-8.5 -64.9979 2.0525 -0.4547 -0.4151 0.788
-6.4718 -64.9644 2.0608 0.4592 0.1426 0.8768
-7.1043 -66.5141 1.82 -0.1636 -0.668 0.7259
-6.3243 -65.414 1.99149 0.5388 -0.0844 0.8382
-6.7395 -66.3681 1.84309 0.3374 -0.5458 0.767
-6.3971 -65.9319 1.91119 0.5131 -0.3412 0.7876
-8.7738 -63.3283 -1.5258 -0.9933 0.0775 -0.0855
-7.8903 -62.2027 -1.3502 -0.0215 0.976 0.2165
-6.4202 -63.794 -1.5942 0.8555 0.5035 0.121
-7.1072 -65.4514 -1.85181 0.0168 -0.9019 -0.4316
-6.2675 -64.2699 -1.6676 0.9924 -0.0707 -0.1002
-8.7019 -65.0065 1.7039 -0.8399 -0.5316 0.1096
-8.9068 -64.4188 1.79449 -0.9701 -0.0811 0.2288
-8.7503 -63.8557 1.8819 -0.8598 0.3883 0.3315
-8.3228 -63.3111 1.9669 -0.5917 0.6839 0.4269
-7.8808 -63.1118 1.9984 0.1752 0.8531 0.4914
-6.2774 -64.8276 1.7354 0.8415 0.416 0.3447
-7.0985 -66.7224 1.4408 -0.171 -0.9844 0.0404
-6.6565 -66.523 1.4724 0.6029 -0.7962 0.0511
-6.229 -65.9784 1.5573 0.8905 -0.4436 0.101
-6.1201 -65.3547 1.654 0.971 0.0109 0.2388
-2.909 -69.2255 1.3858 -0.4118 -0.4724 0.7793
-2.9092 -67.5037 1.6522 -0.3507 0.3027 0.8862
-3.1005 -68.0058 1.5742 -0.5411 -0.0407 0.84
-3.1004 -68.7232 1.4632 -0.5416 -0.2133 0.8131
-2.4626 -69.4407 1.3531 -0.0729 -0.6366 0.7677
-0.9322 -67.2887 1.6886 0.0861 0.3598 0.9291
-0.4856 -69.2258 1.3895 0.3503 -0.5694 0.7437
-0.5495 -67.504 1.6559 0.3854 0.2063 0.8994
-0.2943 -68.7236 1.4675 0.5406 -0.2185 0.8125
-0.2944 -68.0062 1.5785 0.5398 -0.0182 0.8416
-2.9757 -68.0934 -2.57571 -0.7322 -0.6013 -0.32
-2.9759 -66.2421 -2.2892 -0.7052 0.6964 0.1333
-0.8969 -66.011 -2.25011 0.1981 0.9489 0.2459
-0.4272 -68.0937 -2.5718 0.7419 -0.5931 -0.3126
-0.4945 -66.2424 -2.2853 0.8288 0.5517 0.0936
-2.5698 -69.6403 0.938896 -0.1831 -0.9823 0.0403
-3.0792 -69.3715 0.979698 -0.7268 -0.6787 0.1054
-3.2975 -68.7445 1.07639 -0.9657 -0.1953 0.1713
-3.2976 -67.8489 1.215 -0.9616 0.1183 0.2478
-3.0794 -67.2219 1.31229 -0.6073 0.6695 0.4277
-0.8237 -66.9535 1.3574 0.2113 0.8485 0.4852
-0.3141 -69.3719 0.983894 0.6022 -0.7945 0.078
-0.0959 -68.7449 1.0813 0.9654 -0.196 0.1722
-0.096 -67.8493 1.21989 0.9556 0.1584 0.2484
-0.3871 -67.2223 1.3165 0.7114 0.5742 0.4053
-3.9303 -68.5121 1.47469 0.3042 -0.544 0.782
-3.6777 -68.0949 1.5397 0.5125 -0.2969 0.8057
-3.5554 -67.402 1.64709 0.5465 -0.1399 0.8257
-3.6366 -66.8491 1.7326 0.4668 0.1737 0.8671
-4.3565 -68.5617 1.4664 -0.1252 -0.6122 0.7808
-5.3248 -65.94 1.8706 0.1036 0.3414 0.9342
-5.6954 -66.0122 1.85889 -0.2799 0.2672 0.9221
-6.0447 -67.6527 1.60439 -0.4698 -0.4368 0.7671
-6.0036 -66.4068 1.79729 -0.5058 0.0625 0.8604
-6.126 -67.0998 1.6899 -0.5457 -0.119 0.8295
-3.8843 -67.4444 -2.52821 0.509 -0.7776 -0.3693
-3.5685 -65.6563 -2.2509 0.855 0.516 0.0518
-6.1078 -66.5406 -2.3918 -0.8976 -0.3816 -0.2207
-5.7335 -64.7763 -2.1181 -0.4466 0.8866 0.1203
-3.8187 -68.7185 1.09599 0.536 -0.8378 0.1041
-4.309 -68.7974 1.083 -0.1538 -0.9856 0.0708
-3.5213 -68.1903 1.1782 0.9196 -0.3636 0.1489
-3.3686 -67.3252 1.31239 0.9769 -0.0652 0.2037
-3.4521 -66.6422 1.4179 0.7988 0.4725 0.3723
-5.3744 -65.5827 1.5789 0.1138 0.8604 0.4968
-6.2312 -67.7378 1.244 -0.7982 -0.589 0.1264
-6.3147 -67.0548 1.34959 -0.976 -0.0088 0.2175
-6.162 -66.1897 1.4838 -0.8958 0.3239 0.3045
-5.8011 -65.6874 1.5621 -0.5243 0.7152 0.4622
9.2373 -63.8914 2.209 0.2065 -0.6169 0.7595
8.2525 -63.1375 2.3241 -0.5866 -0.1258 0.8001
8.4497 -63.5483 2.2609 -0.4319 -0.4621 0.7746
8.86 -63.8624 2.2129 -0.212 -0.6136 0.7606
9.5705 -63.5401 2.26389 0.4688 -0.3924 0.7913
9.0598 -61.0703 2.64539 -0.4678 0.1409 0.8726
10.3778 -61.4729 2.5851 0.5757 -0.1346 0.8065
9.363 -60.7827 2.6903 -0.2257 0.3181 0.9208
10.1806 -61.0621 2.6484 0.4129 0.1876 0.8912
9.7703 -60.748 2.6963 0.1627 0.3554 0.9204
9.2591 -62.8483 -1.4324 0.2542 -0.8705 -0.4215
8.2003 -62.0377 -1.3085 -0.9763 -0.1676 -0.1373
9.0463 -59.8616 -0.970406 -0.8205 0.5554 0.1352
10.4585 -60.305 -1.0369 0.948 0.3181 -0.0076
9.3681 -59.5613 -0.9235 -0.0917 0.9722 0.2155
9.6784 -63.7 1.89639 0.8125 -0.5727 0.1085
9.285 -64.0907 1.8353 0.3068 -0.9504 0.0507
8.8236 -64.034 1.8434 -0.3716 -0.928 0.0254
8.3113 -63.6419 1.9033 -0.7464 -0.6621 0.0677
8.0555 -63.1495 1.97909 -0.9711 -0.1226 0.2048
8.9634 -60.7807 2.3471 -0.785 0.4957 0.3716
10.5863 -61.3313 2.2644 0.9677 0.0115 0.2518
10.3304 -60.8389 2.34029 0.7308 0.5643 0.3841
9.8181 -60.4467 2.40009 0.304 0.8353 0.4582
9.3225 -60.4627 2.3969 -0.3509 0.8055 0.4774
8.6773 -64.4975 2.1567 0.542 -0.1652 0.824
8.5626 -64.0328 2.22849 0.4765 0.0968 0.8738
8.2201 -63.5964 2.29549 0.3248 0.2687 0.9068
7.8553 -63.4504 2.3175 -0.1679 0.3977 0.902
8.4882 -65.0003 2.0786 0.4521 -0.4152 0.7895
6.46 -64.9662 2.0807 -0.4619 0.1428 0.8754
6.3125 -65.4158 2.0109 -0.5415 -0.0842 0.8365
7.0929 -66.516 1.8418 0.1612 -0.6681 0.7264
6.3855 -65.9336 1.93089 -0.5156 -0.3411 0.786
6.728 -66.37 1.8639 -0.34 -0.5457 0.7659
8.7577 -63.3305 -1.4987 0.9932 0.0781 -0.0869
7.8738 -62.2046 -1.32581 -0.0048 0.9819 0.1896
7.0915 -65.4531 -1.8299 -0.0184 -0.9018 -0.4317
6.2515 -64.2714 -1.6483 -0.9912 0.1042 -0.0812
8.8959 -64.4212 1.8219 0.9699 -0.081 0.2297
8.6912 -65.0089 1.7307 0.8398 -0.5316 0.1104
8.7393 -63.8581 1.9088 0.8595 0.3885 0.3323
8.3117 -63.3134 1.9925 0.5911 0.6841 0.4274
7.8697 -63.1139 2.0227 -0.1755 0.8531 0.4913
6.2667 -64.8293 1.7547 -0.842 0.4188 0.3401
7.0882 -66.7243 1.4627 0.1715 -0.9844 0.0405
6.6461 -66.5248 1.4928 -0.6029 -0.7962 0.0505
6.2185 -65.9801 1.5765 -0.8906 -0.4437 0.1001
6.1095 -65.3564 1.6729 -0.9711 0.0103 0.2384
2.8982 -69.2263 1.3947 0.4093 -0.4725 0.7805
3.0894 -68.7241 1.47269 0.539 -0.2135 0.8148
3.0894 -68.0067 1.58379 0.5384 -0.0409 0.8417
2.898 -67.5045 1.66119 0.348 0.3026 0.8873
2.4518 -69.4414 1.3607 0.0703 -0.6367 0.7679
0.921 -67.289 1.6915 -0.0888 0.3598 0.9288
0.5383 -67.5041 1.65759 -0.3882 0.2065 0.8982
0.4747 -69.2259 1.391 -0.3528 -0.5693 0.7426
0.2833 -68.0063 1.5794 -0.5424 -0.0181 0.8399
0.2834 -68.7237 1.4684 -0.5432 -0.2183 0.8107
2.9651 -68.079 -2.5642 0.7325 -0.5997 -0.3223
2.9649 -66.2278 -2.2777 0.6761 0.7283 0.1117
0.4166 -68.0787 -2.5681 -0.7428 -0.591 -0.3145
0.4835 -66.2274 -2.2815 -0.6642 0.7411 0.0982
3.0696 -69.3723 0.989098 0.7267 -0.6789 0.1053
2.5603 -69.641 0.9468 0.1831 -0.9823 0.0388
3.2879 -68.7454 1.08649 0.9654 -0.1955 0.1724
3.2878 -67.8497 1.2251 0.9612 0.1181 0.2494
3.0694 -67.2228 1.3218 0.6069 0.6685 0.4299
0.8137 -66.9538 1.35989 -0.2108 0.8506 0.4818
0.3046 -69.372 0.984894 -0.602 -0.7949 0.0754
0.0862 -68.745 1.0816 -0.9657 -0.1962 0.1704
0.0861 -67.8493 1.2202 -0.956 0.1581 0.2472
0.3771 -67.2224 1.3177 -0.7122 0.5726 0.406
3.9194 -68.5132 1.48679 -0.3068 -0.5439 0.781
3.6254 -66.8501 1.7438 -0.4695 0.1738 0.8657
3.5442 -67.403 1.6581 -0.5491 -0.1397 0.824
3.6667 -68.0959 1.55099 -0.5151 -0.2968 0.8041
4.3456 -68.5629 1.4798 0.1226 -0.6122 0.7812
5.3134 -65.9415 1.88699 -0.1064 0.3415 0.9339
6.0336 -67.6543 1.62299 0.4673 -0.4369 0.7686
5.6839 -66.0138 1.8764 0.2771 0.2671 0.923
6.1148 -67.1014 1.70879 0.5431 -0.1191 0.8312
5.9922 -66.4084 1.8158 0.5031 0.0623 0.862
3.8834 -67.4455 -2.51621 -0.5084 -0.7774 -0.3704
3.5673 -65.6573 -2.23991 -0.8551 0.516 0.0497
6.1067 -66.5423 -2.3729 0.898 -0.3818 -0.2186
5.7321 -64.7778 -2.1004 0.4462 0.8867 0.1214
4.2992 -68.7985 1.0963 0.1534 -0.9856 0.0712
3.809 -68.7195 1.1078 -0.5364 -0.8377 0.1026
3.5115 -68.1913 1.1891 -0.9201 -0.3634 0.1464
3.3585 -67.3261 1.32269 -0.9775 -0.065 0.2009
3.4419 -66.6431 1.4286 -0.7997 0.4727 0.3701
5.3639 -65.5841 1.5955 -0.115 0.8604 0.4965
6.2213 -67.7395 1.2632 0.7977 -0.5892 0.1286
6.3046 -67.0566 1.36909 0.9754 -0.009 0.2203
6.1517 -66.1914 1.50269 0.895 0.3237 0.307
5.7907 -65.689 1.5799 0.5232 0.7151 0.4637
-15.4961 -64.2134 42.415 -0.0523 -0.9986 0
-15.4414 -63.1713 46.3092 -0.0444 -0.8463 0.5309
-17.3858 -63.0694 45.7874 -0.3094 -0.8324 0.4598
-18.8092 -62.9949 44.3621 -0.5035 -0.8222 0.2655
-19.3302 -62.9675 42.415 -0.5745 -0.8185 0
-18.8092 -62.9949 40.4679 -0.5035 -0.8222 -0.2654
-17.3858 -63.0694 39.0426 -0.3094 -0.8324 -0.4598
-15.4414 -63.1714 38.5209 -0.0444 -0.8463 -0.5309
-13.497 -63.2733 39.0426 0.2207 -0.8602 -0.4598
-12.0736 -63.3479 40.4679 0.4148 -0.8703 -0.2654
-11.5526 -63.3752 42.415 0.4858 -0.8741 0
-12.0736 -63.3478 44.3621 0.4148 -0.8703 0.2655
-13.497 -63.2732 45.7874 0.2207 -0.8602 0.4598
-15.2922 -60.3245 49.1599 -0.0252 -0.4817 0.876
-18.6601 -60.148 48.2562 -0.4626 -0.4588 0.7586
-21.1255 -60.0188 45.7874 -0.7828 -0.442 0.438
-22.0279 -59.9715 42.415 -0.9 -0.4358 0
-21.1255 -60.0188 39.0426 -0.7828 -0.442 -0.438
-18.6601 -60.148 36.5738 -0.4626 -0.4588 -0.7586
-15.2922 -60.3245 35.6701 -0.0252 -0.4817 -0.876
-11.9244 -60.5011 36.5738 0.4121 -0.5046 -0.7586
-9.459 -60.6303 39.0426 0.7323 -0.5214 -0.438
-8.5566 -60.6775 42.415 0.8495 -0.5275 0
-9.459 -60.6302 45.7874 0.7323 -0.5214 0.438
-11.9244 -60.501 48.2562 0.4121 -0.5046 0.7586
-15.0884 -56.4357 50.2033 -0.0135 -0.2585 0.9659
-18.9772 -56.2319 49.1598 -0.4958 -0.2332 0.8365
-21.8241 -56.0827 46.3091 -0.8489 -0.2147 0.483
-22.8661 -56.0281 42.415 -0.9781 -0.2079 0
-21.8241 -56.0827 38.5209 -0.8489 -0.2147 -0.483
-18.9773 -56.2319 35.6701 -0.4958 -0.2332 -0.8365
-15.0884 -56.4357 34.6267 -0.0135 -0.2585 -0.9659
-11.1996 -56.6395 35.6701 0.4688 -0.2837 -0.8365
-8.3528 -56.7887 38.5209 0.8218 -0.3022 -0.483
-7.3108 -56.8433 42.415 0.9511 -0.309 0
-8.3528 -56.7887 46.3091 0.8218 -0.3022 0.483
-11.1996 -56.6395 49.1598 0.4688 -0.2837 0.8365
15.5654 -64.2051 42.415 0.0698 -0.9976 0
15.4926 -63.1642 46.3091 0.0591 -0.8454 0.5309
13.5502 -63.3 45.7874 -0.2057 -0.8639 0.4598
12.1284 -63.3994 44.3621 -0.3995 -0.8774 0.2654
11.6079 -63.4358 42.415 -0.4705 -0.8824 -0
12.1284 -63.3994 40.4679 -0.3995 -0.8774 -0.2654
13.5502 -63.3 39.0426 -0.2057 -0.8639 -0.4598
15.4926 -63.1642 38.5209 0.0591 -0.8454 -0.5309
17.4349 -63.0283 39.0426 0.3239 -0.8269 -0.4598
18.8568 -62.9289 40.4679 0.5178 -0.8133 -0.2654
19.3772 -62.8925 42.415 0.5887 -0.8083 0
18.8568 -62.9289 44.3621 0.5178 -0.8133 0.2655
17.4349 -63.0283 45.7874 0.3239 -0.8269 0.4598
15.2937 -60.3204 49.1599 0.0336 -0.4812 0.876
11.9295 -60.5556 48.2562 -0.4033 -0.5117 0.7586
9.4667 -60.7279 45.7874 -0.7231 -0.5341 0.438
8.5653 -60.7909 42.415 -0.8402 -0.5423 0
9.4667 -60.7279 39.0426 -0.7231 -0.5341 -0.438
11.9295 -60.5556 36.5738 -0.4033 -0.5117 -0.7586
15.2937 -60.3204 35.6701 0.0336 -0.4812 -0.876
18.6579 -60.0851 36.5738 0.4706 -0.4506 -0.7586
21.1207 -59.9129 39.0426 0.7904 -0.4282 -0.438
22.0222 -59.8499 42.415 0.9075 -0.4201 0
21.1207 -59.9129 45.7874 0.7904 -0.4282 0.438
18.6579 -60.0851 48.2562 0.4706 -0.4506 0.7586
15.0221 -56.4357 50.2033 0.0181 -0.2582 0.9659
11.1374 -56.7074 49.1598 -0.4637 -0.2919 0.8365
8.2936 -56.9062 46.3091 -0.8164 -0.3165 0.483
7.2528 -56.979 42.415 -0.9455 -0.3256 -0
8.2936 -56.9062 38.5208 -0.8164 -0.3165 -0.483
11.1374 -56.7074 35.6701 -0.4637 -0.2919 -0.8365
15.0221 -56.4357 34.6267 0.0181 -0.2582 -0.9659
18.9067 -56.1641 35.6701 0.4998 -0.2245 -0.8365
21.7505 -55.9652 38.5209 0.8525 -0.1998 -0.483
22.7914 -55.8924 42.415 0.9816 -0.1908 0
21.7505 -55.9652 46.3091 0.8525 -0.1998 0.483
18.9067 -56.1641 49.1599 0.4998 -0.2245 0.8365
