-31.921997 33.382401 40.475098 -0.797600 0.564000 -0.213700
-19.343445 -23.090200 -53.307312 0.183300 -0.939700 0.288800
59.421692 -33.654400 61.343887 0.785300 -0.616300 0.058300
-5.606812 34.068497 -23.641327 -0.083500 0.773500 0.628300
38.803772 -44.810204 -22.857025 -0.027900 -0.293900 -0.955400
52.142700 -43.351200 14.365479 0.786700 -0.549900 0.280700
52.633789 -44.773300 11.292877 0.756400 -0.466500 0.458500
53.175354 -45.645901 9.916779 0.777500 -0.509100 0.369200
56.301575 -36.119400 46.227875 0.738600 -0.653000 -0.167300
47.589050 -48.402401 -12.242004 0.757500 -0.645400 -0.098100
-20.158997 20.622000 8.710297 -0.628000 0.613400 -0.479000
-26.528198 38.037697 67.799591 -0.658300 0.655200 0.370700
44.747498 -48.231701 -18.667999 0.503100 -0.609900 -0.612300
59.865784 -26.504400 84.090790 0.583000 -0.213000 0.784000
51.920410 -42.373001 16.695099 0.785600 -0.618100 0.026800
52.088867 -42.291702 17.324585 0.766700 -0.639400 -0.058100
45.649109 -11.788501 93.814392 0.350200 0.025700 0.936300
59.660950 -47.372398 20.376678 0.341100 -0.531800 -0.775100
32.314453 -38.815201 -20.609711 -0.276500 -0.092800 -0.956500
22.875061 -31.131500 -20.097504 0.052800 -0.334400 -0.941000
15.603210 -32.672802 -32.038605 0.519400 -0.843900 -0.134400
52.422791 -42.804501 24.702881 -0.093200 -0.536400 -0.838800
16.686707 -29.908001 -23.320404 0.416200 -0.898600 -0.138800
51.501404 -45.510601 6.060303 0.393900 -0.549600 -0.736700
57.593872 -38.638901 41.764282 0.694300 -0.355300 0.625800
51.999695 -46.033401 4.311096 0.631600 -0.334200 0.699500
-8.273132 -45.121300 33.922974 -0.449100 -0.879500 0.157600
53.223450 -45.943604 9.097595 0.765500 -0.638700 -0.077800
51.751953 -46.690498 1.092896 0.372600 -0.907200 -0.195100
58.347107 -40.369900 38.367279 0.786400 -0.533800 0.310900
59.021606 -43.923203 29.257202 0.746600 -0.439300 0.499500
58.366394 -41.725300 34.308685 0.790100 -0.550400 0.269700
56.245605 -36.770500 44.118378 0.792800 -0.584200 0.173900
56.272095 -44.857101 19.690582 0.038800 -0.340700 -0.939400
59.675293 -32.636902 65.047684 0.788400 -0.608700 0.089100
50.214905 -44.695999 5.345490 -0.239900 -0.111300 -0.964400
64.423950 -32.494900 77.119492 0.778800 -0.509500 0.366000
61.570862 -47.530602 24.579895 0.792900 -0.581300 0.183000
56.323059 -37.181999 43.061798 0.719800 -0.393900 0.571600
57.072083 -36.098701 48.179688 0.697900 -0.658100 -0.282600
58.014771 -35.781300 51.451889 0.783600 -0.619700 0.043700
48.365479 -47.066700 -6.312927 0.734500 -0.669700 -0.110100
52.938110 -42.646301 18.281799 0.317100 -0.515900 -0.795800
-8.148499 29.975599 88.436493 -0.301500 0.510000 0.805600
52.487183 -46.785599 2.965393 0.633500 -0.761700 0.135800
-12.046936 27.092299 -15.614105 -0.390000 0.872000 0.295800
52.545410 -45.895103 7.515381 0.628500 -0.643200 -0.437300
0.000000 81.753799 -88.577301 -0.000000 0.997500 0.070300
47.817810 -47.733700 -9.664703 0.788500 -0.608500 0.089200
0.000000 -42.062500 -88.577301 0.000000 -0.992100 0.125400
64.460083 -33.754101 73.393692 0.640500 -0.652200 -0.405400
58.729858 -34.612701 56.744995 0.780800 -0.624400 0.022800
57.935303 -39.391998 40.319794 0.767900 -0.482300 0.421500
14.657288 14.851400 98.532990 0.034100 0.288300 0.956900
0.000000 -27.944500 -53.966705 0.007100 -0.998200 0.059700
58.694397 -42.824600 31.783203 0.785500 -0.530500 0.318800
0.000000 49.751602 -36.036926 -0.010100 0.617000 0.786900
20.608765 -44.892502 55.538284 -0.227300 -0.917000 0.327800
27.136902 -45.815102 60.391495 -0.298500 -0.818200 0.491300
35.646484 -45.409698 62.528687 0.021300 -0.704400 0.709500
41.719055 -44.257202 63.065887 0.198300 -0.865900 0.459200
47.888855 -42.346802 61.972794 0.395300 -0.877800 0.270500
52.526062 -40.306198 59.964584 0.617400 -0.752900 0.227900
56.014099 -37.359001 57.912491 0.761800 -0.624700 0.171300
34.643677 -49.773800 40.208984 0.426900 -0.808500 0.405100
30.250610 -49.781898 43.481689 0.299100 -0.839000 0.454500
27.441650 -49.282101 45.677399 0.149900 -0.879700 0.451300
40.102661 -47.688599 38.174896 0.488300 -0.772200 0.406500
46.374268 -50.122200 -9.078003 0.763800 -0.592600 0.255800
42.501465 -53.084999 -8.766724 0.358900 -0.816500 0.452300
35.060791 -53.418503 -7.885010 0.111900 -0.811600 0.573500
28.468262 -52.476700 -1.896118 0.162800 -0.975400 0.148700
26.832092 -53.825798 3.913177 -0.101200 -0.980500 -0.168400
28.321960 -54.129204 11.239075 0.108900 -0.987300 0.115500
33.341553 -51.291199 18.162903 0.279300 -0.957500 0.072000
38.563904 -49.871399 23.548584 0.476700 -0.862300 -0.170900
44.513794 -47.384602 28.303192 0.544200 -0.775500 -0.320100
49.041504 -46.338600 30.321899 0.438000 -0.898300 0.035200
27.362671 -42.088799 70.609085 -0.092700 -0.993900 0.059200
37.702454 -41.659000 78.016983 0.095700 -0.975200 0.199400
47.375366 -39.110199 78.006882 0.152600 -0.982300 -0.109000
55.651001 -38.026100 75.733795 0.177400 -0.905500 -0.385400
60.920410 -35.438900 75.506683 0.474100 -0.866900 0.153800
44.586853 -45.260300 37.614502 0.466200 -0.680400 0.565400
47.538452 -42.092499 38.822479 0.227600 -0.730300 0.644100
51.203003 -40.556503 40.084076 0.032900 -0.864200 0.502100
55.722656 -40.674500 40.557800 0.178500 -0.863500 0.471600
33.298401 -49.620903 49.261078 -0.011200 -0.994000 0.108400
38.890503 -47.817501 50.463898 0.356100 -0.913100 0.198600
-101.904022 46.632500 -88.577301 -0.655100 0.734500 0.176800
-117.950317 24.690798 -88.577301 -0.966000 0.086100 0.243800
-70.676697 -26.681601 -88.577301 -0.536400 -0.843200 0.036300
-36.106201 -44.222401 -88.577301 -0.365200 -0.915500 0.168800
-11.232300 -41.717800 -88.577301 0.401300 -0.913200 0.070700
-7.294739 -41.315399 -88.577301 0.004500 -0.993500 0.114100
44.222595 -45.399902 50.031494 0.568200 -0.785300 0.246000
47.504395 -42.983200 48.009674 0.915000 -0.399600 0.055700
47.117371 -40.132000 45.447388 0.932800 -0.054300 -0.356200
57.002258 -29.526501 85.399384 0.542400 -0.267900 0.796300
43.518555 -16.977402 95.041489 0.362600 -0.027300 0.931600
10.721802 6.716700 100.102081 -0.026400 0.136700 0.990300
40.990967 -21.113901 95.401489 0.176700 -0.241900 0.954100
6.616150 -1.686300 100.441391 -0.052300 0.053000 0.997200
-34.673950 42.960304 -36.720520 -0.154300 0.462100 0.873300
-20.029541 -48.877998 -88.577301 0.170100 -0.971200 0.166700
-10.436829 -43.080399 36.080902 -0.525100 -0.838800 0.143800
-2.916199 -27.820000 -53.966705 -0.107400 -0.991500 0.072900
-6.685120 -27.164600 -53.966705 -0.429700 -0.888900 0.159100
-9.323608 -25.100300 -54.080322 -0.565900 -0.793700 0.223200
-12.496704 -22.759201 -53.786713 -0.251100 -0.893800 0.371500
0.607910 -38.556999 47.950073 -0.721700 -0.620000 -0.307700
-0.514343 -35.414001 40.472198 -0.368100 -0.867000 0.336000
-6.480835 -37.769402 54.576782 -0.336900 -0.823900 -0.455700
-2.487427 -42.084900 52.065384 -0.664300 -0.538300 -0.518600
-8.254211 -38.601402 50.324402 0.040200 -0.968200 0.246700
-7.385803 -40.480900 45.499084 0.194700 -0.963500 0.183900
-6.179749 -38.958000 50.068176 -0.212400 -0.969400 0.123200
-18.887939 -33.707802 14.954376 -0.689700 -0.697700 0.193700
0.203003 -42.759602 47.395203 -0.596600 -0.802500 0.007800
-13.382935 -37.710899 43.057281 -0.113500 -0.934900 0.336300
-11.820801 -39.492599 40.645599 -0.260600 -0.845400 0.466200
-7.781738 -43.899200 37.801880 0.021100 -0.829300 0.558400
-2.161194 -40.342701 36.059387 -0.255200 -0.651500 0.714400
-10.994141 -36.036400 56.376190 -0.276900 -0.923200 -0.266600
-14.437927 -35.705299 48.730988 -0.048400 -0.980900 0.188200
31.414185 -52.726501 4.841980 0.314500 -0.939400 -0.136800
49.786255 -47.340801 6.977081 0.335200 -0.691700 -0.639700
50.489563 -47.021000 5.220490 0.548400 -0.516300 0.657900
47.875305 -48.622704 5.359100 0.405800 -0.778200 0.479300
37.444763 -50.227100 7.661774 0.225600 -0.008000 0.974200
42.465454 -50.229103 5.844482 0.204400 -0.885100 0.418100
47.229065 -49.035000 7.720001 0.280200 -0.802000 -0.527500
41.996765 -50.441700 8.234375 0.245900 -0.611400 -0.752100
36.052673 -51.075699 5.255585 0.185100 -0.980200 -0.069800
42.774597 -50.380699 4.586884 0.098600 -0.981800 -0.162300
48.018188 -48.891098 3.705200 0.370500 -0.920000 -0.127400
50.934387 -47.340401 3.735687 0.452800 -0.888900 0.069900
50.628601 -47.889900 8.624481 0.499700 -0.801900 -0.327600
47.690369 -49.592003 9.285187 0.334500 -0.914000 -0.229600
42.691956 -50.705700 9.047974 0.176500 -0.966500 -0.186600
47.621094 -46.175400 16.871674 0.406900 -0.856400 0.317800
51.308960 -44.707100 15.175995 0.794100 -0.510300 0.330100
49.866882 -45.689003 15.263000 0.425000 -0.809500 0.405100
51.621704 -44.002201 14.539276 0.872800 -0.419400 0.249500
50.653809 -43.240402 18.861786 0.374000 -0.916800 -0.139900
51.294800 -42.537201 17.954102 0.550700 -0.833800 -0.039500
51.081360 -43.947300 17.127777 0.681400 -0.618100 0.392100
51.691956 -43.418999 16.391174 0.851300 -0.468800 0.235600
52.087158 -45.452801 11.508087 0.871200 -0.256300 0.418700
51.991272 -46.459000 11.545898 0.773900 -0.458800 0.436600
0.013000 -39.418098 53.801285 0.388100 -0.361800 0.847600
-0.062195 -41.987999 57.040390 0.701500 -0.273300 0.658200
-1.897034 -43.867401 55.557083 -0.007100 -0.936600 0.350400
-9.595032 -35.044899 35.223389 -0.986000 -0.111100 -0.124000
-8.764343 -39.109703 31.299500 -0.853000 -0.228600 -0.469200
-13.194092 -41.152901 33.021301 -0.836700 -0.168000 -0.521200
-13.478027 -40.972900 39.604584 -0.487400 -0.794500 0.362200
-0.787292 -43.574902 37.902191 -0.658800 -0.739200 0.139700
-39.193909 -5.806500 -26.157898 -0.919700 -0.310900 0.239900
-34.807800 -18.162500 -1.925110 -0.927000 -0.347900 0.140200
-24.700806 -22.859901 26.545197 -0.775500 -0.574000 0.262800
-21.818542 -21.068201 43.312500 -0.765000 -0.611600 0.201900
48.119751 -44.952702 28.880676 0.343200 -0.592500 -0.728800
43.052185 -46.023602 25.564392 0.575000 -0.759900 -0.303200
37.390503 -50.209301 5.083984 0.244000 -0.967300 -0.069900
26.344055 -47.747002 51.274689 -0.139900 -0.986800 -0.082100
32.040161 -48.597000 53.051590 0.082400 -0.982600 -0.166300
-5.556641 -41.519001 57.660095 -0.368000 -0.816700 0.444500
-9.252441 -38.187801 58.388184 -0.592500 -0.680400 0.431300
-16.372498 -37.574902 49.274200 -0.370900 -0.898300 0.235700
-14.962708 -39.728302 42.561096 -0.311500 -0.920200 0.237200
-8.441223 -45.198502 30.454590 -0.498500 -0.582500 -0.642000
-4.201294 -47.557899 30.563385 0.077900 -0.887500 -0.454200
-0.518250 -44.456902 51.760788 0.223600 -0.972900 -0.058600
-3.340027 -38.835800 59.341782 0.404900 0.080600 0.910800
-9.280334 -35.001900 60.175781 -0.130200 0.285600 0.949500
-17.575928 -34.145599 49.370300 -0.925400 0.370300 0.081000
-15.939392 -36.961201 41.613373 -0.923100 0.219700 -0.315600
-6.771545 -40.935303 30.071075 -0.644600 -0.536800 -0.544400
-3.154297 -43.724098 29.961884 -0.372500 -0.725600 -0.578500
2.157471 -41.599201 51.176987 0.169100 -0.930200 0.325700
-2.533691 -36.380402 55.292480 0.007600 -0.125700 0.992000
-6.723999 -32.859200 54.733582 0.287700 0.782400 0.552400
-10.543396 -30.331600 48.300385 -0.659700 -0.743300 0.111000
0.159058 -44.361702 33.771576 0.048100 -0.991600 0.120000
-9.286743 -30.987202 52.058594 -0.690800 -0.697900 0.188800
-10.648743 -37.368599 28.738495 -0.743900 -0.615100 0.261400
-17.325745 -31.248001 24.203003 -0.719700 -0.643100 0.261600
5.843262 -37.238800 67.197189 -0.412300 -0.879400 0.238000
2.287659 -37.992001 59.383286 -0.415400 -0.808200 0.417400
-18.046448 -32.269001 -33.125519 0.164400 -0.882700 -0.440200
-10.756409 -38.800598 -12.544006 0.072000 -0.963900 -0.256300
13.586060 -28.610001 -19.560211 0.117300 -0.888600 -0.443500
10.611694 -31.620300 -18.876221 0.092300 -0.826500 -0.555300
2.450867 -32.419899 -17.574921 -0.149600 -0.913500 -0.378400
-3.594910 -30.671700 -18.638916 0.089000 -0.925600 -0.367800
-8.983337 -28.201801 61.904892 -0.634900 -0.748300 0.192200
52.666992 -31.637600 87.218384 0.282100 -0.492600 0.823300
40.392761 -25.740301 93.453690 0.100400 -0.435100 0.894800
62.088257 -33.700100 79.296692 0.671000 -0.543700 0.504100
55.781799 -39.597702 48.988983 0.710400 -0.550900 -0.437900
53.393677 -42.086700 50.444000 0.283700 -0.837300 -0.467400
49.890259 -42.962502 52.682190 0.036700 -0.879100 -0.475200
43.517761 -46.388802 55.089783 0.290200 -0.928400 -0.232000
36.062256 -48.795799 56.745789 0.156500 -0.964500 -0.212700
30.542664 -48.581902 48.135773 -0.037000 -0.959300 -0.279900
46.096497 -38.635803 44.510681 0.805100 -0.539900 0.245400
46.371155 -40.329903 44.744690 0.027500 -0.541800 -0.840000
46.800903 -43.213203 47.123474 0.213300 -0.661700 -0.718800
43.545410 -45.391800 48.981384 0.033900 -0.580200 -0.813800
38.736877 -47.530300 49.337585 0.190500 -0.416200 -0.889100
34.229187 -49.388199 48.250488 0.246400 -0.553900 -0.795300
14.520569 -44.298901 55.210587 -0.250000 -0.881200 0.401300
22.417908 -48.229202 47.216675 -0.019600 -0.918700 0.394400
16.716003 -49.515900 44.400177 -0.255400 -0.861300 0.439200
10.281067 -48.524700 38.481903 -0.454900 -0.878300 0.147400
-7.158447 -38.304501 6.991486 -0.143400 -0.949000 -0.280800
0.190002 -45.423500 8.118286 -0.573800 -0.798700 -0.181000
30.196350 -51.175003 19.657074 -0.060300 -0.988900 0.136100
35.175598 -50.694702 24.479980 0.148100 -0.987800 0.047100
25.371765 -52.680199 12.239075 -0.379100 -0.891200 0.248900
22.922852 -52.113701 5.170990 -0.472400 -0.881200 -0.018300
-26.190247 -23.421200 -52.828003 -0.449300 -0.885300 0.119800
31.029663 -50.620903 -1.165009 0.330000 -0.932800 0.144600
34.877563 -51.935101 -5.089020 0.087600 -0.908200 0.409300
42.765991 -51.482903 -4.937714 0.306400 -0.913500 0.267800
46.381775 -49.192703 -5.679016 0.649200 -0.759100 0.048900
5.501587 -48.490101 9.729584 -0.451700 -0.888700 -0.078100
9.981201 -50.650002 10.623901 -0.368700 -0.928300 0.048700
13.135254 -33.848400 -31.865204 0.265100 -0.963000 -0.048500
20.476563 -33.290298 -18.982605 -0.131900 -0.487500 -0.863100
30.083069 -41.041199 -19.490906 -0.447300 -0.284400 -0.848000
28.368591 -44.754402 -15.686615 -0.597200 -0.344700 -0.724300
19.577454 -45.989101 -8.728119 -0.518800 -0.487300 -0.702400
6.741577 -44.519501 -1.588226 -0.481000 -0.724000 -0.494400
-3.472534 -43.959900 20.279297 -0.454200 -0.890000 -0.040500
2.161682 -43.952103 39.694183 -0.326900 -0.937400 0.120200
45.522888 -39.380203 45.091980 -0.575200 -0.814000 0.081400
46.809692 -39.942200 43.825500 0.796000 -0.497000 0.345600
45.986267 -41.719803 43.539185 0.635000 -0.643200 0.427900
44.116699 -43.806602 43.560699 0.484300 -0.408400 0.773800
44.977600 -40.975101 48.086975 -0.551000 -0.445900 -0.705400
40.562378 -45.875801 44.363983 0.421400 -0.245600 0.873000
41.650208 -43.445999 50.380585 -0.282500 -0.027900 -0.958900
37.088562 -47.807602 46.363800 0.376700 -0.534900 0.756300
32.785400 -48.077702 48.837280 0.360500 0.288400 -0.887100
30.744751 -48.594200 51.267288 -0.119700 -0.986700 0.109800
35.760803 -45.614300 50.705292 0.040600 0.259400 -0.964900
8.401001 -47.225300 42.497192 -0.403700 -0.893200 0.197900
12.787964 -50.595703 36.536499 -0.443200 -0.893600 0.070800
17.831970 -51.941200 32.550690 -0.282600 -0.942200 -0.179900
25.350769 -52.842598 29.806091 -0.005600 -0.981000 -0.193800
29.594360 -50.696404 26.482086 0.135200 -0.978000 -0.158900
12.196899 -50.344200 3.248291 -0.461900 -0.871400 -0.165500
11.648071 -49.397202 17.795074 -0.244800 -0.945900 0.212800
13.692566 -48.225601 23.838776 -0.242100 -0.969900 0.026600
22.649109 -54.649300 39.039886 -0.063200 -0.973200 0.221000
27.556580 -47.812302 48.107483 -0.045600 -0.981400 0.186400
30.945374 -47.893402 45.475800 0.320600 -0.897100 0.303900
35.002258 -48.513298 40.873688 0.395500 -0.784600 0.477400
39.911560 -46.698700 38.986176 0.539400 -0.742100 0.397900
43.494568 -43.653999 38.552185 0.528500 -0.682200 0.505300
46.616150 -40.865402 39.951782 0.214400 -0.687900 0.693400
49.178467 -39.319603 41.388702 -0.064800 -0.696400 0.714700
55.311584 -39.899902 42.044983 0.167200 -0.716900 0.676900
6.484375 -48.261101 18.503174 -0.282800 -0.955700 0.081500
39.903259 -41.589600 77.065887 0.169200 -0.961600 0.216000
41.500305 -43.395302 68.313187 0.105500 -0.971700 0.211500
43.375488 -47.718399 58.592590 0.288000 -0.944600 0.157400
57.358459 -34.044102 72.880981 0.532700 -0.832600 0.151300
53.641296 -40.106400 64.395782 0.640900 -0.756200 0.131900
54.102356 -43.058701 54.235794 0.599300 -0.799100 0.047100
52.040161 -41.391201 49.601501 -0.097100 -0.734300 -0.671900
50.363403 -40.254898 49.042297 -0.039300 -0.781400 -0.622800
49.311157 -40.003201 48.372284 0.008600 -0.862600 -0.505800
51.505493 -39.409302 48.018188 0.029600 -0.888000 -0.458900
41.449097 -37.032501 45.776703 -0.423000 -0.840900 -0.337600
39.373291 -48.037601 22.094299 0.550500 -0.827200 -0.112800
56.197998 -41.670502 38.633087 0.174900 -0.896800 0.406400
53.911682 -38.559700 43.127991 0.139100 -0.860500 0.490000
46.820374 -38.040100 45.064301 0.544900 -0.835800 0.067600
46.416260 -38.457901 47.074280 0.700800 -0.655800 -0.280900
48.522766 -37.854599 44.168488 0.151400 -0.975700 -0.158200
47.938904 -37.752300 42.620300 0.377400 -0.895900 0.234300
52.404968 -41.090599 37.699280 0.043100 -0.920700 0.387900
20.268250 -50.287601 3.131592 0.299900 -0.939900 0.163300
19.904663 -49.739700 9.169983 0.171900 -0.979100 0.108300
21.048950 -49.740799 14.814392 0.016500 -0.999900 -0.001300
15.886902 -47.583603 48.881287 -0.204000 -0.905700 0.371500
21.533386 -47.159901 51.830383 -0.179700 -0.940500 0.288300
25.074097 -44.328102 62.387985 -0.228200 -0.905400 0.358000
26.829102 -50.922699 42.291779 0.187400 -0.844400 0.501800
32.214478 -46.967800 47.623688 0.196800 -0.938700 -0.283100
30.241760 -44.662201 48.846497 0.904900 0.395800 -0.156300
46.556885 -39.823101 41.306396 0.735900 -0.640900 0.218300
32.842285 -44.607101 46.182373 0.492900 0.327900 0.805900
-37.136597 -14.155300 -53.782898 -0.541600 -0.758100 0.363200
41.428467 -38.902603 43.700592 -0.067000 -0.285700 0.956000
36.210754 -43.098999 44.611694 0.276700 0.162400 0.947100
39.459656 -41.029800 43.739502 0.152400 0.010200 0.988300
37.425171 -46.840202 52.584183 0.229700 -0.917400 -0.325000
43.417969 -43.974300 52.019882 0.387700 -0.845600 -0.366900
46.760559 -41.276802 49.819977 0.705900 -0.667600 -0.236700
32.996155 -42.460602 50.526001 0.177000 -0.108900 -0.978200
36.997192 -40.410500 49.902802 -0.100000 -0.349900 -0.931400
40.090393 -38.343700 48.017578 -0.293100 -0.600800 -0.743700
54.967957 -45.475201 20.978088 -0.497500 -0.505500 -0.705000
52.824707 -43.719700 19.825989 -0.236600 -0.925900 -0.294500
48.904053 -43.962898 19.984283 0.450700 -0.839900 -0.302300
47.899109 -47.708702 20.313690 0.112800 -0.498000 -0.859800
49.095398 -46.701900 21.028076 0.490400 0.155000 -0.857600
53.626160 -47.289001 21.688599 0.114500 -0.202400 -0.972600
43.194885 -50.221500 -18.024902 0.418800 -0.630900 -0.653100
36.463257 -47.364899 -21.791626 -0.168900 -0.476600 -0.862800
42.943909 -54.440002 -11.070313 0.419500 -0.903800 0.084300
46.822083 -51.470703 -11.679016 0.817700 -0.573900 -0.044300
32.170654 -49.561901 -18.485199 -0.427500 -0.485500 -0.762600
39.670166 -53.498901 -16.624298 0.144400 -0.764400 -0.628300
25.737854 -52.398602 -12.091400 -0.528900 -0.568400 -0.630200
20.575989 -53.180000 -3.005615 -0.037500 -0.999300 0.003400
24.612366 -53.706902 -8.174622 -0.330700 -0.937700 -0.106400
33.172852 -55.264702 -12.526825 -0.156300 -0.951700 -0.264400
38.539368 -50.424400 11.991089 0.191900 -0.962400 0.192400
46.154907 -47.251301 14.023987 0.262500 -0.861300 0.435000
50.038269 -47.234501 12.373383 0.352700 -0.766300 0.537100
51.879150 -35.696400 74.834381 0.533400 -0.780400 0.326400
46.934509 -38.720398 76.464890 0.437000 -0.835400 0.333400
32.528259 -42.199902 69.781693 -0.028500 -0.981200 0.190600
15.467590 -41.284302 61.193695 -0.302900 -0.842400 0.445700
-19.620300 -19.163700 56.856583 -0.757200 -0.631200 0.167800
-27.882996 -15.347401 32.860199 -0.892500 -0.439000 0.103400
-35.896606 1.657499 -7.047424 -0.896900 0.247800 0.366400
-27.246826 19.260000 -13.210999 -0.827600 0.484300 0.283800
34.750061 -43.277000 66.195084 -0.038500 -0.939200 0.341100
48.718201 -42.302498 66.446487 0.348400 -0.919100 0.184100
56.658569 -36.408600 62.980591 0.718800 -0.687100 0.106200
45.228882 -45.065201 25.217773 -0.530800 -0.833200 0.154700
48.279358 -43.630501 28.099091 -0.028800 -0.982300 0.184800
52.800110 -45.188202 28.383881 -0.000500 -0.815800 0.578300
54.533081 -48.042400 25.242981 -0.108800 -0.921100 0.373900
47.490173 -44.332401 20.227173 0.102300 -0.910200 -0.401300
53.663757 -48.205002 22.348999 -0.026800 -0.910200 -0.413200
51.913391 -43.588100 34.121185 0.068400 -0.912400 0.403500
46.410706 -48.091702 20.635376 -0.443600 -0.589200 -0.675300
49.894653 -48.700901 23.505676 0.062600 -0.997300 0.038400
50.616089 -47.623703 26.337189 0.171900 -0.888000 0.426600
44.355957 -47.691200 25.753998 -0.896500 -0.390200 0.210000
49.040283 -46.774700 28.610291 0.042900 -0.435800 0.899000
57.046753 -45.102001 29.479401 0.180900 -0.816500 0.548200
45.682495 -46.536499 27.779877 -0.623500 -0.042000 0.780700
45.057556 -47.716801 22.384277 -0.867200 -0.361500 -0.342400
23.620300 -49.867302 44.787781 0.020700 -0.848900 0.528200
39.321167 -48.139702 36.808502 0.434000 -0.869800 0.234600
41.280396 -46.406101 43.250793 0.542100 -0.805000 0.241200
42.940491 -48.856598 30.477295 0.480300 -0.876700 0.026300
57.276978 -36.493000 82.147583 0.503700 -0.696000 0.511800
20.712158 -51.859901 22.399689 -0.114600 -0.992200 -0.049500
25.904663 -50.222603 20.676178 0.004800 -0.996000 -0.089000
33.945862 -50.804501 15.741089 0.372100 -0.925300 0.072800
17.290405 -37.053001 -16.917816 -0.215600 -0.545500 -0.809900
-3.777100 -29.368601 -33.522522 -0.454200 -0.886500 -0.088800
8.908691 -34.405201 -31.624603 -0.077200 -0.997000 0.003800
9.249451 -38.600899 -12.586914 -0.326300 -0.753300 -0.571000
50.375305 -46.587601 1.967102 0.173200 -0.959800 -0.220700
29.098450 -53.534904 -7.124725 -0.021300 -0.963900 0.265400
35.891663 -55.040901 -9.607513 0.061800 -0.922700 0.380600
47.688354 -48.075401 1.642395 0.384700 -0.917500 -0.101300
41.680908 -49.453300 2.644684 0.085300 -0.995000 -0.052500
23.979065 -51.920303 -1.454407 -0.688400 -0.365800 -0.626400
48.189453 -43.747601 35.732086 0.417000 -0.842000 0.342300
41.780579 -37.169800 44.696686 -0.346800 -0.787400 0.509600
50.598267 -39.466003 46.714691 0.023000 -0.949600 -0.312500
44.595093 -46.065701 34.872101 0.501900 -0.814400 0.291500
53.630798 -38.569302 44.851685 0.292700 -0.941600 -0.166400
48.580994 -46.384399 5.958893 -0.200900 -0.048100 -0.978400
17.385376 -52.583302 10.887390 0.263400 -0.954700 0.138700
41.065491 -49.758801 7.909790 -0.132600 0.107500 -0.985300
46.071289 -48.215103 6.216278 -0.188200 -0.014700 -0.982000
49.605469 -44.216103 18.078583 0.458300 -0.795100 0.397200
57.979858 -49.411003 21.448700 0.064900 -0.873300 -0.482900
59.458984 -48.986099 25.209900 0.312900 -0.880600 0.356000
46.691406 -48.479401 26.495697 -0.097800 -0.937300 0.334500
51.050171 -48.142799 10.736084 0.572100 -0.789000 0.223800
47.372498 -41.689201 50.883789 0.299400 -0.699700 -0.648700
44.789368 -43.815201 42.527496 0.807100 -0.571400 0.148800
36.899353 -47.987301 45.299896 0.180500 -0.976200 0.120000
31.636597 -43.571201 50.018982 0.452300 0.143400 -0.880300
39.324951 -47.698101 53.119492 0.228900 -0.812900 -0.535500
45.376587 -45.446404 52.566589 0.329900 -0.796400 -0.506900
30.114380 -53.885803 35.388275 0.237500 -0.967300 0.089600
36.386597 -51.780502 32.457275 0.359100 -0.932800 -0.029200
19.329468 -41.433701 74.791382 -0.234600 -0.960000 0.152700
-10.192200 -25.457001 72.930984 -0.644500 -0.720400 0.256200
18.315796 -52.182800 41.948090 -0.294200 -0.851600 0.433900
32.427856 -50.691299 38.983398 0.337800 -0.872500 0.353000
47.544556 -44.854900 32.342285 0.364200 -0.857700 0.362900
56.492859 -43.089901 34.649597 0.284700 -0.882600 0.374200
56.806702 -39.684402 52.284882 0.868600 -0.495500 -0.010500
54.381409 -39.494301 47.545776 0.370600 -0.748300 -0.550100
46.054993 -48.342102 24.791077 -0.201100 -0.979500 -0.012500
49.103271 -42.342499 51.734482 0.048400 -0.778800 -0.625400
18.429993 -53.863602 4.532990 0.274300 -0.955100 0.112100
42.358704 -50.716702 10.463379 0.112900 -0.950800 0.288400
0.685608 -37.946800 -5.107422 -0.238700 -0.892900 -0.381700
-17.575500 -38.106300 0.591492 -0.454600 -0.889900 0.037700
29.154480 -49.038101 56.996292 -0.258500 -0.949300 0.178700
-37.877136 19.498400 47.331573 -0.990300 0.135600 -0.031600
-33.515808 0.748199 47.986603 -0.929400 -0.367400 0.034800
4.005005 -45.228798 35.038574 -0.428900 -0.893200 0.134800
8.680603 -48.034401 26.872498 -0.195000 -0.980100 -0.038200
9.862793 -48.242001 0.493103 -0.525900 -0.753500 -0.394400
17.530457 -51.389301 16.476074 0.011900 -0.997800 0.065100
47.943909 -49.698799 11.520691 0.329300 -0.851500 0.408100
50.303772 -44.839001 56.178391 0.418200 -0.907600 0.036200
50.133484 -39.247803 83.843994 0.280900 -0.850900 0.444000
2.485291 -10.129101 100.598282 -0.227600 -0.160100 0.960500
-18.247314 16.404100 91.725494 -0.496100 0.253700 0.830400
-35.660095 23.063700 70.399094 -0.854600 0.387400 0.345800
-30.689636 13.248999 11.653687 -0.919700 0.298800 -0.254800
-30.368896 30.499098 -27.382599 -0.381600 0.567300 0.729700
-13.652710 -20.765400 -39.614105 0.134000 -0.958700 -0.251000
29.893799 -52.769600 10.871277 0.467800 -0.882700 -0.044100
-33.248291 -1.780701 17.841980 -0.993600 0.007600 0.113100
2.091553 -46.466900 19.135376 -0.420200 -0.907400 -0.001100
-28.295349 -30.701500 -28.017822 -0.616900 -0.774800 -0.138100
1.250793 -24.821701 95.362595 -0.353300 -0.586000 0.729200
-34.962402 3.041599 71.503784 -0.902300 -0.297700 0.311900
36.144592 -50.012703 60.507782 0.136700 -0.883800 0.447400
-22.102539 -0.356201 88.903381 -0.665000 -0.248900 0.704100
-44.668640 16.754198 -27.939819 -0.572100 0.136200 0.808800
34.831665 -39.594299 85.665588 0.003400 -0.800300 0.599600
-52.005493 11.212297 -35.153107 -0.552200 -0.439000 0.708800
-60.885742 27.561998 -32.092926 -0.370200 0.109200 0.922500
56.769897 -44.095901 32.064484 0.252300 -0.889800 0.380200
51.678101 -44.335403 30.229889 0.112700 -0.951700 0.285600
-3.760498 -42.370800 57.028687 -0.302100 -0.839900 0.450900
-1.935425 -44.014900 52.453094 -0.671300 -0.694500 -0.258900
-8.678406 -41.133003 41.819885 -0.069400 -0.975800 0.207300
-11.625244 -40.778400 45.270386 -0.437800 -0.896400 0.069400
-12.668823 -39.433601 50.362183 -0.546300 -0.790300 0.277400
-10.445313 -38.273701 55.110886 -0.523900 -0.785900 0.328500
-0.872314 -43.982601 35.573883 -0.214100 -0.830000 0.515000
-4.470032 -46.312202 34.084076 0.051200 -0.863700 0.501400
-106.867706 2.607698 -88.577301 -0.785100 -0.594800 0.172700
-47.807129 -1.867201 -48.056519 -0.537000 -0.656300 0.529900
-10.687927 81.577698 -101.383209 -0.071100 0.997500 0.000000
-35.204041 78.477005 -101.383209 -0.283800 0.958900 0.000000
46.617554 -44.648300 54.139481 0.406200 -0.866600 -0.289800
51.607605 -42.578800 51.314392 -0.031400 -0.892300 -0.450300
54.553406 -40.896400 49.467773 0.443200 -0.780800 -0.440300
52.203064 -43.948898 55.207092 0.413100 -0.909800 0.039800
46.953979 -46.137402 57.338791 0.419900 -0.905900 0.055700
40.300293 -48.197998 59.329788 0.279000 -0.915200 0.290900
0.000000 -31.055201 -71.933807 0.000000 -0.866400 0.499400
0.000000 65.322899 -48.159698 0.000000 0.780000 0.625800
-45.510498 59.510002 -46.202026 -0.266300 0.746400 0.609900
-80.891235 36.087898 -48.537506 -0.610500 0.418600 0.672300
-88.628845 16.078897 -52.093811 -0.644600 -0.147500 0.750100
-82.199219 -1.710501 -58.048523 -0.459000 -0.536900 0.707800
-62.804810 -16.512701 -63.720520 -0.194500 -0.569000 0.799000
-22.835510 -31.099899 -64.607300 -0.284500 -0.695500 0.659800
-16.483032 -33.557701 -64.714325 0.082800 -0.757200 0.647900
-10.130493 -30.951702 -64.821198 0.106800 -0.810100 0.576500
-6.584290 -32.349998 -66.741699 0.104200 -0.856600 0.505300
-4.428040 -32.788002 -68.895599 0.281200 -0.835200 0.472700
-1.853638 -33.286201 -71.427399 0.573400 -0.648500 0.500600
-14.751648 -20.434101 -44.226105 0.134200 -0.988700 -0.067200
-6.822144 -26.544800 -41.150726 -0.526000 -0.850400 -0.013500
6.651672 -31.831100 -39.128723 -0.055100 -0.958500 -0.279700
10.551270 -31.000601 -39.233917 0.277600 -0.869500 -0.408500
13.085999 -29.803902 -39.330322 0.437800 -0.768000 -0.467500
0.000000 -39.134800 -77.337311 -0.000000 -0.871600 0.490100
0.000000 79.383400 -71.867126 0.000000 0.938500 0.345300
-57.299744 63.288704 -69.321808 -0.445500 0.833500 0.326900
-92.811401 46.657402 -70.806122 -0.588100 0.666200 0.458500
-107.897125 22.834200 -71.345215 -0.808600 0.059000 0.585300
-98.436401 0.686699 -72.273315 -0.712500 -0.548100 0.438100
-70.676697 -26.681601 -71.867126 -0.441800 -0.791500 0.422200
-32.006104 -39.956802 -73.181824 -0.219000 -0.794000 0.567100
-17.783508 -40.682999 -73.528412 0.117000 -0.834500 0.538400
-9.192322 -38.653503 -74.652313 0.256000 -0.861000 0.439400
-6.011902 -38.443100 -75.663513 0.101500 -0.911300 0.399000
-3.722534 -38.716301 -76.416321 0.034900 -0.903300 0.427500
-1.718323 -39.020302 -77.135620 0.016100 -0.888000 0.459500
-2.084290 -41.950203 -101.383209 -0.087900 -0.996100 0.001200
0.000000 -42.062500 -101.383209 0.000000 -1.000000 -0.000000
0.000000 81.753799 -101.383209 0.000000 1.000000 0.000000
-63.660095 64.742699 -101.383209 -0.431000 0.902300 -0.008200
-101.904022 46.632500 -101.383209 -0.637200 0.770700 0.000000
-117.950317 24.690798 -101.383209 -0.996500 0.083100 0.000000
-106.867706 2.607698 -101.383209 -0.779000 -0.627100 -0.000000
-70.676697 -26.681601 -101.383209 -0.543800 -0.839200 0.000000
-36.106201 -44.222401 -101.383209 -0.366900 -0.930200 0.000000
-20.029541 -48.877998 -101.383209 0.199300 -0.979900 0.000000
-11.232300 -41.717800 -101.383209 0.382500 -0.924000 0.000000
-7.294739 -41.315399 -101.383209 -0.009300 -1.000000 0.000000
-4.510742 -41.652100 -101.383209 -0.121100 -0.992600 -0.000200
-1.789734 -44.684101 31.053802 0.439000 -0.796800 -0.415200
-32.490723 -10.205501 14.541687 -0.952900 -0.207100 0.221400
-29.893921 -22.042900 12.969574 -0.859400 -0.467500 0.207000
-34.555298 -5.769801 3.731995 -0.988500 0.063900 0.137300
-14.881104 20.927900 90.629181 -0.361300 0.439400 0.822400
-30.268250 33.601501 68.641190 -0.797300 0.478400 0.368000
-31.576843 27.226099 69.569595 -0.793500 0.464400 0.393200
-33.907043 28.754400 42.760590 -0.922800 0.366000 -0.120100
-35.892090 24.126398 45.046082 -0.932100 0.351800 -0.086200
-23.781799 18.349001 9.639984 -0.482500 0.757200 -0.440300
-28.049927 17.248899 10.444977 -0.585300 0.731000 -0.350800
-18.507996 25.867201 -15.117798 -0.120500 0.879200 0.460900
-24.903748 24.852400 -14.622925 -0.664800 0.722800 0.188900
-8.102295 35.414299 -24.478302 -0.031900 0.644200 0.764200
-21.121399 32.702599 -25.944000 -0.272900 0.692700 0.667700
-9.300049 51.693901 -36.414398 -0.041400 0.603600 0.796200
-23.113647 45.995399 -36.441925 -0.193100 0.511600 0.837300
-11.230408 63.471397 -48.145111 -0.045200 0.772900 0.632900
-30.339539 62.264999 -45.941498 -0.127700 0.710800 0.691700
-10.687927 81.577698 -71.867126 0.036200 0.949800 0.310600
-35.204041 78.477005 -71.867126 -0.321100 0.905500 0.277400
-35.204041 78.477005 -88.577301 -0.304900 0.952100 0.021400
-10.687927 81.577698 -88.577301 -0.051100 0.998400 0.022600
-5.731506 -40.778301 55.204788 -0.555000 -0.686400 -0.469800
-13.244019 -36.551300 55.702087 -0.457900 -0.827900 0.323900
-12.368591 -33.314800 57.904587 -0.517200 0.509300 0.687900
49.543701 -46.355499 5.902100 0.295400 0.174600 0.939300
51.049683 -45.147499 4.846680 0.325500 0.201000 0.923900
41.834595 -49.593399 6.683990 0.142500 -0.055500 0.988200
47.011353 -47.925598 6.340179 0.140900 -0.013600 0.989900
60.426453 -31.095301 71.558685 0.785000 -0.617000 0.055500
28.462585 -32.497200 46.881195 0.647800 -0.760600 0.042600
30.910156 -28.201500 8.255585 -0.245500 -0.117600 -0.962200
22.717102 -38.197701 11.541595 0.302100 0.063000 0.951200
29.530457 -29.899101 8.814880 -0.245400 -0.117100 -0.962300
24.814697 -35.654900 10.707001 0.291000 0.065400 0.954500
27.713501 -32.127701 9.548798 -0.249700 -0.102200 -0.962900
34.947266 -51.367203 7.499084 0.606700 -0.780200 -0.152100
19.343506 -23.090200 -53.307312 -0.037200 -0.827300 0.560600
54.917053 -39.722500 23.685486 0.209200 -0.151800 -0.966000
44.259155 19.578897 12.545288 0.715500 0.595300 -0.365600
57.986084 1.291100 40.291901 0.882200 0.454000 -0.124800
61.982971 -2.759001 46.177490 0.822800 0.567300 0.033900
64.448364 -9.821800 50.780182 0.866700 0.340300 0.364700
65.116455 -15.347200 53.521881 0.984700 0.105700 0.138500
64.620300 -21.673401 55.147888 0.989200 -0.144000 0.028200
63.333008 -26.953201 55.556488 0.918800 -0.380400 0.104900
60.904663 -31.316200 55.917587 0.821200 -0.551400 0.147000
61.433655 -16.671902 29.281189 0.974500 -0.131900 0.181700
61.301758 -11.414801 30.815674 0.984600 0.007900 0.174900
60.785461 -8.082400 32.076202 0.982500 0.149000 0.111700
60.308960 -22.721500 29.932587 0.957400 -0.192600 0.215200
49.814392 -45.870701 -10.486298 0.818200 -0.525400 0.233500
51.627502 -41.806099 -12.502625 0.978000 -0.093600 0.186200
51.300781 -35.259003 -13.380798 0.999600 0.026300 -0.010700
53.602600 -29.439600 -6.762604 0.868100 -0.474800 0.145000
55.050110 -25.301102 -2.377319 0.978500 -0.112000 -0.173200
55.815063 -23.522800 4.585602 0.985900 -0.164400 -0.029800
55.774292 -23.451302 9.226379 0.973500 -0.145800 -0.176300
57.454468 -26.443901 15.971802 0.846700 -0.403400 -0.347000
58.174866 -30.504601 22.731293 0.750200 -0.517100 -0.412200
58.992004 -34.043701 26.263000 0.947700 -0.268500 -0.172800
61.716980 0.359600 56.595688 0.906100 0.240200 -0.348200
66.227661 -6.413001 66.381287 0.979900 0.117300 -0.161300
66.375366 -15.633701 70.256683 0.907600 -0.049400 -0.417000
66.821899 -24.223301 71.177094 0.759800 -0.185900 -0.623000
65.735107 -29.489700 73.542694 0.964100 -0.261500 -0.046100
59.065063 -27.370901 31.708679 0.915600 -0.125100 0.382100
57.283997 -30.051001 34.847290 0.923800 0.130000 0.360100
57.199768 -33.146801 37.637878 0.953500 0.273400 0.126600
58.614685 -37.101002 39.377991 0.981200 0.128300 0.144200
63.689209 -12.069800 36.864502 0.942100 0.183900 -0.280500
63.837952 -16.992100 40.287598 0.989700 -0.130300 -0.059800
101.903992 46.632500 -88.577301 0.655100 0.734500 0.176800
117.950256 24.690798 -88.577301 0.966000 0.086100 0.243800
70.676758 -26.681601 -88.577301 0.536400 -0.843200 0.036300
36.106262 -44.222401 -88.577301 0.365200 -0.915500 0.168800
11.232300 -41.717800 -88.577301 -0.401300 -0.913200 0.070700
7.294678 -41.315399 -88.577301 -0.004500 -0.993500 0.114100
62.860901 -22.370201 42.428802 0.941300 -0.324200 0.093800
60.875366 -26.461800 42.555481 0.619100 -0.765300 0.176400
57.383484 -27.447201 41.259796 0.182000 -0.982000 -0.049900
62.298401 -22.982700 83.239090 0.626700 -0.163800 0.761900
50.233765 -8.680000 92.302292 0.400600 0.019600 0.916100
21.584167 20.138399 95.671188 0.167700 0.376600 0.911100
53.488098 -5.672501 90.303787 0.556400 0.227300 0.799200
28.341003 25.157099 91.579590 0.240000 0.414200 0.878000
34.673950 42.960304 -36.720520 0.156200 0.491600 0.856700
20.029602 -48.877998 -88.577301 -0.170100 -0.971200 0.166700
42.479858 22.129599 14.529480 0.652400 0.651400 -0.387400
2.916199 -27.820000 -53.966705 0.100700 -0.987600 0.120900
6.685059 -27.164600 -53.966705 0.398800 -0.906800 0.136900
9.323669 -25.100300 -54.080322 0.569600 -0.793900 0.212900
12.496765 -22.759201 -53.786713 0.263400 -0.888700 0.375200
44.881165 16.038698 29.887878 0.297900 0.629000 -0.718100
39.371704 13.862600 24.107178 0.810000 0.568500 -0.144300
44.186768 24.835798 33.909088 0.532000 0.248800 -0.809300
48.414551 20.807898 31.301483 0.169000 0.494600 -0.852600
43.216797 24.973700 29.325775 0.973700 0.185600 -0.132400
43.703979 22.621000 24.625702 0.989300 0.023100 -0.144100
43.999268 23.022699 29.593781 0.870300 0.378600 -0.315100
31.221191 14.494898 2.083374 0.644700 0.719700 -0.257700
48.541992 16.655901 27.832001 0.603100 0.660600 -0.447000
38.880371 26.837698 21.712189 0.930800 0.354300 -0.090000
40.182556 24.728701 19.398895 0.850600 0.525700 0.011400
44.391357 20.550501 16.464691 0.935700 0.306000 0.175500
42.059692 14.208601 18.018677 0.741700 0.599300 0.301200
41.980103 29.418898 34.767700 0.695300 0.277500 -0.663000
38.491394 29.661100 27.146179 0.944200 0.248300 -0.216500
53.771606 -27.781900 -3.179718 0.891600 -0.243200 -0.382000
53.020691 -43.339302 5.718781 0.543500 -0.437100 -0.716600
53.190857 -44.382801 3.708984 0.697700 -0.175400 0.694600
54.431580 -41.644402 3.003174 0.791400 -0.106200 0.602000
54.178894 -30.965000 2.338593 0.236500 0.069800 0.969100
55.179077 -36.180199 1.955475 0.872700 0.075300 0.482400
54.093750 -40.502602 5.039978 0.696200 -0.323300 -0.640900
54.244751 -35.420300 3.657898 0.593300 -0.113900 -0.796900
53.495300 -30.296101 3.174774 0.989300 -0.000700 -0.146000
55.495789 -36.788101 0.875793 0.997400 0.036200 -0.062100
54.947205 -42.160900 1.488983 0.968000 -0.243000 0.062500
53.725708 -45.180000 2.398285 0.875200 -0.472300 0.104300
54.218201 -43.440498 7.231384 0.779400 -0.454900 -0.430800
55.154297 -40.275501 6.385376 0.873800 -0.235800 -0.425300
54.811401 -35.767101 4.562378 0.917100 -0.017900 -0.398200
54.257263 -37.678501 14.503479 0.988500 -0.130600 0.075900
53.426086 -42.052101 14.429779 0.769300 -0.537300 0.345800
53.960571 -40.494900 13.881287 0.976800 -0.120700 0.176600
52.661255 -42.697701 14.189789 0.682500 -0.654300 0.325800
53.049805 -40.237801 17.888580 0.900700 -0.252800 -0.353300
52.296753 -41.283600 17.536102 0.898900 -0.402500 -0.173000
53.271362 -41.202900 16.275879 0.860000 -0.392100 0.326700
52.721191 -42.129501 16.003876 0.724700 -0.624600 0.291100
53.182800 -44.093903 11.081177 0.583600 -0.612600 0.533100
54.094482 -43.845802 10.727478 0.749700 -0.489700 0.445000
47.135986 18.807398 34.579498 0.687200 0.010700 0.726300
50.455994 20.432600 36.433685 0.630500 -0.360100 0.687600
51.258972 21.812498 33.874390 0.963500 0.263700 -0.045500
35.247009 19.561800 17.331085 -0.271700 0.808200 -0.522600
38.167053 17.450201 12.907990 -0.269500 0.532400 -0.802400
39.338806 22.802401 12.064484 -0.244000 0.549300 -0.799200
40.802063 26.045500 17.435394 0.693200 0.700600 -0.168800
45.932861 14.149000 18.789673 0.476800 0.796700 -0.371400
28.811401 16.521498 -31.812500 0.712900 -0.367100 0.597500
28.294495 19.367598 -5.362305 0.753500 0.657300 -0.014500
20.207764 27.009298 11.339996 0.476600 0.841300 -0.254900
21.533508 32.431496 25.672089 0.424200 0.851400 -0.308400
57.046509 -33.922901 25.239502 0.409600 -0.507100 -0.758400
55.703491 -30.352901 20.442383 0.745900 -0.537900 -0.392900
54.163208 -31.739502 -0.243225 0.974200 0.078600 -0.211700
60.789856 -5.185501 37.223999 0.844600 0.229700 -0.483700
63.574158 -9.633401 40.188690 0.872500 -0.006400 -0.488600
48.799255 25.643499 35.487976 0.789300 0.613300 -0.027600
45.011902 28.861601 36.253387 0.602500 0.796200 -0.056200
39.869751 31.892298 26.338684 0.800100 0.548400 -0.243200
40.172302 28.371901 20.039581 0.832000 0.501900 -0.236400
43.378662 18.123400 9.645386 0.158500 0.288900 -0.944100
46.517883 14.885900 9.934082 0.685100 -0.116800 -0.719000
51.004761 19.205297 30.744202 0.937100 -0.088600 -0.337600
47.416992 23.879999 38.637573 0.306100 -0.041400 0.951100
42.622803 29.129999 39.004089 -0.008000 0.436700 0.899600
36.438965 32.576698 27.344788 -0.553700 0.829600 -0.072300
37.108093 28.522200 19.973175 -0.546600 0.675800 -0.494500
39.926208 15.451700 11.712402 0.032900 0.454600 -0.890100
43.176697 12.903498 11.372589 0.326500 0.259500 -0.908900
48.903564 16.142698 32.123383 0.996700 0.081600 0.004600
44.144897 21.296000 36.251892 0.417800 0.381200 0.824700
39.665955 24.460699 35.810699 -0.476700 -0.161800 0.864100
34.429993 25.209600 29.959686 0.545100 0.743800 -0.386700
45.641663 11.802698 15.231598 0.945500 0.175000 -0.274600
36.481079 25.558599 33.390900 0.519500 0.798100 -0.305200
35.788452 17.171000 11.322693 0.331000 0.848500 -0.412800
28.996460 19.119200 9.075378 0.538000 0.782500 -0.313500
50.694702 18.179899 48.901978 0.772900 0.585100 -0.245500
48.103699 18.618601 40.694702 0.761100 0.645600 -0.062400
28.762878 -12.806500 -36.947601 0.667600 -0.640800 0.379000
32.733704 -6.283001 -18.629425 0.770900 -0.620300 0.144800
18.221863 -24.088800 -20.964600 0.675200 -0.360600 -0.643400
21.156982 -20.494001 -22.414520 0.702300 -0.191300 -0.685700
21.277466 -14.988800 -23.158905 0.792200 0.039100 -0.609000
19.412292 -9.369901 -25.462921 0.767700 -0.630300 -0.115600
36.983398 28.594801 43.154785 0.581500 0.754600 -0.304000
63.670654 -18.041302 82.729889 0.774000 0.115200 0.622700
56.989197 -5.233601 86.683884 0.696100 0.301000 0.651800
65.588257 -29.375401 77.868988 0.824300 -0.354300 0.441600
60.195862 -34.143600 47.188477 0.555700 -0.742100 -0.374800
62.305969 -31.074600 46.808594 0.699800 -0.323200 -0.637100
62.885864 -26.905001 47.381195 0.672200 -0.093900 -0.734400
65.119202 -19.697901 46.278473 0.856300 -0.228900 -0.463000
65.910706 -11.914801 44.570374 0.860900 -0.094200 -0.500000
61.685791 -10.101400 35.432281 0.786000 0.057600 -0.615600
55.463989 -27.061201 40.689575 0.777000 -0.574700 0.256900
57.160095 -26.999100 40.343781 0.249800 -0.267200 -0.930700
60.636963 -26.117201 41.479675 0.444300 -0.376200 -0.813100
62.360962 -22.143002 41.306274 0.294600 -0.258100 -0.920100
63.193665 -17.311300 39.361481 0.161600 -0.451900 -0.877300
63.409058 -13.333200 36.347778 0.330700 -0.449700 -0.829700
55.775269 6.675699 38.382477 0.864600 0.498700 -0.061400
58.992676 -3.037201 32.297577 0.957500 0.288600 -0.004100
57.852661 1.312899 27.620178 0.843600 0.536400 -0.023400
54.107300 3.936100 22.123199 0.719700 0.633300 -0.284600
32.904358 2.823999 -4.739624 0.818300 0.189000 -0.542800
39.618896 0.051600 -6.210419 0.370600 0.677900 -0.634900
55.344299 -20.071501 9.483276 0.938800 0.237500 -0.249600
57.646790 -22.913200 15.348175 0.956400 0.004000 -0.291900
54.690002 -19.962601 5.557892 0.916700 0.377000 -0.132400
53.726685 -21.142601 -3.165924 0.880900 0.392000 -0.265300
26.190186 -23.421200 -52.828003 0.327700 -0.810300 0.485900
50.841309 -30.681400 -6.090607 0.933400 -0.358900 -0.000900
51.300903 -35.641800 -8.928925 0.983300 0.086000 -0.160600
51.389465 -40.824902 -8.467926 0.970900 -0.182800 -0.154500
49.996399 -44.725403 -7.158722 0.851100 -0.505100 -0.143200
43.679688 -2.464100 -5.255005 0.586400 0.588500 -0.556600
46.921265 -5.295500 -4.331726 0.725300 0.532100 -0.436800
17.706665 -30.929901 -32.216217 0.746900 -0.652400 -0.128600
24.582703 -28.279202 -20.627899 0.072800 -0.111600 -0.991100
34.120483 -36.051300 -21.143707 -0.113600 0.133500 -0.984500
38.239563 -32.554501 -19.727600 -0.061900 0.327200 -0.942900
39.165894 -21.851601 -16.708221 0.068600 0.310300 -0.948200
36.952759 -8.409201 -13.272125 0.314300 0.423200 -0.849800
40.772400 8.967400 3.135986 0.637900 0.542500 -0.546600
48.372498 12.089201 21.303497 0.809900 0.478200 -0.339700
56.175598 -26.217701 40.746674 0.623500 0.667200 -0.407500
56.638794 -27.797300 39.816193 0.765600 -0.534500 0.358000
57.971252 -26.911100 38.650482 0.883200 -0.336500 0.326600
59.411499 -24.908201 37.321777 0.733700 -0.100100 0.672000
58.406006 -24.382900 42.609497 0.053600 0.301200 -0.952100
60.638794 -21.069302 36.174683 0.598300 -0.027100 0.800800
60.511658 -20.140600 42.686798 -0.337600 -0.095900 -0.936400
62.123169 -16.874802 36.151978 0.816900 0.009000 0.576700
62.012756 -11.964101 36.915283 -0.440500 -0.701400 -0.560300
62.697693 -9.113001 38.233490 0.907900 0.283000 -0.309400
61.083984 -14.324701 40.375793 -0.519900 -0.433100 -0.736300
53.531982 6.774099 25.800201 0.799100 0.549100 -0.244700
55.612793 1.945599 19.621979 0.686900 0.618200 -0.382100
56.809509 -3.749701 16.957977 0.742000 0.336000 -0.580100
58.705994 -11.627300 16.194000 0.837100 0.066600 -0.543000
56.822510 -17.053200 15.375580 0.880700 -0.050900 -0.470900
44.957703 -10.032901 -10.064209 0.591600 0.505600 -0.628000
48.419556 -4.101101 2.815796 0.826500 0.468000 -0.312900
51.146301 -4.515202 10.034088 0.829000 0.356900 -0.430400
62.466309 -5.450901 22.798187 0.942100 0.270500 -0.197900
60.202454 -7.474801 34.791077 0.945300 0.242900 -0.217800
60.351868 -11.558600 33.480682 0.997800 -0.060400 0.027600
60.570679 -16.920801 30.444183 0.966400 -0.079200 0.244600
59.597351 -22.374901 30.956299 0.940300 -0.246700 0.234400
57.594055 -26.232500 32.800873 0.915000 -0.204600 0.347600
56.262695 -28.946201 36.016876 0.896500 0.154900 0.415200
55.938965 -30.966400 38.631073 0.838800 0.420200 0.346100
58.248657 -36.270802 40.846985 0.905900 0.195900 0.375500
46.247192 0.453299 2.463196 0.779200 0.448400 -0.438000
66.442383 -8.797801 66.240387 0.991400 0.054200 -0.119400
65.858887 -13.297601 58.377182 0.982800 0.112300 -0.146400
67.363708 -18.078400 48.807587 0.988600 -0.079000 -0.128400
62.743164 -27.390701 70.684586 0.947000 -0.320800 -0.017700
64.778992 -26.344700 59.852585 0.898800 -0.437500 0.026700
64.528992 -30.175602 49.982697 0.901800 -0.425400 -0.076300
61.064209 -30.241001 45.920502 0.445300 -0.064100 -0.893100
59.420593 -29.063702 45.347778 0.518200 -0.092500 -0.850200
58.715881 -28.382702 44.536102 0.640500 -0.081800 -0.763600
58.628357 -30.608101 45.112701 0.683500 -0.080100 -0.725600
53.180298 -22.537401 40.991394 0.560500 0.374300 -0.738800
55.492371 -27.932901 15.729492 0.847700 -0.454700 -0.273200
59.067993 -38.124401 37.462402 0.991000 0.111600 0.073400
56.986694 -34.760201 41.873688 0.973900 0.171000 0.149500
55.271362 -27.597900 41.616974 0.927600 -0.362800 -0.088600
56.159607 -26.418900 43.099884 0.697000 -0.660400 -0.279300
55.268005 -29.520201 41.417084 0.886400 -0.067600 -0.458000
54.554810 -29.577600 39.921600 0.990200 -0.138700 -0.015600
57.276794 -35.070900 35.711975 0.973400 0.228800 0.008400
49.969360 -18.087601 -6.998901 0.933300 0.193800 -0.302300
50.915161 -15.876001 -1.209625 0.959100 0.175300 -0.222300
52.203796 -15.334501 4.900299 0.964400 0.081700 -0.251700
57.223694 3.492399 32.019775 0.878400 0.469700 -0.088900
59.181458 -0.641800 36.473480 0.904100 0.398700 -0.153800
60.692383 -0.317902 47.858978 0.880500 0.464500 -0.094300
61.107605 -8.567901 28.309296 0.975100 0.128900 0.180500
60.479797 -12.043001 36.094086 0.826200 -0.160900 -0.539900
58.226868 -10.083601 37.431183 -0.177600 -0.941800 0.285300
55.701294 -28.524200 37.576385 0.843600 -0.507800 0.174400
58.038452 -13.474401 35.904602 0.070100 -0.194500 0.978400
37.136658 -14.155300 -53.782898 0.444500 -0.623100 0.643500
54.261963 -23.045401 38.465698 0.534500 0.457600 0.710600
57.045776 -17.355000 36.112976 0.209100 0.078900 0.974700
55.719055 -20.939600 37.107178 0.329300 0.228700 0.916100
63.206360 -14.984800 42.067902 0.802500 -0.209700 -0.558600
61.947998 -21.078501 44.461273 0.764600 -0.379900 -0.520700
59.666565 -25.330000 44.555481 0.722600 -0.647000 -0.243400
57.424255 -12.277000 40.561493 -0.150800 -0.514000 -0.844400
56.384094 -16.455900 41.994690 0.013200 -0.210000 -0.977600
54.712463 -20.276402 42.053101 0.250600 0.071000 -0.965500
56.894409 -43.094601 20.193390 0.119800 0.260100 -0.958100
54.372803 -41.799599 19.198395 0.693400 0.236900 -0.680500
53.578979 -38.075100 18.116486 0.796600 -0.386600 -0.464700
56.820801 -36.477901 16.804688 0.218500 -0.317100 -0.922900
56.463806 -37.484398 18.068573 -0.268600 -0.773100 -0.574500
58.427551 -41.355301 19.726501 -0.075000 -0.431100 -0.899200
46.367371 -46.300598 -19.323700 0.488300 -0.545100 -0.681500
40.867004 -41.922302 -23.594299 0.131400 -0.105400 -0.985700
52.284485 -42.895802 -14.894104 0.962800 -0.232400 -0.138100
50.376465 -47.077801 -13.134125 0.723800 -0.689900 -0.005900
42.779297 -36.450500 -22.828125 0.103300 0.170600 -0.979900
48.889709 -42.104301 -20.398499 0.547500 -0.266300 -0.793300
45.664368 -27.771101 -20.248901 0.151900 0.323300 -0.934000
47.809998 -19.521000 -14.154510 0.671300 0.425600 -0.606800
49.733887 -25.600101 -17.263611 0.752900 0.334400 -0.566900
50.078369 -34.371002 -19.447510 0.732100 0.113900 -0.671600
54.115295 -30.850101 6.701385 0.996100 0.025300 -0.084600
53.971008 -37.185200 11.438080 0.994400 0.030100 0.101500
54.518066 -41.598801 10.631287 0.950700 -0.034800 0.308300
63.440979 -21.410700 70.118286 0.952200 -0.262800 0.155500
65.437073 -15.858500 68.917587 0.980000 -0.164500 0.111900
62.897766 -4.675201 57.393784 0.950800 0.228800 -0.208800
55.065308 7.642799 45.041473 0.830100 0.557400 -0.016500
24.423096 35.256599 38.890900 0.435000 0.842000 -0.319100
12.400452 32.925499 17.273682 0.260500 0.882900 -0.390700
16.250854 27.845400 -8.027618 0.407700 0.858000 0.312300
2.333496 31.810698 -12.678009 0.164100 0.947800 0.273500
63.371399 -7.912301 54.520187 0.955300 0.288700 -0.064200
66.148193 -20.765800 59.336594 0.988800 -0.127800 -0.077100
61.733704 -30.137802 60.910385 0.847600 -0.527900 0.053600
55.277893 -32.609802 21.148987 0.671900 0.654200 -0.347200
55.637451 -34.538799 25.097687 0.948200 0.232300 -0.216800
58.316467 -38.372002 26.133698 0.923700 0.326100 0.201300
60.430054 -40.756001 22.837494 0.930400 0.363100 -0.050000
53.599304 -36.612602 17.797974 0.747200 -0.109100 -0.655600
59.478760 -41.019798 19.976288 0.696500 -0.000600 -0.717600
58.358093 -35.625000 31.492279 0.977100 0.210300 0.032900
56.865356 -34.912102 16.567078 0.208600 0.252300 -0.944900
59.303406 -37.055603 19.672302 0.933800 0.093300 -0.345500
59.369263 -36.808201 22.766693 0.988300 0.121800 0.091700
57.630310 -31.257301 20.376373 0.194300 0.952300 -0.235200
58.873352 -34.625000 24.599396 0.683300 0.355200 0.637900
59.662292 -41.870300 28.412598 0.961900 0.148400 0.229700
57.538696 -31.886002 22.945190 0.118500 0.867300 0.483500
56.741150 -33.091702 17.783203 -0.007900 0.711900 -0.702200
60.069458 -4.830502 29.919891 0.944300 0.292300 0.151400
60.107910 -22.455502 28.329376 0.980900 -0.194100 0.011600
60.972961 -22.073801 35.217987 0.951200 -0.299400 0.074300
59.779297 -28.050400 23.608582 0.935900 -0.313700 -0.160400
67.776489 -23.519800 77.864792 0.923300 -0.177600 0.340600
55.191101 -11.492801 10.529297 0.895500 0.121100 -0.428200
53.777588 -16.119001 9.804901 0.922600 0.082500 -0.376800
54.619263 -25.021601 7.888397 0.938000 -0.325900 -0.117800
27.855103 -24.220800 -21.116425 0.194000 0.051300 -0.979700
17.762207 -19.431900 -35.274200 0.948800 0.095200 -0.301300
19.983398 -27.334900 -32.474915 0.949300 -0.288400 -0.125000
28.809998 -17.296101 -18.979706 0.386900 0.234300 -0.891800
52.980774 -45.271103 0.603302 0.754100 -0.587800 -0.292900
50.591553 -29.416500 -14.748413 0.957100 0.113700 -0.266400
51.461060 -35.798401 -15.981323 0.982100 0.104400 -0.156900
54.435608 -42.520103 -0.539917 0.892000 -0.339400 -0.298500
54.728760 -36.404602 -1.208618 0.933400 0.083000 -0.349100
53.818298 -25.160200 -8.006500 0.925300 0.182400 -0.332500
58.033997 -31.583601 31.716492 0.983600 -0.141800 0.111100
53.064392 -23.227501 40.093903 0.787600 0.614400 0.046900
58.052063 -30.256001 43.674286 0.782600 -0.011000 -0.622400
58.975464 -28.297100 29.006195 0.964700 -0.242500 0.102600
57.445374 -33.856003 43.295685 0.888900 -0.204900 -0.409600
51.537109 -42.732700 4.804596 -0.323300 -0.196100 -0.925800
51.078552 -11.558001 -2.593414 0.915100 0.239700 -0.324200
53.314880 -34.739403 3.269501 -0.151700 -0.006200 -0.988400
52.539795 -40.267403 3.360596 -0.349200 -0.211000 -0.913000
53.404663 -39.407101 16.630585 0.969900 -0.156200 0.186600
61.423706 -45.155800 20.043976 0.671700 -0.123500 -0.730400
62.553894 -45.162102 23.947479 0.996400 -0.036000 0.077200
59.189270 -33.028301 21.409576 0.936400 0.337300 -0.097000
55.162659 -43.018898 9.143585 0.941300 -0.328700 0.077200
60.524780 -25.438101 45.518799 0.522600 -0.423900 -0.739700
59.279480 -25.911201 36.616882 0.777100 -0.608500 0.161000
61.916992 -17.075201 35.095001 0.978600 0.009900 -0.205500
57.940002 -11.070601 39.289673 -0.281800 -0.763700 -0.580800
64.644653 -16.412901 42.791382 0.642600 -0.301700 -0.704300
63.968506 -22.474100 44.982788 0.662100 -0.385900 -0.642400
62.580872 -13.770000 22.144989 0.975700 -0.052800 -0.212600
61.375366 -20.904202 22.264099 0.939600 -0.215700 -0.265900
60.315308 9.208700 58.072983 0.866800 0.400900 -0.296600
37.493591 33.463898 53.479584 0.572800 0.783600 -0.240400
59.968750 -0.716101 24.957581 0.834800 0.549500 -0.033500
61.333984 -14.974701 27.192474 0.994500 -0.061100 0.085200
57.857300 -32.112503 28.135681 0.990700 -0.083600 0.107300
59.239563 -39.696098 33.529175 0.996500 -0.003000 0.083900
61.537598 -33.838699 50.355103 0.675000 -0.734600 0.068500
59.303467 -33.412498 45.538086 0.615400 -0.445900 -0.650000
58.363953 -33.080399 19.826202 0.831100 0.308100 -0.463000
61.827393 -26.620401 46.544189 0.537600 -0.174300 -0.825000
50.175110 -14.631201 -8.461823 0.885500 0.240500 -0.397600
55.024292 -35.018501 5.790375 0.986800 0.157100 -0.038200
29.060608 -5.999301 -14.984406 0.718600 -0.447500 -0.532300
33.315002 7.227499 -10.368927 0.962100 0.200300 -0.185200
64.431152 -5.450001 42.606689 0.858700 0.431200 -0.277000
-18.637512 43.271004 39.483582 -0.393100 0.873600 -0.286900
-0.111450 42.023003 34.360779 0.107100 0.913600 -0.392200
48.300598 8.875198 17.280579 0.784200 0.481700 -0.391300
50.032471 1.463499 10.542175 0.798200 0.411700 -0.439700
41.640503 -9.481501 -12.229919 0.372100 0.483700 -0.792200
53.054260 -10.536601 3.793579 0.936200 0.197500 -0.290800
55.956604 -39.574600 8.425079 0.992900 -0.018200 0.117500
65.773376 -25.724602 49.868286 0.951400 -0.248700 -0.181300
68.979553 -15.961301 76.156494 0.987500 0.022300 0.155800
35.072571 30.135900 87.305695 0.379300 0.589800 0.712900
2.701965 42.289200 83.180191 -0.109000 0.732000 0.672500
-14.350708 49.393700 61.706787 -0.470700 0.861800 0.189200
-12.007202 29.546900 7.796295 -0.275000 0.865100 -0.419500
28.441895 32.341797 -27.234100 0.334600 0.682700 0.649600
16.763489 -18.204300 -39.505524 0.659700 -0.747000 0.082500
54.376282 -25.121401 4.892578 0.921400 -0.388500 0.003800
-0.922241 31.292700 8.461975 0.047900 0.998800 -0.003100
43.764465 4.092199 2.571594 0.654900 0.532300 -0.536400
30.163391 2.346100 -37.277924 0.878500 -0.183100 0.441400
46.650757 31.275000 76.843582 0.667700 0.675600 0.312700
4.535767 51.846001 55.392181 0.135400 0.984500 -0.111400
68.188171 -10.419401 47.436981 0.981700 0.160300 0.102700
16.234192 47.012901 73.265594 0.270600 0.907100 0.322500
40.624695 24.557798 -27.548401 0.272600 -0.040800 0.961300
65.911255 -1.192101 72.987991 0.916900 0.328400 0.226900
52.005493 11.212297 -35.153107 0.188200 -0.544500 0.817400
60.885681 27.561998 -32.092926 0.375800 0.094600 0.921900
59.450867 -40.783203 30.970886 0.996600 0.029800 0.076600
57.804504 -36.765602 27.730774 0.988800 0.130800 -0.071800
49.851868 23.872999 35.159882 0.829500 0.558400 -0.010700
50.444153 20.705698 31.087097 0.386100 0.612000 -0.690200
42.845581 22.521200 20.750885 0.939300 0.273600 -0.206900
42.820557 26.461401 23.033203 0.730800 0.548200 -0.406800
42.855774 29.150301 27.714478 0.668800 0.711000 -0.217200
43.790955 28.740999 32.987488 0.685400 0.709400 -0.164400
45.565857 13.408499 16.632782 0.852800 0.517700 0.068600
46.334961 16.408899 13.324585 0.956200 0.267100 0.119600
106.867798 2.607698 -88.577301 0.785100 -0.594800 0.172700
47.807068 -1.867201 -48.056519 0.220700 -0.624800 0.748900
10.687866 81.577698 -101.383209 0.071100 0.997500 -0.000000
35.204102 78.477005 -101.383209 0.283800 0.958900 0.000000
64.032104 -23.130800 47.035980 0.812000 -0.365300 -0.455300
62.561462 -29.044102 46.846191 0.674300 -0.020300 -0.738200
61.216492 -32.663399 46.749786 0.697200 -0.467000 -0.543900
65.151184 -27.950100 49.925476 0.953200 -0.242400 -0.180500
66.454163 -22.042801 49.384583 0.956200 -0.243300 -0.163000
67.235657 -14.916401 48.342682 0.999700 -0.024700 -0.003100
45.510559 59.510002 -46.202026 0.266300 0.746400 0.609900
80.891174 36.087898 -48.537506 0.610500 0.418600 0.672300
88.628906 16.078897 -52.093811 0.644600 -0.147500 0.750100
82.199158 -1.710501 -58.048523 0.459000 -0.536900 0.707800
62.804810 -16.512701 -63.720520 0.194500 -0.569000 0.799000
22.835510 -31.099899 -64.607300 0.284500 -0.695500 0.659800
16.483093 -33.557701 -64.714325 -0.082800 -0.757200 0.647900
10.130554 -30.951702 -64.821198 -0.106800 -0.810100 0.576500
6.584290 -32.349998 -66.741699 -0.104200 -0.856600 0.505300
4.428101 -32.788002 -68.895599 -0.281200 -0.835200 0.472700
1.853577 -33.286201 -71.427399 -0.573400 -0.648500 0.500600
15.609009 -19.778000 -44.191406 0.353300 -0.914600 0.196600
13.283264 -21.982801 -42.197601 0.901600 -0.159000 -0.402200
17.966187 -25.280701 -39.633118 0.847300 -0.083300 -0.524600
15.389404 -28.208801 -39.440125 0.585300 -0.660400 -0.470400
57.299805 63.288704 -69.321808 0.445500 0.833500 0.326900
92.811462 46.657402 -70.806122 0.588100 0.666200 0.458500
107.897156 22.834200 -71.345215 0.808600 0.059000 0.585300
98.436462 0.686699 -72.273315 0.712500 -0.548100 0.438100
70.676758 -26.681601 -71.867126 0.441800 -0.791500 0.422200
32.006165 -39.956802 -73.181824 0.219000 -0.794000 0.567100
17.783569 -40.682999 -73.528412 -0.117000 -0.834500 0.538400
9.192261 -38.653503 -74.652313 -0.256000 -0.861000 0.439400
6.011902 -38.443100 -75.663513 -0.101500 -0.911300 0.399000
3.722473 -38.716301 -76.416321 -0.034900 -0.903300 0.427500
1.718262 -39.020302 -77.135620 -0.016100 -0.888000 0.459500
2.084351 -41.950203 -101.383209 0.087900 -0.996100 0.001200
63.660095 64.742699 -101.383209 0.431000 0.902300 -0.008200
101.903992 46.632500 -101.383209 0.637200 0.770700 -0.000000
117.950256 24.690798 -101.383209 0.996500 0.083100 -0.000000
106.867798 2.607698 -101.383209 0.779000 -0.627100 -0.000000
70.676758 -26.681601 -101.383209 0.543800 -0.839200 0.000000
36.106262 -44.222401 -101.383209 0.366900 -0.930200 0.000000
20.029602 -48.877998 -101.383209 -0.199300 -0.979900 0.000000
11.232300 -41.717800 -101.383209 -0.382500 -0.924000 0.000000
7.294678 -41.315399 -101.383209 0.009300 -1.000000 0.000000
4.510681 -41.652100 -101.383209 0.121100 -0.992600 -0.000200
44.662903 12.422201 12.238098 0.738800 -0.428500 -0.520100
8.931702 28.993101 4.284180 0.233300 0.966000 -0.111700
22.733398 23.253099 2.460999 0.532300 0.836300 -0.131700
11.873657 27.577398 -1.890625 0.341500 0.936500 0.079200
-0.914917 38.184601 84.932281 -0.247000 0.580600 0.775800
-23.165100 42.378197 65.743790 -0.532700 0.805400 0.260100
-17.370544 44.779404 63.774796 -0.511300 0.813200 0.278100
-27.493835 36.678596 40.144592 -0.604900 0.757700 -0.244900
-23.065735 39.974800 39.814087 -0.581600 0.777600 -0.239000
-17.484131 23.698599 8.419800 -0.751900 0.481500 -0.450300
-15.354431 27.919298 8.047699 -0.642500 0.633700 -0.430800
-8.622131 30.099600 -14.922821 -0.665600 0.745600 -0.031200
-5.397339 33.820099 -14.247925 -0.355500 0.934300 -0.026500
4.231384 36.162697 -24.333405 0.021500 0.809200 0.587200
18.381958 34.398201 -25.748413 0.222900 0.746500 0.626900
9.299988 51.693901 -36.414398 0.044500 0.613300 0.788600
23.113586 45.995399 -36.441925 0.194400 0.527300 0.827100
11.230408 63.471397 -48.145111 0.045200 0.772900 0.632900
30.339478 62.264999 -45.941498 0.127700 0.710800 0.691700
10.687866 81.577698 -71.867126 -0.036200 0.949800 0.310600
35.204102 78.477005 -71.867126 0.321100 0.905500 0.277400
35.204102 78.477005 -88.577301 0.304900 0.952100 0.021400
10.687866 81.577698 -88.577301 0.051100 0.998400 0.022600
47.330750 24.785898 33.560303 0.344700 0.425300 -0.836800
41.669250 31.300001 33.302582 0.739500 0.653000 -0.163500
39.591858 30.887999 36.709503 -0.392400 0.663900 0.636600
52.288208 -43.420898 4.269989 0.254500 0.107800 0.961000
54.413208 -35.469501 2.594391 0.271500 0.125900 0.954200
53.480469 -40.668900 3.732391 0.257900 0.112700 0.959600
46.010864 -10.814301 39.723083 0.877600 -0.476700 -0.051100
38.985779 -18.273401 5.006592 0.253800 0.101500 0.961900
32.286072 -26.505501 7.697174 -0.244800 -0.117800 -0.962400
36.903870 -20.801300 5.822693 0.257300 0.100200 0.961100
34.083557 -24.286001 6.966888 -0.264900 -0.114800 -0.957400
54.483704 -28.488100 3.573273 0.860400 -0.196400 0.470200
45.809692 -46.714699 5.951202 0.276600 -0.322300 -0.905400
42.534668 -46.260498 6.706390 -0.693300 0.000400 -0.720700
45.725708 -46.225300 5.869293 0.264500 0.089200 -0.960300
42.555359 -46.775803 6.810089 -0.704800 -0.331200 -0.627400
42.945984 -47.364101 6.833099 -0.579200 -0.529300 -0.620000
44.872192 -45.302902 5.895874 -0.066800 0.396300 -0.915700
43.408997 -47.698200 6.783600 -0.271000 -0.713900 -0.645700
42.796570 -45.928802 6.568085 -0.488400 0.281000 -0.826100
45.484558 -47.072403 6.111389 0.044500 -0.614700 -0.787500
46.200867 -46.748501 6.276398 0.858200 -0.321500 -0.400200
45.842590 -47.175499 6.459991 0.493400 -0.845500 -0.204400
46.075806 -46.145802 6.181274 0.803900 0.361900 -0.472000
45.030701 -44.985901 6.207489 0.199900 0.868600 -0.453500
42.649780 -45.681000 6.973602 -0.631300 0.722300 -0.282600
43.461792 -47.870598 7.226074 -0.180600 -0.983500 -0.012000
42.904175 -47.445099 7.280975 -0.729100 -0.680400 0.073400
42.416565 -46.710701 7.252289 -0.942300 -0.332200 0.041200
42.363586 -46.078499 7.132202 -0.963600 0.237000 -0.123900
46.614075 -45.833302 10.366882 0.979500 -0.201400 0.002200
45.621399 -44.325001 10.332184 0.297000 0.940700 -0.164000
44.030884 -46.955399 10.761078 -0.258100 -0.903100 0.343300
43.105103 -45.419403 10.708099 -0.903000 0.372000 0.215000
47.164307 -46.400803 5.604492 -0.119700 -0.644400 -0.755200
46.637268 -46.244202 5.689087 -0.414700 -0.584800 -0.697100
46.079651 -45.779301 5.730682 -0.570400 -0.458600 -0.681400
45.826050 -45.284901 5.704376 -0.718100 -0.069800 -0.692500
47.650452 -46.146202 5.462799 0.174900 -0.497800 -0.849500
47.071594 -43.400200 5.144379 -0.522700 0.254900 -0.813500
47.512207 -43.201900 5.021088 -0.242900 0.377500 -0.893600
48.895996 -44.261600 4.902802 0.373300 -0.179600 -0.910100
48.084778 -43.302200 4.918091 0.050900 0.350300 -0.935300
48.642395 -43.767200 4.876495 0.226400 0.197900 -0.953700
47.979980 -45.456398 10.229889 0.167500 -0.932300 0.320700
46.554688 -44.267799 10.336182 -0.954300 -0.018100 0.298200
49.539307 -43.175701 9.541290 0.980000 0.190400 -0.057900
48.354797 -42.260498 9.641296 -0.098800 0.994000 -0.047000
47.295593 -46.634701 6.026093 0.049400 -0.993900 -0.099000
47.868408 -46.359299 5.862976 0.595300 -0.768200 -0.235700
46.652405 -46.421101 6.125580 -0.483600 -0.875000 0.019900
45.956299 -45.840599 6.177582 -0.767200 -0.640700 0.029800
45.625000 -45.241600 6.150696 -0.996900 -0.005900 -0.078100
47.027954 -43.076202 5.513092 -0.657500 0.704400 -0.267400
49.271362 -44.193901 5.225403 0.909200 -0.099300 -0.404400
48.940063 -43.594902 5.198486 0.684800 0.562200 -0.463700
48.244080 -43.014400 5.250397 0.357200 0.822500 -0.442600
47.548767 -42.864899 5.371094 -0.167300 0.903200 -0.395300
37.419800 -46.805603 7.707397 0.075800 -0.722100 -0.687600
37.638977 -45.413700 7.500275 0.280700 0.351100 -0.893300
37.813110 -45.911102 7.531403 0.452000 -0.131600 -0.882200
34.404358 -45.647701 8.078674 -0.648600 -0.513500 -0.561800
34.703003 -44.286301 7.861877 -0.186000 0.537400 -0.822600
34.321594 -44.570301 7.961273 -0.722100 0.146700 -0.676000
38.140808 -46.066399 11.843292 0.494400 -0.844600 0.205500
38.362854 -44.592400 11.561676 0.835500 0.525300 -0.161200
35.838501 -43.416100 11.898376 0.200700 0.955500 -0.216100
35.012268 -44.850403 12.299286 -0.860900 -0.430500 0.271200
35.316650 -43.408401 12.005676 -0.625900 0.779800 0.015800
37.725403 -46.974098 8.278381 0.386100 -0.916600 -0.103900
38.180298 -45.855499 8.005096 0.933400 -0.092500 -0.346600
37.985657 -45.246498 7.948273 0.677400 0.605400 -0.417900
34.298950 -45.642303 8.777802 -0.811900 -0.571800 0.117900
34.212891 -44.313400 8.583374 -0.928500 0.368900 -0.042700
34.649475 -43.949699 8.434479 -0.231100 0.924000 -0.304500
38.863281 -47.197300 7.596497 -0.534600 -0.534800 -0.654400
38.574707 -46.724503 7.580902 -0.686700 -0.295300 -0.664300
38.501953 -46.104000 7.496887 -0.690000 -0.053500 -0.721800
38.688782 -45.708099 7.394775 -0.410600 0.389000 -0.824700
39.439758 -47.473198 7.520691 -0.304300 -0.624500 -0.719300
41.123352 -45.919300 6.922485 0.012800 0.402400 -0.915400
41.341553 -47.780800 7.174591 -0.123500 -0.629200 -0.767400
41.888000 -47.674000 7.113586 0.196500 -0.540000 -0.818400
42.002075 -46.657600 6.927399 0.348600 0.085400 -0.933400
42.074768 -47.278099 7.011475 0.338600 -0.214600 -0.916100
39.438354 -46.434402 11.632385 -0.685000 -0.633900 0.359000
39.252563 -44.848301 11.417603 -0.670600 0.735600 0.095300
42.575256 -46.941902 11.061493 0.726100 -0.660200 0.192200
42.306885 -45.342300 10.861694 0.673500 0.728500 -0.125200
38.767395 -47.284000 8.111298 -0.688900 -0.723400 0.046900
39.413879 -47.629200 7.962494 -0.303800 -0.952700 -0.006600
38.432556 -46.697899 8.087280 -0.952100 -0.304200 0.030800
38.328308 -45.933601 7.917175 -0.989100 0.108100 -0.099500
38.535950 -45.435204 7.794403 -0.574000 0.759200 -0.306800
41.583801 -47.980202 7.567474 0.029900 -0.994600 -0.099100
41.324951 -45.645901 7.317993 0.221200 0.889400 -0.400100
42.203003 -47.839798 7.485992 0.583400 -0.774500 -0.244600
42.410583 -47.341400 7.363190 0.903700 -0.200500 -0.378200
42.319763 -46.566803 7.258301 0.865800 0.270600 -0.421000
41.894653 -45.966003 7.250702 0.571200 0.652900 -0.497400
49.599854 -31.758801 2.771484 0.475500 -0.228400 -0.849600
48.826294 -32.305801 3.068390 -0.028900 -0.725700 -0.687400
48.315369 -32.224400 3.173798 -0.519500 -0.637400 -0.569000
46.635498 -29.545101 3.026184 -0.789000 -0.207600 -0.578300
47.874451 -29.007101 2.619995 0.136000 0.455700 -0.879700
46.828552 -29.119701 2.892883 -0.523600 0.391900 -0.756500
50.337097 -30.972301 6.896484 0.964800 -0.262500 0.019200
48.955566 -31.479401 7.264679 -0.329900 -0.885200 0.328000
48.554993 -28.093102 6.806885 0.254100 0.949800 -0.182400
47.220398 -28.676001 7.177399 -0.935500 0.317000 0.156300
50.005005 -31.804300 3.302094 0.910200 -0.270100 -0.314000
49.012085 -32.474300 3.615601 0.220800 -0.973700 -0.056100
48.385681 -32.398701 3.733673 -0.507500 -0.859400 0.062400
48.053162 -28.650902 3.203979 0.353000 0.866000 -0.354200
46.752075 -28.823002 3.501892 -0.589900 0.786700 -0.181900
46.485168 -29.328201 3.638092 -0.999600 -0.026800 0.012100
50.296570 -33.073002 2.963196 0.156900 0.319400 -0.934500
48.823364 -33.188202 3.287781 -0.711000 0.017900 -0.703000
49.169800 -32.925301 3.173798 -0.345400 0.372300 -0.861400
49.783569 -32.877399 3.038574 -0.105200 0.423200 -0.899900
50.674988 -33.593502 2.967682 0.278800 0.095800 -0.955600
51.341309 -35.427502 3.122192 0.315000 -0.087500 -0.945100
49.499756 -35.571400 3.527985 -0.642000 -0.406500 -0.650100
51.364990 -35.966400 3.272980 0.299800 -0.412400 -0.860300
51.018555 -36.229202 3.386993 0.008000 -0.623000 -0.782100
50.404785 -36.277199 3.522278 -0.270200 -0.678900 -0.682700
50.967957 -32.188000 6.959595 0.513900 0.847700 -0.131500
49.398865 -32.310699 7.305389 -0.813400 0.568600 0.123300
50.099304 -34.793800 7.556488 -0.866300 -0.421600 0.267900
52.066956 -35.213100 7.214478 0.851900 -0.504400 0.141200
50.468872 -35.256100 7.553589 -0.407000 -0.852100 0.329000
50.944702 -33.384399 3.289673 0.794300 0.404300 -0.453400
50.506653 -32.781700 3.353973 0.500900 0.746700 -0.437600
49.875183 -32.562099 3.450195 0.043800 0.926100 -0.374800
49.095398 -32.632301 3.553894 -0.383400 0.856200 -0.346300
48.653992 -32.935799 3.694092 -0.937300 0.310100 -0.159000
51.704895 -35.476902 3.465973 0.890700 0.069000 -0.449400
49.419495 -35.646202 4.037689 -0.879600 -0.473800 0.042800
51.710266 -36.094803 3.633179 0.786800 -0.523300 -0.327200
51.268860 -36.398300 3.773499 0.302200 -0.943900 -0.133000
50.502502 -36.458199 3.942291 -0.153100 -0.988200 -0.006100
49.839355 -36.151299 4.031097 -0.603200 -0.797400 -0.018700
51.095093 -41.544800 4.011597 0.333600 -0.084500 -0.938900
49.756958 -40.428902 4.111389 -0.328800 0.411200 -0.850200
50.283997 -40.585503 4.026886 0.069600 0.332000 -0.940700
50.841492 -41.050400 3.985291 0.220700 0.200100 -0.954600
50.943359 -42.078400 4.128387 0.246200 -0.409800 -0.878300
48.177002 -42.034599 4.696381 -0.613300 0.143000 -0.776800
49.363403 -43.684101 4.713287 -0.013400 -0.657400 -0.753400
48.070862 -42.511902 4.794678 -0.678100 -0.160300 -0.717200
48.836365 -43.527500 4.797882 -0.410900 -0.589500 -0.695500
48.278809 -43.062500 4.839478 -0.590400 -0.441900 -0.675400
51.849060 -40.697502 8.665283 0.995900 0.089100 -0.018600
50.423767 -39.508904 8.771576 -0.117100 0.991500 -0.057500
48.942871 -41.253502 9.358185 -0.883900 0.448300 0.133200
49.990051 -42.635601 9.361298 0.067600 -0.943000 0.325900
48.875793 -41.633701 9.432800 -0.915200 -0.263300 0.305000
51.315369 -42.100899 4.466095 0.786500 -0.531600 -0.314500
51.470459 -41.477100 4.334198 0.894700 0.051200 -0.443700
51.139282 -40.878101 4.307281 0.684800 0.568900 -0.455400
50.443176 -40.297600 4.359283 0.400000 0.801500 -0.444500
49.799988 -40.084000 4.458801 -0.274700 0.887200 -0.370800
47.979309 -41.901001 5.127594 -0.897000 0.407800 -0.170700
49.494751 -43.917999 5.134888 0.200800 -0.973100 -0.113200
48.851501 -43.704300 5.234375 -0.479700 -0.877300 0.017700
48.155396 -43.123802 5.286377 -0.796800 -0.603300 0.034900
47.876160 -42.460602 5.238373 -0.991900 -0.115300 -0.053600
51.140198 -40.129501 3.790985 0.094200 -0.547600 -0.831500
50.644592 -40.148800 3.875977 -0.303300 -0.612200 -0.730200
49.586365 -39.479103 3.985474 -0.656900 -0.332700 -0.676500
51.433472 -39.723301 3.700592 0.338700 -0.251200 -0.906700
49.831055 -37.238602 3.717377 -0.632300 0.103200 -0.767800
50.110168 -36.902000 3.636475 -0.395300 0.368500 -0.841400
51.678101 -37.482803 3.432495 0.391600 0.104600 -0.914200
50.619995 -36.813103 3.541992 -0.065700 0.458300 -0.886300
51.267395 -37.084099 3.460876 0.150700 0.372400 -0.915700
51.869507 -39.341003 8.237183 0.437400 -0.871300 0.222400
50.219055 -38.645103 8.468994 -0.837000 -0.460100 0.296300
52.355286 -36.671700 7.387573 0.866400 0.486300 -0.113100
50.691101 -36.047802 7.633881 -0.508400 0.859300 0.054900
51.369507 -40.363403 4.181885 0.394800 -0.893900 -0.212300
51.725098 -39.908501 4.076202 0.841400 -0.415500 -0.345500
50.755310 -40.364899 4.284973 -0.268300 -0.962600 -0.037200
49.429810 -39.551399 4.424683 -0.883000 -0.469200 -0.014400
49.687988 -36.986301 4.121399 -0.910500 0.377300 -0.169400
51.983276 -37.343502 3.772797 0.853200 0.293600 -0.431100
51.466003 -36.868202 3.811401 0.459800 0.788400 -0.408700
50.657654 -36.529900 3.912598 0.075700 0.925300 -0.371500
50.027405 -36.610901 4.026489 -0.502300 0.806800 -0.310900
40.145264 -47.856903 8.312500 0.434000 -0.354500 0.828200
40.352905 -47.554001 8.221283 0.686700 -0.036900 0.726000
40.360657 -47.040703 8.144501 0.702900 0.225000 0.674700
40.164001 -46.625198 8.128296 0.535200 0.553900 0.637700
39.671265 -47.879402 8.422974 0.100700 -0.406900 0.907900
38.077454 -45.889099 8.492889 0.260200 0.645100 0.718400
37.670898 -45.930401 8.590973 -0.022100 0.582900 0.812200
37.584656 -47.143402 8.787598 -0.165800 -0.325600 0.930900
37.395752 -46.214600 8.694702 -0.288200 0.313200 0.904900
37.388000 -46.727798 8.771393 -0.311700 0.014700 0.950100
38.941101 -48.081703 4.725800 0.486100 -0.825100 -0.288100
38.961304 -46.757301 4.527802 0.685900 0.626900 -0.369600
36.248352 -47.331299 5.225403 -0.834300 -0.508900 0.211900
36.205750 -45.993801 4.779694 -0.561000 0.826900 0.039300
40.236267 -48.103401 7.976898 0.565300 -0.802900 0.188900
39.695068 -48.145699 8.105499 -0.034400 -0.938500 0.343600
40.473694 -47.719200 7.867096 0.958800 -0.284000 -0.003900
40.483459 -47.078400 7.771301 0.982400 0.171700 -0.073400
40.259705 -46.565601 7.747101 0.709100 0.704400 -0.032700
37.879150 -45.709301 8.160583 0.129200 0.982900 0.131200
37.314697 -47.289299 8.519073 -0.573900 -0.663100 0.480600
37.090881 -46.776501 8.494781 -0.848000 -0.116300 0.517100
37.100708 -46.135803 8.398987 -0.790300 0.391800 0.471000
37.414978 -45.773003 8.274902 -0.367400 0.869400 0.330400
40.958252 -47.819302 8.166382 -0.119400 -0.314900 0.941600
40.651550 -46.519402 8.045990 -0.121700 0.583800 0.802700
40.541992 -46.889099 8.124786 -0.320200 0.134600 0.937800
40.669678 -47.430702 8.174988 -0.280700 -0.093000 0.955300
41.461304 -48.003700 8.079498 0.128600 -0.408700 0.903600
42.671204 -46.454201 7.579498 0.255400 0.642500 0.722400
43.480896 -47.938400 7.613098 0.498600 -0.359600 0.788700
43.107910 -46.635498 7.507202 0.478600 0.554100 0.681100
43.590698 -47.568802 7.534302 0.711800 0.102400 0.694900
43.462769 -47.027199 7.484100 0.659900 0.365100 0.656700
39.622253 -48.040298 4.574890 -0.674600 -0.720700 0.159700
39.292603 -46.642799 4.445374 -0.759200 0.634200 0.146100
41.415405 -46.570301 3.954498 0.137100 0.981800 -0.131700
42.274963 -48.165703 3.992981 0.676500 -0.643600 -0.357900
41.875488 -46.764801 3.878784 0.650100 0.679800 -0.339400
41.310059 -48.244202 7.793793 -0.082400 -0.932200 0.352500
40.732056 -48.016300 7.891296 -0.504200 -0.725400 0.468500
40.393188 -47.532303 7.897278 -0.796000 -0.330000 0.507500
40.233704 -46.856102 7.834595 -0.855600 0.076000 0.512000
40.349304 -46.393600 7.740875 -0.515200 0.772500 0.371200
42.649353 -46.301701 7.207092 0.219900 0.971000 0.093900
43.610291 -48.152298 7.259979 0.674400 -0.722900 0.150500
43.725891 -47.689800 7.166290 0.998700 -0.022200 -0.045200
43.566406 -47.013603 7.103577 0.901600 0.422400 -0.093400
43.151794 -46.526001 7.126190 0.606800 0.794700 -0.012200
48.125977 -46.546700 6.337280 0.198900 -0.413700 0.888400
46.798096 -45.427200 6.474182 -0.362900 0.133300 0.922300
47.068665 -45.897800 6.481689 -0.213400 -0.231800 0.949100
47.622070 -46.364300 6.424591 -0.080600 -0.344400 0.935400
48.563965 -46.350502 6.209503 0.533400 -0.262000 0.804200
47.836792 -43.798302 6.001282 -0.137500 0.507300 0.850700
49.602783 -44.721603 5.736603 0.735900 0.092100 0.670800
48.235962 -43.650101 5.889282 0.162600 0.631500 0.758100
49.332092 -44.250999 5.729095 0.582600 0.467000 0.665200
48.778809 -43.784500 5.786102 0.427500 0.596200 0.679600
46.797607 -46.848602 2.448395 -0.005100 -0.996400 -0.084400
45.369751 -45.644798 2.595581 -0.964000 -0.071900 0.255900
46.458191 -43.928600 2.098694 -0.601200 0.789800 0.121700
48.350464 -44.929199 1.816681 0.887200 0.120100 -0.445500
46.881897 -43.776001 1.980591 0.080200 0.984700 -0.154900
48.614075 -46.652500 5.849976 0.665200 -0.730700 0.153400
48.096497 -46.861401 5.997681 0.101800 -0.938300 0.330600
47.479858 -46.618103 6.101593 -0.417400 -0.805900 0.419900
46.789063 -46.035801 6.172882 -0.654000 -0.592100 0.470800
46.438599 -45.463699 6.168579 -0.853700 0.055500 0.517700
47.605957 -43.590103 5.630890 -0.490100 0.795400 0.356600
49.781494 -44.778999 5.312286 0.999700 -0.015300 -0.019200
49.430969 -44.206902 5.308075 0.759500 0.647600 -0.060700
48.740173 -43.624500 5.379303 0.482400 0.875900 -0.009500
48.079285 -43.436001 5.501282 0.022300 0.984500 0.173800
46.951599 -46.856903 6.627899 0.691700 0.082100 0.717500
46.783752 -46.395302 6.598480 0.626600 0.396100 0.671200
46.323853 -45.852501 6.623291 0.525700 0.522800 0.671100
45.847961 -45.554100 6.687378 0.234600 0.665100 0.709000
46.730164 -47.210098 6.729584 0.483600 -0.283300 0.828200
44.118408 -46.234600 7.178101 -0.111800 0.510500 0.852600
43.948303 -46.560600 7.264191 -0.288200 0.173300 0.941700
45.000488 -47.890503 7.220276 0.134300 -0.438400 0.888700
44.064697 -47.049400 7.309174 -0.271000 -0.137000 0.952800
44.524597 -47.592201 7.284485 -0.155700 -0.285700 0.945600
45.738281 -47.123199 2.675476 0.884700 -0.181900 -0.429200
44.551697 -45.722603 2.739380 0.120100 0.972500 -0.199300
43.686462 -48.210300 3.298401 -0.268700 -0.962500 0.037400
42.553894 -46.780998 3.345886 -0.957500 0.236300 0.165500
47.143860 -46.989799 6.248779 0.996000 -0.085500 0.025600
46.906067 -47.410400 6.363983 0.688700 -0.703400 0.175700
46.917786 -46.422401 6.217102 0.861100 0.504900 -0.060000
46.343689 -45.744701 6.247986 0.666700 0.744100 -0.042300
45.766052 -45.363503 6.322998 0.152200 0.980100 0.127400
43.777771 -46.122299 6.883698 -0.557700 0.732000 0.391200
44.917664 -48.169201 6.924683 -0.010100 -0.932000 0.362300
44.340210 -47.788002 6.999695 -0.565800 -0.688300 0.454100
43.766052 -47.110298 7.030579 -0.769900 -0.403000 0.494800
43.598450 -46.511803 6.981079 -0.835600 0.154300 0.527100
51.410889 -33.934299 3.730194 0.687200 -0.041500 0.725200
50.229492 -34.185799 4.034302 -0.178200 -0.327700 0.927800
50.666504 -34.304401 3.952698 0.178100 -0.423600 0.888200
51.158691 -34.199600 3.825989 0.429800 -0.354300 0.830500
51.342957 -33.454800 3.675598 0.673700 0.301200 0.674900
49.127197 -32.233299 3.998474 -0.308300 -0.057400 0.949600
50.240662 -31.502399 3.639801 0.537400 0.543500 0.644900
49.089966 -31.817902 3.946198 -0.295400 0.245100 0.923400
49.803650 -31.383801 3.721375 0.193300 0.638800 0.744700
49.311462 -31.488602 3.848083 -0.088300 0.560300 0.823600
50.238464 -34.147602 0.134674 0.797400 -0.443200 -0.409600
48.968201 -34.417999 0.461578 -0.488600 -0.862500 0.131700
47.672058 -32.332802 0.190491 -0.920900 -0.238200 0.308500
49.007996 -31.590302 0.039581 0.319000 0.912000 -0.257900
47.636963 -31.895000 0.136292 -0.810300 0.555600 0.186600
51.497681 -33.559502 3.304901 0.956400 0.286300 -0.057800
51.559265 -34.109802 3.371399 0.939700 -0.339800 0.039000
51.234497 -34.420502 3.490173 0.506300 -0.842900 0.182200
50.619873 -34.551300 3.648376 0.073000 -0.951800 0.297900
50.084290 -34.423801 3.750885 -0.474500 -0.757400 0.448600
48.810669 -32.199501 3.714203 -0.828000 -0.199800 0.524000
50.224060 -31.335201 3.268188 0.605700 0.795700 0.001000
49.688477 -31.207701 3.370789 0.044300 0.987300 0.152800
49.073853 -31.338501 3.528900 -0.421700 0.848800 0.318900
48.784302 -31.722200 3.650482 -0.794700 0.343300 0.500700
51.541382 -34.740101 3.861786 0.542800 0.503400 0.672300
51.113098 -34.524200 3.927185 0.301700 0.626800 0.718400
50.567993 -34.498501 4.046783 0.077400 0.625900 0.776100
50.232971 -34.678299 4.148773 -0.324700 0.332900 0.885300
51.813904 -35.209499 3.868683 0.681200 0.274200 0.678800
50.551758 -36.715000 4.374084 -0.305900 -0.051100 0.950700
50.808655 -37.118401 4.374878 -0.179700 -0.259500 0.948900
52.132568 -37.246201 4.093994 0.696600 -0.115000 0.708200
51.252502 -37.400200 4.315674 0.033000 -0.409700 0.911600
51.797668 -37.426003 4.196075 0.299000 -0.407700 0.862800
50.305664 -34.836700 0.229401 0.534800 0.774800 -0.337000
48.898865 -34.770203 0.537903 -0.756300 0.643900 0.115600
50.927490 -37.472099 0.473602 0.655000 -0.670100 -0.349200
49.504395 -37.336300 0.775696 -0.693900 -0.701700 0.161500
51.580994 -34.608601 3.478577 0.677500 0.735300 -0.014400
51.909363 -35.145000 3.482574 0.940800 0.332500 -0.065600
51.051392 -34.360401 3.562195 0.251200 0.964700 0.079500
50.370667 -34.328201 3.711487 -0.135300 0.966600 0.217500
49.947510 -34.531502 3.836884 -0.728800 0.508500 0.458600
50.293701 -36.854401 4.097778 -0.808300 -0.295800 0.509100
52.255554 -37.468002 3.743500 0.882900 -0.465000 0.065300
51.832458 -37.671200 3.868988 0.264200 -0.930200 0.254900
51.151794 -37.639099 4.018280 -0.183400 -0.918700 0.349800
50.604370 -37.315601 4.094879 -0.575700 -0.667900 0.471700
51.664795 -42.173203 4.897797 0.699300 0.204700 0.684900
51.394104 -41.702599 4.890381 0.577900 0.469400 0.667600
50.840759 -41.236099 4.947388 0.444500 0.581300 0.681500
50.336853 -41.053600 5.034790 0.062900 0.659500 0.749100
51.558777 -42.649399 4.991394 0.620700 -0.154200 0.768800
48.966064 -42.402603 5.541901 -0.244100 0.375600 0.894100
48.898865 -42.830803 5.619690 -0.308800 0.048900 0.949900
50.187988 -43.998299 5.498474 0.307400 -0.437400 0.845100
49.130798 -43.349403 5.642975 -0.232000 -0.218900 0.947800
49.684082 -43.815903 5.585876 -0.077800 -0.349200 0.933800
50.406067 -42.364601 0.977081 0.885600 0.106700 -0.452000
48.978394 -41.160801 1.124298 -0.150000 0.982400 -0.111700
48.853088 -44.283901 1.608673 -0.019100 -0.996800 -0.077200
47.466187 -43.029602 1.739380 -0.977700 -0.022000 0.208600
51.843506 -42.230598 4.473602 0.987300 0.155800 -0.032000
51.740356 -42.788902 4.578400 0.888200 -0.455400 0.060600
51.492981 -41.658501 4.469299 0.759200 0.648100 -0.060500
50.802307 -41.076103 4.540497 0.517600 0.855600 -0.007000
50.185669 -40.832901 4.644501 -0.113100 0.969600 0.217100
48.603760 -42.357002 5.224976 -0.749200 0.478100 0.458400
50.158508 -44.313004 5.158875 0.266200 -0.922800 0.278600
49.541992 -44.069801 5.262878 -0.416800 -0.806600 0.419100
48.851196 -43.487400 5.334076 -0.681900 -0.563700 0.466100
48.544983 -42.860500 5.311890 -0.843600 -0.088000 0.529700
51.735168 -40.945099 4.682281 0.319300 -0.378100 0.868900
50.273499 -40.084999 4.887390 -0.336000 -0.040100 0.941000
50.650269 -40.505600 4.863495 -0.141900 -0.302300 0.942600
51.259399 -40.863998 4.778076 0.000400 -0.377800 0.925900
52.033203 -40.656303 4.572693 0.634600 -0.096600 0.766800
50.601196 -38.222702 4.541199 -0.239800 0.352400 0.904600
52.360962 -38.794098 4.226501 0.705400 0.267400 0.656400
50.882751 -37.990501 4.443573 0.051200 0.592800 0.803700
51.984070 -38.373402 4.250275 0.507800 0.534300 0.675700
51.375000 -38.014999 4.335785 0.343900 0.622800 0.702800
50.471863 -41.273201 0.750092 0.264800 -0.948000 -0.176600
48.900269 -40.348400 0.970581 -0.921900 -0.315400 0.225100
51.130005 -39.011200 0.270782 0.825500 0.389700 -0.408300
49.540955 -38.145901 0.503998 -0.413600 0.908700 -0.056000
52.151855 -40.927299 4.230286 0.876000 -0.472000 0.099500
51.792297 -41.245201 4.358093 0.342600 -0.893100 0.291500
51.203552 -41.125801 4.473877 -0.259900 -0.880600 0.396200
50.443176 -40.678398 4.580475 -0.524200 -0.727700 0.442300
49.967285 -40.171402 4.614197 -0.821900 -0.223700 0.523800
50.321655 -38.035000 4.221985 -0.697200 0.559700 0.448000
52.506165 -38.791000 3.838074 0.962300 0.269900 -0.033500
52.030396 -38.284000 3.871796 0.623300 0.781400 -0.029800
51.269958 -37.836601 3.978485 0.321300 0.945600 0.050700
50.662598 -37.781700 4.107880 -0.197400 0.943200 0.267300
41.035950 -44.140400 46.849701 0.748500 -0.661800 0.040800
40.776550 -42.627300 50.577484 0.705400 -0.448700 0.548600
39.442200 -44.138000 50.552795 0.523500 -0.654700 0.545300
38.325562 -45.464302 49.524475 0.371300 -0.835500 0.405100
37.725952 -46.250801 47.768097 0.289600 -0.942700 0.165600
37.803955 -46.286800 45.754089 0.300200 -0.947600 -0.109000
38.538757 -45.562698 44.022400 0.400400 -0.848900 -0.345000
39.733398 -44.272400 43.036774 0.563200 -0.673000 -0.479400
41.067688 -42.761703 43.061401 0.745100 -0.467000 -0.476100
42.184265 -41.435402 44.089783 0.897400 -0.286200 -0.335900
42.783875 -40.648903 45.846191 0.979100 -0.179000 -0.096400
42.705872 -40.612900 47.860077 0.968500 -0.174100 0.178200
41.971191 -41.336998 49.591888 0.868300 -0.272800 0.414300
39.024475 -40.138401 53.221191 0.478400 -0.134200 0.867800
36.713257 -42.755001 53.178482 0.178200 -0.474000 0.862300
34.779358 -45.052200 51.397385 -0.073000 -0.772400 0.631000
33.740784 -46.414600 48.355103 -0.207800 -0.949300 0.235900
33.875854 -46.477001 44.866882 -0.190300 -0.957400 -0.217200
35.148560 -45.222702 41.867401 -0.025000 -0.794500 -0.606700
37.217651 -42.987900 40.160278 0.243700 -0.504300 -0.828400
39.528809 -40.371300 40.203003 0.543900 -0.164400 -0.822900
41.462769 -38.074100 41.984100 0.795100 0.133900 -0.591600
42.501404 -36.711700 45.026276 0.929900 0.310800 -0.196500
42.366150 -36.649300 48.514587 0.912400 0.318900 0.256600
41.093567 -37.903603 51.514084 0.747100 0.156100 0.646100
36.249268 -37.340702 54.072388 0.323100 0.032700 0.945800
33.580566 -40.362099 54.023087 -0.007900 -0.342000 0.939700
31.347473 -43.014702 51.966385 -0.284800 -0.671000 0.684600
30.148254 -44.587799 48.453583 -0.433600 -0.866100 0.248900
30.304260 -44.659801 44.425690 -0.414200 -0.875000 -0.250600
31.773804 -43.211601 40.962097 -0.232000 -0.695400 -0.680200
34.162964 -40.631001 38.990875 0.064400 -0.375300 -0.924700
36.831665 -37.609600 39.040283 0.395300 -0.000600 -0.918500
39.064758 -34.957001 41.096893 0.672300 0.328400 -0.663500
40.264099 -33.383900 44.609802 0.821000 0.523500 -0.227800
40.108093 -33.311901 48.637695 0.801700 0.532400 0.271800
38.638550 -34.760201 52.101181 0.619400 0.352800 0.701300
59.957092 -20.748301 39.128784 0.822100 -0.569200 0.010500
59.620850 -19.331701 42.888275 0.767800 -0.370300 0.522900
58.473450 -20.989000 42.869690 0.611400 -0.596200 0.520400
57.493896 -22.422701 41.845886 0.477800 -0.791600 0.380800
56.944397 -23.248501 40.090973 0.402900 -0.904200 0.141500
56.972290 -23.245201 38.075500 0.406700 -0.903800 -0.133300
57.570068 -22.413801 36.339203 0.488200 -0.790400 -0.370000
58.577698 -20.976900 35.347473 0.625600 -0.594500 -0.505200
59.724854 -19.319601 35.366089 0.782000 -0.368600 -0.502600
60.704590 -17.886002 36.389984 0.915500 -0.173100 -0.363000
61.254089 -17.060101 38.144775 0.990500 -0.060600 -0.123800
61.226196 -17.063400 40.160278 0.986700 -0.061000 0.151000
60.628357 -17.894901 41.896576 0.905200 -0.174400 0.387700
57.659058 -17.106800 45.618591 0.513900 -0.089500 0.853200
55.671875 -19.977301 45.586395 0.255800 -0.462300 0.849000
53.975098 -22.460501 43.813080 0.035400 -0.784800 0.618700
53.023254 -23.890800 40.773590 -0.088200 -0.970600 0.224000
53.071655 -23.885201 37.282593 -0.081900 -0.969900 -0.229400
54.107056 -22.445002 34.275299 0.052600 -0.782800 -0.620000
55.852295 -19.956301 32.557587 0.279200 -0.459600 -0.843100
57.839355 -17.085800 32.589783 0.537300 -0.086800 -0.838900
59.536255 -14.602701 34.363098 0.757700 0.235700 -0.608600
60.487976 -13.172300 37.402588 0.881300 0.421500 -0.213900
60.439697 -13.177900 40.893585 0.875000 0.420700 0.239500
59.404297 -14.618101 43.900879 0.740500 0.233700 0.630100
54.597473 -14.669701 46.588074 0.342200 0.056700 0.937900
52.302795 -17.984301 46.550995 0.057600 -0.354400 0.933300
50.343506 -20.851501 44.503296 -0.185400 -0.710000 0.679400
49.244507 -22.503201 40.993683 -0.321700 -0.914800 0.244100
49.300354 -22.496700 36.962494 -0.314800 -0.914000 -0.255900
50.495972 -20.833700 33.489990 -0.166500 -0.707800 -0.686500
52.511108 -17.960001 31.506592 0.083400 -0.351400 -0.932500
54.805664 -14.645401 31.543701 0.368000 0.059700 -0.927900
56.764954 -11.778101 33.591492 0.611000 0.415300 -0.674000
57.863953 -10.126501 37.101074 0.747300 0.620200 -0.238700
57.808167 -10.133000 41.132202 0.740400 0.619400 0.261300
56.612610 -11.795900 44.604675 0.592100 0.413100 0.691900
