2.824402 58.641403 17.178894 0.051700 0.775700 -0.629000
-19.343445 -23.090200 -53.307312 0.136900 -0.908200 0.395500
-3.124329 -33.591103 85.960190 -0.053100 -0.870200 0.489900
0.337097 34.606400 -25.825409 -0.016100 0.643900 0.764900
-3.072510 -63.482002 3.826874 -0.014000 -0.577600 -0.816200
-3.445313 -56.166603 42.470978 -0.046000 -0.709700 0.703000
-3.546204 -58.906502 39.882477 -0.051200 -0.655900 0.753100
-3.590149 -60.209602 38.831482 -0.054600 -0.773700 0.631200
-3.148621 -39.623802 71.541183 -0.053400 -0.960100 0.274600
-3.498047 -66.856102 17.654297 -0.053600 -0.937800 0.343100
1.481689 31.185900 -1.923920 0.035700 0.569600 -0.821200
2.885193 69.831100 43.105286 0.051100 0.996900 -0.059000
-3.410339 -67.674797 10.674286 -0.044700 -0.972000 -0.230500
-2.795654 -19.601301 105.271286 -0.027700 -0.173700 0.984400
-3.359497 -54.031097 44.374298 -0.045700 -0.820300 0.570100
-3.352112 -53.697800 44.986877 -0.059000 -0.853800 0.517300
-1.664917 3.024399 105.436188 -0.009300 0.192400 0.981300
-3.787720 -59.987503 51.764587 -0.035600 -0.888400 -0.457700
-2.590149 -54.550697 2.066101 0.002900 -0.293500 -0.955900
-1.929199 -43.370399 -2.884705 -0.020400 -0.658700 -0.752100
-1.229553 -40.691502 -22.945404 -0.033200 -0.998100 -0.051200
-5.359314 -50.529099 51.559891 -0.268900 -0.647000 -0.713500
-1.376526 -38.499802 -11.828125 -0.041300 -0.998600 -0.032400
-3.482300 -60.021004 34.734802 -0.035100 -0.840200 -0.541200
-3.307922 -43.962898 68.526291 -0.037800 -0.403200 0.914300
-4.185913 -60.130402 34.178375 0.211900 -0.432400 0.876400
-43.860046 -7.927001 29.969879 -0.985300 -0.170300 -0.016300
-3.596436 -60.655304 38.106781 -0.058300 -0.975700 0.211100
-5.346008 -60.763802 31.233093 0.798700 -0.242200 -0.550800
-3.413330 -46.999100 66.102585 -0.049100 -0.710400 0.702100
-3.603516 -53.586700 58.847183 -0.043400 -0.544200 0.837900
-3.478699 -49.609001 62.712494 -0.050000 -0.740900 0.669700
-3.178040 -40.904099 69.741989 -0.051700 -0.805100 0.590900
-3.566650 -56.521599 49.283600 -0.018100 -0.660800 -0.750300
-3.083252 -31.522701 89.206390 -0.052800 -0.854100 0.517400
-3.391724 -58.811302 33.623383 0.004300 -0.321200 -0.947000
-3.219055 -29.312601 101.988983 -0.047700 -0.666500 0.744000
-3.852600 -59.514404 56.359390 -0.051600 -0.799400 0.598600
-3.200012 -41.667301 68.899994 -0.040400 -0.467200 0.883200
-3.170715 -39.269699 73.609390 -0.052400 -0.986500 0.155000
-3.183838 -38.272499 76.880783 -0.053200 -0.877500 0.476600
-3.452515 -63.968903 23.058197 -0.045900 -0.917300 0.395500
-3.382019 -53.856697 46.233887 -0.042600 -0.913200 -0.405300
1.947754 61.753098 70.719788 0.033400 0.862000 0.505800
-4.706848 -61.154099 33.131195 -0.022300 -0.960600 0.276900
0.759766 29.532999 -20.364410 0.024700 0.952100 0.304700
-3.552856 -60.588303 36.429199 -0.050500 -0.982800 -0.177400
0.000000 81.753799 -88.577301 -0.000000 0.997500 0.070300
-3.470825 -65.475403 19.942200 -0.052600 -0.854000 0.517500
0.000000 -42.062500 -88.577301 0.000000 -0.992100 0.125400
-3.280334 -31.729801 98.887085 -0.050400 -0.998500 0.020000
-3.149414 -35.723999 81.717896 -0.053300 -0.887600 0.457600
-3.354248 -45.278301 67.507584 -0.046100 -0.618500 0.784400
0.539795 41.840599 91.986984 0.012800 0.570700 0.821000
0.000000 -27.944500 -53.966705 -0.000500 -0.997900 -0.064100
-3.541199 -51.598198 60.780289 -0.049000 -0.704300 0.708200
0.000000 49.751602 -36.036926 -0.003100 0.600000 0.800000
-32.578430 -17.366800 62.815781 -0.930000 -0.268000 0.251400
-30.781555 -20.127501 70.310394 -0.932700 -0.089400 0.349500
-26.153015 -24.567400 76.311386 -0.714700 -0.135900 0.686100
-21.930603 -27.638201 79.663284 -0.680200 -0.460600 0.570200
-16.659546 -31.019600 81.584793 -0.531900 -0.680200 0.504500
-11.933044 -33.708099 81.948685 -0.297200 -0.769000 0.566000
-7.135315 -35.102200 81.631287 -0.100500 -0.810600 0.576900
-24.712524 -36.298100 56.855392 -0.492200 -0.600000 0.630700
-28.010498 -31.976601 57.531693 -0.600800 -0.512800 0.613300
-29.747314 -28.859701 58.009995 -0.716600 -0.440600 0.540700
-19.478027 -39.513199 57.596985 -0.429200 -0.617700 0.659000
-6.311340 -65.727898 19.946991 -0.094700 -0.755400 0.648300
-10.915405 -64.847504 18.568298 -0.551600 -0.535600 0.639500
-15.580017 -59.670403 15.602295 -0.709200 -0.276200 0.648700
-19.943542 -51.753700 17.025482 -0.744000 -0.605500 0.282400
-23.391296 -48.918602 21.457184 -0.788000 -0.599500 -0.140100
-24.838257 -47.298901 28.749878 -0.747000 -0.636700 0.191300
-21.338745 -46.127502 37.297791 -0.635600 -0.717700 0.284500
-18.552917 -46.333702 44.365692 -0.395700 -0.897700 0.193900
-14.328430 -46.540802 51.185989 -0.225900 -0.971900 0.065800
-11.427856 -48.010700 55.071182 -0.466300 -0.823400 0.323400
-30.214111 -13.546101 78.953094 -0.848600 -0.521100 0.091500
-25.812744 -16.883400 90.418884 -0.761200 -0.572900 0.304000
-18.315125 -21.715601 94.946182 -0.659200 -0.749100 0.065400
-12.210754 -27.507000 96.952087 -0.517400 -0.839000 -0.168600
-7.129639 -29.502602 99.122894 -0.450100 -0.776400 0.441200
-14.886414 -41.232803 59.106689 -0.408200 -0.477800 0.777900
-11.014526 -40.717598 61.331284 -0.602100 -0.316500 0.733000
-8.034119 -41.648102 64.093582 -0.783300 -0.331700 0.525800
-5.676697 -44.498199 66.736481 -0.692700 -0.440700 0.571000
-27.562805 -31.372902 64.024185 -0.814400 -0.553500 0.174200
-23.263550 -33.438103 67.660294 -0.564200 -0.707200 0.426000
-101.904053 46.632500 -88.577301 -0.655100 0.734500 0.176800
-117.950317 24.690798 -88.577301 -0.966000 0.086100 0.243800
-70.676697 -26.681601 -88.577301 -0.536400 -0.843200 0.036300
-36.106201 -44.222401 -88.577301 -0.365200 -0.915500 0.168800
-11.232300 -41.717800 -88.577301 0.401300 -0.913200 0.070700
-7.294739 -41.315399 -88.577301 0.004500 -0.993500 0.114100
-18.230347 -35.668400 69.698685 -0.354900 -0.748400 0.560300
-13.973999 -37.237701 69.351883 0.191600 -0.824400 0.532700
-11.327148 -36.354202 66.695389 0.573700 -0.804300 0.154700
-7.116516 -18.989201 105.257980 -0.096900 -0.175200 0.979800
-7.253723 1.791399 105.899689 -0.042800 0.149700 0.987800
-8.473450 40.146400 92.113693 -0.148900 0.532500 0.833300
-12.028931 1.086599 105.325882 -0.322500 0.151000 0.934500
-17.494446 37.864700 91.114182 -0.231100 0.501400 0.833800
-34.673950 42.960304 -36.720520 -0.153500 0.467100 0.870800
-20.029541 -48.877998 -88.577301 0.170100 -0.971200 0.166700
-44.016235 -4.297100 30.590393 -0.992100 -0.104000 -0.070700
-2.916199 -27.820000 -53.966705 -0.105100 -0.993400 -0.046700
-6.685120 -27.164600 -53.966705 -0.442000 -0.897000 0.004100
-9.323608 -25.100300 -54.080322 -0.579400 -0.807500 0.110700
-12.496704 -22.759201 -53.786713 -0.299600 -0.903700 0.305900
-37.076721 -3.581400 45.870575 -0.820500 -0.037600 -0.570400
-33.422546 -4.181700 38.572693 -0.972000 -0.143200 0.186300
-42.120850 4.459099 48.048096 -0.728000 -0.480100 -0.489400
-42.634949 -1.911701 48.207977 -0.672600 -0.118000 -0.730500
-42.744812 3.268700 43.563293 -0.798700 -0.511400 0.317100
-42.553406 -0.556601 39.971497 -0.691700 -0.637600 0.339100
-41.785217 1.569099 44.392181 -0.912400 -0.400200 0.086000
-36.601807 -5.601300 11.160797 -0.999400 0.033900 -0.008600
-40.478821 -6.113001 45.527374 -0.970000 -0.093000 -0.224600
-43.184204 4.033800 34.668182 -0.881300 -0.350200 0.317200
-43.108398 0.853399 33.507874 -0.926300 -0.142100 0.349100
-43.586853 -5.747301 33.409088 -0.777700 -0.276700 0.564500
-37.160034 -8.071401 34.377991 -0.832700 0.087400 0.546900
-43.758728 9.283298 47.238586 -0.818100 -0.498100 -0.287500
-43.589417 8.429298 38.892273 -0.844700 -0.486200 0.223900
-20.162537 -51.005600 24.658691 -0.540200 -0.837000 0.087500
-6.107544 -59.628899 34.898102 -0.197000 -0.857800 -0.474800
-5.285156 -59.933403 34.377991 -0.239600 -0.347500 0.906600
-7.794556 -59.192703 32.735992 -0.560800 -0.494300 0.664200
-15.533997 -52.553703 30.144989 -0.120900 0.277000 0.953200
-12.279541 -56.366302 30.885284 -0.659800 -0.527000 0.535700
-9.071655 -58.585999 34.556976 -0.341600 -0.874400 -0.344400
-13.253357 -55.557602 32.874573 -0.146500 -0.831400 -0.536000
-16.386108 -53.080700 27.592682 -0.642700 -0.766000 -0.011300
-11.899902 -57.214699 29.932800 -0.679700 -0.733500 -0.002200
-7.497742 -60.278099 31.544678 -0.498100 -0.850400 0.169300
-4.974731 -61.074203 33.265289 -0.252100 -0.881000 0.400300
-6.468506 -60.094604 36.688690 -0.269000 -0.954700 -0.127300
-9.638550 -58.781403 36.152802 -0.475100 -0.874500 -0.097400
-13.277649 -55.907402 33.856995 -0.612700 -0.787500 -0.066300
-8.947998 -53.614601 42.772278 -0.505100 -0.613000 0.607500
-5.177917 -56.023598 42.875397 -0.037800 -0.668400 0.742800
-6.820801 -55.678398 42.365173 -0.459300 -0.595700 0.658900
-4.294250 -56.159798 42.423981 0.086900 -0.704200 0.704700
-5.294250 -52.493000 45.702301 -0.477000 -0.847000 0.234600
-4.149902 -52.981400 45.178497 -0.349500 -0.855200 0.382800
-5.182007 -54.242004 44.456879 -0.182600 -0.600200 0.778700
-4.241638 -54.735703 44.062073 0.054200 -0.686400 0.725200
-4.439514 -58.861099 39.863892 0.168700 -0.617900 0.768000
-5.292542 -59.385803 39.848297 -0.034200 -0.686400 0.726400
-39.541809 -1.175201 50.711395 -0.270800 -0.108500 0.956500
-42.394897 -1.286600 53.702881 0.022900 -0.343800 0.938800
-44.552734 -1.870901 51.677689 -0.825900 -0.415700 0.381000
-36.945435 -0.541601 29.772888 -0.604600 0.501100 -0.619100
-38.656799 -5.464500 27.286682 -0.499500 0.213900 -0.839500
-43.276917 -2.881601 26.658386 -0.468000 0.206900 -0.859100
-44.958252 0.581799 31.925385 -0.991900 -0.003200 0.126700
-39.386902 -10.114601 36.900177 -0.990300 0.038600 -0.133300
-38.885315 5.375700 -30.223816 -0.863000 -0.164300 0.477800
-37.365540 4.724400 -5.186127 -0.968200 0.245300 0.049500
-34.416626 11.956301 15.377197 -0.963300 0.266900 -0.027000
-34.949951 19.875200 29.328400 -0.963300 0.222700 -0.149600
-10.509827 -47.182098 53.249588 -0.093000 -0.907800 -0.408900
-13.443115 -45.992901 47.984802 -0.201800 -0.972300 0.118300
-14.897156 -53.599701 27.830780 -0.609500 -0.783500 0.121400
-30.527954 -24.757500 62.187790 -0.835300 -0.547000 -0.054800
-28.396118 -28.264500 66.601593 -0.685400 -0.728000 -0.018700
-45.296204 2.898199 51.497894 -0.959500 -0.063000 0.274700
-44.952209 7.693600 50.023895 -0.976500 0.162900 0.141100
-46.290222 8.799700 38.572998 -0.974400 -0.202100 0.098500
-45.546509 3.626900 33.635376 -0.959300 -0.251300 0.128600
-43.122925 -9.535901 27.031281 -0.576100 -0.297500 -0.761300
-42.636414 -13.576200 29.272491 -0.545100 -0.790800 -0.278400
-43.308044 -4.795700 49.117096 -0.623000 -0.769500 0.140800
-42.338013 3.808699 53.813187 0.071200 0.178700 0.981300
-42.898743 10.439699 51.284088 -0.080800 0.674300 0.734000
-44.300110 11.733999 37.768677 -0.253800 0.872400 -0.417700
-43.691956 5.538700 32.107880 -0.259900 0.594900 -0.760600
-38.650208 -8.398701 27.316803 -0.640400 -0.126300 -0.757600
-38.821045 -12.317301 29.039276 -0.637400 -0.440800 -0.631900
-39.399597 -5.067701 49.678802 -0.715700 -0.540000 0.442900
-38.962402 3.014299 50.489075 -0.336400 0.350300 0.874200
-38.435913 7.691799 47.640503 0.643800 0.529300 0.552600
-37.048157 8.957499 39.970184 -0.986400 0.032400 -0.161200
-38.452942 -13.040501 33.868774 -0.775100 -0.589500 0.227500
-37.766541 9.363800 43.901093 -0.987000 0.111500 -0.115900
-37.657410 -4.704700 24.406281 -0.963500 0.234400 -0.129300
-35.751343 0.409500 17.940399 -0.987400 0.153400 -0.039300
-37.784302 2.143900 64.997284 -0.983600 -0.162000 0.079400
-38.490051 0.626999 56.543488 -0.973100 -0.038300 0.227200
-27.967102 -26.807001 -30.558319 -0.220900 -0.971600 -0.085300
-29.547241 -25.178600 -9.153320 -0.503700 -0.860800 0.072700
-4.762451 -35.078102 -8.623322 -0.425100 -0.845800 -0.322200
-9.382202 -34.970001 -8.412109 -0.363300 -0.830900 -0.421400
-14.781921 -30.521702 -10.689514 -0.666800 -0.684100 -0.295600
-17.570251 -25.779600 -14.394409 -0.471200 -0.872200 -0.131100
-37.804504 15.156698 52.341583 -0.995700 0.045200 -0.081000
-11.681030 -16.625601 104.884689 -0.427900 -0.129000 0.894600
-15.531555 -2.197001 103.743393 -0.503200 0.057300 0.862200
-6.023499 -27.559101 102.831085 -0.169500 -0.556100 0.813700
-6.851807 -40.205601 73.978195 0.076900 -0.996900 0.017400
-10.519409 -39.517502 74.279587 -0.383400 -0.903100 -0.193200
-13.742554 -36.764999 74.571884 -0.554600 -0.769000 -0.317800
-20.641113 -33.604401 73.820480 -0.508800 -0.860600 0.021700
-27.169800 -29.432600 71.797195 -0.617700 -0.786000 -0.024100
-28.035706 -29.408001 61.604492 -0.707100 -0.684300 -0.177900
-10.501709 -35.172802 65.252594 -0.027400 -0.755000 0.655100
-11.734924 -36.288700 65.736694 -0.205600 -0.715600 -0.667600
-14.338257 -37.300003 68.257980 -0.224000 -0.858700 -0.460900
-18.352234 -35.673698 68.455185 -0.238500 -0.731800 -0.638400
-22.850342 -33.651703 66.584091 -0.002400 -0.767700 -0.640800
-26.605103 -32.285400 63.586090 -0.101800 -0.848000 -0.520200
-35.487915 -13.126401 59.487091 -0.932700 -0.199100 0.300800
-32.146545 -24.227800 56.782791 -0.829700 -0.377200 0.411400
-35.708313 -22.476801 51.649796 -0.929400 -0.166800 0.329300
-37.165833 -20.114700 43.102600 -0.984300 -0.174500 -0.027100
-30.799438 -18.249001 8.437286 -0.773700 -0.601900 -0.197800
-32.575134 -25.761002 12.402802 -0.907800 -0.159500 -0.388000
-23.347656 -43.211800 37.005402 -0.854700 -0.488000 0.177000
-21.310242 -44.089798 43.571594 -0.714600 -0.667500 0.209100
-25.582153 -44.037201 28.353485 -0.980600 -0.169600 0.097900
-24.515198 -44.886398 20.486389 -0.952800 -0.224400 -0.204600
-26.190247 -23.421200 -52.828003 -0.385800 -0.910400 0.149700
-17.309937 -52.161003 18.852081 -0.613000 -0.704900 0.356900
-15.255249 -57.240700 17.443481 -0.742900 -0.412300 0.527300
-10.439026 -62.374001 21.877777 -0.619600 -0.631900 0.465600
-6.404846 -63.683403 22.815674 -0.238400 -0.865800 0.440000
-32.583313 -29.893801 16.228394 -0.939000 -0.259400 -0.225800
-32.112610 -33.532001 19.222473 -0.953600 -0.294200 -0.064600
-4.013245 -40.265900 -23.045898 -0.307900 -0.951200 -0.018200
-5.246338 -42.630798 -2.910400 -0.229900 -0.590200 -0.773800
-5.879944 -53.951599 2.130402 -0.271700 -0.249500 -0.929500
-10.700500 -53.433800 4.904175 -0.433800 -0.131900 -0.891300
-18.334534 -45.365501 6.715973 -0.509600 -0.255900 -0.821500
-25.992310 -33.163101 6.630890 -0.724700 -0.322200 -0.609100
-36.613403 -17.001001 20.946198 -0.946600 -0.274600 -0.168700
-38.377197 -11.442700 39.894379 -0.950000 -0.310900 0.027800
-11.554443 -34.996201 65.538589 -0.986400 -0.082600 -0.142000
-10.957153 -36.741402 65.122391 -0.023200 -0.679000 0.733800
-12.752502 -37.409901 64.622787 -0.249600 -0.626400 0.738500
-15.460022 -37.442600 63.902283 -0.234800 -0.232500 0.943800
-13.848206 -34.307201 68.003189 -0.491400 -0.216200 -0.843700
-19.300415 -36.011600 63.029282 -0.166700 -0.048300 0.984800
-18.239197 -32.622501 68.567688 0.051500 -0.248200 -0.967300
-23.279053 -34.028500 63.220795 -0.391200 -0.246500 0.886700
-26.537231 -30.274799 63.271484 0.647600 -0.448100 -0.616300
-28.694214 -28.184700 64.418289 -0.870600 -0.476700 0.121400
-23.366638 -29.918602 66.140488 0.462300 -0.288500 -0.838500
-38.217712 -16.331701 45.520386 -0.980600 -0.191300 0.042100
-36.876709 -23.945601 42.951477 -0.970800 -0.226200 -0.080100
-34.093201 -29.859200 42.139984 -0.856400 -0.468500 -0.217000
-29.864624 -36.571098 43.537079 -0.727700 -0.680300 -0.087600
-24.957642 -39.508301 42.558197 -0.655400 -0.755100 0.014500
-28.843933 -37.977699 13.865997 -0.907700 -0.291000 -0.302300
-31.979736 -30.665199 26.103973 -0.931800 -0.327600 0.156200
-31.331421 -28.530401 32.110291 -0.904400 -0.426600 -0.009100
-35.070129 -31.869900 50.365479 -0.855100 -0.457300 0.244400
-29.118713 -26.977701 60.045288 -0.843000 -0.489100 0.223800
-26.617310 -30.411501 59.438187 -0.597600 -0.628100 0.498400
-23.679810 -35.474201 57.498886 -0.508900 -0.533200 0.675900
-19.006042 -38.428101 58.120682 -0.374400 -0.636800 0.674100
-14.472046 -39.120399 59.243484 -0.359600 -0.546200 0.756600
-10.848450 -38.866001 61.750381 -0.588300 -0.260300 0.765600
-8.528748 -38.986301 64.121887 -0.758700 -0.071800 0.647500
-5.663513 -43.105103 67.756287 -0.633800 -0.254100 0.730600
-34.116211 -26.381401 24.164795 -0.932800 -0.360200 0.010800
-24.276917 -18.708500 90.670883 -0.712800 -0.605900 0.353300
-22.656433 -24.680500 84.027985 -0.755700 -0.572000 0.319000
-22.621399 -32.797901 76.900284 -0.617700 -0.699500 0.359500
-7.414612 -27.441301 94.976089 -0.389200 -0.795200 0.464900
-12.223145 -32.391899 86.319290 -0.263000 -0.828300 0.494700
-11.805908 -38.928398 77.997391 -0.299700 -0.864100 0.404500
-10.535400 -38.565399 72.823883 -0.468700 -0.677800 -0.566500
-10.457642 -37.006699 71.416885 -0.484900 -0.723400 -0.491500
-10.693542 -36.449902 70.297287 -0.550100 -0.753700 -0.359600
-8.894653 -37.689598 71.018082 -0.569600 -0.762700 -0.306400
-12.187805 -30.571899 63.926086 -0.819000 -0.382200 -0.427900
-16.355347 -46.515800 43.385498 -0.341000 -0.896300 0.283600
-5.720703 -46.259903 65.388489 -0.705000 -0.487100 0.515500
-5.668457 -40.889000 67.890594 -0.717200 -0.404800 0.567300
-9.757446 -35.045300 66.036789 -0.364400 -0.841600 0.398600
-10.805298 -34.158401 67.615784 -0.049400 -0.986200 0.157800
-8.426697 -36.446098 66.081696 -0.642700 -0.765800 0.021600
-8.300232 -36.672401 64.444183 -0.547400 -0.695200 0.465900
-7.190308 -43.807301 62.664383 -0.794100 -0.422700 0.436700
-24.016052 -43.013000 17.510193 -0.592000 -0.708300 0.384500
-25.328918 -39.832901 22.489502 -0.686800 -0.676700 0.265300
-26.168457 -38.157200 27.868378 -0.782900 -0.617500 0.075700
-35.752014 -18.795200 54.958191 -0.918600 -0.257500 0.299700
-32.932556 -20.979700 60.253189 -0.911900 -0.331100 0.242600
-31.269897 -16.986101 70.897690 -0.928800 -0.247300 0.276100
-30.559753 -30.933601 54.916885 -0.680000 -0.421700 0.599800
-25.692749 -29.747501 61.843384 -0.557400 -0.827500 -0.067600
-25.297729 -26.501801 61.734085 0.863000 -0.423500 0.275300
-10.392700 -37.598999 62.804993 -0.139500 -0.782900 0.606300
-23.128601 -29.345701 60.699493 0.341200 0.226200 0.912400
-37.136597 -14.155300 -53.782898 -0.541000 -0.752500 0.375600
-13.163940 -32.606701 62.278488 -0.495800 0.285900 0.820000
-19.647644 -31.331600 60.864685 0.053800 0.329300 0.942700
-15.963745 -32.591000 61.527786 -0.146400 0.336100 0.930400
-23.843750 -30.949100 68.692688 -0.511700 -0.854500 -0.089500
-18.050720 -33.398800 70.902985 -0.355400 -0.933100 -0.054300
-13.495850 -34.914101 70.407486 -0.066500 -0.977600 0.199700
-22.412415 -26.242100 64.353485 0.253300 -0.609600 -0.751100
-18.377197 -27.901300 65.603790 -0.104900 -0.553800 -0.826100
-14.536499 -29.500601 65.312881 -0.457500 -0.498000 -0.736700
-5.106506 -55.468002 49.813995 -0.517700 -0.290600 -0.804700
-4.663513 -53.586403 47.607300 -0.801200 -0.544800 -0.247400
-7.164551 -51.228302 45.876892 -0.313700 -0.941200 0.125400
-10.812500 -52.775501 45.913574 -0.101600 -0.775300 -0.623400
-9.469849 -52.493500 47.057983 0.623400 -0.617200 -0.480000
-7.468018 -55.381004 49.926575 0.160600 -0.627100 -0.762200
-6.013000 -67.586800 10.639984 -0.099200 -0.947000 -0.305500
-6.669800 -63.035202 3.819794 -0.260300 -0.555900 -0.789500
-11.168213 -66.972000 16.906677 -0.493100 -0.793200 0.357300
-6.483398 -67.981499 18.029785 0.023700 -0.910300 0.413200
-11.640137 -60.104500 4.763702 -0.438500 -0.346900 -0.829100
-10.932556 -66.654198 10.403381 -0.366000 -0.836700 -0.407400
-19.081238 -54.806900 7.385681 -0.601700 -0.274700 -0.750000
-24.840942 -47.918400 12.787781 -0.781000 -0.614000 0.114600
-21.581238 -53.026901 10.252502 -0.899800 -0.410400 -0.148100
-17.008240 -61.659203 10.911591 -0.777800 -0.588800 -0.220100
-16.264038 -51.989300 34.517395 -0.704000 -0.643900 0.299700
-9.971497 -54.817802 39.729889 -0.631700 -0.525400 0.570000
-7.226196 -58.195099 39.849487 -0.515300 -0.541800 0.664000
-12.300598 -23.983200 94.117188 -0.390400 -0.687400 0.612400
-17.882813 -21.857801 93.359787 -0.490100 -0.654400 0.575900
-27.167542 -17.385300 80.785782 -0.834200 -0.498400 0.235900
-34.038513 -9.301201 64.876785 -0.943000 -0.121200 0.309900
-35.505005 25.510199 41.957001 -0.967100 0.186900 -0.172600
-31.573547 22.414000 17.379883 -0.890800 0.337600 -0.304100
-29.095154 19.177900 -11.631622 -0.688100 0.650500 0.321600
-15.244446 29.003500 -17.950806 -0.447900 0.848100 0.283200
-25.878845 -21.073700 78.863388 -0.843600 -0.400500 0.357700
-17.244629 -29.591202 85.865082 -0.569800 -0.712100 0.410200
-7.257751 -32.738503 86.257492 -0.158200 -0.848700 0.504700
-11.368713 -46.994003 48.670593 -0.995300 -0.092000 -0.031700
-9.188904 -46.819000 52.536682 -0.830100 -0.505500 0.235400
-7.917053 -50.632900 55.140686 -0.782800 -0.246800 0.571200
-8.411804 -54.891602 53.517593 -0.877200 -0.328700 0.349900
-8.350647 -50.450203 45.434174 -0.574800 -0.795200 -0.193200
-8.327637 -55.677704 50.596588 -0.625600 -0.729400 -0.276600
-8.560913 -46.569302 59.537781 -0.777000 -0.427600 0.462000
-12.071533 -51.948799 45.492279 -0.561600 -0.384600 -0.732600
-11.148499 -53.016502 49.781403 -0.752300 -0.630700 0.190600
-10.572937 -51.572403 52.503693 -0.701900 -0.470800 0.534400
-14.056213 -47.783798 48.926086 -0.863300 0.449400 -0.229800
-11.354004 -49.022301 53.625183 -0.537000 0.097100 0.838000
-5.705627 -52.907101 58.170593 -0.673000 -0.380100 0.634500
-12.870911 -47.022598 51.233994 -0.575600 0.731300 0.366000
-12.940308 -49.955700 46.344696 -0.707500 0.190800 -0.680500
-32.159912 -27.081902 55.410690 -0.784500 -0.302900 0.541100
-19.943298 -39.868401 56.067688 -0.494800 -0.716500 0.491800
-19.038513 -37.295101 62.463486 -0.384000 -0.745300 0.545000
-16.908813 -45.454803 52.423294 -0.423100 -0.841700 0.335600
-11.645813 -24.848801 103.176682 -0.386100 -0.535400 0.751200
-29.955139 -36.031101 34.546387 -0.838600 -0.544100 -0.024900
-25.272400 -39.305199 35.653198 -0.762400 -0.647200 -0.000500
-20.025940 -47.328300 35.537781 -0.572200 -0.757600 0.313900
-10.491943 -41.958603 -2.347900 -0.361600 -0.553600 -0.750200
-13.420898 -29.545502 -29.115204 -0.844500 -0.509100 -0.166000
-7.926453 -38.361198 -23.529999 -0.618600 -0.785500 -0.017800
-16.810913 -36.062000 -2.366821 -0.638300 -0.501800 -0.583700
-4.369629 -60.913902 31.382996 -0.978900 0.074300 -0.190400
-19.197144 -55.449303 13.346283 -0.836500 -0.434800 0.333500
-16.000549 -62.045799 14.758484 -0.785300 -0.422700 0.452400
-6.501038 -60.623398 29.700684 -0.464400 -0.855200 0.230000
-11.270203 -56.914200 27.714081 -0.723700 -0.684600 0.086800
-22.017944 -48.209702 15.148499 0.363800 -0.733200 -0.574600
-11.193054 -43.506203 59.116486 -0.508900 -0.641300 0.574300
-11.844299 -31.345200 63.165192 -0.940300 -0.030700 0.339000
-9.136353 -37.693100 69.447586 -0.657500 -0.732300 -0.177600
-14.846619 -42.925499 56.803986 -0.426500 -0.702600 0.569600
-6.255615 -39.958603 69.246887 -0.533700 -0.841800 0.081000
-5.785706 -58.478401 33.545380 0.092100 -0.314000 -0.944900
-29.536499 -39.352100 23.170898 -0.605000 -0.709000 0.362300
-13.174927 -54.625801 32.083679 0.177900 -0.282200 -0.942700
-8.728699 -57.876900 32.584595 0.121400 -0.305300 -0.944500
-6.495239 -52.939102 44.615997 -0.426500 -0.568000 0.703900
-6.606445 -59.657600 52.042786 -0.532100 -0.787500 -0.311000
-6.349609 -58.735901 55.992386 -0.601600 -0.590200 0.538300
-13.517517 -49.449303 50.783585 -0.872400 -0.353600 0.337400
-6.950928 -59.945503 38.744781 -0.356900 -0.836800 0.415200
-13.732239 -35.107002 71.665695 -0.222100 -0.908300 -0.354400
-14.832947 -38.342201 63.338593 -0.027400 -0.817600 0.575100
-23.268311 -34.476902 62.221390 -0.694400 -0.664100 0.277000
-23.933899 -26.244600 63.341690 0.584100 -0.594400 -0.552700
-23.570435 -32.495201 70.164688 -0.378800 -0.881700 -0.281300
-18.229736 -35.354500 72.466690 -0.315400 -0.925800 -0.208300
-29.341797 -37.922901 50.806183 -0.647600 -0.709500 0.277900
-23.411255 -42.053398 51.168793 -0.522500 -0.820500 0.231800
-35.278809 -6.019001 78.570587 -0.925300 -0.365900 0.099800
-39.020508 22.437399 61.064087 -0.994800 0.096400 -0.032700
-36.299500 -26.232800 50.541901 -0.942400 -0.137800 0.304900
-26.392944 -35.930199 54.783188 -0.580400 -0.603000 0.547300
-11.603333 -45.234501 55.957687 -0.556200 -0.607100 0.567600
-5.698303 -49.058201 62.204391 -0.623600 -0.564800 0.540400
-7.141846 -39.499603 77.345383 0.106000 -0.881200 0.460700
-7.213806 -39.846401 72.030182 -0.243900 -0.942200 -0.229900
-13.379211 -49.754303 48.975586 -0.885800 -0.463800 0.016100
-13.470703 -36.278900 73.310287 -0.432400 -0.780900 -0.450900
-28.434448 -43.635399 18.323486 -0.603100 -0.724300 0.334200
-13.840027 -55.157402 34.931976 -0.749700 -0.579400 0.319600
-23.369751 -26.948502 0.305298 -0.708300 -0.629700 -0.319100
-36.353638 -14.708900 -0.674103 -0.925000 -0.373400 0.070300
-31.342712 -24.910501 68.638687 -0.936800 -0.332200 0.109700
-13.145203 57.067101 21.390198 -0.445100 0.722100 -0.529700
-25.572998 43.002403 25.720490 -0.826500 0.404900 -0.391100
-37.224426 -15.493801 36.891693 -0.977700 -0.209100 -0.020700
-34.805237 -23.871901 32.362976 -0.867900 -0.494700 -0.044700
-27.770447 -36.436001 10.194000 -0.795100 -0.267500 -0.544300
-29.826050 -36.151402 27.819000 -0.786300 -0.597800 0.156300
-10.172913 -58.387100 38.205200 -0.592900 -0.639400 0.489500
-15.835815 -36.662903 77.966583 -0.485100 -0.815600 0.315300
-18.280640 -21.078100 101.371994 -0.617900 -0.512500 0.596300
-26.516418 35.495796 89.947784 -0.489300 0.470800 0.734100
-15.258545 61.551804 69.775589 -0.284500 0.844500 0.453700
-14.706909 67.833099 42.160095 -0.264800 0.951900 -0.154000
-11.255005 33.239296 -1.976105 -0.385000 0.627900 -0.676400
-29.351318 31.628199 -27.792511 -0.339700 0.620600 0.706800
-15.597412 -20.402000 -38.918213 -0.278600 -0.954100 -0.109800
-22.810608 -47.679703 29.155792 -0.427400 -0.878700 0.212800
-22.512146 27.289301 2.415802 -0.699800 0.702700 -0.128500
-35.256836 -22.310902 22.553680 -0.951000 -0.272500 -0.146000
-37.464905 -17.810701 -29.288727 -0.874400 -0.482900 0.048200
-37.494141 25.042200 86.072281 -0.839200 0.192400 0.508700
-30.324341 55.605301 45.188477 -0.822300 0.549600 -0.147700
-28.997131 -28.592501 75.202484 -0.726500 -0.436000 0.531100
-29.938049 52.615105 66.881287 -0.744900 0.593600 0.304600
-43.192505 21.141199 -28.629608 -0.456700 0.101200 0.883800
-27.683533 -10.392701 95.456482 -0.773600 -0.230600 0.590200
-52.005554 11.212297 -35.153107 -0.391500 -0.482100 0.783800
-60.885742 27.561998 -32.092926 -0.365100 0.098800 0.925700
-5.701904 -50.982601 60.187485 -0.649100 -0.545400 0.530300
-8.333435 -48.566200 56.114883 -0.754000 -0.532200 0.385000
-44.792542 0.916100 51.907394 -0.941900 -0.117900 0.314700
-43.933838 -3.288000 48.981995 -0.863800 -0.094600 -0.494900
-42.903015 -1.704700 36.204285 -0.858200 -0.459400 0.229300
-45.138245 1.961100 37.714600 -0.970300 -0.229000 -0.078000
-45.914551 5.691000 41.497284 -0.999200 -0.001900 0.039900
-44.897949 7.001099 46.605103 -0.995500 0.008300 0.094900
-39.186096 -11.330701 34.881897 -0.899000 -0.139000 0.415200
-42.691223 -11.045001 32.036285 -0.773400 -0.340900 0.534500
-106.867737 2.607698 -88.577301 -0.785100 -0.594800 0.172700
-47.807129 -1.867201 -48.056519 -0.510900 -0.624900 0.590300
-10.687927 81.577698 -101.383209 -0.071100 0.997500 0.000000
-35.204041 78.477005 -101.383209 -0.283800 0.958900 0.000000
-17.281311 -35.000500 74.370987 -0.380200 -0.924600 0.023400
-12.132507 -38.260101 74.197983 -0.609700 -0.721300 -0.328600
-8.687256 -39.980400 73.901093 -0.255100 -0.962100 -0.096200
-13.820801 -37.795601 77.981995 -0.490600 -0.812000 0.316100
-19.041199 -34.739799 77.437088 -0.487500 -0.807100 0.332900
-24.924011 -30.739601 76.068481 -0.632200 -0.617300 0.468200
0.000000 -31.055201 -71.933807 0.000000 -0.866400 0.499400
0.000000 65.322899 -48.159698 0.000000 0.780000 0.625800
-45.510498 59.510002 -46.202026 -0.266300 0.746400 0.609900
-80.891113 36.087898 -48.537506 -0.610500 0.418600 0.672300
-88.628845 16.078897 -52.093811 -0.644600 -0.147500 0.750100
-82.199219 -1.710501 -58.048523 -0.459000 -0.536900 0.707800
-62.804810 -16.512701 -63.720520 -0.194500 -0.569000 0.799000
-22.835510 -31.099899 -64.607300 -0.284500 -0.695500 0.659800
-16.483032 -33.557701 -64.714325 0.082800 -0.757200 0.647900
-10.130554 -30.951702 -64.821198 0.106800 -0.810100 0.576500
-6.584351 -32.349998 -66.741699 0.104200 -0.856600 0.505300
-4.428040 -32.788002 -68.895599 0.281200 -0.835200 0.472700
-1.853516 -33.286201 -71.427399 0.573400 -0.648500 0.500600
-15.264038 -20.389301 -44.041016 -0.235000 -0.972000 -0.002000
-11.405945 -27.645500 -38.568726 -0.807400 -0.542600 -0.231600
-7.737549 -36.157303 -32.427399 -0.559400 -0.776600 -0.289900
-3.905212 -37.483601 -32.106720 -0.198600 -0.920300 -0.337000
-1.057556 -37.799698 -32.040802 -0.029300 -0.935500 -0.352200
0.000000 -39.134800 -77.337311 -0.000000 -0.871600 0.490100
0.000000 79.383400 -71.867126 0.000000 0.938500 0.345300
-57.299744 63.288704 -69.321808 -0.445500 0.833500 0.326900
-92.811401 46.657402 -70.806122 -0.588100 0.666200 0.458500
-107.897156 22.834200 -71.345215 -0.808600 0.059000 0.585300
-98.436401 0.686699 -72.273315 -0.712500 -0.548100 0.438100
-70.676697 -26.681601 -71.867126 -0.441800 -0.791500 0.422200
-32.006104 -39.956802 -73.181824 -0.219000 -0.794000 0.567100
-17.783508 -40.682999 -73.528412 0.117000 -0.834500 0.538400
-9.192322 -38.653503 -74.652313 0.256000 -0.861000 0.439400
-6.011902 -38.443100 -75.663513 0.101500 -0.911300 0.399000
-3.722412 -38.716301 -76.416321 0.034900 -0.903300 0.427500
-1.718323 -39.020302 -77.135620 0.016100 -0.888000 0.459500
-2.084351 -41.950203 -101.383209 -0.087900 -0.996100 0.001200
0.000000 -42.062500 -101.383209 0.000000 -1.000000 -0.000000
0.000000 81.753799 -101.383209 0.000000 1.000000 0.000000
-63.660156 64.742699 -101.383209 -0.431000 0.902300 -0.008200
-101.904053 46.632500 -101.383209 -0.637200 0.770700 0.000000
-117.950317 24.690798 -101.383209 -0.996500 0.083100 0.000000
-106.867737 2.607698 -101.383209 -0.779000 -0.627100 -0.000000
-70.676697 -26.681601 -101.383209 -0.543800 -0.839200 0.000000
-36.106201 -44.222401 -101.383209 -0.366900 -0.930200 0.000000
-20.029541 -48.877998 -101.383209 0.199300 -0.979900 0.000000
-11.232300 -41.717800 -101.383209 0.382500 -0.924000 0.000000
-7.294739 -41.315399 -101.383209 -0.009300 -1.000000 0.000000
-4.510742 -41.652100 -101.383209 -0.121100 -0.992600 -0.000200
-39.111511 -13.219801 30.649597 -0.307400 -0.950000 -0.054500
-28.759399 19.150499 2.315582 -0.819100 0.570300 -0.062200
-35.873047 7.489899 5.194702 -0.949600 0.313000 0.018300
-28.926941 17.818499 -4.469299 -0.789500 0.613600 -0.015500
-9.523010 61.618904 70.090286 -0.060100 0.865600 0.497000
-2.931396 69.953499 42.378601 -0.166200 0.979400 -0.114400
-8.913818 67.321899 43.089874 -0.181100 0.979400 -0.089500
-2.498840 58.116699 18.582703 -0.208800 0.780400 -0.589500
-7.822144 57.591904 19.986389 -0.236000 0.788500 -0.567900
-2.759949 32.013496 -1.977203 0.204000 0.578300 -0.789900
-6.962646 34.103699 -2.395721 0.072300 0.651600 -0.755200
-4.488037 30.997698 -20.404999 0.288700 0.907100 0.306200
-9.735840 32.956398 -20.439606 -0.095100 0.938300 0.332500
-5.821655 35.958397 -25.328003 0.060900 0.682900 0.728000
-19.511841 33.791298 -26.568115 -0.228800 0.695100 0.681500
-9.300049 51.693901 -36.414398 -0.042000 0.597700 0.800600
-23.113647 45.995399 -36.441925 -0.188700 0.509000 0.839800
-11.230408 63.471397 -48.145111 -0.045200 0.772900 0.632900
-30.339539 62.264999 -45.941498 -0.127700 0.710800 0.691700
-10.687927 81.577698 -71.867126 0.036200 0.949800 0.310600
-35.204041 78.477005 -71.867126 -0.321100 0.905500 0.277400
-35.204041 78.477005 -88.577301 -0.304900 0.952100 0.021400
-10.687927 81.577698 -88.577301 -0.051100 0.998400 0.022600
-44.214417 2.397299 49.220398 -0.740300 -0.258100 -0.620800
-45.276550 10.160200 45.592590 -0.989900 -0.062900 0.127000
-42.771545 12.521601 47.652191 -0.060800 0.952700 0.297800
-5.408020 -58.468300 34.302002 -0.063000 0.343500 0.937000
-3.868530 -58.759598 34.197784 0.224000 0.316200 0.921900
-12.362854 -55.195999 31.351501 -0.161400 0.302100 0.939500
-7.997009 -57.709099 33.103577 -0.257400 0.333400 0.907000
-3.032104 -28.239201 95.084290 -0.053100 -0.871600 0.487300
-16.262756 -18.741301 58.106384 -0.240800 -0.874500 0.421100
-2.002747 -34.584202 25.452789 0.001700 -0.319700 -0.947500
-15.269897 -33.909401 25.160675 -0.009200 0.258400 0.966000
-4.258911 -34.470600 25.409393 0.002200 -0.320400 -0.947300
-11.891907 -34.083801 25.239380 -0.015200 0.269300 0.962900
-7.217651 -34.320900 25.348602 0.014400 -0.307200 -0.951500
-17.723206 -51.466702 28.841797 -0.520800 -0.841100 -0.145900
19.343445 -23.090200 -53.307312 -0.144700 -0.914100 0.378700
-1.271912 -50.734001 51.638687 0.231700 -0.669900 -0.705400
42.103943 -12.251000 31.554382 0.963000 -0.268500 0.022200
28.671997 -20.436401 63.996994 0.888200 -0.359100 0.286500
26.321289 -22.989300 71.411591 0.904900 -0.181500 0.385000
21.044861 -26.932800 77.221588 0.670700 -0.205300 0.712800
16.410950 -29.559700 80.402695 0.608400 -0.525200 0.595000
10.758301 -32.393700 82.113586 0.441400 -0.728900 0.523300
5.776245 -34.595600 82.290283 0.196800 -0.793700 0.575500
0.879089 -35.503799 81.785782 -0.003200 -0.815500 0.578800
19.188477 -38.498199 57.701981 0.405200 -0.645000 0.648000
22.873352 -34.526703 58.512985 0.522500 -0.569000 0.635000
24.893372 -31.598000 59.063690 0.647700 -0.508900 0.567000
13.634277 -41.172600 58.235580 0.339600 -0.656200 0.673800
-0.672119 -66.011902 20.051300 -0.005600 -0.759900 0.650000
4.044800 -65.601097 18.844788 0.487800 -0.569300 0.661800
9.254272 -60.443398 15.441895 0.666200 -0.302100 0.681800
14.252380 -53.181702 17.667175 0.736800 -0.657500 0.157800
17.963989 -50.486099 22.168884 0.768600 -0.625900 -0.132300
19.622986 -48.721802 29.424103 0.743700 -0.643100 0.182300
15.572144 -47.786701 38.188599 0.539400 -0.790900 0.288900
12.507263 -47.720299 45.069183 0.273900 -0.944900 0.179100
8.058350 -47.661800 51.618195 0.121800 -0.990600 0.061600
4.878174 -48.827801 55.385590 0.368900 -0.865300 0.339400
26.082458 -16.367401 80.038788 0.788100 -0.603100 0.123100
20.931885 -19.226002 91.320282 0.687800 -0.645500 0.331900
12.820374 -23.276001 95.546692 0.578000 -0.811100 0.089200
6.095154 -28.424400 97.305084 0.437100 -0.886800 -0.150200
0.760254 -29.898102 99.275085 0.352900 -0.816600 0.456700
8.839050 -42.421799 59.564194 0.328200 -0.514700 0.792100
4.955444 -41.518002 61.639282 0.538800 -0.373600 0.755000
1.792847 -42.140503 64.283081 0.725400 -0.407300 0.554900
-0.937439 -44.735703 66.827881 0.622700 -0.506600 0.596300
22.238892 -33.868801 64.984589 0.747700 -0.631800 0.204300
17.618164 -35.486900 68.448685 0.473900 -0.759300 0.446000
101.903992 46.632500 -88.577301 0.655100 0.734500 0.176800
117.950256 24.690798 -88.577301 0.966000 0.086100 0.243800
70.676758 -26.681601 -88.577301 0.536400 -0.843200 0.036300
36.106262 -44.222401 -88.577301 0.365200 -0.915500 0.168800
11.232300 -41.717800 -88.577301 -0.401300 -0.913200 0.070700
7.294678 -41.315399 -88.577301 -0.004500 -0.993500 0.114100
12.312561 -37.199100 70.287781 0.256600 -0.779000 0.572100
7.937256 -38.335800 69.774490 -0.293300 -0.800100 0.523300
5.496094 -37.197300 67.019791 -0.656700 -0.742700 0.131000
1.562073 -19.424101 105.425385 0.041200 -0.182100 0.982400
3.750671 1.239899 106.111984 0.019500 0.146600 0.989000
9.326843 39.254303 92.456985 0.169200 0.516500 0.839400
8.450073 0.060299 105.720795 0.299800 0.119800 0.946500
18.106262 36.080498 91.800781 0.247900 0.477400 0.843000
34.673950 42.960304 -36.720520 0.155800 0.470600 0.868500
20.029602 -48.877998 -88.577301 -0.170100 -0.971200 0.166700
42.598999 -8.655301 32.193573 0.978700 -0.203000 -0.031500
2.916199 -27.820000 -53.966705 0.105400 -0.993300 -0.047200
6.685059 -27.164600 -53.966705 0.444400 -0.895800 0.012400
9.323669 -25.100300 -54.080322 0.578900 -0.807000 0.117100
12.496765 -22.759201 -53.786713 0.295600 -0.903600 0.310000
35.344543 -7.279301 47.268494 0.839100 -0.125100 -0.529400
31.926147 -7.499201 39.739288 0.942800 -0.246700 0.224200
40.908752 0.298100 49.649292 0.695000 -0.551700 -0.461200
40.777161 -6.093600 49.816284 0.691600 -0.181300 -0.699200
41.583984 -0.973701 45.189087 0.731000 -0.587000 0.348000
41.156372 -4.782200 41.559174 0.614100 -0.702200 0.360200
40.428650 -2.567202 45.974487 0.867900 -0.481500 0.122100
35.995300 -8.805901 12.112579 0.997900 -0.060500 0.022000
38.427551 -10.224501 47.227692 0.958600 -0.242400 -0.149200
42.444580 -0.286800 36.298676 0.829400 -0.436500 0.348800
42.097656 -3.442600 35.109375 0.893100 -0.234700 0.383900
41.917297 -10.056001 34.996674 0.724300 -0.353400 0.592100
35.261292 -11.716801 35.720703 0.816700 0.003500 0.577100
43.050598 4.932798 48.912689 0.774500 -0.578100 -0.256600
43.118774 4.064499 40.572479 0.784000 -0.565800 0.255300
15.287292 -52.481800 23.504181 0.520300 -0.853300 0.034500
-0.837708 -59.915100 35.000885 0.114600 -0.874700 -0.471000
-2.182800 -60.122803 33.213501 0.373700 -0.537800 0.755700
0.777344 -59.698601 32.197998 0.414100 -0.625900 0.660900
9.182556 -53.841599 29.960297 0.107400 0.231800 0.966800
5.399658 -57.408600 30.489197 0.598500 -0.625800 0.500200
2.238647 -59.223999 34.740692 0.254300 -0.912500 -0.320300
6.834900 -56.636101 33.111603 0.359400 -0.757300 -0.545300
10.418457 -53.221199 31.558899 0.615000 -0.787200 0.045800
4.889282 -58.179001 29.448273 0.587300 -0.807900 -0.048900
0.345398 -60.648903 30.866577 0.362800 -0.921000 0.141900
-2.830322 -61.212097 32.241486 0.167400 -0.959100 0.228100
-0.607605 -60.413399 36.802490 0.161700 -0.979800 -0.117900
2.728455 -59.491402 36.313599 0.377800 -0.921600 -0.088600
6.774475 -56.962898 34.189087 0.577700 -0.814500 -0.054600
2.314453 -53.873703 43.215302 0.424200 -0.656500 0.623700
-1.687256 -56.104904 43.025787 -0.053000 -0.666200 0.743900
0.011963 -55.784004 42.697296 0.378400 -0.633300 0.675100
-2.584839 -56.183601 42.513184 -0.177200 -0.691900 0.699900
-1.298340 -52.699001 45.774780 0.389700 -0.883700 0.259200
-2.478699 -53.082603 45.200073 0.240700 -0.883400 0.402200
-1.545044 -54.397804 44.547302 0.093100 -0.613500 0.784200
-2.537537 -54.795502 44.116302 -0.146100 -0.676300 0.722000
-2.647949 -58.957802 39.902374 -0.262100 -0.594000 0.760500
-1.846313 -59.573204 39.918274 -0.066700 -0.684400 0.726000
37.679199 -5.045101 52.200592 0.221500 -0.130800 0.966400
40.389648 -5.435400 55.299393 -0.092900 -0.337100 0.936900
42.554443 -6.236300 53.357483 0.765400 -0.494800 0.411600
35.992859 -4.188501 31.114594 0.678400 0.440100 -0.588200
37.310669 -9.253800 28.659882 0.556000 0.161500 -0.815300
42.169556 -7.153001 28.217102 0.520000 0.160700 -0.838900
43.969849 -3.899101 33.592377 0.980900 -0.102200 0.165200
37.182800 -13.978901 38.329498 0.992100 -0.033200 -0.120900
39.265076 3.910900 -29.792725 0.880800 -0.170200 0.441800
37.866760 2.420799 -4.906525 0.981400 0.182100 0.060200
35.276489 8.626799 16.565094 0.984700 0.173800 0.010700
36.040466 16.318800 30.706879 0.985900 0.125600 -0.110700
4.118347 -47.915199 53.531693 0.018300 -0.911800 -0.410300
7.341553 -46.972099 48.414673 0.105700 -0.988900 0.104000
8.870361 -54.739700 26.930298 0.483600 -0.859600 0.164900
25.918762 -27.586300 63.276291 0.777900 -0.627900 -0.023700
23.278992 -30.854200 67.598083 0.609400 -0.792900 0.006200
43.777283 -1.565701 53.215591 0.937100 -0.158000 0.311300
43.971191 3.237200 51.738785 0.981700 0.064800 0.178800
45.852600 4.167398 40.358002 0.944600 -0.298600 0.136300
44.791992 -0.930000 35.352386 0.923400 -0.346200 0.165400
41.332092 -13.767401 28.570099 0.571100 -0.356600 -0.739400
40.347595 -17.749701 30.796783 0.470400 -0.842900 -0.261100
41.123169 -9.027101 50.745285 0.544500 -0.820200 0.175400
40.837952 -0.359701 55.417282 -0.090700 0.186800 0.978200
42.155457 6.177198 52.924393 0.119500 0.664300 0.737800
44.197876 7.289799 39.483887 0.355500 0.841900 -0.405900
43.197754 1.159698 33.764801 0.348900 0.567500 -0.745800
37.007690 -12.174400 28.691803 0.653100 -0.197400 -0.731100
36.702148 -16.100800 30.438995 0.610000 -0.509800 -0.606600
37.185852 -8.912400 51.171585 0.631600 -0.605800 0.483900
37.530396 -0.819101 51.964188 0.335800 0.316600 0.887100
37.583862 3.882000 49.106598 -0.608500 0.592200 0.528300
36.626892 5.248699 41.397583 0.990300 -0.065900 -0.122600
36.066650 -16.769201 35.285889 0.727600 -0.644000 0.236500
37.229187 5.602499 45.348999 0.996900 0.012100 -0.077700
36.530945 -8.369600 25.698883 0.987400 0.136400 -0.080300
35.427551 -2.966702 19.066101 0.998200 0.060200 0.000400
35.714050 -1.539501 66.414688 0.958700 -0.259400 0.116800
36.589172 -3.135700 57.991394 0.954900 -0.134800 0.264500
26.856445 -28.069401 -30.298218 0.176200 -0.977200 -0.118900
27.934143 -26.357500 -10.073212 0.475800 -0.877600 0.059000
1.979980 -35.562500 -8.590912 0.348000 -0.884900 -0.309700
6.552063 -36.001099 -8.263000 0.278600 -0.867600 -0.412000
12.588867 -32.057201 -10.421600 0.601800 -0.748700 -0.277900
15.878479 -27.656101 -14.067108 0.450400 -0.883100 -0.131500
37.521362 11.381701 53.794189 0.997600 -0.054700 -0.042600
6.350891 -17.529301 105.232391 0.378100 -0.169300 0.910100
11.665161 -3.559900 104.267792 0.472900 0.008400 0.881100
-0.287842 -27.846500 102.941681 0.081700 -0.568700 0.818500
0.381592 -40.568100 74.117691 -0.176700 -0.984200 0.012500
4.085144 -40.249500 74.561188 0.298400 -0.937300 -0.180100
7.553589 -37.832298 74.982590 0.486800 -0.821200 -0.297800
14.757385 -35.378403 74.503189 0.419000 -0.907100 0.039600
21.743164 -31.883900 72.740494 0.536500 -0.843900 -0.001800
22.998657 -31.965601 62.588684 0.641500 -0.751900 -0.151900
4.848999 -35.942200 65.548584 -0.073400 -0.752700 0.654200
5.944885 -37.174702 66.077591 0.158600 -0.733900 -0.660500
8.335144 -38.436302 68.695282 0.154600 -0.877700 -0.453600
12.481079 -37.219002 69.049789 0.188600 -0.753200 -0.630200
17.227356 -35.660202 67.356995 -0.049700 -0.765300 -0.641700
21.212402 -34.681801 64.508286 0.036500 -0.854900 -0.517500
32.116577 -16.514500 60.790787 0.897100 -0.291600 0.331900
27.788879 -27.231501 57.938583 0.771400 -0.457500 0.442300
31.702698 -25.855101 52.949783 0.900000 -0.249000 0.357700
33.546387 -23.503101 44.538574 0.960600 -0.278000 0.002800
29.067566 -20.980001 9.284088 0.724500 -0.661600 -0.193400
29.841492 -28.794601 13.434082 0.900100 -0.259000 -0.350300
17.890076 -45.197502 37.857483 0.780400 -0.597200 0.185100
15.529053 -45.889999 44.307190 0.624200 -0.748800 0.222900
20.267151 -45.254601 30.052582 0.959600 -0.224900 0.169100
19.325256 -46.777500 21.064392 0.918700 -0.379900 -0.107900
26.190186 -23.421200 -52.828003 0.394700 -0.909400 0.131200
11.269897 -54.211197 20.542480 0.575800 -0.773800 0.263900
8.725647 -58.645302 18.705902 0.715500 -0.551300 0.429000
3.697693 -63.086098 22.139099 0.545100 -0.658100 0.519400
-0.479553 -63.981903 22.925201 0.141500 -0.865800 0.480100
29.233459 -32.969803 17.315674 0.914400 -0.357900 -0.189400
28.256897 -36.564003 20.317200 0.923400 -0.381700 -0.039800
1.578003 -40.456299 -23.019623 0.242000 -0.970200 -0.013200
1.447388 -42.962200 -2.796417 0.192100 -0.620400 -0.760400
0.738647 -54.285004 2.252777 0.279200 -0.277600 -0.919200
5.481262 -54.248901 5.203400 0.449600 -0.178400 -0.875200
13.826477 -46.965000 7.228088 0.513700 -0.315300 -0.797900
22.707703 -35.569401 7.472473 0.710400 -0.398200 -0.580300
34.372498 -20.438400 22.306793 0.921500 -0.365700 -0.131100
36.090149 -15.371901 41.610077 0.917100 -0.394100 0.059600
5.902161 -35.871101 65.875183 0.977900 -0.181100 -0.104100
5.149963 -37.548599 65.432983 -0.073000 -0.676500 0.732800
6.887390 -38.394100 65.001587 0.157100 -0.646800 0.746300
9.603760 -38.698700 64.385590 0.173900 -0.253000 0.951700
8.156860 -35.410000 68.427582 0.499400 -0.265900 -0.824600
13.598755 -37.660400 63.663788 0.123100 -0.062800 0.990400
12.669250 -34.171501 69.163788 -0.038800 -0.243700 -0.969100
17.745300 -36.084499 64.011993 0.330200 -0.282600 0.900600
21.357971 -32.675003 64.195190 -0.665000 -0.382300 -0.641600
23.667297 -30.808800 65.428085 0.813300 -0.561100 0.153900
18.130859 -31.998301 66.940689 -0.456200 -0.242400 -0.856200
34.878784 -19.754301 46.794495 0.950300 -0.297800 0.090900
32.998657 -27.337101 44.536682 0.952300 -0.297400 -0.068300
29.731750 -32.906601 43.629974 0.816600 -0.542800 -0.196600
24.797485 -39.312302 44.585602 0.665600 -0.743300 -0.067500
19.661255 -41.744400 43.418701 0.573400 -0.818400 0.038300
24.752258 -40.670898 14.841492 0.882700 -0.382700 -0.272600
28.182190 -33.739201 27.253174 0.896700 -0.388000 0.212900
27.298889 -31.102200 33.040283 0.892800 -0.448700 0.040300
30.178650 -35.139900 51.623795 0.795800 -0.542800 0.268500
24.378296 -29.658701 61.076981 0.780700 -0.570500 0.255100
21.571350 -32.826401 60.367493 0.512200 -0.683700 0.519800
18.219360 -37.574001 58.306885 0.426700 -0.580000 0.693900
13.253296 -40.044701 58.742783 0.282700 -0.669700 0.686700
8.632996 -40.278301 59.689087 0.273800 -0.577900 0.768800
4.959290 -39.658203 62.055191 0.529400 -0.316300 0.787200
2.549561 -39.541500 64.335587 0.722200 -0.146100 0.676100
-0.850403 -43.346298 67.849091 0.576700 -0.314700 0.753900
30.789795 -29.639301 25.341797 0.903400 -0.415100 0.107200
19.212891 -20.888000 91.509583 0.634500 -0.673400 0.379300
17.260254 -26.680901 84.797791 0.681900 -0.644000 0.346700
16.688293 -34.768002 77.658386 0.530400 -0.757000 0.381600
1.409302 -27.883501 95.146286 0.289600 -0.829200 0.478000
6.028198 -33.306499 86.671295 0.159700 -0.849500 0.502800
5.280151 -39.784599 78.326889 0.196000 -0.888900 0.414000
4.252258 -39.306503 73.109085 0.420100 -0.722300 -0.549400
4.384644 -37.750504 71.703094 0.428700 -0.769200 -0.473900
4.717957 -37.222198 70.594482 0.485400 -0.805600 -0.339700
2.777893 -38.274601 71.243195 0.501900 -0.816400 -0.285700
7.036194 -31.535301 64.296783 0.792600 -0.462900 -0.396800
10.315369 -47.575100 44.065979 0.226100 -0.935300 0.272100
-1.017822 -46.495499 65.479187 0.632500 -0.554100 0.541300
-0.629333 -41.141602 67.987793 0.650800 -0.473300 0.593600
4.091492 -35.739300 66.303894 0.262900 -0.873100 0.410700
5.161255 -34.958603 67.923691 -0.055500 -0.985900 0.157700
2.626648 -37.000099 66.294891 0.561600 -0.826200 0.044800
2.541382 -37.215801 64.653290 0.456800 -0.745500 0.485300
0.793152 -44.207401 62.818283 0.730500 -0.499100 0.466100
19.639160 -45.838501 19.097473 0.473800 -0.785800 0.397500
20.673462 -42.115402 23.526489 0.538000 -0.747300 0.389900
21.365845 -40.359001 28.823792 0.659100 -0.738200 0.143800
31.986877 -22.189901 56.264481 0.882400 -0.340200 0.325000
28.761597 -24.071600 61.442993 0.864200 -0.420100 0.276900
27.098145 -19.911301 72.023285 0.888100 -0.338400 0.311200
25.612793 -33.748703 56.000092 0.610900 -0.486400 0.624700
20.625854 -32.068802 62.736694 0.474100 -0.879200 -0.047700
20.561768 -28.800100 62.618484 -0.911000 -0.334600 0.241100
4.592285 -38.349998 63.093994 0.037100 -0.791700 0.609700
18.160645 -31.415001 61.495789 -0.351700 0.260900 0.899000
37.136658 -14.155300 -53.782898 0.542800 -0.756100 0.365600
7.866699 -33.660702 62.683990 0.490000 0.236500 0.839000
14.494995 -33.042702 61.523087 -0.056900 0.334800 0.940600
10.680786 -33.926300 62.041595 0.143400 0.321600 0.936000
18.404053 -33.066399 69.507385 0.426800 -0.901500 -0.071400
12.314575 -34.920601 71.488495 0.262200 -0.964100 -0.042400
7.653503 -35.973999 70.815292 -0.039300 -0.979000 0.200200
17.618286 -28.248201 65.125488 -0.283900 -0.582700 -0.761500
13.392395 -29.493500 66.216492 0.080700 -0.563100 -0.822500
9.425049 -30.701401 65.774994 0.433500 -0.542600 -0.719500
-1.949707 -55.624702 49.875977 0.515800 -0.342300 -0.785300
-2.115906 -53.711800 47.657898 0.750700 -0.623800 -0.217500
0.674744 -51.579498 46.050873 0.232300 -0.965100 0.121100
4.112854 -53.401600 46.297577 0.091200 -0.761800 -0.641300
2.780396 -53.068100 47.323395 -0.642400 -0.557200 -0.526200
0.402954 -55.781303 50.073883 -0.184700 -0.612000 -0.769000
-0.812317 -67.848701 10.736084 0.014700 -0.952700 -0.303400
0.549255 -63.398903 3.953278 0.232000 -0.580700 -0.780400
4.143982 -67.743301 17.189697 0.397400 -0.838100 0.373800
-0.656738 -68.275002 18.137482 -0.130200 -0.902600 0.410400
5.750671 -60.980400 5.085083 0.431700 -0.390700 -0.813000
4.181152 -67.415398 10.682800 0.294800 -0.870000 -0.395200
13.584595 -56.452301 7.989502 0.639500 -0.352200 -0.683400
19.803955 -50.167198 13.612976 0.670100 -0.736100 0.095100
15.675049 -54.132904 10.326477 0.651800 -0.703900 0.282400
10.705200 -63.055199 11.423798 0.748900 -0.639400 -0.174100
10.062256 -52.921799 35.535187 0.635000 -0.699700 0.327500
3.323059 -55.036400 40.381287 0.552300 -0.598000 0.580900
0.229980 -58.616302 39.969696 0.430100 -0.590300 0.683000
6.645691 -24.932701 94.482590 0.295900 -0.721800 0.625600
12.437500 -23.377300 93.944489 0.399700 -0.698900 0.593100
22.599243 -19.879400 81.745483 0.770600 -0.578800 0.266800
30.850586 -12.553101 66.128082 0.913500 -0.214300 0.345700
36.669250 21.893099 43.348877 0.986800 0.089000 -0.135000
33.395081 19.219698 18.589294 0.929300 0.250700 -0.271200
30.393494 17.460199 -11.496826 0.720600 0.609700 0.330100
16.842590 28.187998 -17.821716 0.489600 0.820100 0.296100
21.023254 -23.424200 79.767883 0.784900 -0.482100 0.389100
11.318176 -31.022602 86.415894 0.479600 -0.764700 0.430400
1.058960 -33.155300 86.417892 0.053000 -0.859300 0.508800
5.154785 -47.772102 49.013000 0.981100 -0.193400 0.006800
2.868896 -47.423302 52.769196 0.771300 -0.580700 0.260500
1.122864 -51.085999 55.314987 0.731700 -0.322700 0.600400
1.251648 -55.375900 53.703888 0.825800 -0.414000 0.382900
1.936157 -50.888298 45.677399 0.517100 -0.838800 -0.170600
1.201843 -56.156502 50.779495 0.562400 -0.785000 -0.259900
2.000061 -47.098503 59.741486 0.712000 -0.502200 0.490700
5.438354 -52.617401 45.993988 0.564800 -0.416500 -0.712400
4.301147 -53.790298 50.080597 0.682800 -0.702900 0.199000
3.770996 -52.291199 52.780289 0.632100 -0.537100 0.558500
7.738098 -48.819099 49.377380 0.912300 0.358800 -0.197300
4.759399 -49.829803 53.935883 0.511500 0.044100 0.858200
-1.419617 -53.121902 58.253189 0.606800 -0.444300 0.659100
6.558899 -47.993698 51.609985 0.630400 0.667300 0.396600
6.471985 -50.717598 46.860901 0.735000 0.127700 -0.665900
27.569702 -30.075302 56.562592 0.728900 -0.378700 0.570300
14.120056 -41.575500 56.724594 0.401400 -0.761400 0.509100
13.231873 -38.912300 63.085892 0.286400 -0.778900 0.558000
10.685059 -46.837700 52.955490 0.323700 -0.879700 0.348500
5.559753 -25.711102 103.508591 0.301400 -0.569900 0.764400
25.215759 -38.530098 35.705994 0.799300 -0.600900 0.006500
20.517944 -41.461300 36.287384 0.684100 -0.729400 -0.004400
14.232544 -48.731701 36.500000 0.482100 -0.816600 0.317500
6.719360 -42.793701 -2.090302 0.321500 -0.602900 -0.730200
12.092590 -30.171501 -29.024811 0.805300 -0.572600 -0.153500
5.618347 -38.822502 -23.466522 0.562700 -0.826600 -0.010700
13.738586 -37.259399 -2.413818 0.609200 -0.575000 -0.546200
-3.676819 -60.942001 30.531799 0.041100 -0.988000 0.149000
13.144897 -56.450203 13.326477 0.802800 -0.498600 0.326900
9.522583 -63.331398 15.230286 0.734000 -0.412700 0.539400
-0.738708 -60.760803 28.944489 0.350300 -0.901400 0.254500
4.250244 -57.676598 27.117493 0.639200 -0.755200 0.145400
16.648376 -49.646400 15.585693 -0.063800 -0.566400 0.821700
4.939392 -44.314598 59.427582 0.419800 -0.687800 0.592200
6.646545 -32.271900 63.521683 0.918800 -0.123800 0.374800
3.078186 -38.305298 69.683090 0.587300 -0.794600 -0.153500
8.718994 -44.106499 57.258484 0.332000 -0.740600 0.584200
-0.004639 -40.271900 69.367386 0.443400 -0.890800 0.099800
-0.974915 -58.734802 33.654602 -0.108200 -0.301200 -0.947400
25.084290 -42.370800 24.503479 0.520000 -0.766800 0.376400
6.866272 -55.670502 32.427002 0.096100 -0.316100 -0.943800
2.035461 -58.613998 32.696289 -0.141800 -0.286700 -0.947500
-0.110413 -53.164398 44.800690 0.345200 -0.607200 0.715700
-0.963013 -59.940399 52.151688 0.462300 -0.837300 -0.291900
-1.278015 -58.989998 56.090195 0.518400 -0.646300 0.559900
6.973145 -50.457603 51.189484 0.820100 -0.445900 0.358600
-0.194824 -60.319199 38.863983 0.243300 -0.870500 0.427900
7.820801 -36.187099 72.081284 0.143600 -0.926700 -0.347400
8.912048 -39.532200 63.796494 -0.076600 -0.815200 0.574100
17.728394 -36.531403 63.011993 0.613400 -0.729700 0.302200
19.169678 -28.404800 64.172882 -0.618900 -0.534100 -0.575900
17.921204 -34.574501 70.964783 0.299300 -0.915700 -0.268200
12.237000 -36.881302 73.054291 0.229000 -0.953100 -0.197800
23.861389 -40.589203 51.832184 0.564100 -0.769200 0.300100
17.538147 -44.105598 51.958481 0.428600 -0.868200 0.250200
31.885071 -9.384901 79.865891 0.879600 -0.456300 0.134600
39.122559 18.521200 62.571091 1.000000 -0.003600 0.005700
31.957703 -29.653601 51.858185 0.912700 -0.231800 0.336600
20.975769 -38.304100 55.696686 0.495700 -0.656900 0.568100
5.296082 -46.081398 56.283585 0.470500 -0.658500 0.587300
-1.197449 -49.283699 62.291183 0.542800 -0.623300 0.562900
0.610901 -39.888100 77.494888 -0.211200 -0.865300 0.454600
0.852173 -40.250603 72.185791 0.157200 -0.962300 -0.222100
6.860901 -50.689701 49.415497 0.833800 -0.551800 0.020600
7.380493 -37.323799 73.712387 0.369200 -0.821000 -0.435400
23.603760 -46.257698 19.286499 0.590400 -0.761000 0.268800
7.366394 -56.265602 35.317200 0.693900 -0.646800 0.316500
20.992493 -29.068001 1.014374 0.684800 -0.658400 -0.312200
35.280457 -17.297001 -0.453918 0.889500 -0.451100 0.072800
26.465454 -27.807600 69.753586 0.894000 -0.423900 0.145000
18.382874 55.487099 21.998199 0.535400 0.672600 -0.510900
29.167053 40.259102 26.776184 0.876900 0.319400 -0.359300
34.642700 -19.258701 38.518982 0.942900 -0.332800 0.012600
30.587952 -26.009300 32.487183 0.735200 -0.676700 0.038800
23.989990 -39.023399 11.118286 0.784000 -0.350800 -0.512100
25.374084 -39.248802 29.554199 0.667500 -0.707700 0.231700
3.221802 -59.158302 38.376678 0.504800 -0.713300 0.486200
9.514465 -37.933300 78.455490 0.388700 -0.859400 0.332200
12.602661 -22.625900 101.967590 0.540200 -0.570600 0.618600
26.884644 32.819603 90.977692 0.505300 0.420900 0.753300
19.071350 59.831398 70.437592 0.349800 0.812700 0.465900
20.212891 66.083099 42.833496 0.364300 0.920400 -0.141900
14.413391 32.201401 -1.577118 0.455500 0.590000 -0.666700
29.468079 31.608099 -27.582611 0.345500 0.611400 0.711900
15.363281 -20.579401 -38.913116 0.222000 -0.966500 -0.129100
17.538879 -49.077202 29.764282 0.375200 -0.900900 0.218000
25.231262 25.144701 3.372803 0.761300 0.636100 -0.125800
32.416443 -25.665800 23.708588 0.923800 -0.375200 -0.076700
36.745789 -20.006901 -28.602112 0.843300 -0.536500 0.032200
36.903503 21.313700 87.506989 0.834000 0.108600 0.540900
34.401855 52.361603 46.436676 0.878200 0.464300 -0.114900
23.513000 -31.224102 76.215195 0.658300 -0.505400 0.557800
32.884644 49.466698 68.092789 0.788200 0.516700 0.334200
43.431152 20.767298 -28.439606 0.478300 0.115100 0.870600
23.246948 -12.945101 96.438690 0.723400 -0.305700 0.619100
52.005493 11.212297 -35.153107 0.422600 -0.472600 0.773400
60.885681 27.561998 -32.092926 0.367600 0.100300 0.924600
-1.308411 -51.202801 60.272186 0.570500 -0.606500 0.553800
1.705994 -49.069401 56.308487 0.681700 -0.604200 0.412700
43.062561 -3.486801 53.601685 0.912500 -0.210800 0.350400
41.901184 -7.589601 50.637299 0.868500 -0.181200 -0.461300
41.535278 -5.964400 37.788300 0.798400 -0.543200 0.259700
44.062988 -2.543201 39.413483 0.945100 -0.324300 -0.039900
45.056091 1.117699 43.254974 0.991700 -0.101300 0.079300
43.979553 2.546900 48.319092 0.987000 -0.090200 0.133300
36.928955 -15.128101 36.335876 0.874900 -0.216200 0.433300
40.548157 -15.237201 33.573273 0.715600 -0.416200 0.561000
106.867798 2.607698 -88.577301 0.785100 -0.594800 0.172700
47.807190 -1.867201 -48.056519 0.519700 -0.628200 0.579100
10.687988 81.577698 -101.383209 0.071100 0.997500 -0.000000
35.204102 78.477005 -101.383209 0.283800 0.958900 0.000000
11.256104 -36.430603 74.921295 0.284700 -0.957900 0.036200
5.817749 -39.159698 74.544083 0.546700 -0.779300 -0.306300
2.231750 -40.527603 74.111694 0.161100 -0.983000 -0.088200
7.397278 -38.859001 78.391190 0.394500 -0.856400 0.333200
12.914001 -36.341301 78.053284 0.391200 -0.851200 0.349900
19.215393 -32.951702 76.919693 0.548800 -0.676500 0.491000
45.510559 59.510002 -46.202026 0.266300 0.746400 0.609900
80.891174 36.087898 -48.537506 0.610500 0.418600 0.672300
88.628845 16.078897 -52.093811 0.644600 -0.147500 0.750100
82.199158 -1.710501 -58.048523 0.459000 -0.536900 0.707800
62.804749 -16.512701 -63.720520 0.194500 -0.569000 0.799000
22.835449 -31.099899 -64.607300 0.284500 -0.695500 0.659800
16.483093 -33.557701 -64.714325 -0.082800 -0.757200 0.647900
10.130554 -30.951702 -64.821198 -0.106800 -0.810100 0.576500
6.584290 -32.349998 -66.741699 -0.104200 -0.856600 0.505300
4.428101 -32.788002 -68.895599 -0.281200 -0.835200 0.472700
1.853577 -33.286201 -71.427399 -0.573400 -0.648500 0.500600
15.197449 -20.462400 -44.017822 0.194100 -0.980900 -0.011100
10.670654 -27.959000 -38.477997 0.780200 -0.590600 -0.206200
5.723389 -36.542301 -32.445221 0.504900 -0.816800 -0.279000
1.805054 -37.664803 -32.091217 0.143600 -0.931700 -0.333600
57.299744 63.288704 -69.321808 0.445500 0.833500 0.326900
92.811462 46.657402 -70.806122 0.588100 0.666200 0.458500
107.897156 22.834200 -71.345215 0.808600 0.059000 0.585300
98.436462 0.686699 -72.273315 0.712500 -0.548100 0.438100
70.676758 -26.681601 -71.867126 0.441800 -0.791500 0.422200
32.006165 -39.956802 -73.181824 0.219000 -0.794000 0.567100
17.783569 -40.682999 -73.528412 -0.117000 -0.834500 0.538400
9.192261 -38.653503 -74.652313 -0.256000 -0.861000 0.439400
6.011902 -38.443100 -75.663513 -0.101500 -0.911300 0.399000
3.722473 -38.716301 -76.416321 -0.034900 -0.903300 0.427500
1.718262 -39.020302 -77.135620 -0.016100 -0.888000 0.459500
2.084351 -41.950203 -101.383209 0.087900 -0.996100 0.001200
63.660095 64.742699 -101.383209 0.431000 0.902300 -0.008200
101.903992 46.632500 -101.383209 0.637200 0.770700 -0.000000
117.950256 24.690798 -101.383209 0.996500 0.083100 -0.000000
106.867798 2.607698 -101.383209 0.779000 -0.627100 -0.000000
70.676758 -26.681601 -101.383209 0.543800 -0.839200 0.000000
36.106262 -44.222401 -101.383209 0.366900 -0.930200 0.000000
20.029602 -48.877998 -101.383209 -0.199300 -0.979900 0.000000
11.232300 -41.717800 -101.383209 -0.382500 -0.924000 0.000000
7.294678 -41.315399 -101.383209 0.009300 -1.000000 0.000000
4.510681 -41.652100 -101.383209 0.121100 -0.992600 -0.000200
36.830688 -17.028900 32.071991 0.201900 -0.978500 -0.042000
30.628967 16.581198 3.172180 0.868400 0.494200 -0.040600
36.584656 4.535500 6.023376 0.972900 0.227400 0.041900
30.522095 15.608999 -4.063721 0.831800 0.554900 -0.014100
13.363464 60.472000 70.531693 0.127100 0.856300 0.500700
8.708496 69.370102 42.603088 0.267500 0.957700 -0.106100
14.366089 66.155205 43.538788 0.281400 0.956200 -0.080600
8.010559 57.590004 18.785400 0.308000 0.754000 -0.580100
13.196655 56.538498 20.391785 0.334800 0.760000 -0.557000
5.796753 31.673201 -1.851410 -0.131300 0.596600 -0.791800
10.147400 33.434998 -2.120209 -0.003500 0.658400 -0.752600
6.205994 30.726900 -20.346527 -0.243700 0.902400 0.355500
11.660645 32.381302 -20.409607 0.143300 0.916900 0.372400
6.053955 36.023399 -24.992523 -0.086800 0.642200 0.761600
19.678284 33.828003 -26.200897 0.237000 0.684700 0.689200
9.299988 51.693901 -36.414398 0.041900 0.603700 0.796100
23.113586 45.995399 -36.441925 0.192600 0.516200 0.834500
11.230347 63.471397 -48.145111 0.045200 0.772900 0.632900
30.339478 62.264999 -45.941498 0.127700 0.710800 0.691700
10.687988 81.577698 -71.867126 -0.036200 0.949800 0.310600
35.204102 78.477005 -71.867126 0.321100 0.905500 0.277400
35.204102 78.477005 -88.577301 0.304900 0.952100 0.021400
10.687988 81.577698 -88.577301 0.051100 0.998400 0.022600
42.739197 -1.960402 50.897293 0.734100 -0.332000 -0.592300
44.710449 5.650499 47.328003 0.973100 -0.160000 0.165600
42.376770 8.254400 49.294189 0.144100 0.942500 0.301400
-1.781921 -58.759697 33.436096 0.260700 0.298100 0.918200
5.593750 -56.287903 30.986786 0.190000 0.254500 0.948200
1.184082 -58.261200 32.682800 0.199300 0.283400 0.938100
12.493896 -20.182400 58.660889 0.135800 -0.893400 0.428300
11.232849 -35.236000 25.712097 -0.020900 0.224700 0.974200
0.253662 -34.697102 25.493988 0.001200 -0.320600 -0.947200
7.894348 -35.077400 25.603882 -0.003300 0.235600 0.971900
3.213989 -34.844601 25.543182 -0.012100 -0.303100 -0.952900
11.643250 -52.529301 31.300781 -0.083300 0.274400 0.958000
-7.616638 -56.723297 32.397675 0.124300 -0.774100 -0.620700
-9.302612 -53.954102 31.402679 -0.217600 0.144100 -0.965400
-7.259399 -56.404198 32.243378 0.454400 -0.538400 -0.709700
-9.721313 -54.237801 31.547180 -0.507500 -0.010600 -0.861600
-9.967712 -54.845497 31.809998 -0.593900 -0.211400 -0.776300
-7.025146 -55.264801 31.767090 0.497000 -0.112300 -0.860500
-9.955627 -55.377197 32.023499 -0.557800 -0.539100 -0.631100
-8.859314 -53.984299 31.382996 0.145200 0.134500 -0.980200
-8.121399 -56.657700 32.407593 -0.266100 -0.748500 -0.607400
-7.500305 -56.860703 32.874878 0.332000 -0.937700 0.102900
-8.084229 -56.805298 32.894592 -0.334900 -0.932000 0.138500
-7.074219 -56.450798 32.678986 0.856000 -0.515000 -0.045000
-6.761841 -55.039703 32.087585 0.907000 0.201800 -0.369600
-8.846741 -53.559097 31.640778 0.278500 0.735500 -0.617600
-10.169128 -55.324799 32.447784 -0.872900 -0.487600 -0.014300
-10.164429 -54.672401 32.184479 -0.966800 0.097200 -0.236200
-9.856750 -53.913704 31.856476 -0.806200 0.436900 -0.398900
-9.360413 -53.544197 31.671783 -0.330400 0.727300 -0.601600
-7.543335 -54.791702 36.543274 0.397200 -0.769000 0.500900
-6.912415 -53.228699 35.894989 0.948300 0.307900 -0.077300
-9.988220 -53.600700 35.711578 -0.940300 -0.232500 0.248500
-9.293030 -52.072800 35.077881 -0.272500 0.917500 -0.289800
-6.516235 -57.576797 32.736389 -0.390600 -0.644200 -0.657600
-6.712952 -57.096199 32.536987 -0.525300 -0.387600 -0.757500
-6.673950 -56.425499 32.258698 -0.518300 -0.200800 -0.831300
-6.422729 -55.967102 32.068573 -0.293700 0.129800 -0.947100
-6.005554 -57.803902 32.830597 -0.085100 -0.790100 -0.607100
-4.097229 -55.880402 32.033081 0.102000 0.146700 -0.983900
-3.661011 -56.103798 32.125793 0.376800 0.002000 -0.926300
-3.680054 -57.717201 32.795074 0.292600 -0.752900 -0.589600
-3.389709 -56.588104 32.326782 0.532400 -0.226700 -0.815600
-3.428711 -57.258804 32.604980 0.516700 -0.443900 -0.732100
-6.438232 -55.522697 37.063690 -0.716100 -0.541200 0.440700
-6.338501 -53.808197 36.352478 -0.628700 0.749000 -0.209300
-3.591736 -55.457100 37.036987 0.720100 -0.555800 0.415300
-3.568909 -54.071503 36.462189 0.737000 0.652800 -0.175100
-6.728455 -57.623001 33.186401 -0.729400 -0.683700 0.024300
-6.146851 -57.903702 33.302887 -0.208700 -0.965700 0.154800
-6.949829 -57.024200 32.937897 -0.967500 -0.207300 -0.145000
-6.901245 -56.186798 32.590576 -0.946600 0.127600 -0.296100
-6.611633 -55.613304 32.352692 -0.551500 0.620600 -0.557400
-3.957031 -55.492897 32.303192 0.245800 0.748600 -0.615800
-3.492310 -57.783203 33.253387 0.536600 -0.837200 0.105200
-3.202698 -57.209702 33.015503 0.943800 -0.310200 -0.113600
-3.154053 -56.372398 32.668182 0.957400 0.074500 -0.278800
-3.460632 -55.769402 32.417999 0.711600 0.490800 -0.502800
-12.878845 -50.473999 29.802185 -0.357100 -0.791400 -0.496200
-11.609314 -49.857498 29.610382 0.653200 -0.359700 -0.666300
-11.909241 -50.263199 29.765900 0.368200 -0.763300 -0.530800
-13.770508 -47.612801 28.541290 -0.635000 -0.130600 -0.761400
-12.477600 -47.071602 28.382599 0.517500 0.093200 -0.850600
-12.941711 -46.950302 28.305878 -0.129800 0.272000 -0.953500
-12.896545 -48.696098 33.676483 -0.433600 -0.753600 0.494000
-11.542847 -48.063801 33.414398 0.926700 -0.300500 0.225800
-12.133057 -45.530602 32.363495 0.918000 0.357800 -0.171000
-13.827454 -45.687901 32.428375 -0.893300 0.423200 -0.151100
-12.449097 -45.134701 32.199188 0.254000 0.897200 -0.361300
-12.977051 -50.530201 30.461700 -0.476200 -0.860900 0.178900
-11.772644 -50.265301 30.351990 0.541600 -0.824000 0.166600
-11.390198 -49.789001 30.154480 0.962500 -0.259000 -0.081200
-13.996643 -47.235500 29.094696 -0.939200 0.237600 -0.247700
-12.953125 -46.450302 28.769196 -0.226500 0.820100 -0.525400
-12.383057 -46.581001 28.823486 0.669600 0.585200 -0.457300
-12.340332 -51.715202 30.449585 -0.564500 -0.259200 -0.783700
-12.128601 -51.242100 30.253387 -0.460000 -0.016600 -0.887800
-11.661438 -50.851101 30.091278 -0.257800 0.108500 -0.960100
-11.219238 -50.776802 30.060486 0.273800 0.149800 -0.950000
-12.211548 -52.297600 30.691193 -0.488500 -0.494500 -0.719000
-9.888123 -52.719299 30.866577 0.546800 -0.161000 -0.821600
-11.289551 -53.892303 31.352875 -0.377800 -0.637600 -0.671400
-10.880554 -54.214302 31.559479 -0.113600 -0.816600 -0.565900
-9.971008 -53.749001 31.366577 0.492600 -0.584500 -0.644700
-10.438232 -54.139999 31.528687 0.246800 -0.754000 -0.608800
-12.397949 -49.870003 34.163574 -0.974900 0.220900 0.029000
-11.203796 -48.870499 33.749176 0.174500 0.934400 -0.310700
-10.877014 -52.500504 35.254974 -0.153800 -0.799600 0.580500
-9.722900 -51.431801 34.811890 0.985700 -0.053700 0.159800
-12.588501 -51.480598 30.855988 -0.971300 0.032800 -0.235700
-12.456604 -52.183502 31.074677 -0.920000 -0.385100 -0.072800
-12.311707 -50.911400 30.619995 -0.787200 0.456000 -0.415200
-11.728516 -50.449100 30.355377 -0.452200 0.675900 -0.581900
-11.188843 -50.334801 30.308075 0.346000 0.709800 -0.613600
-11.404602 -54.002998 31.829681 -0.741000 -0.671400 0.014700
-9.655151 -52.512802 31.284698 0.922500 0.223700 -0.314700
-10.922852 -54.361504 32.051392 -0.218200 -0.965500 0.141700
-10.383118 -54.247200 32.004089 0.447600 -0.884200 0.134000
-9.799927 -53.759102 31.801697 0.806900 -0.589500 0.037600
-9.567017 -53.114201 31.534180 0.958900 -0.194500 -0.206500
7.070557 -51.461998 30.215393 0.297500 -0.823800 -0.482600
6.128845 -51.156502 30.139496 -0.419500 -0.724300 -0.547200
5.877258 -50.723503 29.972595 -0.657400 -0.294800 -0.693500
7.066345 -48.039501 28.787476 -0.470200 0.142100 -0.871100
8.291870 -48.705399 28.998291 0.650000 -0.194200 -0.734700
7.543091 -47.964699 28.730194 0.195300 0.256000 -0.946800
7.101868 -49.670799 34.084290 0.336600 -0.789200 0.513600
5.829102 -48.908302 33.767700 -0.963300 -0.180700 0.198400
8.376099 -46.771698 32.881775 0.935600 0.333800 -0.115100
7.069885 -46.085602 32.596985 -0.319900 0.879700 -0.351900
7.135376 -51.526199 30.878296 0.380900 -0.903000 0.198800
5.968445 -51.143898 30.719482 -0.626700 -0.765900 0.144000
5.643555 -50.632599 30.507385 -0.979100 -0.163400 -0.121200
8.530945 -48.351101 29.561401 0.967700 0.142400 -0.208100
7.584473 -47.467400 29.194702 0.328100 0.791500 -0.515600
7.002502 -47.541000 29.225098 -0.591500 0.648800 -0.478700
6.385864 -52.642502 30.837494 0.568100 -0.315300 -0.760200
5.379944 -51.598801 30.404297 -0.218100 0.174200 -0.960300
5.811096 -51.716400 30.453186 0.306700 0.080500 -0.948400
6.230164 -52.151299 30.633698 0.492500 -0.063700 -0.868000
6.190369 -53.208900 31.072388 0.466600 -0.541800 -0.699100
5.088745 -54.703400 31.692200 0.340400 -0.673200 -0.656500
3.831360 -53.398701 31.150787 -0.525600 -0.107900 -0.843900
4.641785 -54.983002 31.881073 0.055700 -0.825000 -0.562400
4.210693 -54.865402 31.832184 -0.294700 -0.727100 -0.620000
3.791443 -54.430603 31.651703 -0.520800 -0.534300 -0.665800
6.488586 -50.803501 34.554077 0.990400 0.121900 0.065600
5.417175 -49.691803 34.092682 -0.044700 0.938600 -0.342200
3.800964 -51.563900 34.868988 -0.888600 0.430900 -0.157500
4.671692 -53.268700 35.576385 0.052600 -0.809500 0.584700
3.647949 -52.092102 35.088074 -0.981300 -0.109200 0.158400
6.429382 -53.118801 31.465973 0.879300 -0.474700 -0.037200
6.638855 -52.432701 31.254303 0.978200 -0.064500 -0.197300
6.429749 -51.839600 31.008179 0.844400 0.374300 -0.383100
5.906494 -51.322403 30.720703 0.540000 0.626100 -0.562500
5.383057 -51.155502 30.651276 -0.249500 0.739300 -0.625400
5.172546 -54.823898 32.173096 0.669400 -0.741700 0.042600
3.602661 -53.169403 31.559387 -0.882300 0.309600 -0.354500
4.648987 -55.132599 32.373993 0.115000 -0.982200 0.148500
4.125549 -54.965698 32.304688 -0.538200 -0.834900 0.114800
3.602295 -54.422798 32.079285 -0.862400 -0.506100 0.004700
3.445496 -53.758598 31.803802 -0.964800 -0.097700 -0.244000
-0.078003 -57.895599 32.869690 0.351900 -0.681000 -0.642200
0.015503 -56.285904 32.201996 0.344000 0.098300 -0.933800
0.212097 -56.766502 32.401398 0.529900 -0.252700 -0.809600
0.173157 -57.437202 32.679596 0.515400 -0.439100 -0.735900
-0.612244 -58.070999 32.942383 0.031600 -0.795900 -0.604600
-2.286621 -55.970100 32.070587 -0.046300 0.154000 -0.987000
-2.914307 -57.755203 32.810974 -0.340900 -0.721500 -0.602700
-2.746155 -56.149101 32.144775 -0.336100 0.037300 -0.941100
-3.110901 -57.274597 32.611603 -0.527200 -0.392200 -0.753800
-3.071899 -56.603798 32.333374 -0.517900 -0.174800 -0.837400
-0.118347 -55.847900 37.199677 0.639900 -0.611200 0.465900
-0.018738 -54.133301 36.488373 0.727100 0.658800 -0.192900
-2.374207 -53.967201 36.419098 -0.181700 0.915900 -0.357900
-2.867310 -55.502800 37.056000 -0.782600 -0.479500 0.397000
-2.729431 -54.122902 36.483673 -0.800900 0.576100 -0.163000
-0.501099 -58.183304 33.419891 0.105100 -0.981500 0.160100
0.109558 -57.961601 33.328003 0.656300 -0.752800 0.051000
0.399170 -57.388100 33.090179 0.947100 -0.302500 -0.107000
0.447876 -56.550804 32.742798 0.965700 0.032600 -0.257700
0.226501 -55.952003 32.494385 0.632100 0.562600 -0.532900
-2.399048 -55.570000 32.335480 -0.146900 0.767400 -0.624200
-3.126404 -57.801300 33.260986 -0.623600 -0.777100 0.084700
-3.347900 -57.202499 33.012573 -0.966400 -0.212200 -0.144800
-3.299255 -56.365204 32.665192 -0.935200 0.172300 -0.309400
-2.924500 -55.795898 32.429077 -0.640700 0.561100 -0.524200
1.114197 -57.155701 32.578583 -0.174400 -0.759400 -0.626900
0.796997 -56.803200 32.410278 -0.475600 -0.492300 -0.729000
0.696289 -55.647102 31.927094 -0.469600 -0.064500 -0.880500
1.622192 -57.140198 32.609375 0.215800 -0.772300 -0.597400
2.662292 -54.554901 31.621674 -0.090500 0.146200 -0.985100
3.105103 -54.568504 31.659698 0.270500 0.119900 -0.955200
3.588196 -56.047897 32.303986 0.527500 -0.592800 -0.608600
3.487488 -54.891899 31.820801 0.539200 -0.062400 -0.839900
3.661560 -55.520500 32.092285 0.601700 -0.270600 -0.751500
1.064270 -55.218002 36.721680 -0.491100 -0.725000 0.483000
0.618103 -53.601601 36.050995 -0.909100 0.400300 -0.115100
3.646057 -54.275902 35.994080 0.901800 -0.323900 0.286100
3.131958 -52.688103 35.335297 0.373700 0.885300 -0.276600
0.965271 -57.279900 33.050201 -0.427100 -0.900000 0.087300
1.550476 -57.282501 33.094177 0.235100 -0.960300 0.150200
0.590149 -56.830399 32.837799 -0.900200 -0.427900 -0.081100
0.443359 -55.396599 32.236877 -0.866700 0.289700 -0.406100
2.680969 -54.129997 31.879578 -0.178800 0.758200 -0.627000
3.788086 -56.015900 32.737000 0.820300 -0.571600 0.020600
3.858704 -55.366898 32.474976 0.980600 0.000700 -0.196100
3.641296 -54.582100 32.136078 0.861200 0.354200 -0.364600
3.191895 -54.165802 31.931793 0.425100 0.689800 -0.586100
-12.305847 -52.653198 31.757202 -0.234300 -0.142600 0.961600
-11.927551 -52.644699 31.754089 0.183800 -0.159700 0.969900
-11.500854 -52.369400 31.647186 0.411500 -0.032500 0.910800
-11.281738 -51.992302 31.500580 0.583900 0.263300 0.767900
-12.619507 -52.305901 31.621887 -0.484200 0.080100 0.871300
-11.976196 -50.005402 30.726990 0.479900 0.535800 0.694700
-12.263550 -49.719501 30.615601 0.247800 0.725000 0.642600
-13.314148 -50.319000 30.848297 -0.577100 0.315800 0.753100
-12.668335 -49.666603 30.594788 -0.137900 0.776100 0.615400
-13.095032 -49.941902 30.701691 -0.397000 0.628700 0.668700
-12.291748 -53.558098 28.076782 -0.302600 -0.951200 0.060600
-11.190613 -52.847500 27.800781 0.972400 -0.230400 -0.037100
-13.352051 -51.103401 27.121002 -0.925500 0.331900 -0.182700
-12.215942 -50.451202 26.598297 0.322200 0.893400 -0.313100
-12.366211 -53.010300 31.532501 -0.356500 -0.782200 0.511000
-12.737915 -52.622803 31.381500 -0.841200 -0.401800 0.361800
-11.902527 -52.979900 31.520874 0.321900 -0.808500 0.492600
-11.369751 -52.636101 31.387482 0.710600 -0.575600 0.404600
-11.087708 -52.185101 31.212097 0.964400 -0.051600 0.259500
-11.866455 -49.909302 30.326080 0.814300 0.573100 0.092400
-13.516724 -50.347000 30.495483 -0.964400 0.182600 0.191500
-13.234619 -49.896000 30.320190 -0.698900 0.714000 0.041200
-12.701904 -49.552200 30.186676 -0.255400 0.966700 -0.014300
-12.207947 -49.591900 30.202393 0.394500 0.918400 0.030600
-11.779053 -53.230701 32.027191 -0.545000 0.296400 0.784300
-10.901733 -52.285500 31.659882 0.194300 0.787200 0.585300
-11.273926 -52.404900 31.706085 -0.304500 0.702300 0.643500
-11.639404 -52.798698 31.859192 -0.465400 0.544600 0.697700
-11.617310 -53.713501 32.215179 -0.468700 0.058700 0.881400
-9.590210 -53.782303 32.243103 0.474100 0.539100 0.696100
-10.305908 -55.210304 32.798401 -0.192000 -0.205600 0.959600
-9.467346 -54.212997 32.410675 0.541300 0.319600 0.777700
-9.933716 -55.090904 32.752075 0.315200 -0.104600 0.943200
-9.568115 -54.697098 32.599091 0.501600 0.073700 0.862000
-11.835754 -54.048302 28.277374 -0.988600 0.074200 -0.131100
-10.892456 -53.032001 27.882385 0.032100 0.953000 -0.301400
-9.510620 -54.603302 28.494598 0.881900 0.452700 -0.131400
-10.286499 -56.130104 29.088287 -0.034800 -0.996300 0.078000
-9.383911 -55.059097 28.671997 0.986400 -0.161200 -0.033100
-11.822754 -53.885300 31.914001 -0.865700 -0.362300 0.345400
-11.995300 -53.321701 31.694580 -0.970900 0.093300 0.220700
-11.808655 -52.799202 31.491394 -0.835000 0.544800 0.076800
-11.352234 -52.307503 31.300293 -0.550800 0.834500 0.016400
-10.900024 -52.141701 31.235992 0.224500 0.974500 0.001700
-9.391907 -53.836800 31.896484 0.865400 0.489800 0.105700
-10.314514 -55.580399 32.574493 -0.222300 -0.821900 0.524400
-9.862305 -55.414604 32.510193 0.560500 -0.692800 0.453800
-9.406006 -54.922897 32.319092 0.866700 -0.377600 0.325900
-9.263428 -54.341003 32.092773 0.972400 0.080200 0.219200
-6.263611 -57.981903 33.856689 -0.429000 0.002600 0.903300
-6.170532 -56.360504 33.225800 -0.326000 0.722900 0.609200
-6.388855 -56.823898 33.405975 -0.534700 0.412500 0.737500
-6.427612 -57.499504 33.668884 -0.544600 0.250000 0.800600
-5.829651 -58.206703 33.944397 -0.099300 -0.162100 0.981800
-4.184753 -56.256004 33.186188 0.113500 0.771700 0.625700
-3.843750 -58.102203 33.904785 0.326600 -0.137400 0.935100
-3.814209 -56.477600 33.272675 0.404000 0.609200 0.682400
-3.625549 -57.638802 33.724579 0.535700 0.190800 0.822600
-3.586731 -56.963203 33.461700 0.545800 0.378500 0.747600
-6.307007 -58.983398 29.859985 -0.765800 -0.643000 0.010300
-6.206909 -57.240097 29.181580 -0.666200 0.704000 -0.246100
-4.118347 -57.125504 29.138092 0.250100 0.933100 -0.258300
-3.762207 -59.109901 29.910583 0.706700 -0.706400 0.039900
-3.729004 -57.363304 29.230896 0.857600 0.481900 -0.179800
-5.951050 -58.581100 33.683685 -0.234300 -0.819500 0.523000
-6.445007 -58.302803 33.575073 -0.760600 -0.497200 0.417400
-6.629150 -57.701599 33.340973 -0.973000 -0.034400 0.228200
-6.580750 -56.858200 33.012878 -0.951600 0.274700 0.137500
-6.328796 -56.278603 32.787476 -0.567200 0.823200 0.024000
-4.061707 -56.137604 32.733795 0.260300 0.965500 -0.000600
-3.683899 -58.440102 33.629974 0.560100 -0.677900 0.476200
-3.432007 -57.860504 33.404602 0.955200 -0.131800 0.265000
-3.383606 -57.017097 33.076477 0.964900 0.213200 0.153400
-3.640442 -56.412300 32.840881 0.744400 0.663300 0.076600
-7.245056 -57.269501 33.557892 0.282300 -0.093900 0.954700
-6.970215 -56.889099 33.409973 0.503500 0.121000 0.855500
-6.810547 -56.242699 33.158600 0.545900 0.265000 0.794800
-6.861755 -55.718002 32.954376 0.483300 0.560800 0.672300
-7.673340 -57.295097 33.567688 -0.150100 -0.131800 0.979800
-8.498230 -54.778404 32.587799 0.130100 0.757500 0.639700
-8.872131 -54.828003 32.606903 -0.256900 0.706600 0.659300
-9.309814 -56.355499 33.201080 -0.485100 0.030300 0.873900
-9.201355 -55.184303 32.745392 -0.493800 0.510200 0.704200
-9.361145 -55.830803 32.996887 -0.543600 0.339900 0.767500
-7.179749 -58.353203 29.559601 0.463800 -0.882400 0.078900
-6.767456 -56.684998 28.910583 0.881500 0.428800 -0.197600
-9.351013 -57.391998 29.184387 -0.918500 -0.395100 -0.016700
-8.881653 -55.749001 28.545288 -0.398000 0.848900 -0.347800
-7.148010 -57.642998 33.335388 0.491900 -0.698800 0.519300
-7.641846 -57.693001 33.354584 -0.205000 -0.808600 0.551600
-6.822449 -57.160400 33.147797 0.900400 -0.285900 0.327800
-6.623047 -56.353302 32.833801 0.973900 -0.003500 0.226900
-6.669312 -55.706001 32.581879 0.826000 0.554600 0.100600
-8.531555 -54.613098 32.155579 0.163600 0.986500 0.001600
-9.503906 -56.600098 32.928284 -0.827000 -0.405600 0.389400
-9.550354 -55.952797 32.676392 -0.973100 0.150400 0.174700
-9.350952 -55.145699 32.362396 -0.874600 0.477400 0.085000
-8.963318 -54.690498 32.185486 -0.481500 0.875800 0.032600
6.154297 -53.570999 32.124390 0.180700 -0.163300 0.969900
5.211792 -52.812302 31.828583 -0.585000 0.321400 0.744600
5.386353 -53.208900 31.983002 -0.448500 0.010200 0.893700
5.779053 -53.525002 32.106293 -0.237100 -0.138800 0.961500
6.506104 -53.256699 32.002289 0.454700 0.033400 0.890000
6.129944 -50.905602 31.087097 -0.451600 0.582100 0.676200
7.424255 -51.350101 31.260773 0.575200 0.258500 0.776100
6.448303 -50.649803 30.987701 -0.200100 0.747300 0.633700
7.249695 -50.953400 31.106293 0.430500 0.587500 0.685200
6.856873 -50.637299 30.983093 0.189700 0.759800 0.621900
6.197571 -54.493698 28.450775 0.204000 -0.976100 0.075400
5.184143 -53.677902 28.132874 -0.987700 -0.147700 -0.051700
6.154053 -51.664600 27.080688 -0.785300 0.596800 -0.165000
7.533081 -52.158100 27.542694 0.961100 0.234900 -0.145300
6.491699 -51.397202 26.978699 -0.068600 0.956200 -0.284700
6.601990 -53.584297 31.766174 0.782200 -0.481500 0.395500
6.187988 -53.932701 31.901489 0.256700 -0.811400 0.525100
5.730286 -53.856499 31.871582 -0.419900 -0.770600 0.479500
5.239990 -53.461800 31.717773 -0.779600 -0.500700 0.376100
5.011169 -52.985500 31.532288 -0.974300 0.045500 0.220700
6.046204 -50.799801 30.682281 -0.754900 0.652700 0.064100
7.636963 -51.398701 30.916199 0.969300 0.087300 0.230000
7.408203 -50.922302 30.730682 0.764200 0.641300 0.069000
6.917786 -50.527702 30.576874 0.350300 0.936600 -0.004300
6.422058 -50.518101 30.572876 -0.303200 0.952800 0.013500
5.562561 -54.092804 32.372101 0.540100 0.242500 0.805900
5.473267 -53.649498 32.199493 0.489000 0.497200 0.716800
5.154846 -53.221603 32.032776 0.346900 0.669900 0.656500
4.798462 -53.066002 31.972076 -0.138400 0.803700 0.578700
5.346497 -54.556900 32.552582 0.436800 0.013700 0.899500
3.322998 -54.424301 32.499878 -0.445600 0.584900 0.677800
3.151489 -54.840401 32.661682 -0.537400 0.373200 0.756200
3.870972 -55.915100 33.080292 0.132400 -0.221800 0.966100
3.196289 -55.331703 32.852875 -0.525700 0.124700 0.841500
3.514587 -55.759499 33.019592 -0.361200 -0.071000 0.929800
5.670776 -54.918404 28.625397 0.995000 -0.026000 -0.096000
4.849182 -53.814400 28.195374 0.048800 0.943700 -0.327300
3.891846 -56.834702 29.370178 -0.070000 -0.994500 0.077300
3.117188 -55.680298 28.920502 -0.985100 0.099300 -0.140700
5.781860 -54.205498 32.048096 0.966300 -0.003800 0.257200
5.545593 -54.748703 32.259399 0.811500 -0.446400 0.377100
5.655945 -53.667503 31.838684 0.881800 0.458900 0.109100
5.258545 -53.133400 31.630676 0.630200 0.775400 0.038500
4.828003 -52.923599 31.548798 -0.125600 0.992100 -0.004900
3.134155 -54.459602 32.145599 -0.815500 0.574600 0.069200
3.851746 -56.284698 32.856201 0.119600 -0.839000 0.530800
3.421204 -56.074997 32.774384 -0.643600 -0.632400 0.431000
3.023804 -55.540802 32.566284 -0.911800 -0.288500 0.292200
2.948669 -54.948097 32.335602 -0.967000 0.177100 0.183300
-0.464844 -58.270203 33.971985 0.390900 -0.038100 0.919600
-0.246643 -57.806702 33.791779 0.534400 0.196400 0.822100
-0.207825 -57.131203 33.528900 0.543300 0.359000 0.758900
-0.371704 -56.648804 33.341095 0.371600 0.688200 0.623100
-0.922241 -58.450699 34.041992 0.043700 -0.169300 0.984600
-2.334229 -56.347900 33.222992 -0.061200 0.780400 0.622300
-2.727905 -56.531601 33.294281 -0.368400 0.647600 0.667000
-2.884827 -58.149803 33.923889 -0.375500 -0.102500 0.921200
-3.009949 -56.991898 33.473175 -0.534900 0.432200 0.726100
-3.048706 -57.667404 33.736084 -0.546500 0.244500 0.801000
-0.373901 -59.264099 29.972382 0.696800 -0.716400 0.034600
-0.273804 -57.520798 29.293976 0.714600 0.651300 -0.255300
-2.918701 -59.137604 29.921783 -0.775900 -0.630800 0.009800
-2.751648 -57.397598 29.244781 -0.623200 0.723000 -0.298100
-0.305054 -58.608101 33.697174 0.690800 -0.570500 0.444200
-0.828247 -58.835800 33.785583 0.131300 -0.838700 0.528500
-0.053101 -58.028503 33.471802 0.955300 -0.131200 0.264900
-0.004700 -57.185104 33.143585 0.968300 0.178600 0.174500
-0.188843 -56.583900 32.909576 0.645300 0.762400 0.048800
-2.426697 -56.218903 32.766296 -0.161100 0.986900 -0.012500
-3.066101 -58.470802 33.642273 -0.642400 -0.618900 0.451900
-3.250244 -57.869598 33.408203 -0.973100 -0.035700 0.227800
-3.201843 -57.026100 33.080078 -0.944000 0.308400 0.117200
-2.877197 -56.450203 32.856079 -0.677200 0.734000 0.051700
0.593384 -57.659203 33.713776 -0.327900 -0.063600 0.942600
0.389954 -56.078499 33.098602 -0.451700 0.607200 0.653700
0.278992 -56.595100 33.299591 -0.548100 0.319400 0.773000
0.363647 -57.253799 33.555878 -0.522600 0.172000 0.835000
1.016296 -57.727104 33.740479 0.097300 -0.144100 0.984800
2.124756 -55.306503 32.799103 -0.079600 0.768000 0.635500
2.751160 -56.955101 33.440979 0.450600 -0.016200 0.892600
2.490845 -55.392899 32.832886 0.299300 0.678900 0.670400
2.862183 -56.438499 33.239990 0.543700 0.285900 0.789100
2.777344 -55.779800 32.983673 0.513600 0.460100 0.724300
0.576843 -58.738800 29.713776 -0.552100 -0.831700 0.059000
0.358154 -57.039200 29.052277 -0.826200 0.513800 -0.231000
2.845947 -57.998398 29.427002 0.874600 -0.484500 0.018400
2.567566 -56.318298 28.772980 0.493400 0.804600 -0.330400
0.954102 -58.120399 33.525574 0.101800 -0.823800 0.557600
0.468750 -58.021698 33.486877 -0.578900 -0.645600 0.498100
0.200256 -57.509499 33.287476 -0.936600 -0.194500 0.291500
0.094482 -56.687302 32.967377 -0.977600 0.093600 0.188400
0.214783 -56.048203 32.718781 -0.770200 0.634000 0.069100
2.191467 -55.146202 32.368774 -0.064900 0.997900 -0.002900
2.930786 -57.218300 33.175598 0.766700 -0.484900 0.420900
3.051086 -56.579300 32.927002 0.975600 0.053400 0.213200
2.945190 -55.757004 32.606995 0.913600 0.388400 0.120300
2.612000 -55.265999 32.415680 0.564400 0.823800 0.053200
-18.273132 -34.179901 65.266281 -0.105500 -0.881300 0.460600
-18.139404 -31.459000 68.238083 -0.086100 -0.501300 0.861000
-20.078735 -31.512802 67.691086 -0.350500 -0.508600 0.786400
-21.504700 -32.034901 66.365494 -0.545000 -0.579800 0.605700
-22.035400 -32.885201 64.616592 -0.617300 -0.695800 0.367200
-21.528503 -33.836102 62.913086 -0.548200 -0.825400 0.135000
-20.119751 -34.632702 61.711288 -0.356100 -0.934000 -0.028900
-18.186707 -35.061501 61.333282 -0.092600 -0.992500 -0.080400
-16.247437 -35.007702 61.880386 0.171800 -0.985100 -0.005800
-14.821350 -34.485703 63.205887 0.366200 -0.913900 0.174900
-14.290710 -33.635300 64.954788 0.438600 -0.798000 0.413300
-14.797607 -32.684402 66.658386 0.369400 -0.668400 0.645600
-16.206299 -31.887802 67.860092 0.177400 -0.559800 0.809400
-17.821411 -27.627901 69.452591 -0.045500 -0.019900 0.998800
-21.180420 -27.721100 68.504990 -0.481800 -0.032000 0.875700
-23.650452 -28.625301 66.209091 -0.802600 -0.149500 0.577500
-24.569519 -30.098301 63.179886 -0.922000 -0.340700 0.184100
-23.691406 -31.745201 60.229294 -0.807900 -0.554600 -0.199100
-21.251526 -33.124901 58.147690 -0.491000 -0.733800 -0.469400
-17.903442 -33.867699 57.492981 -0.056200 -0.830300 -0.554500
-14.544434 -33.774502 58.440582 0.380100 -0.818200 -0.431400
-12.074402 -32.870300 60.736481 0.700800 -0.700800 -0.133200
-11.155334 -31.397301 63.765686 0.820200 -0.509500 0.260200
-12.033447 -29.750401 66.716293 0.706200 -0.295600 0.643400
-14.473328 -28.370701 68.797882 0.389300 -0.116400 0.913700
-17.404297 -23.713202 68.584183 -0.021400 0.218700 0.975600
-21.283142 -23.820801 67.489990 -0.502500 0.205300 0.839900
-24.135254 -24.864901 64.838882 -0.856200 0.075800 0.511100
-25.196411 -26.565701 61.341187 -0.987800 -0.135100 0.077300
-24.182556 -28.467501 57.933990 -0.862100 -0.370900 -0.345300
-21.365112 -30.060600 55.530487 -0.512600 -0.568500 -0.643400
-17.499146 -30.918301 54.774490 -0.033200 -0.674900 -0.737200
-13.620422 -30.810600 55.868591 0.447900 -0.661600 -0.601500
-10.768311 -29.766500 58.519791 0.801600 -0.532100 -0.272700
-9.707031 -28.065800 62.017487 0.933200 -0.321100 0.161100
-10.720947 -26.164001 65.424591 0.807500 -0.085300 0.583700
-13.538330 -24.570801 67.828186 0.458100 0.112300 0.881800
12.744080 -35.727001 65.860580 0.016500 -0.886500 0.462400
12.750549 -33.000702 68.830490 0.017200 -0.505700 0.862500
10.800598 -33.264999 68.393295 -0.248600 -0.541700 0.802900
9.366760 -33.941200 67.148193 -0.444100 -0.633900 0.633200
8.833252 -34.848000 65.428787 -0.516800 -0.757500 0.398800
9.343079 -35.742500 63.695786 -0.447300 -0.879500 0.162500
10.759460 -36.384903 62.413589 -0.254200 -0.967100 -0.012300
12.703186 -36.603203 61.925690 0.010800 -0.996800 -0.078800
14.653076 -36.338902 62.362793 0.276600 -0.960800 -0.019200
16.086853 -35.662701 63.607895 0.472100 -0.868600 0.150500
16.620361 -34.755901 65.327286 0.544800 -0.745000 0.384900
16.110596 -33.861401 67.060287 0.475300 -0.623000 0.621200
14.694092 -33.219002 68.342590 0.282200 -0.535400 0.796000
12.720764 -29.154900 70.039688 0.013300 -0.022400 0.999700
9.343384 -29.612701 69.282486 -0.425300 -0.081900 0.901300
6.859985 -30.783901 67.125885 -0.747900 -0.234000 0.621200
5.935852 -32.354500 64.147781 -0.867900 -0.438000 0.234500
6.818848 -33.903801 61.146088 -0.753200 -0.639200 -0.155400
9.272400 -35.016502 58.925186 -0.434600 -0.783700 -0.443800
12.638794 -35.394699 58.080093 0.002600 -0.832800 -0.553600
16.016052 -34.936802 58.837296 0.441300 -0.773300 -0.455200
18.499573 -33.765602 60.993881 0.763800 -0.621200 -0.175200
19.423584 -32.195000 63.971985 0.883800 -0.417200 0.211600
18.540588 -30.645700 66.973587 0.769100 -0.216000 0.601500
16.087158 -29.533001 69.194595 0.450500 -0.071500 0.889900
12.662903 -25.220001 69.163986 0.010200 0.217400 0.976000
8.763000 -25.748701 68.289688 -0.473500 0.151800 0.867600
5.895386 -27.101002 65.799484 -0.829200 -0.015900 0.558800
4.828369 -28.914700 62.360687 -0.961500 -0.240900 0.132300
5.847961 -30.703602 58.894592 -0.835100 -0.462700 -0.297600
8.680847 -31.988501 56.330093 -0.483700 -0.622100 -0.615700
12.568054 -32.425102 55.354294 -0.001600 -0.676200 -0.736700
16.467957 -31.896400 56.228592 0.482100 -0.610700 -0.628200
19.335571 -30.544102 58.718887 0.837700 -0.443000 -0.319400
20.402588 -28.730501 62.157684 0.970000 -0.218000 0.107100
19.382996 -26.941502 65.623688 0.843600 0.003800 0.537000
16.550049 -25.656601 68.188187 0.492300 0.163200 0.855000
