-0.200317 24.736300 55.966492 0.001300 0.983500 0.181000
-19.343384 -23.090200 -53.307312 0.069700 -0.856900 0.510800
-0.356995 -88.557999 35.050293 -0.000600 -0.952200 -0.305500
0.006104 35.622902 -21.243011 0.005100 0.845400 0.534000
0.111206 -48.668999 -42.718597 0.004800 0.205200 -0.978700
-0.062988 -70.668602 -9.972321 -0.020600 -0.989200 -0.145200
-0.037903 -70.658897 -13.107910 -0.002100 -0.983500 0.180800
-0.030884 -71.266403 -14.692810 -0.000100 -0.987700 0.156100
-0.267090 -82.089897 20.821503 0.000700 -0.855500 -0.517800
0.055664 -61.111298 -35.794006 0.000300 -0.890600 -0.454800
-0.017212 22.448698 17.269379 -0.000100 0.998300 -0.059000
-0.362793 13.339399 81.802094 -0.001900 0.722500 0.691400
0.088806 -56.548599 -41.139923 0.003000 -0.493100 -0.870000
-0.490784 -93.194000 58.443192 -0.004800 -0.840500 0.541800
-0.085632 -71.064598 -7.623718 -0.003400 -0.893700 -0.448700
-0.090515 -71.468597 -7.078400 0.002400 -0.849100 -0.528200
-0.542603 -77.900803 75.156693 -0.005600 -0.588800 0.808300
-0.116516 -81.454597 -7.564697 0.004500 -0.269000 -0.963100
0.101318 -41.292603 -37.362427 0.004900 0.507800 -0.861400
0.099609 -30.262300 -32.404114 0.006100 0.331800 -0.943300
0.050720 -30.181499 -39.224915 -0.000600 -0.984300 -0.176300
-2.183289 -74.954597 -0.822906 -0.245200 0.111000 -0.963100
0.069519 -28.011902 -31.860199 0.330700 -0.220200 -0.917700
-0.020630 -69.017799 -18.187927 0.005400 -0.456300 -0.889800
-0.241333 -82.834198 15.588196 -0.003900 -0.945500 0.325700
0.151672 -69.213104 -20.800323 -0.068200 -0.905500 0.418900
-43.159424 -31.955902 14.618896 -0.974800 -0.147300 -0.167300
-0.027527 -71.288399 -15.555023 0.003300 -0.950900 -0.309600
0.471008 -68.276299 -23.793213 -0.007400 -0.772500 -0.635000
-0.221680 -83.124603 11.712799 -0.002100 -0.999000 -0.043900
-0.168396 -82.289902 1.946777 -0.003200 -0.985400 0.170300
-0.197937 -82.415504 7.493103 -0.001900 -0.996100 -0.088400
-0.254700 -81.642204 18.658875 -0.001300 -0.982000 -0.189000
-0.111023 -77.260101 -6.691406 0.005600 0.132500 -0.991200
-0.378906 -89.530296 38.774689 -0.000800 -0.961400 -0.275000
-0.021484 -67.392502 -18.546112 0.002500 0.464800 -0.885400
-0.451477 -97.402100 49.086273 -0.002400 -0.999900 0.016800
-0.141907 -84.503098 -4.094025 -0.001400 -0.983700 -0.179700
-0.248535 -81.544403 17.526581 -0.003600 -0.966200 0.257600
-0.278809 -83.365898 22.487274 0.001400 -0.785800 -0.618500
-0.298401 -85.086502 25.442993 -0.000600 -0.947500 -0.319800
0.025696 -63.108398 -30.001617 -0.001000 -0.857400 -0.514700
-0.096985 -72.811501 -6.516998 0.007700 -0.195400 -0.980700
-0.490906 -12.422300 94.647690 -0.004600 0.216200 0.976300
0.271606 -69.529503 -22.300903 -0.036600 -0.964100 -0.263200
0.006775 29.143198 -10.626099 0.000500 0.919500 0.393200
-0.023193 -70.376602 -16.991516 0.004700 -0.763200 -0.646100
0.000000 81.753799 -88.577301 -0.000000 0.997500 0.070300
0.042664 -61.848900 -33.225403 -0.000600 -0.961500 -0.274800
0.000000 -42.062500 -88.577301 0.000000 -0.992100 0.125400
-0.429688 -96.773300 45.203979 0.002100 -0.694900 -0.719100
-0.329834 -86.898895 30.601288 -0.000400 -0.940400 -0.340200
-0.233032 -82.983002 13.930481 -0.002800 -0.996800 0.079500
-0.558716 -41.590000 94.494888 -0.005600 -0.213500 0.976900
0.000000 -27.944500 -53.966705 -0.000200 -0.965600 0.260200
-0.183228 -82.353302 4.720001 -0.002200 -0.999400 -0.035300
0.000000 49.751602 -36.036926 0.001000 0.645400 0.763900
-30.939514 -61.932503 30.334991 -0.911100 -0.408800 -0.052000
-28.896179 -69.216202 33.464294 -0.921700 -0.359500 0.145400
-23.958496 -76.415901 34.429382 -0.697000 -0.627700 0.346700
-19.535034 -80.763397 34.582977 -0.647200 -0.761700 0.031000
-14.067932 -84.225899 33.566101 -0.488500 -0.855800 -0.170200
-9.202637 -86.101501 31.981293 -0.248600 -0.950500 -0.186600
-4.343506 -86.595695 30.882782 -0.050000 -0.977700 -0.204000
-22.178284 -70.058701 12.643188 -0.451300 -0.892000 -0.024500
-25.687988 -67.771103 16.172882 -0.564500 -0.825100 0.024500
-27.578613 -66.084801 18.730774 -0.685000 -0.728100 0.024600
-16.773132 -72.545303 10.944275 -0.387000 -0.921900 -0.016400
-2.780396 -62.153999 -33.489014 -0.046000 -0.992300 -0.114800
-7.442993 -60.756897 -33.915100 -0.473100 -0.880900 -0.012100
-12.128723 -57.339104 -31.724121 -0.608600 -0.760200 -0.227300
-14.635193 -61.231003 -22.310699 -0.014400 -0.985500 -0.169100
-17.621033 -60.661102 -17.572601 -0.382500 -0.911500 -0.151000
-17.600830 -60.843704 -11.235107 -0.319700 -0.935000 -0.153600
-18.434082 -61.878204 -7.666107 -0.550900 -0.724100 -0.414900
-15.573120 -67.179604 -2.881012 -0.278200 -0.739600 -0.612800
-11.352600 -72.382500 1.585297 -0.168200 -0.706900 -0.687000
-8.325500 -76.095398 3.235291 -0.418100 -0.817300 -0.396400
-28.553223 -71.054298 44.180603 -0.818800 -0.459700 -0.343800
-23.823486 -81.520103 49.664490 -0.725800 -0.646600 -0.234700
-16.021118 -87.774902 49.422394 -0.618200 -0.586700 -0.523100
-9.594788 -92.897301 46.722198 -0.475100 -0.469800 -0.744000
-4.386536 -95.610199 46.884277 -0.402700 -0.871000 -0.281300
-12.077087 -74.608704 10.844574 -0.371700 -0.913100 0.167600
-8.206787 -75.711700 12.847076 -0.574400 -0.779600 0.249600
-5.143494 -78.231003 14.131073 -0.757400 -0.646400 0.092300
-2.603638 -81.994698 13.910095 -0.660700 -0.749300 0.045800
-25.181885 -72.097900 21.045197 -0.781900 -0.540700 -0.310300
-20.730225 -75.967499 22.130676 -0.520500 -0.818200 -0.244300
-101.903992 46.632500 -88.577301 -0.655100 0.734500 0.176800
-117.950317 24.690798 -88.577301 -0.966000 0.086100 0.243800
-70.676819 -26.681601 -88.577301 -0.536400 -0.843200 0.036300
-36.106323 -44.222401 -88.577301 -0.365200 -0.915500 0.168800
-11.232300 -41.717800 -88.577301 0.401300 -0.913200 0.070700
-7.294678 -41.315399 -88.577301 0.004500 -0.993500 0.114100
-15.559326 -78.745003 22.029602 -0.307500 -0.934900 -0.177100
-11.231995 -79.361404 20.767090 0.241800 -0.941200 -0.235700
-8.672180 -76.693802 19.682983 0.617100 -0.633200 -0.467200
-4.837585 -92.966599 58.757782 -0.074000 -0.841300 0.535500
-6.052185 -79.333603 74.407990 -0.036800 -0.624100 0.780500
-9.468323 -43.246002 93.080490 -0.164900 -0.255800 0.952600
-10.791626 -79.610397 73.363785 -0.316900 -0.596900 0.737100
-18.370728 -44.475998 90.469391 -0.245400 -0.281100 0.927800
-34.673889 42.960304 -36.720520 -0.160300 0.496200 0.853300
-20.029480 -48.877998 -88.577301 0.170100 -0.971200 0.166700
-43.495911 -29.951601 17.684174 -0.986100 -0.062200 -0.154200
-2.916199 -27.820000 -53.966705 -0.104600 -0.953700 0.281900
-6.685120 -27.164600 -53.966705 -0.389300 -0.873100 0.293400
-9.323730 -25.100300 -54.080322 -0.551800 -0.771400 0.317000
-12.496826 -22.759201 -53.786713 -0.210100 -0.872800 0.440600
-36.747314 -40.523602 28.582581 -0.836900 0.341100 -0.428100
-33.146484 -35.303200 23.277100 -0.961200 -0.275700 -0.012100
-41.815308 -36.729500 35.995300 -0.708700 -0.000700 -0.705600
-41.993286 -41.195900 31.423981 -0.691300 0.424000 -0.585200
-42.438782 -34.280201 32.054291 -0.766400 -0.616100 -0.181700
-42.097778 -34.236900 26.814789 -0.665500 -0.700200 -0.258700
-41.380188 -35.997601 31.401276 -0.898900 -0.363400 -0.244800
-36.373535 -16.360600 4.955383 -1.000000 -0.006200 0.000200
-39.796021 -42.507900 26.598175 -0.977600 -0.014000 -0.209900
-43.041809 -27.263000 26.550079 -0.857300 -0.510500 -0.066300
-42.816223 -28.565300 23.437988 -0.912700 -0.394500 0.106700
-42.950195 -32.997700 18.523590 -0.754400 -0.636900 0.159000
-36.398987 -34.982700 17.686981 -0.829200 -0.383300 0.406800
-43.714417 -32.935902 38.930084 -0.794800 -0.165000 -0.583900
-43.617188 -27.392300 32.630981 -0.814900 -0.532900 -0.228000
-16.320984 -60.491302 -17.896027 -0.114200 -0.993100 -0.026600
-2.664917 -68.913704 -17.872620 -0.171500 -0.510400 -0.842700
-2.459595 -69.070900 -20.599426 -0.060900 -0.918500 0.390800
-5.588623 -68.620102 -20.127502 -0.239800 -0.907100 0.345900
-13.586426 -62.280197 -16.516815 0.031500 -0.492800 0.869600
-10.358032 -65.838303 -19.120422 -0.490200 -0.787700 0.373300
-5.618713 -68.018898 -17.574005 -0.323300 -0.516000 -0.793200
-9.910828 -65.005600 -17.192902 -0.203800 -0.372500 -0.905400
-13.502686 -60.014503 -19.687103 -0.503900 -0.828400 -0.244500
-10.392395 -66.013298 -20.355225 -0.660300 -0.729400 -0.178800
-5.926392 -68.626602 -21.852020 -0.375300 -0.900100 -0.221300
-2.518799 -69.329498 -22.224701 -0.139000 -0.958100 -0.250600
-2.959229 -70.250298 -16.541809 -0.228400 -0.775500 -0.588600
-6.109680 -69.044899 -16.327026 -0.447700 -0.725800 -0.522300
-9.758301 -65.893600 -16.502808 -0.609300 -0.660700 -0.438500
-5.458435 -69.436501 -8.327911 -0.502700 -0.838300 -0.211100
-1.797424 -71.054802 -9.688599 0.012400 -0.996200 -0.085900
-3.390381 -70.375198 -9.796417 -0.504200 -0.860300 -0.075200
-0.910034 -70.645798 -10.000610 0.167300 -0.978000 -0.124300
-2.067993 -71.484001 -5.943726 -0.435200 -0.653200 -0.619600
-0.919983 -71.237099 -6.536499 -0.266700 -0.812600 -0.518200
-1.883423 -71.378998 -7.748199 -0.171800 -0.980000 -0.100300
-0.923096 -71.262199 -8.242523 0.107400 -0.971600 -0.210600
-0.934326 -70.662804 -13.110504 0.249500 -0.945300 0.210100
-1.758301 -71.163498 -13.399902 0.022900 -0.983000 0.182300
-38.908325 -42.388401 33.755798 -0.250200 -0.785400 0.566200
-41.709717 -44.786701 35.627197 0.053400 -0.919800 0.388800
-43.862000 -43.798302 33.759186 -0.798200 -0.598500 -0.068500
-36.650696 -26.384300 20.200684 -0.645100 0.761500 -0.062900
-38.143982 -27.976700 14.968292 -0.520400 0.733000 -0.438000
-42.893982 -26.006701 16.184875 -0.487600 0.748600 -0.449300
-44.671387 -27.672501 22.112091 -0.988300 -0.142000 0.054900
-38.495483 -38.355801 17.811676 -0.978800 0.192500 -0.070400
-39.046326 11.934599 -27.216003 -0.838900 -0.267500 0.474000
-37.640381 0.403599 -2.823822 -0.977800 0.169700 0.123200
-34.972229 -6.593600 19.519897 -0.975400 0.168300 0.142100
-35.722595 -12.200400 34.758301 -0.976100 0.214100 0.037400
-7.477600 -74.155998 2.629181 -0.052100 -0.315500 -0.947500
-10.495605 -69.506203 -0.109009 -0.139000 -0.708900 -0.691500
-13.827087 -61.888901 -18.957611 -0.669200 -0.615500 -0.416400
-28.514221 -66.396500 24.554688 -0.806200 -0.369500 -0.462000
-26.140625 -71.914101 25.051086 -0.646500 -0.511900 -0.565600
-44.856323 -40.462502 37.107880 -0.950900 -0.288000 0.113100
-44.784180 -36.110802 39.626587 -0.981600 -0.037500 0.187100
-46.337891 -27.030701 32.607086 -0.961000 -0.254100 -0.108900
-45.393799 -26.890800 25.481201 -0.942700 -0.309700 -0.124500
-42.386292 -30.840000 11.558777 -0.564200 0.335000 -0.754600
-41.652832 -35.231602 10.053894 -0.502000 -0.348300 -0.791600
-42.502014 -43.850899 29.911102 -0.596400 -0.655800 -0.462900
-41.917725 -41.405403 39.435181 0.075400 -0.594400 0.800600
-42.859680 -35.075600 42.554199 -0.105700 -0.083700 0.990900
-44.515381 -24.357801 34.265991 -0.304900 0.886700 0.347700
-43.663513 -24.382301 25.900696 -0.305600 0.948300 -0.085900
-37.983826 -30.024101 12.843201 -0.632300 0.447500 -0.632400
-37.917786 -34.010002 11.020203 -0.609800 0.156600 -0.776900
-38.567810 -44.291199 30.216797 -0.650800 -0.753100 -0.096100
-38.551880 -39.354401 36.689178 -0.342000 -0.418100 0.841600
-38.310608 -34.067200 38.191589 0.622900 -0.016000 0.782100
-37.098083 -27.524000 33.939789 -0.988900 0.094900 -0.114100
-37.436584 -38.050003 13.653076 -0.794400 -0.525600 -0.304300
-37.781921 -30.161301 36.891174 -0.993000 0.115400 -0.025700
-37.239319 -25.210100 13.804901 -0.977600 0.201500 0.061100
-35.706238 -16.606800 13.411285 -0.994600 0.086900 0.057400
-37.127625 -50.522102 45.956787 -0.972600 -0.213200 -0.093000
-37.870911 -45.389999 39.073792 -0.966500 -0.237100 0.098300
-27.370300 -18.030300 -37.988525 -0.378000 -0.910100 0.169600
-28.663025 -20.530602 -21.969025 -0.400700 -0.858200 -0.320800
-6.913086 -24.479101 -30.818726 -0.338600 -0.723100 -0.602000
-10.220703 -23.454500 -30.532898 -0.643000 -0.569300 -0.512300
-15.308289 -20.584900 -27.868713 -0.750300 -0.411200 -0.517600
-18.452026 -14.741800 -27.773315 -0.295100 -0.913100 -0.281400
-38.004883 -32.414402 46.874786 -0.997700 0.044400 -0.050800
-9.524231 -91.297302 60.103088 -0.408000 -0.762600 0.501900
-14.139526 -80.840698 69.781494 -0.493500 -0.615900 0.614100
-3.331787 -96.957001 50.862381 -0.128800 -0.981500 0.141500
-3.900513 -84.440201 21.946686 0.129100 -0.686100 -0.716000
-7.594482 -84.361801 22.549896 -0.338400 -0.489200 -0.803900
-10.952637 -82.854698 24.671600 -0.518000 -0.314700 -0.795400
-18.017029 -80.474098 26.275787 -0.462700 -0.623600 -0.630100
-24.782410 -76.458099 27.765991 -0.576000 -0.544300 -0.609800
-25.790710 -69.012497 20.824097 -0.672800 -0.366700 -0.642600
-7.929993 -74.796700 19.590302 0.021300 -0.993900 -0.108000
-9.096191 -75.965500 19.066986 -0.177200 -0.006200 -0.984100
-11.607605 -78.618797 19.966797 -0.185200 -0.255600 -0.948900
-15.698120 -77.843002 21.175995 -0.208800 -0.040000 -0.977100
-20.321411 -75.305099 21.253998 0.028800 -0.051800 -0.998200
-24.184021 -72.352600 20.106598 -0.064600 -0.199300 -0.977800
-34.112915 -56.747604 31.091583 -0.923200 -0.384100 0.011300
-30.233582 -62.150497 21.218475 -0.803000 -0.595600 -0.020300
-33.953491 -57.363701 18.905701 -0.947300 -0.309100 0.084100
-34.120911 -51.813499 16.124695 -0.996400 -0.076800 -0.034500
-29.975525 -23.738901 -5.708405 -0.746800 -0.343300 -0.569600
-31.254578 -31.222702 -9.276398 -0.903000 0.169400 -0.394800
-20.694824 -60.038399 -5.878998 -0.810100 -0.477300 -0.340400
-18.538391 -65.406700 -1.978210 -0.650200 -0.643000 -0.404800
-19.975220 -57.881401 -10.503418 -0.826800 -0.553500 -0.100100
-20.581909 -58.235603 -15.840027 -0.803100 -0.594500 -0.040000
-26.190186 -23.421200 -52.828003 -0.349800 -0.852500 0.388400
-11.666626 -60.063400 -21.531006 -0.438600 -0.756300 -0.485500
-8.644592 -61.865303 -25.805115 -0.897600 -0.258200 -0.357300
-7.050537 -61.480598 -29.838318 -0.479900 -0.811600 -0.333200
-2.940735 -62.872101 -30.042725 -0.173700 -0.874800 -0.452300
-30.962830 -36.500000 -10.173218 -0.929000 -0.034100 -0.368400
-30.244629 -40.998703 -11.041016 -0.942000 -0.168000 -0.290400
-2.746582 -29.845100 -39.152527 -0.278300 -0.950900 -0.135500
-3.253296 -29.938301 -31.950317 -0.128500 0.247700 -0.960300
-3.214111 -41.083603 -36.974701 -0.271200 0.507100 -0.818100
-8.015991 -42.985298 -34.847321 -0.437800 0.549400 -0.711700
-16.037537 -39.218700 -27.895325 -0.506900 0.427700 -0.748400
-24.347290 -31.607201 -18.866699 -0.714600 0.237100 -0.658200
-35.606995 -31.255301 2.547577 -0.930800 -0.112600 -0.347700
-37.900513 -43.003799 18.880981 -0.926100 -0.306100 -0.220700
-8.986328 -74.934502 19.883789 -0.982600 0.002800 -0.185600
-8.304504 -75.787102 18.339874 0.022600 -0.999700 0.001300
-10.069214 -75.957199 17.458801 -0.206100 -0.977800 0.036600
-12.781189 -75.575500 16.866486 -0.209100 -0.860200 0.465100
-11.278381 -76.377701 21.999176 -0.491100 0.448900 -0.746500
-16.703003 -74.140099 17.209595 -0.150200 -0.762000 0.629900
-15.743225 -75.848503 23.490295 0.050900 0.542600 -0.838400
-20.776794 -73.116203 18.677399 -0.365300 -0.835000 0.411500
-24.225830 -70.753899 21.366882 0.661500 0.177000 -0.728700
-26.472900 -70.273903 23.615479 -0.842700 -0.452500 -0.291600
-21.038391 -72.469002 23.671082 0.465000 0.439700 -0.768400
-34.835083 -51.066700 20.814392 -0.962000 -0.251200 -0.106600
-34.755127 -52.666603 12.243103 -0.991300 0.003500 -0.131300
-32.082336 -55.339699 7.080078 -0.851500 -0.161600 -0.498800
-27.494629 -60.721199 3.233276 -0.688500 -0.404300 -0.602100
-22.454834 -61.773499 0.557892 -0.613300 -0.546600 -0.570200
-26.820435 -39.939598 -17.885498 -0.893900 -0.002100 -0.448400
-30.208496 -44.184700 -4.340912 -0.927700 -0.316400 -0.198200
-29.420288 -49.811600 1.903595 -0.875900 -0.312000 -0.367900
-32.842896 -62.771103 11.171783 -0.826600 -0.528600 -0.193500
-27.020996 -66.269501 21.511780 -0.813100 -0.534700 -0.230200
-24.352112 -68.041504 18.656403 -0.556900 -0.819000 -0.138100
-21.181335 -69.923401 13.714203 -0.470800 -0.880500 0.054700
-16.351135 -72.170601 12.108887 -0.331100 -0.943400 -0.018500
-11.772034 -73.255699 12.496582 -0.319900 -0.941700 0.104400
-8.132019 -74.753899 14.492981 -0.563100 -0.764700 0.313300
-5.776184 -76.467003 16.085297 -0.744700 -0.558000 0.366100
-2.649109 -81.795403 15.624481 -0.609400 -0.736800 0.292700
-32.552185 -39.838203 -2.465698 -0.917800 -0.258100 -0.301600
-22.191101 -82.873604 48.543793 -0.675100 -0.702900 -0.223900
-20.353394 -81.986702 39.697601 -0.720200 -0.656700 -0.223600
-19.993530 -82.274002 28.904785 -0.575200 -0.766600 -0.285500
-4.836792 -91.185097 45.564178 -0.340600 -0.898400 -0.277300
-9.500183 -88.423599 35.910400 -0.212400 -0.936900 -0.277600
-8.858032 -86.744896 25.473785 -0.248400 -0.896800 -0.366200
-7.680603 -82.649399 22.256287 -0.440500 -0.066600 -0.895300
-7.703918 -80.556602 22.442688 -0.453200 -0.153200 -0.878100
-7.984314 -79.369003 22.081879 -0.514900 -0.273400 -0.812500
-6.113220 -80.656502 21.716278 -0.533100 -0.319400 -0.783400
-9.872681 -70.778000 22.008392 -0.803800 0.016600 -0.594600
-13.267822 -66.173203 -3.520905 -0.225100 -0.791900 -0.567700
-2.574402 -82.205101 11.701691 -0.671300 -0.740700 -0.026300
-2.768005 -80.389404 17.338593 -0.687100 -0.723300 0.068900
-7.182434 -75.250603 20.238800 -0.314300 -0.880200 -0.355600
-8.253235 -75.853401 21.932281 0.004500 -0.787500 -0.616300
-5.779785 -76.173698 19.281799 -0.601400 -0.565200 -0.564700
-5.664612 -75.121704 18.005676 -0.503700 -0.838500 -0.207900
-4.208130 -78.611099 11.601776 -0.764700 -0.643400 -0.035300
-22.908325 -51.841499 -18.648224 -0.837900 -0.461800 -0.291100
-23.355225 -52.898701 -12.475525 -0.753100 -0.631200 -0.185600
-22.347229 -55.337502 -6.556000 -0.684100 -0.661500 -0.307200
-34.143494 -57.290100 23.851379 -0.937200 -0.348400 -0.017000
-31.139893 -62.524101 25.935577 -0.889800 -0.444300 -0.103600
-29.539917 -67.536003 36.150299 -0.910600 -0.412800 -0.020000
-28.324524 -65.263702 15.084076 -0.648600 -0.757000 0.079700
-23.429993 -69.310799 20.805695 -0.514200 -0.537900 -0.668000
-23.206787 -67.008804 23.119476 0.887800 -0.449800 -0.097900
-7.728394 -74.645599 16.151489 -0.089800 -0.982200 -0.164800
-20.906677 -68.082397 20.395599 0.341600 -0.499300 0.796300
-37.136719 -14.155300 -53.782898 -0.477600 -0.701800 0.528600
-10.763916 -70.997002 19.369202 -0.498600 -0.429400 0.753000
-17.324585 -69.392303 19.154083 0.049700 -0.464700 0.884100
-13.570923 -70.564598 18.789185 -0.150800 -0.460200 0.874900
-21.425293 -75.060600 24.639099 -0.467500 -0.538000 -0.701400
-15.481812 -78.078102 24.516083 -0.306900 -0.610000 -0.730500
-10.861328 -78.535301 23.200684 -0.012500 -0.813100 -0.582000
-20.302734 -68.619698 25.175079 0.274300 0.148100 -0.950200
-16.169189 -70.477600 24.927094 -0.087300 0.224500 -0.970600
-12.254578 -71.174301 23.668701 -0.441100 0.180700 -0.879100
-1.696899 -77.014900 -5.617706 -0.498600 0.380500 -0.778800
-1.379333 -73.952301 -5.609924 -0.763300 -0.161200 -0.625600
-3.928406 -70.882401 -5.003601 -0.304000 -0.603600 -0.737100
-7.375183 -72.059204 -5.986298 -0.100700 -0.020300 -0.994700
-6.133911 -72.881500 -5.189697 0.628300 0.019400 -0.777700
-4.057434 -77.147598 -5.546509 0.149200 0.149300 -0.977500
-2.515320 -56.582901 -41.173920 -0.053800 -0.423700 -0.904200
-3.504333 -48.525200 -42.500000 -0.241800 0.189100 -0.951700
-7.607483 -60.993401 -36.608612 -0.445900 -0.823000 -0.352000
-2.861084 -62.287201 -36.448700 0.077000 -0.919800 -0.384800
-8.607422 -47.454601 -39.854919 -0.431300 0.351900 -0.830700
-7.479492 -56.001701 -40.793823 -0.327400 -0.286300 -0.900500
-16.278015 -46.119701 -34.406219 -0.575300 0.366100 -0.731400
-22.314087 -45.664703 -25.852509 -0.871600 -0.057200 -0.486900
-19.658386 -50.169201 -31.168915 -0.829400 -0.268400 -0.489900
-13.800537 -53.260803 -36.965424 -0.687900 -0.273800 -0.672200
-12.409119 -63.009102 -13.136627 -0.688200 -0.702300 -0.181900
-6.363220 -67.573997 -11.033905 -0.614200 -0.789000 0.013700
-3.705627 -70.245903 -12.794617 -0.525700 -0.830100 0.185900
-9.908386 -88.431602 47.371277 -0.345400 -0.933300 -0.098000
-15.604187 -86.689201 48.251373 -0.447100 -0.888700 -0.101500
-25.284729 -74.864403 42.703796 -0.803700 -0.549400 -0.228600
-32.790527 -58.033104 37.601593 -0.930900 -0.352600 0.094900
-36.395081 -17.670301 47.457581 -0.977900 0.209000 -0.008400
-32.645020 -1.208700 28.500977 -0.914400 0.403500 0.032600
-29.757080 16.184900 -3.671600 -0.703400 0.607500 0.369100
-16.052307 27.311998 -7.820221 -0.537000 0.769400 0.346000
-23.831787 -75.901001 38.732086 -0.816400 -0.572700 -0.074200
-14.667114 -86.419098 37.507477 -0.526000 -0.810100 -0.258800
-4.524719 -88.386200 35.757690 -0.106500 -0.953300 -0.282600
-8.363281 -70.597000 -0.314423 -0.989700 -0.044400 -0.136000
-6.187622 -73.326698 2.448090 -0.807300 -0.541500 -0.234800
-4.681824 -77.765999 1.463593 -0.760800 -0.622000 0.185300
-4.975891 -79.490898 -2.773621 -0.853800 -0.519800 -0.027900
-5.092224 -69.980003 -4.735504 -0.503000 -0.379700 -0.776400
-4.891418 -77.880402 -5.334198 -0.601800 -0.284700 -0.746200
-5.475830 -78.258301 7.412476 -0.747000 -0.664400 -0.021200
-8.610718 -71.116798 -5.620209 -0.521300 0.330400 -0.786800
-7.838135 -75.561798 -3.972809 -0.729300 -0.541300 -0.418600
-7.321533 -76.593201 -1.095123 -0.675900 -0.736900 -0.008400
-11.008728 -71.465004 -0.792725 -0.897100 0.416000 0.148700
-8.219177 -75.719299 1.512878 -0.531200 -0.572700 0.624400
-2.312378 -81.428902 1.923492 -0.643300 -0.753800 0.133900
-9.870483 -72.676102 1.308502 -0.611900 0.182500 0.769600
-9.641113 -70.582100 -3.806519 -0.697200 0.638200 -0.326600
-30.116882 -63.083702 18.194489 -0.760000 -0.638100 0.123700
-17.240295 -71.687202 9.630280 -0.449700 -0.869500 -0.204300
-16.382324 -74.584999 15.892395 -0.336900 -0.923000 -0.186000
-13.969177 -72.670898 3.147400 -0.373900 -0.835700 -0.402200
-9.082886 -95.627602 52.920181 -0.347000 -0.931600 0.107900
-25.832886 -56.486099 -0.830322 -0.745000 -0.452400 -0.490200
-22.640381 -56.769897 -3.823822 -0.711100 -0.544800 -0.444500
-16.772217 -61.242599 -9.543427 -0.445200 -0.728600 -0.520500
-8.521790 -30.209202 -31.176819 -0.374200 0.129600 -0.918300
-12.707520 -20.199800 -38.006622 -0.627100 -0.777400 -0.048200
-6.725830 -28.054001 -38.741608 -0.556500 -0.826400 -0.086500
-15.200989 -28.056400 -26.124908 -0.667000 0.019100 -0.744800
-2.425293 -68.105698 -23.815216 -0.112000 -0.776200 -0.620500
-16.564514 -53.495300 -30.526215 -0.693200 -0.629300 -0.351300
-12.720337 -56.295998 -34.602112 -0.704600 -0.655200 -0.272500
-5.910583 -67.485298 -23.840820 -0.362100 -0.750600 -0.552700
-10.807312 -64.352303 -21.946899 -0.765600 -0.428200 -0.480200
-18.827332 -59.814598 -21.723206 -0.619800 -0.741700 -0.256400
-8.270081 -75.990303 9.292999 -0.466600 -0.879500 -0.093600
-9.499878 -70.729797 20.934296 -0.932600 -0.312300 0.181100
-6.376221 -79.519104 20.638184 -0.620700 -0.397200 -0.676000
-11.981018 -74.069000 8.039490 -0.381200 -0.913900 -0.139300
-3.384094 -80.778297 18.925781 -0.487700 -0.655400 -0.576700
-2.436279 -67.204102 -18.470123 0.061700 0.469100 -0.881000
-27.455200 -48.672001 -12.556702 -0.864300 -0.414500 -0.284900
-9.944519 -63.826401 -17.176727 0.286700 0.497900 -0.818500
-5.346802 -66.255104 -18.428009 0.095600 0.476800 -0.873800
-3.193787 -70.698601 -6.841400 -0.475900 -0.869000 -0.135300
-2.944397 -81.563499 -7.215027 -0.494500 -0.331000 -0.803700
-2.681091 -83.820000 -3.845520 -0.562300 -0.822700 -0.083300
-10.385986 -74.001701 -0.775116 -0.851300 -0.516200 -0.094200
-3.395325 -71.192802 -14.664124 -0.305600 -0.949600 -0.069300
-11.069580 -79.598999 23.908691 -0.179200 -0.367200 -0.912700
-12.115784 -75.744499 15.842194 0.023400 -0.977800 -0.208300
-20.756592 -72.687798 17.669403 -0.654800 -0.685700 -0.317900
-21.835999 -67.949699 24.440887 0.606600 0.028200 -0.794500
-21.051025 -77.176399 24.516296 -0.336000 -0.409900 -0.848000
-15.536499 -80.559998 24.142700 -0.269400 -0.490400 -0.828800
-26.800293 -66.941498 7.204193 -0.605800 -0.714900 -0.349200
-20.657288 -69.739998 4.597076 -0.475600 -0.750900 -0.458200
-34.009277 -65.895302 49.286285 -0.903400 -0.363900 -0.226700
-39.478088 -33.917999 58.105881 -0.998800 0.043900 0.019600
-34.362793 -59.129204 15.384277 -0.936200 -0.342800 0.077400
-23.904480 -68.367401 11.454285 -0.540300 -0.837100 -0.085900
-8.633484 -74.868103 5.866394 -0.515700 -0.853500 -0.074500
-2.450134 -81.771004 7.486694 -0.585600 -0.808000 -0.063900
-4.179932 -86.441299 24.746399 0.158300 -0.931000 -0.328800
-4.307922 -82.785500 20.873993 -0.197500 -0.482500 -0.853400
-10.205994 -72.759598 -2.128906 -0.847700 -0.311300 -0.429500
-10.724304 -81.587700 24.177002 -0.397200 -0.219600 -0.891100
-26.049927 -46.980900 -19.053223 -0.876100 -0.279100 -0.393100
-10.163391 -65.988503 -15.110901 -0.730800 -0.682600 0.008600
-22.163696 -23.374100 -18.212799 -0.623800 -0.376600 -0.684900
-35.808105 -15.929601 -9.903198 -0.918200 -0.360800 -0.163700
-29.229797 -71.264503 28.808197 -0.916500 -0.348800 -0.195600
-16.005432 19.850199 57.218292 -0.494100 0.851500 0.175300
-27.619080 6.558399 49.506592 -0.854600 0.519000 0.014400
-36.393433 -42.928001 13.912201 -0.904500 -0.289900 -0.312700
-33.402527 -44.821701 4.820801 -0.920600 -0.255600 -0.295100
-25.888000 -36.265701 -19.105927 -0.785500 0.206800 -0.583300
-27.296387 -53.155701 -6.126801 -0.757000 -0.599700 -0.259300
-6.568787 -69.792801 -14.226227 -0.544000 -0.832500 0.104800
-13.000793 -85.368698 26.995575 -0.437400 -0.807000 -0.396700
-15.930420 -92.048897 54.262192 -0.581900 -0.813200 0.012500
-27.271912 -45.643002 87.680984 -0.503000 -0.240700 0.830100
-17.674622 -12.655101 93.361694 -0.321900 0.227900 0.918900
-17.837891 11.869699 79.188492 -0.316400 0.747000 0.584700
-12.874695 23.401899 18.867096 -0.445500 0.894100 0.046600
-29.419189 31.925200 -26.830200 -0.362400 0.674400 0.643300
-15.479797 -19.074902 -40.117920 -0.202000 -0.957500 0.205900
-15.478333 -60.456802 -11.365814 -0.352100 -0.859100 -0.371400
-23.954712 14.400000 20.496094 -0.720000 0.655900 0.226900
-33.936707 -35.973301 -0.452911 -0.946000 -0.101700 -0.307800
-37.048096 -5.845100 -34.182007 -0.867100 -0.462000 0.186000
-37.740906 -50.403801 77.072388 -0.840900 -0.280500 0.462800
-32.750732 0.633099 71.844193 -0.851900 0.443700 0.278200
-26.603516 -78.466499 30.645386 -0.695200 -0.718500 0.021100
-31.905823 -17.274502 84.424789 -0.770600 0.145700 0.620400
-43.321411 21.823198 -26.772400 -0.531500 0.140300 0.835400
-25.960815 -80.889999 57.791183 -0.752100 -0.624500 0.210400
-52.005493 11.212297 -35.153107 -0.369700 -0.534200 0.760200
-60.885681 27.561998 -32.092926 -0.390600 0.105100 0.914500
-2.381226 -81.599899 4.705078 -0.612300 -0.788600 -0.057300
-5.192078 -77.095604 3.627899 -0.719700 -0.678000 -0.149500
-44.243896 -42.085300 35.949493 -0.929900 -0.353700 0.100600
-43.207520 -42.756901 30.905273 -0.862900 0.258500 -0.434200
-42.439392 -32.272102 23.400787 -0.829300 -0.519800 -0.205200
-44.841980 -30.992100 27.048401 -0.958000 -0.142800 -0.248800
-45.759399 -31.266901 32.331085 -0.997100 -0.076300 -0.003000
-44.741516 -34.073502 36.794983 -0.993100 -0.109500 0.041900
-38.243408 -37.667000 15.564484 -0.889200 -0.432100 0.150200
-41.798584 -35.545700 13.746490 -0.747800 -0.657700 0.091100
-106.867737 2.607698 -88.577301 -0.785100 -0.594800 0.172700
-47.807129 -1.867201 -48.056519 -0.413500 -0.649600 0.638000
-10.687927 81.577698 -101.383209 -0.071100 0.997500 0.000000
-35.203979 78.477005 -101.383209 -0.283800 0.958900 0.000000
-14.581299 -81.671501 25.724976 -0.331000 -0.662300 -0.672100
-9.272095 -83.522102 23.368683 -0.575700 -0.276900 -0.769400
-5.746033 -84.314903 22.006287 -0.205700 -0.594500 -0.777400
-10.929382 -86.056801 26.234680 -0.443000 -0.805400 -0.393700
-16.309387 -83.821800 27.951202 -0.439900 -0.814300 -0.378600
-22.411926 -80.372299 29.779694 -0.592400 -0.791200 -0.151700
0.000000 -31.055201 -71.933807 0.000000 -0.866400 0.499400
0.000000 65.322899 -48.159698 0.000000 0.780000 0.625800
-45.510620 59.510002 -46.202026 -0.266300 0.746400 0.609900
-80.891235 36.087898 -48.537506 -0.610500 0.418600 0.672300
-88.628784 16.078897 -52.093811 -0.644600 -0.147500 0.750100
-82.199219 -1.710501 -58.048523 -0.459000 -0.536900 0.707800
-62.804810 -16.512701 -63.720520 -0.194500 -0.569000 0.799000
-22.835510 -31.099899 -64.607300 -0.284500 -0.695500 0.659800
-16.483032 -33.557701 -64.714325 0.082800 -0.757200 0.647900
-10.130493 -30.951702 -64.821198 0.106800 -0.810100 0.576500
-6.584290 -32.349998 -66.741699 0.104200 -0.856600 0.505300
-4.427979 -32.788002 -68.895599 0.281200 -0.835200 0.472700
-1.853638 -33.286201 -71.427399 0.573400 -0.648500 0.500600
-15.231812 -19.984402 -44.357910 0.013000 -0.974000 0.226300
-11.000183 -20.734100 -43.542297 -0.480900 -0.873400 0.077500
-6.682800 -24.438200 -44.745911 -0.533000 -0.843400 -0.068200
-2.808899 -25.663401 -44.973022 -0.211600 -0.961700 -0.174200
0.047913 -25.894901 -45.012115 -0.000300 -0.979900 -0.199400
0.000000 -39.134800 -77.337311 -0.000000 -0.871600 0.490100
0.000000 79.383400 -71.867126 0.000000 0.938500 0.345300
-57.299683 63.288704 -69.321808 -0.445500 0.833500 0.326900
-92.811523 46.657402 -70.806122 -0.588100 0.666200 0.458500
-107.897095 22.834200 -71.345215 -0.808600 0.059000 0.585300
-98.436523 0.686699 -72.273315 -0.712500 -0.548100 0.438100
-70.676819 -26.681601 -71.867126 -0.441800 -0.791500 0.422200
-32.006226 -39.956802 -73.181824 -0.219000 -0.794000 0.567100
-17.783630 -40.682999 -73.528412 0.117000 -0.834500 0.538400
-9.192322 -38.653503 -74.652313 0.256000 -0.861000 0.439400
-6.011902 -38.443100 -75.663513 0.101500 -0.911300 0.399000
-3.722534 -38.716301 -76.416321 0.034900 -0.903300 0.427500
-1.718323 -39.020302 -77.135620 0.016100 -0.888000 0.459500
-2.084290 -41.950203 -101.383209 -0.087900 -0.996100 0.001200
0.000000 -42.062500 -101.383209 0.000000 -1.000000 -0.000000
0.000000 81.753799 -101.383209 0.000000 1.000000 0.000000
-63.660095 64.742699 -101.383209 -0.431000 0.902300 -0.008200
-101.903992 46.632500 -101.383209 -0.637200 0.770700 0.000000
-117.950317 24.690798 -101.383209 -0.996500 0.083100 0.000000
-106.867737 2.607698 -101.383209 -0.779000 -0.627100 -0.000000
-70.676819 -26.681601 -101.383209 -0.543800 -0.839200 0.000000
-36.106323 -44.222401 -101.383209 -0.366900 -0.930200 0.000000
-20.029480 -48.877998 -101.383209 0.199300 -0.979900 0.000000
-11.232300 -41.717800 -101.383209 0.382500 -0.924000 0.000000
-7.294678 -41.315399 -101.383209 -0.009300 -1.000000 0.000000
-4.510681 -41.652100 -101.383209 -0.121100 -0.992600 -0.000200
-38.133606 -35.831402 11.372803 -0.249800 -0.602300 -0.758200
-29.757996 8.629299 14.118896 -0.843000 0.467400 0.266400
-36.289795 -2.275400 8.563080 -0.960100 0.219200 0.173500
-29.747192 12.087999 5.301483 -0.784600 0.585000 0.205400
-11.946716 -12.577500 93.790390 -0.098300 0.220800 0.970400
-6.187378 13.688601 81.229492 -0.218700 0.741300 0.634600
-12.013489 11.106600 79.613785 -0.233300 0.722300 0.651100
-5.468689 23.107599 56.383789 -0.253900 0.946500 0.199100
-10.737122 21.478899 56.800995 -0.281600 0.935100 0.215300
-4.302917 22.925299 17.817993 0.215900 0.976000 -0.027500
-8.587891 24.734900 18.525085 0.060300 0.997500 0.037800
-5.345337 30.186499 -9.409698 0.267100 0.906100 0.328100
-10.697388 31.705297 -8.190399 -0.147400 0.932400 0.330100
-5.952087 36.408699 -23.509308 -0.109000 0.814900 0.569300
-19.611694 34.172600 -25.166321 -0.268000 0.778700 0.567300
-9.299988 51.693901 -36.414398 -0.045000 0.625900 0.778600
-23.113586 45.995399 -36.441925 -0.201500 0.538600 0.818100
-11.230408 63.471397 -48.145111 -0.045200 0.772900 0.632900
-30.339478 62.264999 -45.941498 -0.127700 0.710800 0.691700
-10.687927 81.577698 -71.867126 0.036200 0.949800 0.310600
-35.203979 78.477005 -71.867126 -0.321100 0.905500 0.277400
-35.203979 78.477005 -88.577301 -0.304900 0.952100 0.021400
-10.687927 81.577698 -88.577301 -0.051100 0.998400 0.022600
-43.781677 -39.084400 35.222687 -0.734400 0.245700 -0.632700
-45.298828 -31.203899 38.408600 -0.983400 -0.181100 0.011800
-42.892212 -30.995001 41.611298 -0.106400 0.425900 0.898500
-2.492981 -68.215599 -19.537201 0.075800 -0.482500 0.872600
0.106079 -68.332504 -19.820801 -0.059600 -0.486400 0.871700
-10.236328 -65.047600 -18.218323 -0.071500 -0.477000 0.876000
-5.533508 -67.692497 -18.958221 0.002800 -0.476400 0.879200
-0.417419 -91.605499 45.179901 -0.000600 -0.951300 -0.308200
-14.641602 -58.667702 26.594879 -0.188800 -0.913300 -0.360900
-0.034485 -44.871498 -6.739227 0.006300 0.464300 -0.885600
-13.325317 -44.825203 -6.767700 -0.002800 -0.487600 0.873100
-2.293884 -44.865601 -6.750824 0.005300 0.464400 -0.885600
-9.940735 -44.840103 -6.765198 -0.000600 -0.490700 0.871400
-5.257324 -44.856598 -6.761902 0.008600 0.472100 -0.881500
-15.427979 -60.824303 -16.803802 -0.203600 -0.966800 0.154100
19.343506 -23.090200 -53.307312 -0.070500 -0.857200 0.510100
1.909912 -74.964203 -0.801422 0.257500 0.110100 -0.960000
42.926575 -32.123600 15.011292 0.975700 -0.151300 -0.158200
30.398193 -62.076797 30.657074 0.909700 -0.413100 -0.042500
28.287781 -69.350700 33.764679 0.918500 -0.363900 0.155100
23.306580 -76.527100 34.677582 0.690400 -0.631000 0.354000
18.861206 -80.853798 34.784576 0.643200 -0.764700 0.037800
13.388916 -84.290504 33.710388 0.486200 -0.858100 -0.165000
8.531799 -86.143196 32.074402 0.246100 -0.951600 -0.184000
3.682190 -86.614601 30.924896 0.047500 -0.977900 -0.203500
21.785217 -70.162102 12.874084 0.447300 -0.894100 -0.019800
25.268372 -67.890999 16.440491 0.560300 -0.827700 0.030400
27.139893 -66.213501 19.018188 0.681300 -0.731300 0.031700
16.386475 -72.623299 11.118500 0.382800 -0.923700 -0.012300
2.866882 -62.164902 -33.463409 0.043200 -0.992500 -0.114400
7.538574 -60.785904 -33.847412 0.458300 -0.888600 -0.019500
11.995972 -57.991501 -31.422119 0.561800 -0.803000 -0.199100
14.740967 -61.215004 -22.220825 -0.312900 -0.949200 -0.033900
17.395081 -61.159904 -16.718109 0.244800 -0.952200 -0.182900
16.976501 -61.873001 -9.810303 0.166700 -0.982100 -0.087800
18.317017 -62.114403 -7.247711 0.568800 -0.705200 -0.423400
15.386719 -67.376297 -2.612610 0.287900 -0.743000 -0.604200
11.065613 -72.435898 1.703400 0.171400 -0.707400 -0.685700
8.003662 -76.133804 3.321075 0.418400 -0.819300 -0.392000
27.823669 -71.187004 44.476685 0.820200 -0.463600 -0.335200
22.987610 -81.630203 49.910400 0.725200 -0.650000 -0.227100
15.158691 -87.848297 49.586182 0.620900 -0.589600 -0.516600
8.737122 -92.940498 46.818481 0.480700 -0.472100 -0.739000
3.514709 -95.628799 46.925781 0.401500 -0.872900 -0.277100
11.682190 -74.664703 10.969391 0.365700 -0.914800 0.171500
7.785889 -75.749298 12.931091 0.568100 -0.782200 0.255600
4.697510 -78.254097 14.182800 0.753400 -0.649900 0.100200
2.142395 -82.005898 13.934998 0.656600 -0.752400 0.052700
24.690674 -72.215302 21.307098 0.782500 -0.544400 -0.302100
20.209778 -76.063904 22.345703 0.519200 -0.820600 -0.238900
101.903992 46.632500 -88.577301 0.655100 0.734500 0.176800
117.950256 24.690798 -88.577301 0.966000 0.086100 0.243800
70.676819 -26.681601 -88.577301 0.536400 -0.843200 0.036300
36.106262 -44.222401 -88.577301 0.365200 -0.915500 0.168800
11.232300 -41.717800 -88.577301 -0.401300 -0.913200 0.070700
7.294678 -41.315399 -88.577301 -0.004500 -0.993500 0.114100
15.027100 -78.816902 22.190277 0.304900 -0.936400 -0.173900
10.710510 -79.413002 20.882385 -0.243800 -0.940100 -0.238300
8.174866 -76.733398 19.771484 -0.615100 -0.630300 -0.473700
3.853394 -92.987000 58.803391 0.064400 -0.841600 0.536300
4.967773 -79.359604 74.465881 0.025600 -0.624300 0.780800
8.357422 -43.287903 93.174088 0.153700 -0.256600 0.954200
9.716492 -79.658600 73.471481 0.306300 -0.598400 0.740300
17.280823 -44.559898 90.656586 0.234300 -0.282200 0.930300
34.674011 42.960304 -36.720520 0.159600 0.494700 0.854300
20.029480 -48.877998 -88.577301 -0.170100 -0.971200 0.166700
43.242493 -30.124701 18.082275 0.987300 -0.066200 -0.144700
2.916199 -27.820000 -53.966705 0.104000 -0.954200 0.280400
6.685120 -27.164600 -53.966705 0.389500 -0.874000 0.290600
9.323669 -25.100300 -54.080322 0.552300 -0.772000 0.314600
12.496765 -22.759201 -53.786713 0.211500 -0.873000 0.439500
36.171509 -40.597198 29.086578 0.837500 0.343000 -0.425400
32.651611 -35.372501 23.711090 0.957800 -0.287500 -0.001200
41.332520 -36.925201 36.431976 0.716400 -0.004800 -0.697700
41.537720 -41.393303 31.861298 0.691600 0.420800 -0.587000
42.010864 -34.489601 32.485596 0.765400 -0.620100 -0.172000
41.732422 -34.435200 27.214600 0.655900 -0.711500 -0.252000
40.951721 -36.200001 31.819794 0.894400 -0.375500 -0.243000
36.305481 -16.478901 5.220276 0.999900 -0.009500 0.007900
39.374878 -42.417900 27.006592 0.980400 0.039400 -0.193000
42.710205 -27.469301 26.964874 0.855800 -0.513900 -0.058600
42.511963 -28.753700 23.839081 0.909500 -0.399600 0.115000
42.676086 -33.170898 18.914978 0.750500 -0.640000 0.164700
36.125366 -35.127899 18.020782 0.823400 -0.384300 0.417500
43.218506 -33.140400 39.386597 0.800100 -0.169000 -0.575600
43.215576 -27.615700 33.078278 0.816000 -0.535300 -0.218100
15.690979 -60.051003 -19.056427 0.779500 -0.292400 -0.554000
2.615112 -68.909401 -17.843597 0.179000 -0.513600 -0.839100
2.486694 -69.371498 -20.369019 0.002700 -0.908700 0.417400
5.468323 -68.771004 -20.005615 0.260400 -0.891300 0.371200
13.484009 -62.456802 -16.364502 -0.043900 -0.490600 0.870300
10.266174 -65.987099 -18.986298 0.478200 -0.788400 0.387000
5.533875 -68.030800 -17.541504 0.347300 -0.565400 -0.748100
9.756775 -65.167297 -16.832123 0.484800 -0.307200 -0.818900
13.295715 -61.645599 -15.346619 0.598200 -0.781900 -0.175700
10.311768 -66.184898 -20.206909 0.656600 -0.736600 -0.162000
5.807495 -68.821503 -21.709412 0.387600 -0.898300 -0.207200
2.580017 -69.593597 -22.023315 0.111900 -0.963700 -0.242300
2.897400 -70.245804 -16.508301 0.237900 -0.776000 -0.584200
5.991211 -69.067299 -16.248322 0.454300 -0.731600 -0.508400
9.585999 -66.050301 -16.225098 0.636200 -0.625600 -0.451500
5.299683 -69.702797 -7.985016 0.483000 -0.855200 -0.188000
1.640381 -71.128204 -9.596619 -0.055600 -0.995100 -0.081300
3.232910 -70.563400 -9.558624 0.467700 -0.880400 -0.078300
0.774414 -70.692001 -9.944916 -0.198800 -0.971400 -0.130100
1.853821 -71.493904 -5.915405 0.434400 -0.665800 -0.606600
0.722412 -71.230400 -6.534607 0.266800 -0.822000 -0.503200
1.691772 -71.409401 -7.700806 0.138500 -0.987000 -0.081300
0.754089 -71.284698 -8.213226 -0.120900 -0.971200 -0.205500
0.853516 -70.660904 -13.103210 -0.255500 -0.946400 0.197700
1.672607 -71.160202 -13.383026 -0.027000 -0.985000 0.170400
38.422607 -42.570400 34.161987 0.241500 -0.786800 0.568100
41.192810 -44.981800 36.062683 -0.062100 -0.919600 0.387900
43.369263 -44.003601 34.217377 0.795900 -0.602400 -0.060200
36.390564 -26.535601 20.538483 0.649200 0.758700 -0.053900
37.928101 -28.123402 15.338776 0.526400 0.731900 -0.432800
42.672607 -26.172800 16.577301 0.494300 0.747600 -0.443500
44.383911 -27.864700 22.529785 0.987300 -0.145400 0.064100
38.200500 -38.495102 18.167999 0.982900 0.171100 -0.068000
39.142578 11.880701 -27.106201 0.842400 -0.258100 0.473100
37.639465 0.305300 -2.714722 0.977500 0.168600 0.126600
34.812866 -6.701200 19.840973 0.974900 0.164300 0.150000
35.369019 -12.378501 35.138000 0.976600 0.209500 0.048100
7.171387 -74.190498 2.706085 0.060600 -0.315100 -0.947100
10.252014 -69.601898 0.034302 0.143200 -0.712300 -0.687200
13.285278 -62.175903 -18.674316 0.723400 -0.610400 -0.322600
28.012817 -66.529503 24.851593 0.809300 -0.373300 -0.453500
25.608093 -72.035904 25.322876 0.650000 -0.515000 -0.558800
44.344116 -40.672401 37.576385 0.948300 -0.292400 0.123100
44.265869 -36.320400 40.094299 0.979400 -0.042100 0.197400
45.937012 -27.263500 33.086578 0.960700 -0.259400 -0.098600
45.074585 -27.105301 25.917603 0.942300 -0.314500 -0.114800
42.187378 -31.000999 11.943176 0.570000 0.333300 -0.751000
41.448975 -35.390900 10.431000 0.505000 -0.349200 -0.789300
42.049500 -44.049900 30.355103 0.589300 -0.660700 -0.465000
41.376770 -41.601402 39.872681 -0.086600 -0.594100 0.799700
42.315674 -35.276001 43.001587 0.094900 -0.084100 0.991900
44.109314 -24.578800 34.730591 0.305400 0.885200 0.350800
43.351013 -24.591200 26.326874 0.311400 0.946900 -0.079700
37.778687 -30.177401 13.212799 0.638700 0.445500 -0.627400
37.711365 -34.168999 11.391479 0.617600 0.153400 -0.771400
38.117981 -44.464699 30.615692 0.657800 -0.746000 -0.103700
38.049683 -39.534698 37.091492 0.331200 -0.419700 0.845100
37.817505 -34.246300 38.591492 -0.631200 -0.012800 0.775500
36.682800 -27.713600 34.319702 0.990600 0.090400 -0.102800
37.188416 -38.208401 14.039093 0.784100 -0.544800 -0.297400
37.320923 -30.341202 37.284576 0.993700 0.110700 -0.015200
37.049011 -25.349701 14.155273 0.978000 0.196500 0.070600
35.562805 -16.728100 13.717102 0.994400 0.082500 0.066700
36.475464 -50.695301 46.343292 0.972500 -0.217800 -0.082800
37.315308 -45.566902 39.468689 0.964300 -0.241600 0.108800
27.480103 -18.076601 -37.894623 0.369300 -0.917900 0.145100
28.734070 -21.647501 -21.118927 0.390800 -0.870400 -0.299400
-0.300232 -24.125101 -31.333313 0.710500 -0.591100 -0.381800
5.516663 -22.906101 -31.321106 0.595300 -0.688400 -0.414400
11.814514 -19.885900 -28.866302 0.738300 -0.453500 -0.499200
14.693665 -13.887501 -28.992310 0.393400 -0.894500 -0.212400
37.428284 -32.591900 47.270996 0.998400 0.039700 -0.040300
8.533508 -91.339798 60.197891 0.399100 -0.764500 0.506100
13.096008 -80.904800 69.924591 0.484100 -0.618200 0.619200
2.411987 -96.970497 50.892593 0.122700 -0.982100 0.142800
3.343201 -84.457199 21.984802 -0.124800 -0.685500 -0.717300
7.031006 -84.396202 22.626678 0.344500 -0.490800 -0.800300
10.373718 -82.904900 24.783600 0.524900 -0.317100 -0.789900
17.431885 -80.557503 26.461975 0.466400 -0.625800 -0.625200
24.200195 -76.573402 28.023285 0.579800 -0.547100 -0.603800
25.316406 -69.132698 21.092590 0.677800 -0.369900 -0.635500
7.442566 -74.832802 19.670990 -0.024800 -0.993800 -0.108200
8.608704 -76.007103 19.159973 0.187500 -0.007000 -0.982200
11.098022 -78.672302 20.085999 0.193900 -0.256500 -0.946900
15.179077 -77.915604 21.338196 0.218900 -0.041100 -0.974900
19.813293 -75.399498 21.464783 -0.018600 -0.051700 -0.998500
23.701477 -72.465302 20.358093 0.073900 -0.199600 -0.977100
33.587891 -56.906898 31.447174 0.920000 -0.391100 0.024500
29.787109 -62.291702 21.533691 0.800400 -0.599400 -0.011800
33.553589 -57.522499 19.260193 0.939200 -0.329700 0.095500
34.002991 -51.959602 16.368286 0.995800 -0.087500 -0.027300
29.961609 -23.844301 -5.464203 0.751400 -0.355300 -0.556000
31.242920 -31.346401 -8.987122 0.906800 0.164800 -0.388000
20.553284 -60.200897 -5.568420 0.819600 -0.461600 -0.339300
18.328613 -65.527298 -1.754913 0.655500 -0.644900 -0.393100
19.769470 -59.462898 -7.878113 0.803200 -0.539700 -0.252200
20.658203 -58.089699 -15.918518 0.826100 -0.554800 -0.099000
26.190186 -23.421200 -52.828003 0.349600 -0.853800 0.385600
12.301270 -57.411003 -23.368225 0.077200 -0.953600 -0.290900
9.440918 -59.801201 -27.910400 0.728600 -0.649900 -0.216000
7.106262 -61.508003 -29.774323 0.493600 -0.806500 -0.325600
2.993164 -62.883598 -30.015900 0.173100 -0.872600 -0.456700
30.937866 -36.623703 -9.881226 0.932300 -0.038500 -0.359700
30.209167 -41.118500 -10.758820 0.943400 -0.177200 -0.280400
2.848267 -29.850000 -39.141907 0.322200 -0.945500 -0.047600
3.448975 -29.956100 -31.915924 0.136100 0.223300 -0.965200
3.413879 -41.096500 -36.944824 0.280600 0.506100 -0.815500
8.188904 -43.016701 -34.774017 0.447400 0.548700 -0.706200
16.161072 -39.320198 -27.697113 0.511800 0.433800 -0.741500
24.417908 -31.710300 -18.636414 0.720500 0.233800 -0.652900
35.493164 -31.342800 2.694000 0.932100 -0.116800 -0.342900
37.535889 -42.644402 19.287292 0.928800 -0.301100 -0.215900
8.495117 -74.975700 19.975677 0.984500 -0.001900 -0.175300
7.825500 -75.825104 18.424591 -0.027300 -0.999600 0.001100
9.598572 -76.003502 17.562073 0.201100 -0.978800 0.038700
12.318420 -75.634598 16.998291 0.200200 -0.861200 0.467200
10.758118 -76.429504 22.114899 0.501000 0.446500 -0.741300
16.243103 -74.217598 17.382690 0.140000 -0.762700 0.631400
15.209412 -75.921303 23.652893 -0.039500 0.542800 -0.838900
20.305969 -73.212799 18.893188 0.357000 -0.836700 0.415300
23.737671 -70.866699 21.618774 -0.653000 0.180100 -0.735600
25.963196 -70.397301 23.890900 0.843600 -0.456500 -0.282700
20.518188 -72.566803 23.889282 -0.454800 0.441900 -0.773200
34.610107 -51.402901 21.083374 0.964400 -0.247700 -0.092300
34.565491 -52.774002 12.708496 0.992200 0.005000 -0.124200
31.819214 -55.578300 7.702789 0.855500 -0.175400 -0.487200
27.245422 -60.847099 3.515594 0.694000 -0.404700 -0.595500
22.227600 -61.878700 0.792603 0.623300 -0.533600 -0.571600
26.850891 -40.047001 -17.636200 0.898200 -0.005700 -0.439600
30.089905 -44.221703 -4.064697 0.926600 -0.316900 -0.202600
29.227478 -50.409901 2.303986 0.858300 -0.341600 -0.382900
32.498779 -62.924797 11.514893 0.826800 -0.528700 -0.192100
26.552307 -66.395599 21.793182 0.812900 -0.538500 -0.221700
23.905212 -68.155098 18.909790 0.554400 -0.821600 -0.132300
20.777588 -70.022202 13.934479 0.466000 -0.882700 0.059700
15.953979 -72.246597 12.278595 0.326800 -0.945000 -0.015000
11.365967 -73.310204 12.618103 0.314400 -0.943200 0.107800
7.698181 -74.791199 14.576202 0.556200 -0.767300 0.319200
5.317871 -76.493202 16.143585 0.738200 -0.561500 0.373900
2.170776 -81.806702 15.649780 0.602800 -0.739700 0.299100
32.444519 -39.963600 -2.165314 0.913600 -0.253300 -0.318000
21.360596 -82.976097 48.772583 0.674100 -0.706100 -0.216800
19.620117 -82.080704 39.907501 0.719400 -0.660100 -0.216100
19.372314 -82.366600 29.111481 0.574500 -0.769300 -0.279400
3.999695 -91.205902 45.610596 0.339200 -0.900000 -0.273700
8.777222 -88.466599 36.006378 0.210900 -0.937900 -0.275300
8.252380 -86.785095 25.563599 0.248000 -0.897900 -0.363600
7.128174 -82.684303 22.334076 0.449500 -0.068600 -0.890600
7.159485 -80.591499 22.520691 0.461700 -0.155400 -0.873300
7.449219 -79.405304 22.162994 0.522100 -0.275900 -0.807000
5.575867 -80.683998 21.777679 0.539800 -0.322000 -0.777800
9.378662 -70.823303 22.109497 0.810100 0.012800 -0.586200
13.112366 -66.447403 -3.176910 0.222900 -0.791100 -0.569600
2.135315 -82.216202 11.726379 0.668100 -0.743900 -0.019200
2.278320 -80.401299 17.365082 0.682900 -0.726600 0.076100
6.686096 -75.283203 20.311584 0.313900 -0.881700 -0.352300
7.736206 -75.890999 22.016296 -0.001700 -0.787500 -0.616300
5.289307 -76.199699 19.339996 0.604600 -0.568000 -0.558300
5.192505 -75.147202 18.062683 0.501900 -0.840900 -0.202600
3.786804 -78.629898 11.643799 0.762000 -0.647000 -0.027300
22.897217 -50.629799 -18.622711 0.821400 -0.486400 -0.297900
23.375366 -52.686901 -12.376923 0.784300 -0.578800 -0.223300
22.417480 -55.349503 -6.496124 0.700200 -0.657800 -0.277600
33.692017 -57.449699 24.207703 0.930500 -0.366200 -0.006200
30.642090 -62.669502 26.260101 0.888800 -0.448500 -0.094300
28.911316 -67.673500 36.457275 0.908800 -0.417100 -0.010500
27.927979 -65.396103 15.379486 0.644100 -0.760000 0.086500
22.954590 -69.419899 21.049286 0.518700 -0.540300 -0.662600
22.718018 -67.116898 23.360687 -0.888800 -0.445600 -0.107200
7.277893 -74.680901 16.230286 0.086900 -0.982600 -0.163900
20.441467 -68.179703 20.612701 -0.352300 -0.497700 0.792600
37.136719 -14.155300 -53.782898 0.479200 -0.703500 0.524800
10.296509 -71.046600 19.479797 0.488600 -0.431800 0.758200
16.866577 -69.472702 19.333588 -0.061200 -0.464500 0.883500
13.111511 -70.627403 18.929291 0.139400 -0.460900 0.876400
20.882813 -75.160202 24.861298 0.472400 -0.540200 -0.696400
14.926697 -78.149704 24.675781 0.311600 -0.611500 -0.727300
10.318115 -78.585098 23.311890 0.014800 -0.813200 -0.581800
19.784912 -68.713997 25.385590 -0.263600 0.149300 -0.953000
15.645508 -70.552399 25.094177 0.098500 0.224000 -0.969600
11.741089 -71.230804 23.794800 0.451200 0.178600 -0.874400
1.464172 -77.023300 -5.600525 0.508400 0.378200 -0.773700
1.158569 -73.960503 -5.593811 0.771200 -0.162700 -0.615400
3.714172 -70.940704 -4.915710 0.315400 -0.609000 -0.727800
7.193970 -72.189003 -5.818115 0.127100 -0.001000 -0.991900
5.924316 -72.945000 -5.090302 -0.597100 0.025800 -0.801800
3.822510 -77.162598 -5.506805 -0.133800 0.154400 -0.978900
2.692871 -56.593002 -41.150299 0.060300 -0.423900 -0.903700
3.725098 -48.539299 -42.467316 0.251200 0.188200 -0.949500
7.726501 -61.023102 -36.539307 0.445900 -0.824700 -0.347900
2.973877 -62.298599 -36.422302 -0.077100 -0.919500 -0.385500
8.808167 -47.488403 -39.776215 0.440200 0.350200 -0.826800
7.655701 -56.030998 -40.725311 0.334400 -0.287600 -0.897500
16.434387 -46.183201 -34.258301 0.587300 0.362900 -0.723500
22.394470 -45.751400 -25.650299 0.879400 -0.064700 -0.471600
19.798767 -51.195198 -30.912903 0.829800 -0.335900 -0.445600
13.952393 -53.314701 -36.840027 0.680100 -0.272600 -0.680500
12.230713 -63.538002 -12.257202 0.679000 -0.712500 -0.176900
6.246887 -67.960800 -10.455109 0.591500 -0.805500 -0.034600
3.587463 -70.241501 -12.736298 0.455600 -0.868100 0.197200
9.064880 -88.476295 47.470886 0.342000 -0.935000 -0.094400
14.759277 -86.760597 48.410889 0.443900 -0.890800 -0.096800
24.552979 -74.981598 42.965576 0.803400 -0.553200 -0.220100
32.190979 -58.185997 37.942902 0.928200 -0.357000 0.104700
35.882019 -17.840302 47.837189 0.978900 0.204500 0.001900
32.412781 -1.376101 28.849182 0.916300 0.398000 0.044700
29.766113 16.162600 -3.614807 0.703200 0.607900 0.368700
16.062622 27.314100 -7.850403 0.537000 0.769600 0.345400
23.136963 -76.011604 38.978790 0.814400 -0.576500 -0.065700
13.936279 -86.486397 37.657684 0.524900 -0.812600 -0.253300
3.803772 -88.405800 35.801392 0.105000 -0.953800 -0.281500
8.114868 -70.673599 -0.200409 0.988900 -0.052300 -0.139400
5.887268 -73.355103 2.511475 0.807400 -0.545200 -0.225500
4.370972 -77.787300 1.511200 0.755800 -0.625600 0.193300
4.701477 -79.513603 -2.722809 0.851600 -0.523800 -0.019000
4.889709 -70.074203 -4.603699 0.517500 -0.395800 -0.758600
4.651306 -77.902199 -5.284424 0.608500 -0.284700 -0.740700
5.100220 -78.283203 7.468079 0.744100 -0.667900 -0.013300
8.451721 -71.312500 -5.392426 0.546300 0.318900 -0.774500
7.596375 -75.599602 -3.889618 0.728100 -0.545800 -0.414700
7.042908 -76.626999 -1.019623 0.670900 -0.741600 -0.000600
10.761780 -71.556801 -0.652100 0.896900 0.414100 0.155400
7.917297 -75.757301 1.597595 0.520800 -0.575400 0.630600
1.979675 -81.439003 1.945984 0.638300 -0.756800 0.140600
9.585510 -72.723701 1.411682 0.602200 0.180900 0.777600
9.462891 -70.781601 -3.582397 0.708300 0.623300 -0.331300
29.697815 -63.224403 18.508698 0.755600 -0.641600 0.131700
16.871582 -71.767502 9.809479 0.447800 -0.871600 -0.199600
15.934204 -74.661003 16.062195 0.334500 -0.924600 -0.182500
13.664063 -72.735901 3.292480 0.374100 -0.837600 -0.398000
8.147278 -95.668098 53.010681 0.341500 -0.933300 0.111500
25.685913 -56.883003 -0.360901 0.714400 -0.478500 -0.510600
22.096375 -57.233200 -3.177002 0.726900 -0.555000 -0.404600
16.722290 -61.492897 -8.942017 0.906800 0.347700 0.238300
8.708374 -30.276100 -31.069000 0.421300 0.198500 -0.884900
12.815979 -20.229900 -37.952911 0.638500 -0.755800 0.145400
6.828308 -28.065800 -38.715912 0.564100 -0.822300 0.075600
15.335266 -28.440701 -25.692200 0.640100 0.121400 -0.758700
2.561584 -68.333603 -23.646820 0.109000 -0.776200 -0.621000
16.565674 -54.343803 -30.245026 0.677600 -0.649300 -0.345300
12.839111 -56.345604 -34.486603 0.688200 -0.654700 -0.312600
5.808167 -67.716499 -23.688324 0.363400 -0.752600 -0.549200
10.752014 -64.567703 -21.781403 0.755600 -0.501000 -0.421900
18.836609 -59.953598 -21.667206 0.622000 -0.751100 -0.221300
7.885193 -76.028297 9.377899 0.463400 -0.881700 -0.088700
9.017273 -70.773399 21.031494 0.929100 -0.316700 0.190800
5.855713 -79.547897 20.702484 0.625900 -0.400100 -0.669400
11.617981 -74.124504 8.163483 0.378400 -0.915700 -0.135300
2.875793 -80.793098 18.958679 0.490700 -0.657700 -0.571600
2.392090 -67.198402 -18.454498 -0.130400 0.474100 -0.870800
27.429077 -48.299500 -12.372803 0.859500 -0.418700 -0.293300
9.823120 -63.957703 -16.873718 0.132800 0.465800 -0.874800
5.183411 -66.185204 -18.918304 -0.153300 0.484300 -0.861400
2.995911 -70.790604 -6.720398 0.441800 -0.890400 -0.109800
2.706970 -81.576797 -7.185425 0.501400 -0.333300 -0.798500
2.397705 -83.831902 -3.818817 0.559300 -0.825300 -0.077400
10.119568 -74.062500 -0.660706 0.848300 -0.523500 -0.080000
3.307190 -71.188202 -14.618713 0.295900 -0.952100 -0.077800
10.513977 -79.649803 24.022003 0.187000 -0.368000 -0.910800
11.662964 -75.800499 15.967102 -0.025800 -0.977700 -0.208500
20.298523 -72.784401 17.885101 0.654900 -0.688800 -0.311000
21.328918 -68.051201 24.667603 -0.598100 0.031000 -0.800800
20.499695 -77.274200 24.734589 0.343000 -0.411500 -0.844400
14.973572 -80.631798 24.302979 0.275800 -0.491700 -0.825900
26.478577 -67.066803 7.483978 0.607800 -0.716300 -0.342900
20.350281 -69.836502 4.812500 0.476900 -0.753100 -0.453200
33.250183 -66.053604 49.639587 0.904000 -0.368200 -0.217200
38.776367 -34.102100 58.516891 0.998800 0.039200 0.030100
33.991516 -59.290100 15.743286 0.931900 -0.352700 0.084700
23.531677 -68.479103 11.703400 0.537300 -0.839600 -0.080300
8.289917 -74.907898 5.955292 0.512400 -0.856000 -0.069100
2.057312 -81.781601 7.510376 0.582500 -0.810800 -0.057800
3.583801 -86.459602 24.787201 -0.159300 -0.930300 -0.330400
3.769592 -82.804504 20.916473 0.204200 -0.483400 -0.851300
9.972107 -72.862198 -1.988098 0.850500 -0.318800 -0.418300
10.156616 -81.636902 24.286591 0.405500 -0.221500 -0.886800
26.063477 -47.080101 -18.817719 0.858000 -0.346200 -0.379500
9.928772 -66.205902 -14.838409 0.714700 -0.697800 -0.047200
22.254700 -23.467100 -18.014801 0.568500 -0.401000 -0.718300
35.838562 -16.438900 -9.290710 0.920400 -0.359600 -0.153600
28.660767 -71.400703 29.112274 0.916900 -0.353100 -0.186000
15.567566 19.775900 57.384186 0.496200 0.849100 0.181100
27.198975 6.429399 49.794495 0.857100 0.514500 0.024100
36.073914 -42.664501 14.332886 0.921100 -0.274500 -0.276000
33.308716 -46.935101 5.240601 0.901800 -0.284600 -0.325200
25.943604 -36.372601 -18.861603 0.790800 0.204400 -0.576900
27.470276 -52.424103 -6.133698 0.791800 -0.550100 -0.265400
6.456604 -69.789101 -14.083313 0.546200 -0.836200 0.049400
12.385498 -85.428398 27.128876 0.437700 -0.809100 -0.392100
14.997009 -92.121597 54.424591 0.577900 -0.815900 0.018600
26.205200 -45.768799 87.961792 0.493100 -0.243000 0.835300
16.704102 -12.736001 93.542282 0.313300 0.226400 0.922300
17.131714 11.787500 79.372192 0.313700 0.745600 0.588000
12.832886 23.398100 18.846191 0.446700 0.893200 0.052200
29.421875 31.905500 -26.904510 0.361000 0.674000 0.644500
15.484680 -19.072201 -40.116699 0.206100 -0.941100 0.268100
14.948181 -61.274300 -10.159698 0.386600 -0.720800 -0.575300
23.875122 14.427500 20.465973 0.719600 0.655400 0.229600
33.830017 -36.038002 -0.189606 0.946200 -0.099600 -0.307900
37.220520 -5.922701 -34.002716 0.872200 -0.455400 0.178300
36.762512 -50.579102 77.463684 0.834700 -0.284400 0.471600
32.067688 0.480598 72.184586 0.851000 0.439700 0.287100
25.981506 -78.590302 30.921600 0.691500 -0.721800 0.028400
31.006409 -17.422501 84.755188 0.764700 0.142100 0.628500
43.328369 21.788401 -26.836609 0.531400 0.145300 0.834600
25.042175 -81.010002 58.058990 0.746900 -0.628000 0.218300
52.005493 11.212297 -35.153107 0.373300 -0.532500 0.759600
60.885681 27.561998 -32.092926 0.389700 0.105000 0.914900
2.018494 -81.610298 4.728180 0.609100 -0.791400 -0.050900
4.861694 -77.119301 3.680603 0.718000 -0.681400 -0.142000
43.736267 -42.292301 36.411591 0.927100 -0.358100 0.110400
42.749695 -42.959198 31.356689 0.870400 0.254600 -0.421400
42.119995 -32.457500 23.794189 0.829000 -0.523000 -0.198200
44.487793 -31.209702 27.478180 0.960100 -0.147600 -0.237500
45.341614 -31.493301 32.801392 0.996600 -0.081400 0.008300
44.262573 -34.282902 37.262390 0.992100 -0.113700 0.053100
37.978882 -37.824902 15.969696 0.890100 -0.426500 0.160400
41.559265 -35.708099 14.124573 0.745400 -0.659600 0.096900
106.867676 2.607698 -88.577301 0.785100 -0.594800 0.172700
47.807068 -1.867201 -48.056519 0.417800 -0.649800 0.634900
10.687866 81.577698 -101.383209 0.071100 0.997500 -0.000000
35.203979 78.477005 -101.383209 0.283800 0.958900 0.000000
13.996704 -81.738701 25.875000 0.334900 -0.663900 -0.668600
8.703918 -83.564400 23.463074 0.582400 -0.279600 -0.763300
5.188477 -84.340599 22.063690 0.211100 -0.595500 -0.775200
10.318970 -86.106796 26.346283 0.443400 -0.807500 -0.389000
15.691162 -83.897003 28.119202 0.440100 -0.816400 -0.374000
21.790283 -80.476303 30.011902 0.590200 -0.794000 -0.145500
45.510620 59.510002 -46.202026 0.266300 0.746400 0.609900
80.891174 36.087898 -48.537506 0.610500 0.418600 0.672300
88.628906 16.078897 -52.093811 0.644600 -0.147500 0.750100
82.199219 -1.710501 -58.048523 0.459000 -0.536900 0.707800
62.804810 -16.512701 -63.720520 0.194500 -0.569000 0.799000
22.835510 -31.099899 -64.607300 0.284500 -0.695500 0.659800
16.482971 -33.557701 -64.714325 -0.082800 -0.757200 0.647900
10.130615 -30.951702 -64.821198 -0.106800 -0.810100 0.576500
6.584290 -32.349998 -66.741699 -0.104200 -0.856600 0.505300
4.427979 -32.788002 -68.895599 -0.281200 -0.835200 0.472700
1.853577 -33.286201 -71.427399 -0.573400 -0.648500 0.500600
15.233521 -19.973200 -44.363312 -0.011700 -0.974300 0.224800
11.085205 -20.739000 -43.523621 0.486500 -0.870700 0.071900
6.779297 -24.464602 -44.709625 0.534100 -0.842200 -0.074000
2.904785 -25.667500 -44.964417 0.209600 -0.962100 -0.174700
57.299805 63.288704 -69.321808 0.445500 0.833500 0.326900
92.811462 46.657402 -70.806122 0.588100 0.666200 0.458500
107.897217 22.834200 -71.345215 0.808600 0.059000 0.585300
98.436462 0.686699 -72.273315 0.712500 -0.548100 0.438100
70.676819 -26.681601 -71.867126 0.441800 -0.791500 0.422200
32.006165 -39.956802 -73.181824 0.219000 -0.794000 0.567100
17.783569 -40.682999 -73.528412 -0.117000 -0.834500 0.538400
9.192322 -38.653503 -74.652313 -0.256000 -0.861000 0.439400
6.011902 -38.443100 -75.663513 -0.101500 -0.911300 0.399000
3.722473 -38.716301 -76.416321 -0.034900 -0.903300 0.427500
1.718323 -39.020302 -77.135620 -0.016100 -0.888000 0.459500
2.084412 -41.950203 -101.383209 0.087900 -0.996100 0.001200
63.660095 64.742699 -101.383209 0.431000 0.902300 -0.008200
101.903992 46.632500 -101.383209 0.637200 0.770700 -0.000000
117.950256 24.690798 -101.383209 0.996500 0.083100 -0.000000
106.867676 2.607698 -101.383209 0.779000 -0.627100 -0.000000
70.676819 -26.681601 -101.383209 0.543800 -0.839200 0.000000
36.106262 -44.222401 -101.383209 0.366900 -0.930200 0.000000
20.029480 -48.877998 -101.383209 -0.199300 -0.979900 0.000000
11.232300 -41.717800 -101.383209 -0.382500 -0.924000 0.000000
7.294678 -41.315399 -101.383209 0.009300 -1.000000 0.000000
4.510681 -41.652100 -101.383209 0.121100 -0.992600 -0.000200
37.915771 -35.992599 11.749390 0.256000 -0.606600 -0.752700
29.705872 8.557400 14.267975 0.842400 0.464900 0.272300
36.242981 -2.364401 8.796295 0.959800 0.216800 0.178300
29.746521 12.023699 5.487885 0.785300 0.583500 0.207000
10.972412 -12.631401 93.910690 0.089200 0.220300 0.971300
5.469116 13.661200 81.290695 0.215600 0.740200 0.636900
11.299622 11.051798 79.736191 0.229900 0.721200 0.653500
5.055664 23.082800 56.439087 0.256100 0.945300 0.202000
10.311707 21.429300 56.911591 0.283700 0.933700 0.218600
4.266296 22.923098 17.811890 -0.217400 0.975700 -0.029000
8.550598 24.741301 18.481079 -0.057600 0.997600 0.038300
5.359619 30.186899 -9.425812 -0.266000 0.906700 0.327200
10.712463 31.700399 -8.192627 0.148600 0.932700 0.328500
5.956665 36.393196 -23.627319 0.115600 0.813800 0.569500
19.615295 34.147797 -25.296021 0.266500 0.778300 0.568600
9.299988 51.693901 -36.414398 0.045000 0.624100 0.780000
23.113586 45.995399 -36.441925 0.200400 0.536300 0.819900
11.230408 63.471397 -48.145111 0.045200 0.772900 0.632900
30.339478 62.264999 -45.941498 0.127700 0.710800 0.691700
10.687866 81.577698 -71.867126 -0.036200 0.949800 0.310600
35.203979 78.477005 -71.867126 0.321100 0.905500 0.277400
35.203979 78.477005 -88.577301 0.304900 0.952100 0.021400
10.687866 81.577698 -88.577301 0.051100 0.998400 0.022600
43.295776 -39.289200 35.680084 0.742200 0.242200 -0.624900
44.816406 -31.416000 38.881897 0.982400 -0.185400 0.023600
42.377319 -31.195601 42.059174 0.098800 0.425700 0.899400
2.494507 -68.439201 -19.358826 -0.120900 -0.477200 0.870400
10.152710 -65.187599 -18.083527 0.060400 -0.475100 0.877900
5.408875 -67.816399 -18.856903 0.011900 -0.470800 0.882200
14.156067 -58.735397 26.746094 0.188300 -0.914200 -0.358900
13.297974 -44.931198 -6.625122 -0.010800 -0.485800 0.874000
2.224915 -44.876701 -6.724701 0.007100 0.464800 -0.885400
9.871704 -44.890503 -6.644897 -0.012900 -0.488700 0.872300
5.188293 -44.882698 -6.700714 -0.002000 0.482600 -0.875800
15.166809 -61.687401 -14.389221 0.708600 -0.704800 0.033900
-4.380737 -65.222900 -18.461426 0.156000 -0.065100 -0.985600
-6.223022 -62.690804 -17.159119 -0.238300 0.795200 -0.557600
-4.043030 -64.876801 -18.322510 0.472000 0.175300 -0.864000
-6.624329 -63.008499 -17.280609 -0.518200 0.600900 -0.608600
-6.835022 -63.625000 -17.554016 -0.592800 0.398100 -0.700100
-3.875183 -63.743500 -17.805298 0.490100 0.577000 -0.653400
-6.791992 -64.141899 -17.797699 -0.537600 0.070900 -0.840200
-5.779114 -62.676598 -17.181915 0.124200 0.816200 -0.564200
-4.888123 -65.208702 -18.421204 -0.235100 -0.075300 -0.969100
-4.250793 -65.660500 -18.234009 0.381900 -0.696900 -0.607000
-4.836487 -65.664101 -18.196899 -0.283700 -0.749600 -0.598000
-3.849487 -65.219101 -18.054901 0.881000 -0.277500 -0.383100
-3.619690 -63.813400 -17.414917 0.889900 0.449400 -0.077600
-5.785095 -62.576302 -16.694824 0.231000 0.964700 0.126500
-7.002014 -64.427002 -17.476807 -0.846400 -0.360600 -0.392000
-7.035095 -63.790901 -17.178101 -0.973800 0.194800 -0.117400
-6.772095 -63.021202 -16.836823 -0.833400 0.552000 0.025300
-6.298523 -62.612404 -16.677612 -0.376300 0.919500 0.113700
-4.350830 -66.945702 -14.224304 0.443800 -0.871000 -0.210900
-3.811584 -65.380501 -13.502502 0.929700 0.309100 0.200300
-6.866028 -65.639603 -13.988525 -0.923300 -0.383000 -0.028300
-6.260620 -64.106003 -13.280701 -0.324100 0.822800 0.466800
-3.232727 -66.000099 -18.824310 -0.365500 0.026600 -0.930400
-3.457031 -65.536697 -18.613708 -0.514900 0.267800 -0.814400
-3.457031 -64.875702 -18.310699 -0.518600 0.449100 -0.727600
-3.232788 -64.413597 -18.097107 -0.313200 0.768600 -0.557700
-2.709534 -66.199997 -18.911713 -0.052100 -0.095500 -0.994100
-0.915710 -64.222298 -17.990814 0.080500 0.825200 -0.559100
-0.467285 -64.421898 -18.078705 0.363200 0.697300 -0.617900
-0.392395 -66.008698 -18.805420 0.323300 -0.065800 -0.944000
-0.168335 -64.885498 -18.288818 0.532000 0.468000 -0.705600
-0.168213 -65.546600 -18.591797 0.528900 0.258700 -0.808300
-3.201782 -67.772697 -14.373718 -0.680600 -0.723200 -0.117200
-3.201904 -66.082802 -13.599121 -0.669800 0.633100 0.388000
-0.363281 -67.578201 -14.261719 0.754000 -0.648700 -0.103700
-0.421021 -66.215202 -13.637512 0.699300 0.605300 0.380200
-3.435791 -66.371002 -18.558105 -0.692200 -0.515400 -0.505200
-2.838928 -66.620300 -18.667603 -0.155700 -0.778600 -0.607900
-3.691711 -65.792503 -18.295013 -0.957200 -0.078800 -0.278400
-3.691833 -64.967201 -17.916718 -0.956000 0.260200 -0.135300
-3.436035 -64.390297 -17.650208 -0.590900 0.804500 0.059400
-0.792236 -64.150604 -17.519226 0.197700 0.970700 0.136300
-0.195129 -66.380699 -18.536499 0.581100 -0.621000 -0.526000
0.060669 -65.803703 -18.270020 0.957100 -0.084200 -0.277300
0.060608 -64.978500 -17.891724 0.948300 0.298700 -0.107600
-0.280518 -64.399704 -17.629211 0.677900 0.734200 0.037800
-9.998291 -59.319000 -15.802826 -0.322100 -0.190100 -0.927400
-8.765625 -58.701698 -15.445221 0.661800 0.273900 -0.697900
-9.041626 -59.104797 -15.645203 0.400100 -0.112400 -0.909500
-11.056030 -56.493301 -14.591125 -0.637900 0.440100 -0.632000
-9.795532 -55.950302 -14.265503 0.500000 0.710200 -0.495500
-10.266296 -55.832901 -14.242218 -0.157100 0.877400 -0.453300
-10.054932 -60.951500 -11.865326 -0.386700 -0.893500 -0.228300
-8.739929 -60.268097 -11.541626 0.944200 -0.327100 -0.039700
-9.476318 -57.805199 -10.418610 0.895500 0.410300 0.172200
-11.159180 -58.037102 -10.538422 -0.916300 0.357200 0.181300
-9.815125 -57.430397 -10.249603 0.201700 0.885600 0.418500
-10.084290 -59.844902 -15.398010 -0.428000 -0.737500 -0.522500
-8.897034 -59.529503 -15.243927 0.586200 -0.656700 -0.474400
-8.542786 -59.043900 -15.018524 0.973500 -0.072200 -0.217200
-11.293701 -56.652901 -13.944824 -0.953700 0.299800 -0.021600
-10.297424 -55.833603 -13.561218 -0.276400 0.931500 0.236600
-9.720520 -55.935898 -13.603516 0.631700 0.763100 0.136800
-9.386719 -60.611404 -16.255707 -0.561000 0.372400 -0.739300
-9.202820 -60.136803 -16.036621 -0.470900 0.618100 -0.629400
-8.759033 -59.731102 -15.847198 -0.276500 0.765300 -0.581200
-8.321716 -59.637802 -15.800903 0.252300 0.810400 -0.528800
-9.224182 -61.178001 -16.514099 -0.471900 0.168700 -0.865400
-6.879822 -61.486404 -16.636627 0.543000 0.517700 -0.661100
-8.210938 -62.703400 -17.205109 -0.353200 0.041700 -0.934600
-7.782837 -63.054703 -17.288513 -0.078600 -0.145000 -0.986300
-6.901794 -62.555801 -17.052826 0.513400 0.098100 -0.852500
-7.345520 -62.961403 -17.242310 0.277400 -0.054500 -0.959200
-9.488892 -62.082603 -12.379211 -0.984600 0.084100 0.153400
-8.354492 -61.045601 -11.894806 0.121100 0.870000 0.477900
-7.817383 -64.598701 -13.519012 -0.103700 -0.975300 -0.195000
-6.727112 -63.495499 -13.004608 0.989300 -0.108400 0.097800
-9.641113 -60.761299 -15.814514 -0.974900 0.150500 -0.164300
-9.469604 -61.392799 -16.176605 -0.899500 -0.250200 -0.358100
-9.397827 -60.189201 -15.550323 -0.815700 0.577800 0.028800
-8.843384 -59.654701 -15.375000 -0.495000 0.864600 0.086000
-8.311035 -59.517799 -15.307922 0.299800 0.947400 0.112300
-8.313538 -63.133202 -16.965027 -0.704600 -0.500500 -0.503000
-6.651978 -61.641998 -16.194122 0.905000 0.424700 -0.023700
-7.810486 -63.516998 -17.062805 -0.165400 -0.769400 -0.616900
-7.278320 -63.379997 -16.995819 0.495000 -0.678000 -0.543400
-6.724182 -62.873604 -16.759216 0.837100 -0.390800 -0.382800
-6.529236 -62.229004 -16.462219 0.964800 0.063200 -0.255200
9.979309 -59.378899 -15.669800 0.333400 -0.192100 -0.923000
9.021912 -59.159004 -15.524902 -0.388600 -0.110000 -0.914800
8.745667 -58.754204 -15.328613 -0.650700 0.277900 -0.706700
9.776184 -56.009003 -14.135223 -0.489100 0.713200 -0.502200
11.037720 -56.559502 -14.444122 0.648900 0.436200 -0.623400
10.247375 -55.894402 -14.105621 0.168400 0.876400 -0.451100
9.970764 -60.996101 -11.724915 0.384500 -0.896800 -0.218800
8.655579 -60.304802 -11.418701 -0.949700 -0.312200 -0.025100
11.074768 -58.088303 -10.383301 0.915200 0.353800 0.193100
9.730591 -57.473503 -10.112305 -0.370400 0.840500 0.395600
10.056580 -59.905304 -15.263916 0.430300 -0.741300 -0.515000
8.869202 -59.582703 -15.125702 -0.583700 -0.654200 -0.481000
8.515076 -59.095001 -14.904999 -0.970800 -0.067000 -0.230400
11.265686 -56.720604 -13.794617 0.955900 0.293400 -0.009400
10.269165 -55.895203 -13.424316 0.279100 0.930200 0.238300
9.692383 -55.994102 -13.474213 -0.631200 0.764200 0.132400
9.365967 -60.667603 -16.130798 0.573100 0.369000 -0.731700
8.300903 -59.687698 -15.690216 -0.240300 0.811900 -0.532100
8.738220 -59.783600 -15.730713 0.288800 0.763600 -0.577400
9.182007 -60.191902 -15.914215 0.483000 0.615300 -0.623000
9.203613 -61.233200 -16.391418 0.484400 0.165800 -0.859000
8.190491 -62.752602 -17.095917 0.365900 0.039500 -0.929800
6.859070 -61.527603 -16.545105 -0.531000 0.521000 -0.668300
7.761414 -63.101303 -17.185120 0.090900 -0.145500 -0.985200
7.323975 -63.005402 -17.144623 -0.264900 -0.052900 -0.962800
6.880310 -62.597099 -16.960999 -0.501400 0.101200 -0.859300
9.424316 -62.137497 -12.252502 0.983500 0.080100 0.162500
8.289795 -61.093803 -11.783203 -0.098500 0.885900 0.453200
6.784668 -63.007698 -12.672516 -0.912000 0.367200 0.182800
7.753113 -64.643600 -13.414520 0.103000 -0.975700 -0.193500
6.662720 -63.533897 -12.914703 -0.971900 -0.235200 -0.000500
9.443115 -61.449501 -16.050720 0.902400 -0.254800 -0.347600
9.613464 -60.819000 -15.686310 0.977400 0.145600 -0.153300
9.370178 -60.245499 -15.425415 0.818300 0.573600 0.037800
8.816711 -59.707603 -15.257416 0.498600 0.862000 0.091400
8.284302 -59.567497 -15.197510 -0.296500 0.948800 0.108700
8.287109 -63.182999 -16.854523 0.707800 -0.504200 -0.494800
6.624512 -61.681801 -16.105804 -0.902200 0.429600 -0.039900
7.783264 -63.563698 -16.959015 0.168200 -0.770500 -0.614900
7.250916 -63.423599 -16.899109 -0.492200 -0.675700 -0.548800
6.696899 -62.913803 -16.669922 -0.834600 -0.386600 -0.392300
6.501709 -62.268097 -16.375427 -0.961700 0.068200 -0.265400
3.214600 -66.019501 -18.781403 0.378000 0.024300 -0.925500
3.214478 -64.432899 -18.054199 0.325300 0.766700 -0.553500
3.438782 -64.896301 -18.264801 0.531000 0.445900 -0.720600
3.438782 -65.557404 -18.567810 0.527300 0.264600 -0.807400
2.691406 -66.216202 -18.875824 0.064800 -0.095900 -0.993300
0.897400 -64.227699 -17.978699 -0.068100 0.825700 -0.560000
0.374268 -66.011002 -18.800323 -0.311100 -0.063900 -0.948200
0.448975 -64.424698 -18.072601 -0.350700 0.699500 -0.622700
0.149963 -65.547600 -18.589722 -0.516500 0.261900 -0.815300
0.149963 -64.886497 -18.286713 -0.519700 0.471200 -0.712600
3.127686 -67.803604 -14.337006 0.677400 -0.727000 -0.112100
3.127563 -66.113800 -13.562500 0.688900 0.622000 0.372100
0.765869 -66.058098 -13.555908 -0.234300 0.875800 0.422000
0.362671 -67.590004 -14.261322 -0.750800 -0.652300 -0.103600
0.420288 -66.227402 -13.636322 -0.832200 0.473900 0.287900
2.814880 -66.637299 -18.629913 0.158500 -0.778900 -0.606800
3.411865 -66.391502 -18.512512 0.695400 -0.518400 -0.497600
3.667664 -65.814598 -18.246002 0.960100 -0.083600 -0.267000
3.667603 -64.989304 -17.867706 0.959000 0.255100 -0.123600
3.411804 -64.410797 -17.604614 0.594300 0.801400 0.067600
0.768005 -64.155304 -17.508698 -0.195500 0.971600 0.133000
0.171204 -66.381798 -18.534027 -0.580900 -0.618300 -0.529500
-0.084717 -65.803299 -18.271027 -0.955900 -0.082200 -0.281800
-0.084778 -64.978004 -17.892700 -0.947100 0.300800 -0.111400
0.256409 -64.401299 -17.625610 -0.676400 0.735700 0.035800
4.362366 -65.249199 -18.403198 -0.143200 -0.064200 -0.987600
4.024780 -64.901001 -18.268799 -0.459300 0.178100 -0.870200
3.856995 -63.766602 -17.753906 -0.477900 0.579900 -0.659800
4.869202 -65.237999 -18.356201 0.247500 -0.076800 -0.965800
5.758667 -62.711197 -17.105103 -0.111800 0.816900 -0.565800
6.202209 -62.728104 -17.076416 0.250500 0.793700 -0.554300
6.770874 -64.182503 -17.707520 0.549200 0.067600 -0.833000
6.603210 -63.048203 -17.192627 0.529900 0.597800 -0.601500
6.813721 -63.665901 -17.463226 0.604500 0.394500 -0.692100
4.268982 -66.971504 -14.166901 -0.445700 -0.868600 -0.216500
3.729614 -65.403099 -13.452301 -0.930300 0.314500 0.188600
6.787720 -65.680504 -13.897614 0.921400 -0.388200 -0.016500
6.182068 -64.143303 -13.197906 0.323000 0.820900 0.470900
4.226685 -65.685898 -18.177612 -0.378100 -0.694600 -0.612000
4.811768 -65.693100 -18.132721 0.287100 -0.751300 -0.594200
3.825684 -65.242203 -18.003815 -0.877600 -0.272400 -0.394500
3.595764 -63.835098 -17.366913 -0.886200 0.454600 -0.089100
5.758911 -62.610901 -16.617920 -0.227000 0.966000 0.123500
6.974915 -64.468903 -17.383698 0.849300 -0.365600 -0.380900
7.007813 -63.833000 -17.084625 0.976400 0.189000 -0.104700
6.744873 -63.061798 -16.746826 0.836300 0.547100 0.036200
6.271606 -62.650002 -16.593903 0.380200 0.917300 0.118700
-9.284912 -62.204903 -16.051910 -0.213100 -0.812200 0.543100
-8.907593 -62.179604 -16.036926 0.205400 -0.810700 0.548200
-8.497498 -61.894699 -15.895721 0.425300 -0.670700 0.607700
-8.300537 -61.521202 -15.713013 0.580000 -0.357200 0.732100
-9.618286 -61.884300 -15.898712 -0.475500 -0.606200 0.637500
-9.108704 -59.637199 -14.804413 0.460900 -0.123300 0.878900
-9.411987 -59.374603 -14.679108 0.218500 0.032800 0.975300
-10.426514 -60.000198 -14.990021 -0.582300 -0.363900 0.727000
-9.819336 -59.341904 -14.666199 -0.169700 0.069700 0.983000
-10.229492 -59.626801 -14.807404 -0.419900 -0.081300 0.903900
-9.274902 -60.121803 -19.218201 -0.251600 -0.704100 -0.664000
-8.216431 -59.386703 -18.853821 0.982500 -0.084700 -0.165900
-10.475403 -57.803398 -18.101624 -0.944000 0.316800 0.092000
-9.382324 -56.925598 -17.946808 0.270600 0.850800 0.450500
-9.329712 -62.285500 -16.468018 -0.308000 -0.921800 -0.235400
-9.723328 -61.928802 -16.297699 -0.814000 -0.576400 -0.072300
-8.868408 -62.235100 -16.440216 0.370600 -0.895200 -0.247700
-8.356323 -61.879402 -16.263916 0.745300 -0.654800 -0.125800
-8.100586 -61.431900 -16.044922 0.969300 -0.181000 0.166600
-9.009583 -59.273102 -15.003601 0.784400 0.358800 0.506000
-10.632324 -59.770004 -15.256409 -0.969800 -0.060500 0.236200
-10.376587 -59.322403 -15.037415 -0.734600 0.422600 0.530800
-9.864502 -58.966805 -14.861115 -0.305800 0.655200 0.690800
-9.368896 -58.982597 -14.865204 0.346300 0.619200 0.704700
-8.725037 -62.770699 -16.275909 -0.548700 -0.398400 0.735000
-7.903381 -61.819603 -15.808411 0.161000 0.114500 0.980300
-8.268188 -61.951599 -15.875122 -0.331800 -0.008600 0.943300
-8.610535 -62.347900 -16.069916 -0.483400 -0.162800 0.860100
-8.535583 -63.228798 -16.496918 -0.458700 -0.627500 0.629200
-6.507507 -63.203102 -16.469910 0.454900 -0.122300 0.882100
-7.139709 -64.612404 -17.158417 -0.167500 -0.851600 0.496800
-6.359924 -63.612801 -16.667725 0.534700 -0.328000 0.778800
-6.775024 -64.480400 -17.091797 0.333400 -0.747700 0.574200
-6.432617 -64.084099 -16.896912 0.509000 -0.558600 0.654900
-8.791138 -60.580803 -19.427612 -0.992800 0.101200 -0.063400
-7.907837 -59.558197 -18.924927 -0.022000 0.869400 0.493700
-6.437378 -61.010300 -19.619202 0.855100 0.444000 0.267500
-7.124023 -62.517502 -20.355621 0.018500 -0.735300 -0.677500
-6.284607 -61.443901 -19.828522 0.992900 -0.040100 -0.112100
-8.735901 -63.134201 -16.833527 -0.840700 -0.538700 -0.055300
-8.940796 -62.598701 -16.575104 -0.971200 -0.142900 0.190400
-8.784485 -62.086502 -16.325409 -0.861200 0.275400 0.427100
-8.357178 -61.591698 -16.082123 -0.593400 0.529300 0.606400
-7.915222 -61.411301 -15.991425 0.173300 0.670700 0.721200
-6.311523 -62.977104 -16.739899 0.840000 0.294700 0.455500
-7.132080 -64.699997 -17.582001 -0.171700 -0.952500 -0.251500
-6.690125 -64.519600 -17.491302 0.602300 -0.777200 -0.182400
-6.262817 -64.024902 -17.248108 0.889800 -0.455500 -0.029800
-6.153992 -63.457298 -16.971924 0.969800 -0.061600 0.235900
-2.943726 -67.084503 -18.351410 -0.415900 -0.679700 0.604100
-2.944336 -65.517097 -17.590607 -0.354900 0.029500 0.934500
-3.135437 -65.973801 -17.813599 -0.545200 -0.284800 0.788400
-3.135193 -66.626900 -18.130615 -0.545700 -0.441800 0.712100
-2.497192 -67.281601 -18.443817 -0.077000 -0.834000 0.546400
-0.967407 -65.326202 -17.483826 0.081700 0.070700 0.994100
-0.520325 -67.090599 -18.337006 0.346300 -0.763500 0.545100
-0.584717 -65.523102 -17.576599 0.381100 -0.067800 0.922000
-0.329224 -66.634003 -18.113922 0.536500 -0.448600 0.714800
-0.329407 -65.980904 -17.796997 0.535600 -0.265800 0.801500
-2.990417 -64.837997 -21.805420 -0.730900 -0.479200 -0.485900
-2.991028 -63.152702 -20.987427 -0.705400 0.627800 0.328900
-0.912231 -62.947304 -20.872803 0.197300 0.834300 0.514800
-0.442017 -64.844398 -21.790222 0.743100 -0.476500 -0.469800
-0.509705 -63.159004 -20.972626 0.828600 0.498200 0.255300
-2.602478 -67.350304 -18.898926 -0.183800 -0.950400 -0.251000
-3.112000 -67.104401 -18.783325 -0.727700 -0.678300 -0.102000
-3.330505 -66.533104 -18.507507 -0.966600 -0.235100 0.102000
-3.330811 -65.717804 -18.111816 -0.962700 0.042100 0.267300
-3.112732 -65.147598 -17.833527 -0.609100 0.515400 0.602800
-0.857117 -64.908699 -17.701324 0.209400 0.668000 0.714100
-0.346985 -67.111404 -18.766815 0.601400 -0.783500 -0.156300
-0.128906 -66.541199 -18.488525 0.964400 -0.239900 0.111300
-0.129211 -65.725800 -18.092712 0.954500 0.076600 0.288300
-0.420532 -65.154404 -17.817413 0.709700 0.428300 0.559300
-3.965088 -66.426903 -18.061310 0.300100 -0.750400 0.588900
-3.712585 -66.047699 -17.875519 0.508400 -0.521600 0.685200
-3.590393 -65.417198 -17.568512 0.542400 -0.377500 0.750600
-3.671814 -64.913597 -17.324707 0.462700 -0.089700 0.882000
-4.391235 -66.471001 -18.085815 -0.129300 -0.814300 0.565800
-5.360229 -64.082001 -16.933197 0.099200 0.051600 0.993700
-5.730713 -64.146904 -16.967407 -0.284300 -0.015100 0.958600
-6.079590 -65.639404 -17.694305 -0.473800 -0.642000 0.602800
-6.038818 -64.505302 -17.143524 -0.510000 -0.192200 0.838500
-6.161011 -65.135902 -17.450500 -0.549800 -0.356400 0.755400
-3.898926 -64.229904 -21.573425 0.510400 -0.635700 -0.579200
-3.583496 -62.602898 -20.781403 0.855000 0.476300 0.205000
-6.122620 -63.401802 -21.187408 -0.896700 -0.298100 -0.327100
-5.748718 -61.796600 -20.405609 -0.446700 0.813000 0.373600
-3.851685 -66.513000 -18.483398 0.535000 -0.832400 -0.144300
-4.341919 -66.583603 -18.521210 -0.154700 -0.962500 -0.222700
-3.554504 -66.032898 -18.248322 0.918600 -0.393100 0.039700
-3.401917 -65.245697 -17.865112 0.975800 -0.124000 0.179900
-3.485596 -64.623703 -17.563812 0.797200 0.340700 0.498400
-5.408081 -63.654602 -17.107300 0.111800 0.676100 0.728200
-6.264404 -65.614502 -18.064697 -0.799100 -0.598600 -0.055900
-6.348083 -64.992500 -17.763397 -0.977100 -0.070500 0.200900
-6.195496 -64.205399 -17.380219 -0.897100 0.221800 0.382200
-5.834778 -63.748901 -17.156097 -0.526200 0.548700 0.649600
9.201172 -62.251602 -15.941925 0.202500 -0.813200 0.545600
8.216309 -61.562904 -15.614716 -0.590600 -0.354200 0.725100
8.413513 -61.937401 -15.795013 -0.435900 -0.668500 0.602600
8.823914 -62.224304 -15.931427 -0.216100 -0.809700 0.545700
9.534302 -61.932602 -15.784698 0.464800 -0.608600 0.643100
9.023071 -59.682899 -14.696411 -0.472000 -0.120900 0.873300
10.341064 -60.052704 -14.866425 0.571600 -0.366800 0.734000
9.326172 -59.421799 -14.567505 -0.230000 0.033900 0.972600
10.143921 -59.678200 -14.686127 0.408700 -0.083400 0.908900
9.733521 -59.391197 -14.549805 0.158300 0.068900 0.985000
9.241394 -60.184402 -19.115723 0.255800 -0.708600 -0.657600
8.182373 -59.443901 -18.763916 -0.979200 -0.107600 -0.171800
9.031006 -57.261497 -17.977417 -0.817600 0.490100 0.302100
10.440186 -57.872002 -17.984711 0.945400 0.310000 0.100800
9.352600 -56.989799 -17.841309 -0.122500 0.854700 0.504500
9.643921 -61.977600 -16.182404 0.811700 -0.580900 -0.061000
9.250610 -62.332298 -16.357422 0.306100 -0.923900 -0.229500
8.789307 -62.279602 -16.335114 -0.372200 -0.893800 -0.250100
8.276917 -61.921402 -16.164917 -0.747000 -0.651300 -0.133200
8.020874 -61.472603 -15.948914 -0.972100 -0.175500 0.155400
8.928284 -59.318298 -14.896820 -0.787000 0.361600 0.499900
10.551270 -59.823402 -15.130310 0.966500 -0.064900 0.248400
10.295288 -59.374603 -14.914307 0.730500 0.419800 0.538600
9.782898 -59.016304 -14.744110 0.300700 0.655100 0.693100
9.287415 -59.029701 -14.754120 -0.352400 0.623200 0.698200
8.641113 -62.814499 -16.172516 0.537900 -0.401200 0.741500
8.526367 -62.391098 -15.967926 0.472300 -0.165200 0.865800
8.183777 -61.993103 -15.777100 0.320500 -0.010300 0.947200
7.818909 -61.859200 -15.714813 -0.172100 0.115300 0.978300
8.452209 -63.271698 -16.395813 0.448000 -0.629800 0.634600
6.424011 -63.235802 -16.392914 -0.466100 -0.119900 0.876600
6.276672 -63.644699 -16.592499 -0.545600 -0.325300 0.772300
7.057190 -64.648201 -17.073914 0.157300 -0.852400 0.498700
6.349670 -64.116302 -16.820801 -0.519700 -0.556000 0.648700
6.692322 -64.514404 -17.011627 -0.344000 -0.746000 0.570200
8.740112 -60.624802 -19.323120 0.993600 0.098300 -0.055600
7.856018 -59.597702 -18.831024 -0.005200 0.882800 0.469700
7.074402 -62.553101 -20.271027 -0.016800 -0.735100 -0.677700
6.234070 -61.475304 -19.753906 -0.990800 0.125400 -0.051400
8.861511 -62.643600 -16.469116 0.968700 -0.146800 0.200100
8.656921 -63.178101 -16.730011 0.838900 -0.542200 -0.046900
8.704773 -62.130600 -16.221222 0.858000 0.272000 0.435700
8.276978 -61.633698 -15.983124 0.589300 0.527100 0.612200
7.835022 -61.451004 -15.897614 -0.177400 0.671400 0.719600
6.232422 -63.008804 -16.665222 -0.843400 0.302000 0.444300
7.054321 -64.735802 -17.497498 0.170700 -0.953100 -0.249800
6.612183 -64.553200 -17.412109 -0.603600 -0.774700 -0.188400
6.184509 -64.056297 -17.174011 -0.891300 -0.451800 -0.038800
6.075317 -63.488197 -16.899017 -0.972300 -0.058400 0.226500
2.863281 -67.099197 -18.316803 0.405200 -0.681800 0.609100
3.054504 -66.642502 -18.093811 0.534900 -0.444600 0.718500
3.054321 -65.989403 -17.776825 0.534300 -0.287500 0.794900
2.862671 -65.531799 -17.556000 0.343800 0.027700 0.938600
2.416992 -67.293999 -18.414612 0.066200 -0.834400 0.547200
0.885681 -65.330803 -17.472717 -0.093200 0.071100 0.993100
0.503174 -65.525803 -17.570099 -0.392400 -0.065900 0.917400
0.439880 -67.093102 -18.331299 -0.356700 -0.761700 0.540900
0.248169 -65.982300 -17.793518 -0.546500 -0.263100 0.795000
0.248474 -66.635399 -18.110504 -0.547300 -0.445900 0.708300
2.950317 -64.839203 -21.763306 0.733700 -0.479900 -0.481000
2.949585 -63.153900 -20.945404 0.675900 0.662000 0.323900
0.401794 -64.832802 -21.778503 -0.741600 -0.471000 -0.477700
0.468323 -63.147697 -20.960114 -0.664300 0.680800 0.308700
3.036682 -67.119904 -18.746613 0.725800 -0.681300 -0.095600
2.527466 -67.363304 -18.868408 0.182300 -0.950700 -0.250800
3.254822 -66.549698 -18.468323 0.964500 -0.239400 0.111700
3.254517 -65.734398 -18.072601 0.960000 0.037700 0.277500
3.036011 -65.163101 -17.796906 0.605100 0.511400 0.610100
0.780212 -64.912804 -17.691620 -0.212700 0.671800 0.709500
0.271667 -67.112999 -18.763123 -0.602800 -0.780800 -0.164300
0.053223 -66.541702 -18.487427 -0.966600 -0.235700 0.100800
0.052917 -65.726303 -18.091614 -0.957100 0.080300 0.278400
0.343811 -65.156303 -17.812927 -0.713900 0.429400 0.553100
3.884521 -66.446701 -18.014618 -0.310900 -0.748900 0.585200
3.590088 -64.931900 -17.281525 -0.473600 -0.087300 0.876400
3.508972 -65.435104 -17.526306 -0.553200 -0.374700 0.744000
3.631714 -66.066200 -17.831726 -0.519200 -0.519000 0.679000
4.310669 -66.492897 -18.034027 0.118400 -0.815000 0.567300
5.277771 -64.108902 -16.869904 -0.110800 0.052100 0.992500
5.998474 -65.669899 -17.622406 0.463300 -0.644400 0.608400
5.648376 -64.175598 -16.899597 0.272700 -0.016500 0.962000
6.079468 -65.166801 -17.377625 0.538900 -0.359200 0.761900
5.956787 -64.535599 -17.072113 0.498900 -0.194800 0.844500
3.868713 -64.249603 -21.527100 -0.507000 -0.633200 -0.584900
3.552063 -62.620903 -20.738922 -0.855100 0.480300 0.195300
6.091675 -63.432701 -21.114716 0.898900 -0.302400 -0.317000
5.716675 -61.825500 -20.337311 0.446000 0.811000 0.378700
4.266113 -66.605400 -18.470001 0.152500 -0.963300 -0.220900
3.775818 -66.532303 -18.438019 -0.537300 -0.829800 -0.150500
3.478210 -66.050697 -18.206421 -0.921000 -0.388600 0.028900
3.325073 -65.262703 -17.825104 -0.978500 -0.119200 0.168500
3.408264 -64.641197 -17.522827 -0.801300 0.344600 0.489100
5.330017 -63.681702 -17.043304 -0.117000 0.676700 0.726900
6.187805 -65.645897 -17.990509 0.796800 -0.602500 -0.046600
6.271118 -65.024399 -17.688324 0.974300 -0.075300 0.212300
6.117920 -64.236404 -17.306915 0.893600 0.217400 0.392600
5.756775 -63.778198 -17.087097 0.521300 0.546200 0.655700
-15.741699 -74.488503 20.102600 -0.052800 -0.940700 -0.335100
-15.708984 -74.812500 24.121002 -0.047800 -0.975200 0.216200
-17.650330 -74.537003 23.653381 -0.312400 -0.937600 0.152400
-19.065491 -73.985504 22.328094 -0.505400 -0.862400 -0.028200
-19.575195 -73.305702 20.500183 -0.574900 -0.769800 -0.277400
-19.043091 -72.679901 18.659393 -0.502300 -0.684400 -0.528400
-17.611633 -72.275604 17.299103 -0.307200 -0.629300 -0.713900
-15.664307 -72.201302 16.783600 -0.041700 -0.619200 -0.784100
-13.723022 -72.476799 17.251190 0.223000 -0.656700 -0.720400
-12.307800 -73.028297 18.576477 0.415900 -0.731900 -0.539700
-11.798035 -73.708000 20.404388 0.485400 -0.824600 -0.290500
-12.330078 -74.333900 22.245178 0.412900 -0.909900 -0.039500
-13.761719 -74.738197 23.605499 0.217700 -0.965000 0.145900
-15.574829 -73.086601 27.761902 -0.030500 -0.747400 0.663600
-18.937317 -72.609398 26.952087 -0.467200 -0.685500 0.558500
-21.388428 -71.654198 24.656586 -0.785500 -0.561400 0.260300
-22.271484 -70.476799 21.490479 -0.900200 -0.408500 -0.150900
-21.349792 -69.392799 18.302185 -0.780500 -0.267700 -0.564900
-18.870300 -68.692604 15.945984 -0.458500 -0.176800 -0.870900
-15.497437 -68.563797 15.053192 -0.020400 -0.160000 -0.986900
-12.134888 -69.041000 15.862976 0.416300 -0.222000 -0.881700
-9.683838 -69.996300 18.158478 0.734600 -0.346100 -0.583600
-8.800781 -71.173599 21.324585 0.849300 -0.499000 -0.172400
-9.722534 -72.257599 24.512878 0.729600 -0.639800 0.241700
-12.202026 -72.957802 26.869080 0.407600 -0.730700 0.547700
-15.375183 -69.773201 30.049774 -0.019200 -0.567300 0.823300
-19.257935 -69.222198 29.114685 -0.500700 -0.499000 0.707300
-22.088196 -68.119102 26.464203 -0.851800 -0.362200 0.378600
-23.107788 -66.759697 22.808289 -0.978200 -0.193600 -0.074800
-22.043579 -65.508003 19.126801 -0.846200 -0.038300 -0.531400
-19.180481 -64.699402 16.405975 -0.491100 0.061900 -0.868900
-15.285889 -64.550804 15.375092 -0.008100 0.080400 -0.996700
-11.403198 -65.101799 16.310181 0.473400 0.012000 -0.880800
-8.572937 -66.204803 18.960785 0.824400 -0.124800 -0.552000
-7.553284 -67.564301 22.616699 0.950900 -0.293400 -0.098600
-8.617493 -68.816002 26.298187 0.818900 -0.448600 0.358000
-11.480591 -69.624504 29.018890 0.463800 -0.548900 0.695400
15.319214 -74.553703 20.268585 0.069300 -0.940000 -0.334100
15.224609 -74.878502 24.285889 0.055700 -0.974600 0.217000
13.285217 -74.827003 23.738586 -0.208700 -0.967500 0.142400
11.871521 -74.439400 22.354980 -0.401500 -0.914700 -0.046200
11.362183 -73.819702 20.505676 -0.470900 -0.830200 -0.298300
11.893799 -73.133804 18.686279 -0.398400 -0.736700 -0.546400
13.323914 -72.565598 17.384277 -0.203400 -0.659200 -0.723900
15.269165 -72.267303 16.948486 0.061800 -0.618600 -0.783300
17.208618 -72.318802 17.495697 0.326200 -0.625600 -0.708700
18.622314 -72.706398 18.879395 0.518900 -0.678400 -0.520000
19.131592 -73.326103 20.728577 0.588300 -0.762900 -0.267900
18.599976 -74.012001 22.547974 0.515900 -0.856400 -0.019900
17.169922 -74.580200 23.850098 0.320900 -0.933900 0.157600
15.010620 -73.154602 27.923889 0.028400 -0.747100 0.664100
11.651611 -73.065399 26.976074 -0.407900 -0.735500 0.541000
9.202881 -72.394104 24.579498 -0.725900 -0.648300 0.229800
8.320801 -71.320702 21.376495 -0.840400 -0.508900 -0.186200
9.241577 -70.132698 18.225189 -0.720800 -0.354600 -0.595500
11.718567 -69.148598 15.970001 -0.399200 -0.226800 -0.888400
15.088013 -68.631897 15.215179 0.038500 -0.159700 -0.986400
18.447083 -68.721100 16.163086 0.474700 -0.171300 -0.863300
20.895813 -69.392403 18.559601 0.792700 -0.258500 -0.552100
21.777893 -70.465797 21.762695 0.907300 -0.397900 -0.136100
20.857117 -71.653801 24.914001 0.787700 -0.552200 0.273200
18.380066 -72.638000 27.169189 0.466000 -0.680000 0.566100
14.734802 -69.844002 30.207977 0.012400 -0.567100 0.823500
10.856018 -69.740997 29.113495 -0.468700 -0.554400 0.687800
8.028564 -68.965797 26.346191 -0.819300 -0.458200 0.344600
7.010010 -67.726402 22.647675 -0.945700 -0.304500 -0.114100
8.073181 -66.354599 19.008789 -0.813800 -0.134400 -0.565400
10.933411 -65.218201 16.404785 -0.459100 0.006600 -0.888400
14.824219 -64.621597 15.533203 0.023500 0.080600 -0.996500
18.702881 -64.724701 16.627686 0.504500 0.067800 -0.860700
21.530273 -65.499802 19.394989 0.855200 -0.028400 -0.517500
22.548889 -66.739304 23.093597 0.981500 -0.182100 -0.058800
21.485718 -68.111000 26.732391 0.849700 -0.352200 0.392500
18.625488 -69.247398 29.336395 0.494900 -0.493100 0.715400
