0.000000 41.299599 42.845886 -0.000000 0.984700 -0.174100
-19.343384 -23.090200 -53.307312 0.105100 -0.883200 0.457100
0.000000 -72.449799 61.125992 0.000000 -0.999500 0.031500
0.000000 35.516701 -22.433624 -0.000000 0.819400 0.573200
0.000000 -58.783401 -27.332306 -0.000000 -0.091500 -0.995800
-0.046326 -71.745598 14.969391 0.011900 -0.865100 0.501400
-0.069336 -73.104401 13.033997 0.002100 -0.844900 0.535000
-0.067688 -74.059799 11.352875 -0.000600 -0.937500 0.348000
0.000000 -71.126701 45.551880 -0.000000 -0.979600 -0.201000
0.000000 -68.640999 -17.056519 0.000000 -0.984900 -0.173000
0.000000 26.314299 10.397186 0.000000 0.907900 -0.419300
0.000000 39.224602 71.007584 0.000000 0.912500 0.409100
0.000000 -65.851097 -23.507507 0.000000 -0.727000 -0.686600
0.000000 -68.974304 84.719681 0.000000 -0.610200 0.792200
-0.023926 -70.902298 16.301697 0.004100 -0.994300 0.106200
-0.018433 -70.969902 16.662781 -0.004000 -0.973900 -0.227000
0.000000 -48.962700 95.338486 -0.000000 -0.283700 0.958900
0.000000 -80.045502 18.595276 -0.000000 -0.575900 -0.817500
0.000000 -50.158600 -24.380707 -0.000000 0.228400 -0.973600
0.000000 -38.099899 -22.979614 0.000000 -0.209300 -0.977800
0.000000 -34.733902 -34.967407 0.000000 -0.977700 -0.210100
-2.046631 -71.662300 22.779388 -0.268100 -0.227200 -0.936200
0.000000 -33.529301 -26.010406 0.000000 -0.914100 -0.405400
-0.066528 -72.634399 7.208984 -0.000500 -0.587700 -0.809100
0.000000 -73.582603 40.871002 0.000000 -0.781500 0.623900
0.445496 -69.772400 -1.332611 -0.027700 -0.999600 0.008000
-43.043579 -25.997301 22.790497 -0.975500 -0.191500 -0.107900
-0.067078 -74.275902 10.570190 -0.001400 -0.997800 -0.066200
0.435669 -69.164200 -4.381714 -0.055100 -0.961000 -0.271100
0.000000 -75.155502 37.317200 0.000000 -0.955900 0.293600
0.000000 -77.643402 27.836487 0.000000 -0.871200 0.490900
0.000000 -75.902298 33.103973 -0.000000 -0.968100 0.250700
0.000000 -71.430000 43.364380 0.000000 -0.988500 0.151200
-0.000427 -75.811798 18.027283 0.000100 -0.163700 -0.986500
0.000000 -72.117104 64.960892 -0.000000 -0.998000 0.063300
-0.067322 -71.115303 6.675476 0.000400 0.005300 -1.000000
0.000000 -76.076103 77.315094 0.000000 -0.936400 0.351100
0.000000 -81.753899 22.887390 -0.000000 -0.987000 0.160600
0.000000 -71.717598 42.264801 -0.000000 -0.823900 0.566700
0.000000 -71.770302 47.549194 0.000000 -0.947700 -0.319200
0.000000 -72.400398 50.910690 -0.000000 -0.999900 0.016300
0.000000 -68.847504 -10.933014 -0.001600 -0.995800 -0.091900
-0.010681 -71.835899 17.195496 -0.002100 -0.388400 -0.921500
0.000000 19.260798 91.747482 -0.000000 0.531000 0.847400
0.447998 -70.118202 -2.686218 -0.072600 -0.985900 -0.150700
0.000000 29.561598 -13.073608 -0.000000 0.935000 0.354700
-0.066589 -73.702301 8.699402 -0.000800 -0.887800 -0.460100
0.000000 81.753799 -88.577301 -0.000000 0.997500 0.070300
0.000000 -68.591103 -14.384613 -0.000000 -0.999800 0.019900
0.000000 -42.062500 -88.577301 0.000000 -0.992100 0.125400
0.000000 -76.785301 73.446594 -0.000000 -0.895800 -0.444500
0.000000 -72.378403 56.378189 0.000000 -1.000000 -0.005200
0.000000 -74.278603 39.359100 -0.000000 -0.912500 0.409100
0.000000 -8.269900 101.383087 -0.000000 0.126400 0.992000
0.000000 -27.944500 -53.966705 0.000000 -0.998600 0.052900
0.000000 -76.773399 30.470398 0.000000 -0.953400 0.301900
0.000000 49.751602 -36.036926 -0.000000 0.635500 0.772100
-30.669434 -48.960403 47.932373 -0.910400 -0.403000 0.093300
-28.592529 -54.772301 53.310791 -0.920100 -0.290400 0.262800
-23.632996 -61.229500 56.605591 -0.693700 -0.475400 0.541000
-19.198425 -65.271904 58.182495 -0.645200 -0.707500 0.288300
-13.728577 -68.872398 58.354095 -0.487300 -0.863600 0.129400
-8.867432 -71.168503 57.461884 -0.247400 -0.958100 0.144300
-4.012878 -72.000198 56.564789 -0.048700 -0.989500 0.135900
-21.982117 -62.543900 33.939087 -0.449300 -0.848800 0.278600
-25.478577 -59.206902 36.517578 -0.562400 -0.769400 0.302900
-27.359680 -56.761497 38.372894 -0.683100 -0.678100 0.271200
-16.580017 -65.453804 33.141296 -0.384900 -0.874200 0.295900
-2.823730 -68.961700 -14.533020 -0.044600 -0.982300 0.182100
-7.490906 -67.753998 -15.328217 -0.487900 -0.832500 0.262400
-12.540222 -62.998398 -14.865326 -0.663400 -0.737500 0.126500
-17.008911 -60.889999 -7.236816 -0.388400 -0.920900 -0.031900
-20.021606 -60.419502 -1.375000 -0.702100 -0.673800 -0.230500
-20.431519 -61.268997 6.881500 -0.548000 -0.836300 -0.016600
-18.474426 -62.008400 12.677582 -0.574900 -0.816700 -0.049900
-15.541382 -65.235298 18.571503 -0.304700 -0.905300 -0.296100
-11.209534 -68.436501 24.239075 -0.168700 -0.896800 -0.409000
-8.164734 -71.379204 27.020386 -0.418200 -0.903100 -0.097000
-28.188904 -52.911003 64.020981 -0.819500 -0.548700 -0.165100
-23.405884 -60.930099 72.669189 -0.725500 -0.688200 -0.000200
-15.590088 -66.900497 74.493393 -0.619500 -0.728400 -0.292600
-9.166077 -72.628799 73.630081 -0.477900 -0.692300 -0.540700
-3.950684 -75.127998 74.662384 -0.402100 -0.915100 0.029300
-11.879883 -67.429001 33.712280 -0.368700 -0.804200 0.466200
-7.996521 -67.794998 35.946381 -0.571300 -0.651000 0.499800
-4.920593 -69.736504 37.983093 -0.755400 -0.578300 0.308000
-2.372986 -73.355400 39.022186 -0.658600 -0.690900 0.298100
-24.936707 -61.649498 42.555603 -0.782200 -0.613800 -0.106500
-20.470337 -64.929100 44.850098 -0.519800 -0.853000 0.047100
-101.903992 46.632500 -88.577301 -0.655100 0.734500 0.176800
-117.950317 24.690798 -88.577301 -0.966000 0.086100 0.243800
-70.676819 -26.681601 -88.577301 -0.536400 -0.843200 0.036300
-36.106323 -44.222401 -88.577301 -0.365200 -0.915500 0.168800
-11.232300 -41.717800 -88.577301 0.401300 -0.913200 0.070700
-7.294678 -41.315399 -88.577301 0.004500 -0.993500 0.114100
-15.293518 -67.577301 45.656403 -0.306200 -0.940300 0.148400
-10.971436 -68.579399 44.648773 0.242800 -0.965700 0.092100
-8.423706 -66.428497 42.718475 0.616100 -0.752900 -0.231400
-4.345581 -68.656601 84.964783 -0.069200 -0.613100 0.787000
-5.510132 -50.566101 95.145081 -0.031200 -0.326300 0.944700
-8.913025 -10.308301 100.656891 -0.159300 0.078300 0.984100
-10.254211 -51.179100 94.281281 -0.311600 -0.315400 0.896300
-17.825989 -12.346701 98.660385 -0.239800 0.046200 0.969700
-34.673889 42.960304 -36.720520 -0.158800 0.488900 0.857800
-20.029480 -48.877998 -88.577301 0.170100 -0.971200 0.166700
-43.369690 -23.165100 25.139893 -0.986900 -0.107000 -0.120600
-2.916199 -27.820000 -53.966705 -0.109600 -0.991000 0.076600
-6.685120 -27.164600 -53.966705 -0.430300 -0.893800 0.126100
-9.323730 -25.100300 -54.080322 -0.568600 -0.794000 0.215100
-12.496826 -22.759201 -53.786713 -0.259200 -0.891200 0.372300
-36.367126 -29.348301 39.154388 -0.838300 0.175000 -0.516400
-32.809021 -26.359701 32.242401 -0.962200 -0.256900 0.090300
-41.574585 -23.323301 44.877502 -0.713400 -0.239500 -0.658600
-41.766235 -29.067600 42.067200 -0.690700 0.198900 -0.695300
-42.225708 -22.394300 40.331787 -0.768000 -0.638300 0.052800
-41.915894 -24.280100 35.271088 -0.655900 -0.754900 0.006300
-41.166687 -24.243101 40.275574 -0.896400 -0.432200 -0.098700
-36.339905 -14.205701 8.152893 -0.999900 -0.010400 0.002800
-39.576599 -31.794001 37.733490 -0.976500 -0.078700 -0.200400
-42.876831 -17.779001 32.808594 -0.863300 -0.491900 0.113000
-42.664795 -20.048101 30.242188 -0.912000 -0.340800 0.228200
-42.813721 -25.803902 26.870300 -0.751000 -0.560800 0.348500
-36.262695 -27.953400 26.628479 -0.833300 -0.234700 0.500500
-43.467224 -18.766201 46.381287 -0.797300 -0.352300 -0.490100
-43.417297 -15.720901 38.596375 -0.817500 -0.575500 -0.022400
-17.025696 -62.895798 -0.274323 -0.559700 -0.792900 -0.241200
-2.692505 -72.459801 7.940002 -0.226600 -0.675900 -0.701300
-2.590698 -70.310699 -0.611298 0.031800 -0.946200 0.322100
-5.811829 -69.682899 -0.620026 -0.197600 -0.923100 0.329900
-12.847290 -66.727798 1.344574 0.207600 -0.278800 0.937600
-10.013428 -68.767899 -0.435608 -0.343300 -0.873200 0.345800
-5.694824 -71.536499 8.048798 -0.304900 -0.668800 -0.678100
-10.071106 -68.481598 7.720703 -0.122600 -0.575500 -0.808600
-13.479431 -65.829300 5.331482 -0.668000 -0.742100 -0.055800
-10.010620 -68.667297 -1.637604 -0.478900 -0.841400 -0.250400
-6.009521 -69.714897 -2.220123 -0.231200 -0.947000 -0.223000
-2.663391 -70.535301 -2.083527 -0.054500 -0.987600 -0.147100
-2.983032 -73.475800 9.557495 -0.257000 -0.881100 -0.397000
-6.208618 -72.227798 9.537994 -0.434700 -0.829000 -0.351900
-10.063782 -69.107399 8.326202 -0.524900 -0.771800 -0.358800
-5.574036 -69.955704 15.824799 -0.443200 -0.827300 0.345200
-1.767883 -71.937698 15.156494 0.016300 -0.827600 0.561200
-3.409180 -71.437004 15.095184 -0.381800 -0.762300 0.522600
-0.892395 -71.754303 14.983002 0.113800 -0.866800 0.485500
-1.993286 -70.440102 17.411591 -0.432100 -0.866600 -0.249600
-0.843933 -70.503098 16.969788 -0.288200 -0.948400 -0.132200
-1.824707 -71.236702 16.276276 -0.099400 -0.823700 0.558200
-0.872681 -71.389702 15.981781 0.074800 -0.874500 0.479200
-0.959900 -73.108398 13.034302 0.215200 -0.794600 0.567700
-1.779785 -73.666298 12.864594 0.036400 -0.858400 0.511600
-38.666077 -29.404202 44.648285 -0.246300 -0.550500 0.797700
-41.452026 -31.037500 47.231476 0.057800 -0.736200 0.674300
-43.616394 -30.733601 45.152588 -0.797100 -0.587200 0.140700
-36.521179 -19.053001 26.401001 -0.641200 0.705300 -0.302300
-38.036499 -22.179701 21.828186 -0.524500 0.572700 -0.630000
-42.783691 -19.902102 22.473999 -0.493400 0.577300 -0.650600
-44.528320 -19.619202 28.709900 -0.986900 -0.121300 0.106400
-38.345520 -31.106501 27.788696 -0.986300 0.111400 -0.121500
-39.094604 9.518799 -28.751007 -0.839700 -0.245800 0.484300
-37.640503 1.155199 -3.341003 -0.976900 0.185600 0.106000
-34.892822 -0.712601 19.548798 -0.975300 0.200400 0.092700
-35.546387 -0.644201 35.469574 -0.976300 0.214100 -0.032900
-7.324585 -69.754898 25.794281 -0.056400 -0.614100 -0.787200
-10.401794 -66.371101 21.774078 -0.147900 -0.911500 -0.383900
-13.024292 -64.111000 -1.219910 -0.622900 -0.639600 -0.450400
-28.263977 -55.102898 43.969482 -0.807800 -0.503400 -0.306700
-25.874695 -60.133598 46.273376 -0.648300 -0.672200 -0.357500
-44.600891 -26.468601 47.194702 -0.949600 -0.233800 0.208600
-44.525818 -21.524302 48.108185 -0.980500 0.027000 0.194500
-46.138428 -15.359701 38.465088 -0.963400 -0.267800 -0.010700
-45.234985 -17.774700 31.688599 -0.941600 -0.336700 -0.005900
-42.287415 -25.865301 19.478577 -0.571800 0.094500 -0.815000
-41.551331 -30.474501 19.367279 -0.506600 -0.570400 -0.646500
-42.276428 -32.073002 41.536987 -0.592700 -0.778700 -0.205600
-41.647888 -26.575300 49.686584 0.081000 -0.291600 0.953100
-42.588379 -19.566601 50.508179 -0.100300 0.253400 0.962200
-44.313232 -12.268901 39.122894 -0.302600 0.952900 0.021800
-43.508118 -15.260501 31.289276 -0.309000 0.863800 -0.398000
-37.881714 -24.750801 20.393677 -0.642000 0.237500 -0.729000
-37.815125 -29.048201 19.874481 -0.620100 -0.090900 -0.779300
-38.347229 -32.383499 41.940491 -0.665500 -0.727800 0.165300
-38.301392 -25.562201 46.392578 -0.336600 -0.111900 0.935000
-38.064636 -20.077200 46.033875 0.627000 0.247700 0.738600
-36.891235 -15.410701 39.838501 -0.989600 0.050300 -0.134700
-37.312988 -32.088902 23.664490 -0.771600 -0.625300 -0.117100
-37.552002 -16.837502 43.496399 -0.993400 0.099400 -0.057900
-37.144531 -19.969900 19.797485 -0.977100 0.212600 -0.000100
-35.634827 -12.086101 16.719574 -0.994200 0.102000 0.032900
-36.802124 -32.975601 58.859589 -0.972500 -0.232500 -0.010600
-37.593689 -30.448601 50.658783 -0.965400 -0.190700 0.178000
-27.425293 -21.909201 -36.224518 -0.328900 -0.944300 -0.014000
-28.707092 -23.868900 -18.044800 -0.467600 -0.867500 -0.169500
-3.359436 -33.126701 -25.835419 -0.250800 -0.878800 -0.406100
-7.952332 -31.657801 -25.221100 -0.527100 -0.699700 -0.482300
-13.669189 -27.356501 -24.111816 -0.700800 -0.555900 -0.447100
-16.704590 -21.637800 -25.835205 -0.425400 -0.860200 -0.281100
-37.717224 -15.608601 53.658493 -0.998100 0.024400 -0.057000
-9.028931 -66.635002 85.699387 -0.403600 -0.550400 0.730900
-13.617920 -53.540802 91.338089 -0.488800 -0.374600 0.787900
-2.871887 -75.062599 78.855789 -0.125800 -0.877300 0.463100
-3.621887 -72.965401 47.420898 0.127000 -0.886400 -0.445200
-7.312927 -72.691002 47.983978 -0.341400 -0.730600 -0.591400
-10.663391 -70.561302 49.496796 -0.521400 -0.563400 -0.640900
-17.724731 -67.783897 50.250580 -0.464500 -0.799000 -0.381900
-24.491699 -63.503700 50.346802 -0.577900 -0.717600 -0.388700
-25.553894 -58.817001 41.316376 -0.675300 -0.561200 -0.478600
-7.686523 -64.671997 41.990784 0.023100 -0.972600 0.231400
-8.852722 -65.949104 41.896301 -0.182400 -0.335800 -0.924100
-11.353027 -68.148300 43.648102 -0.189500 -0.559000 -0.807200
-15.438904 -67.013802 44.550598 -0.213900 -0.365400 -0.905900
-20.067688 -64.598801 43.799683 0.023700 -0.383500 -0.923200
-23.943237 -62.203697 41.750977 -0.069200 -0.515600 -0.854000
-33.850891 -43.823303 46.924988 -0.916900 -0.363800 0.164300
-30.010925 -52.222000 39.412689 -0.801700 -0.568300 0.185200
-33.754089 -48.489403 35.650299 -0.920300 -0.334400 0.203000
-34.996033 -43.587402 29.663391 -0.982900 -0.175300 -0.056300
-29.968933 -23.975801 -0.133423 -0.747800 -0.485200 -0.453200
-31.249084 -32.254501 -0.836914 -0.906200 0.022800 -0.422300
-20.650208 -59.407898 13.283478 -0.825500 -0.562300 -0.047300
-18.445435 -63.102898 18.635376 -0.663200 -0.734100 -0.145900
-22.070129 -58.164200 7.557098 -0.918700 -0.389600 0.064100
-22.270935 -56.405602 -1.218506 -0.916300 -0.375400 -0.139400
-26.190186 -23.421200 -52.828003 -0.369200 -0.889200 0.270200
-13.927490 -60.709503 -6.330200 -0.455800 -0.887200 -0.071200
-11.248779 -64.112503 -10.000824 -0.720700 -0.688000 -0.085800
-7.078491 -67.247299 -11.220703 -0.459800 -0.887400 -0.032900
-2.966980 -68.635300 -11.027222 -0.179700 -0.983000 -0.037700
-30.950806 -37.596802 0.146698 -0.929400 -0.154700 -0.335100
-30.227234 -42.157501 0.780884 -0.941600 -0.256000 -0.218600
-2.797485 -34.390400 -34.940399 -0.258700 -0.944000 -0.204600
-3.351318 -37.646202 -22.645325 -0.174300 -0.265000 -0.948400
-3.314026 -49.846703 -24.055298 -0.275900 0.239400 -0.930900
-8.102478 -51.041603 -21.439514 -0.442600 0.312100 -0.840700
-16.099731 -45.395203 -15.882813 -0.512000 0.172600 -0.841500
-24.382935 -35.395000 -9.696808 -0.719500 0.006400 -0.694500
-35.550537 -28.999500 10.772583 -0.934100 -0.208800 -0.289500
-37.624329 -34.218700 30.217377 -0.938900 -0.323200 -0.118600
-8.740784 -64.703903 42.319580 -0.983600 -0.060100 -0.170100
-8.065125 -66.024498 41.147003 0.024900 -0.941400 0.336300
-9.834106 -66.481003 40.384003 -0.203600 -0.909100 0.363500
-12.549988 -66.321198 39.713593 -0.204700 -0.654600 0.727800
-11.018433 -65.355301 44.809479 -0.496100 0.172400 -0.851000
-16.473328 -64.855598 39.578186 -0.145100 -0.506800 0.849800
-15.476501 -64.358902 46.062500 0.045200 0.230100 -0.972100
-20.541687 -63.400703 40.640991 -0.361200 -0.648900 0.669700
-23.982117 -60.274902 42.402496 0.657300 -0.077300 -0.749700
-26.218506 -59.069801 44.372894 -0.843200 -0.524500 -0.118200
-20.778625 -61.116798 45.130096 0.459900 0.156900 -0.874000
-35.950623 -41.444801 33.937683 -0.961200 -0.275300 -0.017300
-34.887390 -46.186203 26.886902 -0.970900 -0.173800 -0.164900
-31.954712 -50.555500 23.434601 -0.838800 -0.374500 -0.395200
-27.370422 -56.900803 21.751678 -0.682400 -0.614100 -0.396400
-22.341492 -58.790398 19.777283 -0.609800 -0.713700 -0.344600
-26.835999 -43.148701 -6.071106 -0.896000 -0.140600 -0.421200
-30.144287 -43.159401 8.144287 -0.928500 -0.360600 -0.088300
-29.689514 -45.544403 15.516174 -0.886000 -0.402800 -0.229500
-32.671387 -56.176399 30.170685 -0.825300 -0.564700 0.009700
-26.786987 -56.002800 41.051575 -0.813000 -0.581300 -0.032900
-24.129028 -58.628403 38.940277 -0.555700 -0.818200 0.147700
-20.979797 -62.056999 34.897003 -0.468400 -0.811400 0.349500
-16.152832 -64.710098 34.110382 -0.329000 -0.895200 0.300800
-11.569092 -65.600403 34.813202 -0.317100 -0.852300 0.415900
-7.915222 -66.340797 37.175476 -0.559700 -0.615600 0.554800
-5.547180 -67.419800 39.236389 -0.741500 -0.403300 0.536200
-2.410034 -72.592804 40.570801 -0.606100 -0.596300 0.526300
-32.498718 -38.544701 8.637085 -0.916700 -0.347200 -0.197800
-21.776184 -62.580299 72.057785 -0.674600 -0.737600 0.028600
-19.987122 -64.709801 63.415787 -0.719800 -0.694000 0.013600
-19.683228 -68.598999 53.342087 -0.574900 -0.818200 -0.008600
-4.418335 -71.401802 71.937790 -0.339900 -0.939500 0.042000
-9.138794 -72.039001 61.943787 -0.211700 -0.975900 0.053800
-8.555420 -73.956398 51.544785 -0.248200 -0.967800 -0.042900
-7.404480 -71.176201 47.133789 -0.445000 -0.363100 -0.818600
-7.431824 -69.141998 46.607788 -0.457400 -0.439000 -0.773300
-7.716919 -68.144203 45.871399 -0.518500 -0.530300 -0.670800
-5.844604 -69.478897 45.947876 -0.536500 -0.563800 -0.627900
-9.625793 -60.076004 42.932678 -0.807000 -0.184100 -0.561100
-13.329895 -64.713997 17.970184 -0.250900 -0.947100 -0.200100
-2.354919 -74.293999 37.011993 -0.669700 -0.706900 0.227400
-2.523132 -70.693604 41.714874 -0.685000 -0.658700 0.311300
-6.934387 -64.881897 42.749573 -0.314100 -0.948600 -0.038100
-7.994690 -64.882401 44.553284 0.003100 -0.948600 -0.316600
-5.534729 -66.071701 42.149475 -0.603000 -0.722100 -0.339000
-5.428589 -65.508400 40.593903 -0.502800 -0.859900 0.088200
-3.997498 -70.942299 35.722290 -0.763400 -0.618300 0.186800
-22.899536 -51.742500 -4.605011 -0.753900 -0.642300 -0.138100
-23.771118 -51.452103 1.759277 -0.758700 -0.645700 -0.087000
-23.666016 -52.543201 7.917389 -0.737200 -0.661800 -0.136400
-33.918335 -46.762001 40.286102 -0.906700 -0.399700 0.134600
-30.891479 -50.992901 43.987183 -0.889300 -0.453800 0.056400
-29.226135 -52.289101 55.281586 -0.909700 -0.396000 0.124800
-28.126709 -57.210899 34.666290 -0.646400 -0.686700 0.332600
-23.192688 -59.103203 41.385376 -0.516500 -0.731000 -0.446000
-22.962830 -56.158600 42.792175 0.888300 -0.456200 0.053500
-7.503296 -65.682503 38.699280 -0.088400 -0.980700 0.174600
-20.674377 -58.082199 40.572693 0.346900 -0.203300 0.915600
-37.136719 -14.155300 -53.782898 -0.511200 -0.728300 0.456500
-10.530396 -61.167702 40.524780 -0.493600 -0.152300 0.856200
-17.095886 -59.730904 39.821686 0.055400 -0.141400 0.988400
-13.341431 -60.956001 39.849487 -0.145100 -0.140300 0.979400
-21.154419 -63.234001 46.913177 -0.470000 -0.742300 -0.477700
-15.204529 -66.115402 47.774902 -0.309300 -0.819800 -0.482000
-10.589905 -66.985001 46.662384 -0.013600 -0.961200 -0.275600
-20.044128 -56.985703 45.252197 0.269000 -0.179000 -0.946400
-15.907593 -58.817299 45.617798 -0.092900 -0.114000 -0.989100
-11.997986 -59.893799 44.643402 -0.446100 -0.124700 -0.886200
-1.580688 -75.212402 18.952576 -0.484400 0.113300 -0.867500
-1.275330 -72.426704 18.101685 -0.720000 -0.346500 -0.601300
-3.897400 -69.527603 18.022583 -0.311000 -0.868800 -0.385400
-7.419678 -71.097900 17.608002 -0.154200 -0.289300 -0.944700
-6.103394 -71.400398 18.324677 0.528400 -0.217800 -0.820600
-3.940735 -75.313904 19.076477 0.117600 -0.157900 -0.980400
-2.604126 -65.895103 -23.517120 -0.057000 -0.670800 -0.739500
-3.614685 -58.583702 -27.148010 -0.246500 -0.099000 -0.964100
-7.667114 -68.771797 -17.832397 -0.445900 -0.890300 -0.092400
-2.917480 -69.959000 -17.322418 0.077000 -0.992200 -0.097800
-8.707886 -56.785599 -24.909515 -0.435800 0.092000 -0.895400
-7.567688 -65.230499 -23.300323 -0.330900 -0.538500 -0.774900
-16.356384 -53.912201 -20.056305 -0.569900 0.137000 -0.810200
-22.354614 -50.966499 -11.984619 -0.875000 -0.279100 -0.395600
-19.598083 -55.308502 -16.408722 -0.859300 -0.314000 -0.403900
-13.876587 -61.488899 -20.415802 -0.712800 -0.455200 -0.533500
-13.166016 -65.856598 10.996185 -0.653800 -0.748300 0.112100
-6.575623 -69.605003 14.088501 -0.570500 -0.741700 0.352700
-3.744995 -72.632202 13.242401 -0.456600 -0.723900 0.517200
-9.486816 -68.204102 72.746094 -0.343700 -0.912300 0.222600
-15.182007 -66.270103 73.023788 -0.445500 -0.871500 0.204900
-24.919189 -56.994102 63.888382 -0.803600 -0.594600 -0.026500
-32.491333 -42.851200 53.481491 -0.929600 -0.300800 0.213000
-36.139221 -1.521700 49.254974 -0.978400 0.193700 -0.072500
-32.529480 7.487799 25.989594 -0.913900 0.391200 -0.108200
-29.761719 16.977098 -5.842407 -0.707600 0.611500 0.354100
-16.057495 27.962900 -10.351624 -0.529000 0.788600 0.313400
-23.484802 -59.301804 60.485794 -0.815400 -0.564800 0.126700
-14.301880 -69.617500 62.805984 -0.525400 -0.850300 0.030800
-4.164307 -72.052803 61.758789 -0.105700 -0.992900 0.053900
-8.267090 -67.462898 21.931580 -0.982200 -0.132200 -0.133100
-6.037598 -69.033699 25.338196 -0.807000 -0.589700 -0.032600
-4.526428 -73.545502 25.890503 -0.758300 -0.524200 0.387500
-4.838684 -76.591301 22.478485 -0.852800 -0.499400 0.152900
-5.110779 -68.658203 18.091400 -0.575900 -0.662900 -0.478400
-4.771484 -75.932602 19.525787 -0.605500 -0.507500 -0.613000
-5.288086 -72.014999 31.664581 -0.745600 -0.633400 0.207100
-8.705994 -70.195198 17.776978 -0.547900 -0.020100 -0.836300
-7.729980 -73.329102 20.089203 -0.720600 -0.661600 -0.207600
-7.182312 -73.299698 23.101776 -0.669300 -0.699800 0.249600
-10.907288 -68.434998 21.767181 -0.891300 0.453100 -0.015400
-8.068420 -71.602402 25.270874 -0.524500 -0.330400 0.784700
-2.146118 -76.841103 27.538177 -0.640800 -0.665600 0.382600
-9.728821 -68.806503 24.069702 -0.602900 0.434500 0.669100
-9.681580 -68.930099 19.065674 -0.685000 0.435800 -0.583900
-29.907837 -54.114998 36.875977 -0.757800 -0.560000 0.334800
-17.056335 -65.086098 31.618286 -0.448700 -0.887900 0.101600
-16.158508 -65.716202 38.484497 -0.335700 -0.932100 0.136100
-13.816833 -68.184998 25.821777 -0.373900 -0.922500 -0.095700
-8.615234 -73.122803 80.381592 -0.344200 -0.841700 0.416000
-27.027893 -53.232201 14.715698 -0.756800 -0.597000 -0.266300
-22.704834 -55.493698 13.802185 -0.718100 -0.645800 -0.259400
-17.119629 -62.326202 11.371277 -0.502500 -0.862400 -0.061100
-8.615479 -37.661003 -21.838013 -0.391200 -0.230800 -0.890900
-12.761780 -24.200001 -35.851715 -0.765800 -0.610400 -0.202300
-6.776978 -32.551701 -34.793823 -0.582200 -0.791200 -0.187100
-15.270691 -33.703899 -18.351410 -0.675400 -0.237000 -0.698400
-2.607483 -69.545898 -3.806702 -0.088800 -0.939500 -0.330800
-16.730713 -58.623802 -14.828705 -0.757800 -0.642700 -0.112600
-12.779907 -63.694801 -17.270111 -0.728800 -0.684400 0.022500
-5.898621 -68.713898 -4.238708 -0.242700 -0.925000 -0.292300
-10.284119 -67.544197 -3.545013 -0.614400 -0.730800 -0.297400
-20.451233 -57.870697 -7.400726 -0.827200 -0.503200 -0.250200
-8.077820 -69.249100 32.691803 -0.465000 -0.860200 0.209400
-9.258728 -60.390602 41.902374 -0.930900 -0.233900 0.280600
-6.116089 -68.768997 44.552399 -0.623300 -0.601100 -0.500100
-11.799683 -67.861000 30.888000 -0.379800 -0.907900 0.177400
-3.130005 -70.528099 43.344177 -0.489200 -0.811000 -0.320800
-2.465881 -70.911598 6.960083 -0.114100 -0.000800 -0.993500
-27.456421 -49.447701 1.409180 -0.780700 -0.606500 -0.150400
-10.052612 -67.423599 7.222198 0.174400 0.017100 -0.984500
-5.413025 -70.377403 7.311676 -0.071600 -0.008400 -0.997400
-3.174316 -70.242699 16.802277 -0.349700 -0.813600 0.464600
-2.825684 -80.032204 18.977478 -0.497900 -0.581400 -0.643400
-2.539429 -81.028099 22.906982 -0.560800 -0.803300 0.200600
-10.258484 -70.770302 22.571381 -0.847200 -0.520500 0.106500
-3.417480 -73.981499 11.623077 -0.304000 -0.940000 0.155100
-10.791992 -67.749901 47.687195 -0.183100 -0.652000 -0.735700
-11.889587 -66.823502 38.801483 0.024600 -0.991000 0.131500
-20.527893 -63.334999 39.547699 -0.654800 -0.752900 -0.065800
-21.582825 -56.601303 44.344696 0.602400 -0.239600 -0.761400
-20.775696 -65.268303 47.504700 -0.339500 -0.670600 -0.659500
-15.255310 -68.578804 48.255585 -0.272600 -0.740000 -0.614800
-26.639893 -61.432899 27.796387 -0.603000 -0.793500 -0.082600
-20.504089 -64.940704 26.243286 -0.476300 -0.861300 -0.177200
-33.630310 -46.341202 67.132782 -0.903700 -0.419300 -0.086400
-39.127930 -13.260201 64.751984 -0.998800 0.047500 0.009500
-34.177734 -51.333603 32.927094 -0.929800 -0.306500 0.203900
-23.718384 -61.349998 32.261902 -0.538800 -0.817700 0.202800
-8.461792 -69.340904 29.089386 -0.514100 -0.829300 0.219000
-2.253723 -75.298203 32.894775 -0.584100 -0.783000 0.214000
-3.882019 -73.912201 50.730988 0.158800 -0.987300 0.001500
-4.038818 -71.766304 45.857788 -0.200800 -0.740700 -0.641100
-10.123779 -70.143204 20.984589 -0.851700 -0.444600 -0.277200
-10.440613 -69.533401 48.604797 -0.401400 -0.505800 -0.763600
-26.056885 -50.226402 -5.081299 -0.784400 -0.580700 -0.217900
-10.638184 -68.758202 9.603485 -0.672600 -0.726000 0.143200
-22.209534 -27.118700 -11.822205 -0.664800 -0.526500 -0.530000
-35.826599 -17.257000 -6.512115 -0.914200 -0.396900 -0.081800
-28.945801 -58.263298 49.612976 -0.916700 -0.394600 -0.062100
-15.786804 37.108803 45.754089 -0.493800 0.860600 -0.124900
-27.409485 21.995600 43.011780 -0.854800 0.494000 -0.159200
-36.180298 -36.044300 25.459900 -0.945300 -0.284500 -0.159700
-33.296631 -40.880699 17.345184 -0.886300 -0.391300 -0.247700
-25.916077 -39.974701 -8.397705 -0.790000 0.010900 -0.613000
-27.889832 -50.450699 7.952698 -0.779100 -0.610100 -0.144500
-6.661987 -72.550499 11.640381 -0.538500 -0.791600 0.288900
-12.693420 -72.151497 52.540894 -0.437600 -0.893500 -0.100600
-15.463928 -69.304398 80.485382 -0.579900 -0.762200 0.287800
-26.739014 -14.385000 96.475693 -0.498000 0.051300 0.865600
-17.189636 18.602499 90.712585 -0.317600 0.522700 0.791200
-17.484985 36.955696 69.138382 -0.315000 0.899700 0.302200
-12.853882 27.650000 11.403900 -0.445000 0.852600 -0.274000
-29.420776 31.864599 -27.084412 -0.361800 0.663500 0.654800
-15.482178 -19.471001 -39.860016 -0.286500 -0.957600 -0.030200
-18.250488 -61.225098 6.726898 -0.364500 -0.930000 -0.048300
-23.914612 19.512800 14.135681 -0.721500 0.684200 0.106200
-33.883179 -34.344501 9.424500 -0.942300 -0.203900 -0.265400
-37.134521 -11.091901 -33.443726 -0.876900 -0.467400 0.112500
-37.252319 -22.431900 88.137589 -0.837800 -0.109500 0.534900
-32.409729 23.900198 66.072189 -0.851500 0.510900 0.118200
-26.292908 -64.431404 53.743286 -0.693400 -0.670200 0.264800
-31.456604 11.247599 83.923492 -0.767700 0.344900 0.540100
-43.325195 21.642099 -27.269714 -0.517200 0.126900 0.846400
-25.501892 -57.612701 80.126282 -0.749600 -0.518200 0.411900
-52.005493 11.212297 -35.153107 -0.378200 -0.519400 0.766300
-60.885681 27.561998 -32.092926 -0.383900 0.103500 0.917600
-2.199890 -76.069603 30.216492 -0.610700 -0.762400 0.213900
-5.026978 -72.188499 27.707581 -0.718900 -0.689200 0.090600
-43.990784 -28.385601 46.643982 -0.928500 -0.300000 0.218700
-42.979309 -30.709101 42.110992 -0.867800 0.100000 -0.486700
-42.280396 -23.581701 31.349701 -0.827800 -0.560700 -0.017600
-44.665833 -21.122400 34.478973 -0.960500 -0.217700 -0.173400
-45.551331 -19.441401 39.612885 -0.997300 -0.066500 0.030500
-44.502808 -20.554300 44.757202 -0.992600 -0.087900 0.083200
-38.111633 -31.149502 25.400879 -0.884200 -0.373800 0.280000
-41.679504 -29.672802 23.024597 -0.746000 -0.602000 0.284900
-106.867737 2.607698 -88.577301 -0.785100 -0.594800 0.172700
-47.807129 -1.867201 -48.056519 -0.461500 -0.637300 0.617100
-10.687927 81.577698 -101.383209 -0.071100 0.997500 0.000000
-35.203979 78.477005 -101.383209 -0.283800 0.958900 0.000000
-14.289185 -69.095001 50.113373 -0.332900 -0.849500 -0.409200
-8.988098 -71.626099 48.483490 -0.579100 -0.519100 -0.628700
-5.467407 -72.828201 47.445496 -0.208400 -0.820800 -0.531900
-10.624390 -73.053902 52.042892 -0.443200 -0.891000 -0.098300
-16.000610 -70.375198 52.941483 -0.440000 -0.894300 -0.081200
-22.101501 -66.515198 53.542694 -0.591300 -0.796600 0.125700
0.000000 -31.055201 -71.933807 0.000000 -0.866400 0.499400
0.000000 65.322899 -48.159698 0.000000 0.780000 0.625800
-45.510620 59.510002 -46.202026 -0.266300 0.746400 0.609900
-80.891235 36.087898 -48.537506 -0.610500 0.418600 0.672300
-88.628784 16.078897 -52.093811 -0.644600 -0.147500 0.750100
-82.199219 -1.710501 -58.048523 -0.459000 -0.536900 0.707800
-62.804810 -16.512701 -63.720520 -0.194500 -0.569000 0.799000
-22.835510 -31.099899 -64.607300 -0.284500 -0.695500 0.659800
-16.483032 -33.557701 -64.714325 0.082800 -0.757200 0.647900
-10.130493 -30.951702 -64.821198 0.106800 -0.810100 0.576500
-6.584290 -32.349998 -66.741699 0.104200 -0.856600 0.505300
-4.427979 -32.788002 -68.895599 0.281200 -0.835200 0.472700
-1.853577 -33.286201 -71.427399 0.573400 -0.648500 0.500600
-15.232605 -20.102400 -44.291504 -0.175100 -0.975300 0.134400
-11.042725 -23.637402 -42.434204 -0.712100 -0.693600 -0.108900
-6.731079 -28.845402 -41.848419 -0.556100 -0.788100 -0.263800
-2.856934 -30.092501 -41.921722 -0.198100 -0.916800 -0.346800
0.000000 -30.326401 -41.935211 -0.000000 -0.929500 -0.368700
0.000000 -39.134800 -77.337311 -0.000000 -0.871600 0.490100
0.000000 79.383400 -71.867126 0.000000 0.938500 0.345300
-57.299805 63.288704 -69.321808 -0.445500 0.833500 0.326900
-92.811523 46.657402 -70.806122 -0.588100 0.666200 0.458500
-107.897095 22.834200 -71.345215 -0.808600 0.059000 0.585300
-98.436523 0.686699 -72.273315 -0.712500 -0.548100 0.438100
-70.676819 -26.681601 -71.867126 -0.441800 -0.791500 0.422200
-32.006226 -39.956802 -73.181824 -0.219000 -0.794000 0.567100
-17.783630 -40.682999 -73.528412 0.117000 -0.834500 0.538400
-9.192322 -38.653503 -74.652313 0.256000 -0.861000 0.439400
-6.011902 -38.443100 -75.663513 0.101500 -0.911300 0.399000
-3.722534 -38.716301 -76.416321 0.034900 -0.903300 0.427500
-1.718323 -39.020302 -77.135620 0.016100 -0.888000 0.459500
-2.084290 -41.950203 -101.383209 -0.087900 -0.996100 0.001200
0.000000 -42.062500 -101.383209 0.000000 -1.000000 -0.000000
0.000000 81.753799 -101.383209 0.000000 1.000000 0.000000
-63.660095 64.742699 -101.383209 -0.431000 0.902300 -0.008200
-101.903992 46.632500 -101.383209 -0.637200 0.770700 0.000000
-117.950317 24.690798 -101.383209 -0.996500 0.083100 0.000000
-106.867737 2.607698 -101.383209 -0.779000 -0.627100 -0.000000
-70.676819 -26.681601 -101.383209 -0.543800 -0.839200 0.000000
-36.106323 -44.222401 -101.383209 -0.366900 -0.930200 0.000000
-20.029480 -48.877998 -101.383209 0.199300 -0.979900 0.000000
-11.232300 -41.717800 -101.383209 0.382500 -0.924000 0.000000
-7.294678 -41.315399 -101.383209 -0.009300 -1.000000 0.000000
-4.510681 -41.652100 -101.383209 -0.121100 -0.992600 -0.000200
-38.025330 -30.662901 20.785278 -0.259300 -0.806800 -0.530800
-29.732178 12.171099 10.395081 -0.841200 0.515600 0.163000
-36.266602 0.221300 8.103882 -0.960900 0.246200 0.126900
-29.746887 13.737299 2.276276 -0.799800 0.585400 0.132800
-11.459778 18.821898 91.057587 -0.093700 0.533300 0.840700
-5.828430 39.358902 70.384491 -0.217200 0.911000 0.350600
-11.656677 36.381996 69.761490 -0.231600 0.898600 0.372600
-5.262329 39.902702 43.815277 -0.256000 0.956400 -0.140800
-10.524536 38.505798 44.784576 -0.283900 0.951400 -0.119700
-4.284607 26.915098 10.732788 0.195300 0.902900 -0.382900
-8.569214 28.848700 11.068298 0.046100 0.945400 -0.322500
-5.352478 30.716799 -12.166321 0.264900 0.918200 0.294600
-10.705017 32.347397 -11.258911 -0.143700 0.944300 0.296000
-5.954712 36.348900 -23.983826 -0.072600 0.805200 0.588500
-19.613892 34.106697 -25.534119 -0.264100 0.769900 0.581000
-9.299988 51.693901 -36.414398 -0.044300 0.619400 0.783800
-23.113586 45.995399 -36.441925 -0.198600 0.531600 0.823400
-11.230408 63.471397 -48.145111 -0.045200 0.772900 0.632900
-30.339478 62.264999 -45.941498 -0.127700 0.710800 0.691700
-10.687927 81.577698 -71.867126 0.036200 0.949800 0.310600
-35.203979 78.477005 -71.867126 -0.321100 0.905500 0.277400
-35.203979 78.477005 -88.577301 -0.304900 0.952100 0.021400
-10.687927 81.577698 -88.577301 -0.051100 0.998400 0.022600
-43.539490 -25.801800 44.950500 -0.738300 0.019100 -0.674200
-45.058289 -17.310001 45.318481 -0.982900 -0.165200 0.081000
-42.635437 -16.038300 48.251892 -0.102500 0.702900 0.703900
-2.733521 -69.821198 0.289581 0.100000 -0.277800 0.955400
0.421997 -70.146202 -0.606201 0.037200 -0.294300 0.955000
-9.911682 -67.663200 0.357391 0.046200 -0.278800 0.959200
-5.803284 -68.931503 0.331573 -0.067100 -0.268000 0.961100
0.000000 -71.924698 71.691284 -0.000000 -0.999600 0.028600
-14.398987 -47.131104 43.220703 -0.188500 -0.981500 -0.032700
0.000000 -45.307602 7.065796 0.000000 0.015100 -0.999900
-13.291077 -45.283100 7.066498 -0.000700 -0.257800 0.966200
-2.259521 -45.306900 7.066101 -0.003600 0.009400 -0.999900
-9.906433 -45.293503 7.066193 0.009000 -0.273800 0.961800
-5.222900 -45.303902 7.066193 -0.004400 -0.003300 -1.000000
-14.665894 -64.691902 3.498474 -0.684900 -0.726900 0.050200
19.343506 -23.090200 -53.307312 -0.105100 -0.883200 0.457100
2.046570 -71.662300 22.779388 0.266200 -0.227900 -0.936600
43.043579 -25.997301 22.790497 0.975500 -0.191500 -0.107900
30.669373 -48.960300 47.932373 0.910400 -0.403000 0.093300
28.592468 -54.772301 53.310791 0.920100 -0.290400 0.262800
23.632996 -61.229500 56.605591 0.693700 -0.475400 0.541000
19.198364 -65.271904 58.182495 0.645200 -0.707500 0.288300
13.728577 -68.872398 58.354095 0.487300 -0.863600 0.129400
8.867371 -71.168503 57.461884 0.247400 -0.958100 0.144300
4.012878 -72.000198 56.564789 0.048700 -0.989500 0.135900
21.982117 -62.543900 33.939087 0.449300 -0.848800 0.278600
25.478577 -59.206902 36.517700 0.562400 -0.769400 0.302900
27.359680 -56.761497 38.372894 0.683100 -0.678100 0.271200
16.580017 -65.453804 33.141296 0.384900 -0.874200 0.295900
2.823669 -68.961700 -14.533020 0.044600 -0.982300 0.182100
7.490906 -67.753998 -15.328125 0.487900 -0.832500 0.262400
12.540222 -62.998398 -14.865326 0.664900 -0.737000 0.121600
17.017090 -60.845604 -7.256805 0.410200 -0.911500 -0.029500
20.036194 -60.144203 -1.472321 0.688700 -0.694100 -0.209500
20.355469 -60.903801 6.746582 0.545400 -0.837600 -0.030300
18.434204 -61.909904 12.630676 0.557200 -0.826800 -0.076800
15.516968 -65.187401 18.539886 0.298100 -0.903600 -0.307700
11.209412 -68.436302 24.238983 0.169100 -0.896500 -0.409500
8.164673 -71.379204 27.020386 0.418200 -0.903100 -0.097000
28.188904 -52.911003 64.020981 0.819500 -0.548700 -0.165100
23.406006 -60.930099 72.669189 0.725500 -0.688200 -0.000200
15.590210 -66.900497 74.493393 0.619500 -0.728400 -0.292600
9.166077 -72.628799 73.630081 0.477900 -0.692300 -0.540700
3.950684 -75.127998 74.662384 0.402100 -0.915100 0.029300
11.879883 -67.429001 33.712280 0.368700 -0.804200 0.466200
7.996521 -67.794998 35.946381 0.571300 -0.651000 0.499800
4.920593 -69.736504 37.983093 0.755400 -0.578300 0.308000
2.373108 -73.355400 39.022186 0.658600 -0.690900 0.298100
24.936707 -61.649498 42.555603 0.782200 -0.613800 -0.106500
20.470276 -64.929100 44.850098 0.519800 -0.853000 0.047100
101.903992 46.632500 -88.577301 0.655100 0.734500 0.176800
117.950317 24.690798 -88.577301 0.966000 0.086100 0.243800
70.676819 -26.681601 -88.577301 0.536400 -0.843200 0.036300
36.106323 -44.222401 -88.577301 0.365200 -0.915500 0.168800
11.232300 -41.717800 -88.577301 -0.401300 -0.913200 0.070700
7.294678 -41.315399 -88.577301 -0.004500 -0.993500 0.114100
15.293518 -67.577301 45.656403 0.306200 -0.940300 0.148400
10.971375 -68.579399 44.648773 -0.242800 -0.965700 0.092100
8.423706 -66.428497 42.718475 -0.616100 -0.752900 -0.231400
4.345581 -68.656601 84.964783 0.069200 -0.613100 0.787000
5.510071 -50.566101 95.145081 0.031200 -0.326300 0.944700
8.912964 -10.308301 100.656891 0.159300 0.078300 0.984100
10.254211 -51.179100 94.281281 0.311600 -0.315400 0.896300
17.825989 -12.346701 98.660385 0.239800 0.046200 0.969700
34.674011 42.960304 -36.720520 0.158800 0.488900 0.857800
20.029480 -48.877998 -88.577301 -0.170100 -0.971200 0.166700
43.369812 -23.165100 25.139893 0.986900 -0.107000 -0.120600
2.916199 -27.820000 -53.966705 0.109600 -0.991000 0.076600
6.685120 -27.164600 -53.966705 0.430300 -0.893800 0.126100
9.323669 -25.100300 -54.080322 0.568600 -0.794000 0.215100
12.496765 -22.759201 -53.786713 0.259200 -0.891200 0.372300
36.367065 -29.348301 39.154388 0.838300 0.175000 -0.516400
32.809021 -26.359701 32.242401 0.962200 -0.256900 0.090300
41.574585 -23.323301 44.877502 0.713400 -0.239500 -0.658600
41.766174 -29.067600 42.067200 0.690700 0.198900 -0.695300
42.225708 -22.394300 40.331787 0.768000 -0.638300 0.052800
41.916016 -24.280100 35.271088 0.655900 -0.754900 0.006300
41.166687 -24.243101 40.275574 0.896400 -0.432200 -0.098700
36.339905 -14.205701 8.152893 0.999900 -0.010400 0.002800
39.576599 -31.794001 37.733490 0.976500 -0.078700 -0.200400
42.876770 -17.779001 32.808594 0.863300 -0.491900 0.113000
42.664795 -20.048101 30.242188 0.912000 -0.340800 0.228200
42.813721 -25.803902 26.870300 0.751000 -0.560800 0.348500
36.262695 -27.953400 26.628479 0.833300 -0.234700 0.500500
43.467163 -18.766201 46.381287 0.797300 -0.352300 -0.490100
43.417297 -15.720901 38.596375 0.817500 -0.575500 -0.022400
17.335205 -62.152100 -0.404999 0.644300 -0.747500 -0.161800
2.555969 -72.461304 7.936401 0.222400 -0.674300 -0.704100
2.770569 -70.540504 -0.892822 -0.209200 -0.894300 0.395500
5.445618 -70.758202 -0.917603 0.074800 -0.944000 0.321200
12.632874 -67.465797 0.897095 -0.045800 -0.273000 0.960900
9.681213 -69.421204 -0.537903 0.310200 -0.864700 0.395100
5.566711 -71.546501 8.034576 0.288300 -0.647700 -0.705300
9.945313 -68.631401 7.600983 0.180100 -0.596000 -0.782500
13.184814 -65.229698 4.835876 0.661200 -0.746000 -0.079000
9.683105 -69.705902 -1.742615 0.455100 -0.888900 -0.052400
5.682922 -70.879799 -3.006104 0.109600 -0.971700 -0.209100
2.805298 -70.668999 -2.840424 -0.165500 -0.957700 -0.235400
2.847473 -73.477898 9.552673 0.249900 -0.882200 -0.399100
6.081116 -72.265297 9.500397 0.423800 -0.830200 -0.362200
9.925964 -69.200302 8.254791 0.558600 -0.762800 -0.325700
5.516724 -69.915703 15.682373 0.459300 -0.831500 0.312400
1.697571 -71.923302 15.114777 0.007600 -0.829900 0.557900
3.338623 -71.403404 14.985199 0.405300 -0.757000 0.512500
0.804382 -71.743103 14.957275 -0.095400 -0.869100 0.485400
1.979980 -70.444397 17.406677 0.434900 -0.861500 -0.261900
0.818115 -70.506599 16.972778 0.285300 -0.947500 -0.144400
1.789185 -71.235603 16.259888 0.118300 -0.831400 0.543000
0.820618 -71.386002 15.970398 -0.065900 -0.878600 0.473000
0.822571 -73.107002 13.034698 -0.209100 -0.790600 0.575500
1.645081 -73.665802 12.863495 -0.036500 -0.854100 0.518800
38.666077 -29.404202 44.648285 0.246300 -0.550500 0.797700
41.451965 -31.037500 47.231476 -0.057800 -0.736200 0.674300
43.616394 -30.733601 45.152588 0.797100 -0.587200 0.140700
36.521179 -19.053001 26.401001 0.641200 0.705300 -0.302300
38.036499 -22.179701 21.828186 0.524500 0.572700 -0.630000
42.783813 -19.902102 22.473999 0.493300 0.577300 -0.650600
44.528320 -19.619202 28.709900 0.986900 -0.121300 0.106400
38.345520 -31.106501 27.788696 0.986300 0.111400 -0.121500
39.094604 9.518799 -28.751007 0.839700 -0.245800 0.484300
37.640503 1.155199 -3.341003 0.976900 0.185600 0.106000
34.892822 -0.712601 19.548798 0.975300 0.200400 0.092700
35.546509 -0.644201 35.469574 0.976300 0.214100 -0.032900
7.324707 -69.754898 25.794281 0.056400 -0.614200 -0.787200
10.391724 -66.359398 21.761292 0.149900 -0.909000 -0.388800
12.915771 -67.290100 -1.764221 0.658500 -0.713900 -0.238200
28.263977 -55.102898 43.969482 0.807800 -0.503400 -0.306700
25.874817 -60.133598 46.273376 0.648300 -0.672200 -0.357500
44.600891 -26.468601 47.194702 0.949600 -0.233800 0.208600
44.525818 -21.524302 48.108185 0.980500 0.027000 0.194500
46.138367 -15.359701 38.465088 0.963400 -0.267800 -0.010700
45.235107 -17.774700 31.688599 0.941600 -0.336700 -0.005900
42.287415 -25.865301 19.478577 0.571800 0.094500 -0.815000
41.551270 -30.474501 19.367279 0.506600 -0.570400 -0.646500
42.276367 -32.073002 41.536987 0.592700 -0.778700 -0.205600
41.648010 -26.575300 49.686584 -0.081000 -0.291600 0.953100
42.588379 -19.566601 50.508179 0.100300 0.253400 0.962200
44.313171 -12.268901 39.122894 0.302600 0.952900 0.021800
43.508118 -15.260501 31.289276 0.309000 0.863800 -0.398000
37.881714 -24.750801 20.393677 0.642000 0.237500 -0.729000
37.815063 -29.048201 19.874481 0.620100 -0.091000 -0.779300
38.347168 -32.383499 41.940491 0.665500 -0.727800 0.165300
38.301514 -25.562201 46.392578 0.336600 -0.111900 0.935000
38.064575 -20.077200 46.033875 -0.627000 0.247700 0.738600
36.891174 -15.410701 39.838501 0.989600 0.050300 -0.134700
37.312988 -32.088902 23.664490 0.771600 -0.625300 -0.117100
37.552002 -16.837502 43.496399 0.993400 0.099400 -0.057900
37.144470 -19.969900 19.797485 0.977100 0.212600 -0.000100
35.634766 -12.086101 16.719574 0.994200 0.102000 0.032900
36.802063 -32.975601 58.859589 0.972500 -0.232500 -0.010600
37.593689 -30.448601 50.658783 0.965400 -0.190700 0.178000
27.425293 -21.909201 -36.224518 0.328900 -0.944300 -0.014000
28.707092 -23.868900 -18.044800 0.467600 -0.867500 -0.169500
3.359375 -33.126701 -25.835419 0.250800 -0.878800 -0.406100
7.952271 -31.657801 -25.221100 0.527100 -0.699700 -0.482300
13.669189 -27.356501 -24.111816 0.700800 -0.555900 -0.447100
16.704590 -21.637800 -25.835205 0.425400 -0.860200 -0.281100
37.717163 -15.608601 53.658493 0.998100 0.024400 -0.057000
9.028870 -66.635002 85.699387 0.403600 -0.550400 0.730900
13.617920 -53.540802 91.338089 0.488800 -0.374600 0.787900
2.872009 -75.062599 78.855789 0.125800 -0.877300 0.463100
3.621887 -72.965401 47.420898 -0.127000 -0.886400 -0.445200
7.312805 -72.691002 47.983978 0.341400 -0.730600 -0.591400
10.663391 -70.561302 49.496796 0.521400 -0.563400 -0.640900
17.724670 -67.783897 50.250580 0.464500 -0.799000 -0.381900
24.491699 -63.503700 50.346802 0.577900 -0.717600 -0.388700
25.554016 -58.817001 41.316376 0.675300 -0.561200 -0.478600
7.686523 -64.671997 41.990784 -0.023100 -0.972600 0.231400
8.852722 -65.949104 41.896301 0.182400 -0.335800 -0.924100
11.352966 -68.148300 43.648102 0.189500 -0.559000 -0.807200
15.438904 -67.013802 44.550598 0.213900 -0.365400 -0.905900
20.067688 -64.598801 43.799683 -0.023700 -0.383500 -0.923200
23.943176 -62.203697 41.750977 0.069200 -0.515600 -0.854000
33.851013 -43.823303 46.924988 0.916900 -0.363800 0.164300
30.010864 -52.222000 39.412689 0.801700 -0.568300 0.185200
33.754089 -48.489403 35.650299 0.920300 -0.334400 0.203000
34.995972 -43.587402 29.663391 0.982900 -0.175300 -0.056300
29.968872 -23.975801 -0.133423 0.747800 -0.485200 -0.453200
31.249084 -32.254501 -0.836914 0.906200 0.022800 -0.422300
20.635803 -59.366402 13.268890 0.821800 -0.567000 -0.056600
18.439209 -63.088501 18.628601 0.659300 -0.736200 -0.152800
21.629700 -58.676201 7.251892 0.902900 -0.427400 0.045200
22.270874 -56.403603 -1.219025 0.914200 -0.384800 -0.127400
26.190186 -23.421200 -52.828003 0.369200 -0.889200 0.270200
13.912903 -60.819702 -6.105621 0.519800 -0.842300 -0.142600
11.263977 -64.230598 -9.674500 0.737200 -0.663400 -0.128500
7.078491 -67.247299 -11.220703 0.453300 -0.886900 -0.089500
2.966980 -68.635300 -11.027222 0.178400 -0.982900 -0.045600
30.950806 -37.596802 0.146698 0.929400 -0.154700 -0.335100
30.227173 -42.157501 0.780884 0.941600 -0.256000 -0.218600
2.797485 -34.390400 -34.940399 0.258700 -0.944000 -0.204600
3.351318 -37.646202 -22.645325 0.174300 -0.265000 -0.948400
3.313965 -49.846703 -24.055298 0.275900 0.239400 -0.930900
8.102478 -51.041603 -21.439514 0.442600 0.312100 -0.840700
16.099670 -45.395203 -15.882813 0.512000 0.172600 -0.841500
24.382874 -35.395000 -9.696808 0.719500 0.006400 -0.694500
35.550476 -28.999500 10.772583 0.934100 -0.208800 -0.289500
37.624268 -34.218700 30.217377 0.938900 -0.323200 -0.118600
8.740906 -64.703903 42.319580 0.983600 -0.060100 -0.170100
8.065063 -66.024498 41.147003 -0.024900 -0.941400 0.336300
9.834106 -66.481003 40.384003 0.203600 -0.909100 0.363500
12.549988 -66.321198 39.713593 0.204700 -0.654600 0.727800
11.018372 -65.355301 44.809479 0.496100 0.172400 -0.851000
16.473267 -64.855598 39.578186 0.145100 -0.506800 0.849800
15.476501 -64.358902 46.062500 -0.045200 0.230100 -0.972100
20.541809 -63.400703 40.640991 0.361200 -0.648900 0.669700
23.982117 -60.274902 42.402496 -0.657300 -0.077300 -0.749700
26.218506 -59.069801 44.372894 0.843200 -0.524500 -0.118200
20.778564 -61.116798 45.130096 -0.459900 0.156900 -0.874000
35.950623 -41.444801 33.937683 0.961200 -0.275300 -0.017300
34.887390 -46.186203 26.886902 0.970900 -0.173800 -0.164900
31.954712 -50.555500 23.434601 0.838800 -0.374500 -0.395200
27.370422 -56.900803 21.751678 0.682400 -0.614100 -0.396400
22.341614 -58.790398 19.777283 0.608500 -0.714200 -0.346000
26.835999 -43.148701 -6.071106 0.896000 -0.140600 -0.421200
30.144409 -43.159401 8.144287 0.928500 -0.360600 -0.088300
29.689514 -45.544403 15.516174 0.886000 -0.402800 -0.229500
32.671387 -56.176399 30.170685 0.825300 -0.564700 0.009700
26.787109 -56.002800 41.051575 0.813000 -0.581300 -0.032900
24.128967 -58.628403 38.940277 0.555700 -0.818200 0.147700
20.979797 -62.056999 34.897003 0.468400 -0.811400 0.349500
16.152771 -64.710098 34.110382 0.329000 -0.895200 0.300800
11.569214 -65.600403 34.813202 0.317100 -0.852300 0.415900
7.915222 -66.340797 37.175476 0.559700 -0.615600 0.554800
5.547180 -67.419800 39.236389 0.741500 -0.403300 0.536200
2.409973 -72.592804 40.570801 0.606100 -0.596300 0.526300
32.498718 -38.544701 8.637085 0.916700 -0.347200 -0.197800
21.776306 -62.580299 72.057785 0.674600 -0.737600 0.028600
19.987122 -64.709801 63.415787 0.719800 -0.694000 0.013600
19.683167 -68.598999 53.342087 0.574900 -0.818200 -0.008600
4.418274 -71.401802 71.937790 0.339900 -0.939500 0.042000
9.138794 -72.039001 61.943787 0.211700 -0.975900 0.053800
8.555420 -73.956398 51.544785 0.248200 -0.967800 -0.042900
7.404480 -71.176201 47.133789 0.445000 -0.363100 -0.818600
7.431763 -69.141998 46.607788 0.457400 -0.439000 -0.773300
7.716919 -68.144203 45.871399 0.518500 -0.530300 -0.670800
5.844604 -69.478897 45.947876 0.536500 -0.563800 -0.627900
9.625916 -60.076004 42.932678 0.807000 -0.184100 -0.561100
13.280090 -64.637703 17.908081 0.252200 -0.943900 -0.213200
2.354919 -74.293999 37.011993 0.669700 -0.706900 0.227400
2.523071 -70.693604 41.714874 0.685000 -0.658700 0.311300
6.934387 -64.881897 42.749573 0.314100 -0.948600 -0.038100
7.994812 -64.882401 44.553284 -0.003100 -0.948600 -0.316600
5.534668 -66.071701 42.149475 0.603000 -0.722100 -0.339000
5.428589 -65.508400 40.593903 0.502800 -0.859900 0.088200
3.997498 -70.942299 35.722290 0.763400 -0.618300 0.186800
22.899414 -51.742500 -4.605011 0.753900 -0.642300 -0.138100
23.771118 -51.452103 1.759277 0.753800 -0.652000 -0.082100
23.666016 -52.543201 7.917389 0.725100 -0.673500 -0.143400
33.918274 -46.762001 40.286102 0.906700 -0.399700 0.134600
30.891479 -50.992901 43.987183 0.889300 -0.453800 0.056400
29.226074 -52.289101 55.281586 0.909700 -0.396000 0.124800
28.126709 -57.210899 34.666290 0.646400 -0.686700 0.332600
23.192688 -59.103203 41.385376 0.516500 -0.731000 -0.446000
22.962769 -56.158600 42.792175 -0.888300 -0.456200 0.053500
7.503296 -65.682503 38.699280 0.088400 -0.980700 0.174600
20.674377 -58.082199 40.572693 -0.346900 -0.203300 0.915600
37.136719 -14.155300 -53.782898 0.511200 -0.728300 0.456500
10.530396 -61.167702 40.524780 0.493600 -0.152300 0.856200
17.095886 -59.730904 39.821686 -0.055400 -0.141400 0.988400
13.341370 -60.956001 39.849487 0.145100 -0.140300 0.979400
21.154419 -63.234001 46.913177 0.470000 -0.742300 -0.477700
15.204468 -66.115402 47.774902 0.309300 -0.819800 -0.482000
10.589905 -66.985001 46.662384 0.013600 -0.961200 -0.275600
20.044067 -56.985703 45.252197 -0.269000 -0.179000 -0.946400
15.907715 -58.817299 45.617798 0.092900 -0.114000 -0.989100
11.998108 -59.893799 44.643402 0.446100 -0.124700 -0.886200
1.580566 -75.212204 18.952087 0.483900 0.114000 -0.867700
1.270813 -72.427002 18.099884 0.717300 -0.347200 -0.604100
3.884705 -69.527802 17.997803 0.310300 -0.864400 -0.395600
7.391113 -71.081200 17.557892 0.148700 -0.295800 -0.943600
6.089966 -71.398201 18.304077 -0.541000 -0.218900 -0.812000
3.940796 -75.314804 19.077789 -0.119800 -0.159900 -0.979800
2.604065 -65.895103 -23.517120 0.057000 -0.670800 -0.739500
3.614685 -58.583702 -27.148010 0.246500 -0.099000 -0.964100
7.667114 -68.771797 -17.832397 0.445900 -0.890300 -0.092400
2.917480 -69.959000 -17.322418 -0.077000 -0.992200 -0.097800
8.707886 -56.785599 -24.909515 0.435800 0.092000 -0.895400
7.567810 -65.230499 -23.300323 0.330900 -0.538500 -0.774900
16.356384 -53.912201 -20.056305 0.569900 0.137000 -0.810200
22.354614 -50.966499 -11.984619 0.875000 -0.279100 -0.395600
19.598206 -55.308502 -16.408722 0.859300 -0.314000 -0.403900
13.876587 -61.488899 -20.415802 0.712800 -0.455200 -0.533500
12.970215 -65.745598 10.783783 0.665600 -0.741700 0.082800
6.474915 -69.527702 13.846680 0.582900 -0.729600 0.357600
3.619263 -72.649002 13.225800 0.470500 -0.712100 0.521100
9.486816 -68.204102 72.746094 0.343700 -0.912300 0.222600
15.182007 -66.270103 73.023788 0.445500 -0.871500 0.204900
24.919312 -56.994102 63.888382 0.803600 -0.594600 -0.026500
32.491272 -42.851200 53.481491 0.929600 -0.300800 0.213000
36.139221 -1.521700 49.254974 0.978400 0.193700 -0.072500
32.529480 7.487799 25.989594 0.913900 0.391200 -0.108200
29.761719 16.977098 -5.842407 0.707600 0.611500 0.354100
16.057495 27.962900 -10.351624 0.529000 0.788600 0.313400
23.484802 -59.301804 60.485794 0.815400 -0.564800 0.126700
14.301880 -69.617500 62.805984 0.525400 -0.850300 0.030800
4.164307 -72.052803 61.758789 0.105700 -0.992900 0.053900
8.258423 -67.454903 21.920074 0.983400 -0.127600 -0.129100
6.037598 -69.033699 25.338196 0.807200 -0.589300 -0.033200
4.526367 -73.545502 25.890503 0.758300 -0.524200 0.387500
4.838806 -76.591301 22.478485 0.852800 -0.499400 0.152900
5.089172 -68.653000 18.053284 0.570200 -0.655200 -0.495600
4.771606 -75.932800 19.526093 0.605400 -0.508600 -0.612200
5.288086 -72.014999 31.664581 0.745600 -0.633400 0.207100
8.662903 -70.155403 17.708374 0.541500 -0.013000 -0.840600
7.727966 -73.329399 20.087799 0.722300 -0.659800 -0.207300
7.182312 -73.299698 23.101776 0.670000 -0.699300 0.249000
10.899597 -68.424400 21.755890 0.891500 0.452800 -0.015200
8.068420 -71.602402 25.270874 0.525000 -0.330400 0.784400
2.146118 -76.841103 27.538177 0.640800 -0.665600 0.382600
9.728516 -68.806099 24.069275 0.604000 0.434000 0.668500
9.645081 -68.887802 19.010376 0.680300 0.445000 -0.582500
29.907776 -54.114998 36.876099 0.757800 -0.560000 0.334800
17.056274 -65.086098 31.618286 0.448700 -0.887900 0.101600
16.158508 -65.716202 38.484497 0.335700 -0.932100 0.136100
13.816772 -68.184998 25.821777 0.374000 -0.922400 -0.096200
8.615173 -73.122803 80.381592 0.344200 -0.841700 0.416000
27.027893 -53.232201 14.715698 0.756800 -0.597000 -0.266300
22.704773 -55.493698 13.802185 0.715600 -0.648000 -0.260900
17.041504 -62.149597 11.267792 0.489400 -0.867600 -0.087700
8.615479 -37.661003 -21.838013 0.391200 -0.230800 -0.890900
12.761780 -24.200001 -35.851715 0.765800 -0.610400 -0.202300
6.776978 -32.551701 -34.793823 0.582200 -0.791200 -0.187100
15.270813 -33.703899 -18.351410 0.675400 -0.237000 -0.698400
2.809204 -69.524300 -4.529724 -0.104300 -0.923000 -0.370500
16.730713 -58.623802 -14.828705 0.757600 -0.643000 -0.111900
12.779907 -63.694801 -17.270111 0.728800 -0.684400 0.022500
5.650085 -69.914902 -5.026611 0.052300 -0.911000 -0.409100
10.054077 -68.586601 -4.177917 0.569100 -0.747800 -0.341900
20.451172 -57.870697 -7.400726 0.826000 -0.505800 -0.249000
8.077820 -69.249100 32.691803 0.465000 -0.860200 0.209400
9.258667 -60.390602 41.902374 0.930900 -0.233900 0.280600
6.116089 -68.768997 44.552399 0.623300 -0.601100 -0.500100
11.799805 -67.861000 30.888000 0.379800 -0.907900 0.177400
3.130005 -70.528099 43.344177 0.489200 -0.811000 -0.320800
2.330994 -70.904503 6.963898 0.122800 -0.002400 -0.992400
27.456421 -49.447701 1.409180 0.780700 -0.606500 -0.150400
9.918091 -67.517998 7.147095 -0.219900 0.024800 -0.975200
5.318481 -70.267097 7.375793 0.073700 -0.009400 -0.997200
3.146118 -70.235504 16.755890 0.370800 -0.818400 0.439000
2.825806 -80.032204 18.977478 0.497900 -0.581500 -0.643400
2.539368 -81.028099 22.906982 0.560800 -0.803300 0.200600
10.256470 -70.767204 22.567780 0.848000 -0.519900 0.103100
3.284363 -73.990097 11.612976 0.303400 -0.939500 0.159000
10.791992 -67.749901 47.687195 0.183100 -0.652000 -0.735700
11.889587 -66.823502 38.801483 -0.024600 -0.991000 0.131500
20.527893 -63.334999 39.547699 0.654800 -0.752900 -0.065800
21.582764 -56.601303 44.344696 -0.602400 -0.239600 -0.761400
20.775696 -65.268303 47.504700 0.339500 -0.670600 -0.659500
15.255310 -68.578804 48.255585 0.272600 -0.740000 -0.614800
26.639893 -61.432899 27.796387 0.603000 -0.793500 -0.082600
20.504211 -64.940704 26.243286 0.476300 -0.861300 -0.177200
33.630310 -46.341202 67.132782 0.903700 -0.419300 -0.086400
39.127869 -13.260201 64.751984 0.998800 0.047500 0.009500
34.177673 -51.333603 32.927094 0.929800 -0.306500 0.203900
23.718506 -61.349998 32.261902 0.538800 -0.817700 0.202800
8.461914 -69.340904 29.089386 0.514100 -0.829300 0.219000
2.253723 -75.298203 32.894775 0.584100 -0.783000 0.214000
3.882019 -73.912201 50.730988 -0.158800 -0.987300 0.001500
4.038818 -71.766304 45.857788 0.200800 -0.740700 -0.641100
10.113281 -70.128899 20.967285 0.851500 -0.441800 -0.282500
10.440613 -69.533401 48.604797 0.401400 -0.505800 -0.763600
26.057007 -50.226402 -5.081299 0.784400 -0.580700 -0.217900
10.502075 -68.841301 9.536987 0.701700 -0.696900 0.148400
22.209473 -27.118700 -11.822205 0.664800 -0.526500 -0.530000
35.826599 -17.257000 -6.512115 0.914200 -0.396900 -0.081800
28.945801 -58.263298 49.612976 0.916700 -0.394600 -0.062100
15.786804 37.108803 45.753998 0.493800 0.860600 -0.124900
27.409485 21.995600 43.011780 0.854800 0.494000 -0.159200
36.180298 -36.044300 25.459900 0.945300 -0.284500 -0.159700
33.296570 -40.880699 17.345184 0.886300 -0.391300 -0.247700
25.916077 -39.974701 -8.397705 0.790000 0.010900 -0.613000
27.889771 -50.450699 7.952698 0.779100 -0.610100 -0.144500
6.539124 -72.607101 11.589294 0.531700 -0.788000 0.310500
12.693420 -72.151497 52.540894 0.437600 -0.893500 -0.100700
15.463867 -69.304398 80.485382 0.579900 -0.762200 0.287800
26.739014 -14.385000 96.475693 0.498000 0.051300 0.865600
17.189575 18.602499 90.712585 0.317600 0.522700 0.791200
17.485107 36.955696 69.138382 0.315000 0.899700 0.302200
12.853882 27.650000 11.403900 0.445000 0.852600 -0.274000
29.420776 31.864599 -27.084412 0.361800 0.663500 0.654800
15.482178 -19.471001 -39.860016 0.286500 -0.957600 -0.030200
18.183899 -60.911201 6.595398 0.357300 -0.931600 -0.067400
23.914612 19.512800 14.135681 0.721500 0.684200 0.106200
33.883179 -34.344501 9.424500 0.942300 -0.203900 -0.265400
37.134521 -11.091901 -33.443726 0.876900 -0.467400 0.112500
37.252319 -22.431900 88.137589 0.837800 -0.109500 0.534900
32.409668 23.900198 66.072189 0.851500 0.510900 0.118200
26.292908 -64.431404 53.743286 0.693400 -0.670200 0.264800
31.456604 11.247599 83.923492 0.767700 0.344900 0.540100
43.325195 21.642099 -27.269714 0.517200 0.126900 0.846400
25.502014 -57.612701 80.126282 0.749600 -0.518200 0.411900
52.005493 11.212297 -35.153107 0.378200 -0.519400 0.766300
60.885681 27.561998 -32.092926 0.383900 0.103500 0.917600
2.199890 -76.069603 30.216492 0.610700 -0.762400 0.213900
5.026978 -72.188499 27.707581 0.718900 -0.689200 0.090600
43.990906 -28.385601 46.643982 0.928500 -0.300000 0.218700
42.979309 -30.709101 42.110992 0.867800 0.100000 -0.486700
42.280396 -23.581701 31.349701 0.827800 -0.560700 -0.017600
44.665771 -21.122400 34.478973 0.960500 -0.217700 -0.173400
45.551270 -19.441401 39.612885 0.997300 -0.066500 0.030500
44.502808 -20.554300 44.757202 0.992600 -0.087900 0.083200
38.111572 -31.149502 25.400879 0.884200 -0.373800 0.280000
41.679504 -29.672802 23.024597 0.746000 -0.602000 0.284900
106.867676 2.607698 -88.577301 0.785100 -0.594800 0.172700
47.807068 -1.867201 -48.056519 0.461500 -0.637300 0.617100
10.687866 81.577698 -101.383209 0.071100 0.997500 -0.000000
35.203979 78.477005 -101.383209 0.283800 0.958900 0.000000
14.289307 -69.095001 50.113373 0.332900 -0.849500 -0.409200
8.988098 -71.626099 48.483490 0.579100 -0.519100 -0.628700
5.467407 -72.828201 47.445496 0.208400 -0.820800 -0.531900
10.624390 -73.053902 52.042892 0.443200 -0.891000 -0.098300
16.000610 -70.375198 52.941483 0.440000 -0.894300 -0.081200
22.101501 -66.515198 53.542694 0.591300 -0.796600 0.125700
45.510620 59.510002 -46.202026 0.266300 0.746400 0.609900
80.891174 36.087898 -48.537506 0.610500 0.418600 0.672300
88.628784 16.078897 -52.093811 0.644600 -0.147500 0.750100
82.199219 -1.710501 -58.048523 0.459000 -0.536900 0.707800
62.804810 -16.512701 -63.720520 0.194500 -0.569000 0.799000
22.835510 -31.099899 -64.607300 0.284500 -0.695500 0.659800
16.482971 -33.557701 -64.714325 -0.082800 -0.757200 0.647900
10.130615 -30.951702 -64.821198 -0.106800 -0.810100 0.576500
6.584290 -32.349998 -66.741699 -0.104200 -0.856600 0.505300
4.427979 -32.788002 -68.895599 -0.281200 -0.835200 0.472700
1.853577 -33.286201 -71.427399 -0.573400 -0.648500 0.500600
15.232605 -20.102400 -44.291504 0.175100 -0.975300 0.134400
11.042664 -23.637402 -42.434204 0.712100 -0.693600 -0.108900
6.731079 -28.845402 -41.848419 0.556100 -0.788100 -0.263800
2.856873 -30.092501 -41.921722 0.198100 -0.916800 -0.346800
57.299805 63.288704 -69.321808 0.445500 0.833500 0.326900
92.811523 46.657402 -70.806122 0.588100 0.666200 0.458500
107.897217 22.834200 -71.345215 0.808600 0.059000 0.585300
98.436523 0.686699 -72.273315 0.712500 -0.548100 0.438100
70.676819 -26.681601 -71.867126 0.441800 -0.791500 0.422200
32.006165 -39.956802 -73.181824 0.219000 -0.794000 0.567100
17.783569 -40.682999 -73.528412 -0.117000 -0.834500 0.538400
9.192322 -38.653503 -74.652313 -0.256000 -0.861000 0.439400
6.011902 -38.443100 -75.663513 -0.101500 -0.911300 0.399000
3.722473 -38.716301 -76.416321 -0.034900 -0.903300 0.427500
1.718323 -39.020302 -77.135620 -0.016100 -0.888000 0.459500
2.084412 -41.950203 -101.383209 0.087900 -0.996100 0.001200
63.660095 64.742699 -101.383209 0.431000 0.902300 -0.008200
101.903992 46.632500 -101.383209 0.637200 0.770700 -0.000000
117.950317 24.690798 -101.383209 0.996500 0.083100 -0.000000
106.867676 2.607698 -101.383209 0.779000 -0.627100 -0.000000
70.676819 -26.681601 -101.383209 0.543800 -0.839200 0.000000
36.106323 -44.222401 -101.383209 0.366900 -0.930200 0.000000
20.029480 -48.877998 -101.383209 -0.199300 -0.979900 0.000000
11.232300 -41.717800 -101.383209 -0.382500 -0.924000 0.000000
7.294678 -41.315399 -101.383209 0.009300 -1.000000 0.000000
4.510681 -41.652100 -101.383209 0.121100 -0.992600 -0.000200
38.025269 -30.662901 20.785278 0.259300 -0.806800 -0.530800
29.732178 12.171099 10.395081 0.841200 0.515600 0.163000
36.266602 0.221300 8.103882 0.960900 0.246200 0.126900
29.746887 13.737299 2.276276 0.799800 0.585400 0.132800
11.459778 18.821898 91.057587 0.093700 0.533300 0.840700
5.828369 39.358902 70.384491 0.217200 0.911000 0.350600
11.656677 36.381996 69.761490 0.231600 0.898600 0.372600
5.262268 39.902702 43.815277 0.256000 0.956400 -0.140800
10.524475 38.505798 44.784576 0.283900 0.951400 -0.119700
4.284607 26.915098 10.732788 -0.195300 0.902900 -0.382900
8.569214 28.848700 11.068298 -0.046100 0.945400 -0.322500
5.352478 30.716799 -12.166321 -0.264900 0.918200 0.294600
10.705017 32.347397 -11.258911 0.143700 0.944300 0.296000
5.954712 36.348900 -23.983826 0.072600 0.805200 0.588500
19.613892 34.106697 -25.534119 0.264100 0.769900 0.581000
9.299988 51.693901 -36.414398 0.044300 0.619400 0.783800
23.113586 45.995399 -36.441925 0.198600 0.531600 0.823400
11.230408 63.471397 -48.145111 0.045200 0.772900 0.632900
30.339478 62.264999 -45.941498 0.127700 0.710800 0.691700
10.687866 81.577698 -71.867126 -0.036200 0.949800 0.310600
35.203979 78.477005 -71.867126 0.321100 0.905500 0.277400
35.203979 78.477005 -88.577301 0.304900 0.952100 0.021400
10.687866 81.577698 -88.577301 0.051100 0.998400 0.022600
43.539490 -25.801800 44.950500 0.738300 0.019100 -0.674200
45.058289 -17.310001 45.318481 0.982900 -0.165200 0.081000
42.635376 -16.038300 48.251892 0.102500 0.702900 0.703900
2.812378 -69.790199 -0.086609 -0.156600 -0.287000 0.945000
9.602478 -68.653099 0.403076 0.015200 -0.268200 0.963300
5.448608 -69.903198 0.326996 -0.053800 -0.273500 0.960400
14.399109 -47.131104 43.220703 0.188500 -0.981500 -0.032700
13.291077 -45.283100 7.066498 0.000700 -0.268000 0.963400
2.259521 -45.306900 7.066101 0.003600 0.009200 -1.000000
9.906372 -45.293503 7.066193 -0.001400 -0.271300 0.962500
5.222900 -45.303902 7.066193 0.005200 -0.004800 -1.000000
14.275269 -64.347702 3.005798 0.690000 -0.710800 0.136400
-4.359619 -68.408798 2.911896 0.150900 -0.391800 -0.907600
-6.200989 -65.587402 3.300476 -0.243100 0.562100 -0.790500
-4.021912 -68.035904 2.924774 0.467000 -0.124300 -0.875500
-6.602112 -65.927704 3.294800 -0.522800 0.361800 -0.771800
-6.812683 -66.600204 3.245087 -0.597400 0.140000 -0.789600
-3.854126 -66.794701 3.031097 0.485300 0.324700 -0.811800
-6.769897 -67.168900 3.188477 -0.542100 -0.215200 -0.812300
-5.757202 -65.581398 3.271576 0.119300 0.579900 -0.805900
-4.866821 -68.382103 2.947998 -0.240000 -0.396000 -0.886400
-4.227417 -68.744698 3.272095 0.380400 -0.859900 -0.340400
-4.812927 -68.736000 3.311676 -0.285100 -0.906800 -0.310400
-3.826233 -68.268700 3.290588 0.879700 -0.389500 -0.272900
-3.596436 -66.729599 3.420898 0.888500 0.397800 -0.228900
-5.760925 -65.323601 3.696991 0.229400 0.951400 -0.205600
-6.977478 -67.329903 3.587677 -0.847500 -0.471500 -0.243500
-7.010620 -66.630501 3.655975 -0.974900 0.143700 -0.170300
-6.747620 -65.790901 3.718079 -0.834600 0.528200 -0.156500
-6.273987 -65.352104 3.728180 -0.377900 0.904200 -0.199000
-4.303284 -68.611198 7.481201 0.444700 -0.891100 0.090800
-3.763977 -66.894302 7.633301 0.930000 0.358800 0.079700
-6.820313 -67.302803 7.279877 -0.922500 -0.370800 0.107100
-6.214783 -65.620399 7.428986 -0.323600 0.931600 0.165800
-3.211731 -69.262100 2.823975 -0.370400 -0.287100 -0.883400
-3.435913 -68.755104 2.868378 -0.519800 -0.021000 -0.854000
-3.435913 -68.030701 2.932190 -0.523500 0.178900 -0.833000
-3.211731 -67.523598 2.977173 -0.318000 0.537000 -0.781400
-2.688416 -69.479500 2.805695 -0.057100 -0.423300 -0.904200
-0.894531 -67.306602 2.999878 0.075600 0.590000 -0.803800
-0.445984 -67.524002 2.981476 0.358300 0.450000 -0.818000
-0.371277 -69.262497 2.828400 0.318500 -0.378300 -0.869100
-0.147034 -68.031097 2.937286 0.527200 0.204600 -0.824700
-0.147034 -68.755501 2.873474 0.524000 -0.027000 -0.851300
-3.153198 -69.439903 7.611084 -0.679500 -0.720900 0.136000
-3.153198 -67.588104 7.774200 -0.669300 0.726200 0.157100
-0.314636 -69.217804 7.635101 0.754900 -0.645600 0.115500
-0.372192 -67.724403 7.766602 0.699900 0.698100 0.151200
-3.412537 -69.522301 3.200378 -0.693600 -0.655300 -0.299100
-2.815491 -69.793701 3.177399 -0.157100 -0.937400 -0.310700
-3.668396 -68.889198 3.255676 -0.958500 -0.168000 -0.230300
-3.668396 -67.984901 3.335388 -0.957300 0.199400 -0.209200
-3.412537 -67.351898 3.391602 -0.592500 0.777600 -0.210400
-0.768677 -67.080902 3.419495 0.196100 0.960300 -0.198200
-0.171692 -69.522804 3.205383 0.579800 -0.761100 -0.290700
0.084106 -68.889801 3.261475 0.955800 -0.171800 -0.238500
0.084106 -67.985397 3.341187 0.947000 0.245800 -0.206900
-0.257019 -67.352303 3.396393 0.676300 0.704700 -0.214400
-9.976990 -61.957703 3.469391 -0.326600 -0.490200 -0.808100
-8.743896 -61.255699 3.592285 0.657400 0.024400 -0.753100
-9.020020 -61.702698 3.540680 0.395600 -0.410700 -0.821500
-11.034912 -58.889801 3.669586 -0.642200 0.202500 -0.739300
-9.773987 -58.268501 3.787201 0.495700 0.503200 -0.707800
-10.244995 -58.150299 3.772400 -0.161600 0.674600 -0.720300
-10.009094 -62.175697 7.726593 -0.385700 -0.918500 0.086800
-8.694031 -61.422600 7.794983 0.944700 -0.321000 0.066800
-9.430298 -58.726097 8.031403 0.895500 0.444700 0.019500
-11.113281 -58.985504 8.005890 -0.916100 0.396900 0.056300
-9.768982 -58.316498 8.066895 0.201800 0.974700 0.096200
-10.059631 -62.317497 4.027588 -0.429000 -0.870200 -0.242500
-8.872192 -61.968201 4.060181 0.585300 -0.777500 -0.230100
-8.518127 -61.434898 4.107697 0.972500 -0.140400 -0.186000
-11.268921 -58.823601 4.333496 -0.954500 0.274800 -0.115400
-10.272522 -57.922600 4.414398 -0.277400 0.956700 -0.087800
-9.695496 -58.032997 4.405579 0.630600 0.765100 -0.130600
-9.364685 -63.326904 3.472595 -0.565800 0.102700 -0.818100
-9.180725 -62.806198 3.518677 -0.475600 0.371100 -0.797500
-8.737000 -62.360298 3.558685 -0.281300 0.526000 -0.802600
-8.299683 -62.256699 3.568481 0.247600 0.586300 -0.771300
-9.202332 -63.947304 3.418182 -0.476800 -0.131400 -0.869100
-6.857788 -64.277802 3.392700 0.538300 0.266400 -0.799600
-8.189087 -65.615601 3.272797 -0.358200 -0.274200 -0.892400
-7.760498 -65.974304 3.309479 -0.083400 -0.467300 -0.880100
-6.879395 -65.424797 3.359192 0.508700 -0.193200 -0.839000
-7.323181 -65.870697 3.319275 0.272500 -0.372900 -0.887000
-9.442993 -63.413300 7.618378 -0.984000 0.130200 0.122000
-8.308594 -62.273399 7.720581 0.121500 0.980000 0.157800
-7.771729 -66.165199 7.378601 -0.102400 -0.984300 0.143900
-6.681335 -64.952904 7.487091 0.990000 -0.068800 0.122800
-9.616394 -63.320297 3.939880 -0.976100 0.086200 -0.199700
-9.445435 -64.036598 3.809479 -0.900800 -0.356200 -0.248300
-9.373230 -62.692703 3.995575 -0.816900 0.553600 -0.162000
-8.819031 -62.129997 3.978394 -0.496600 0.843200 -0.206000
-8.286682 -61.978302 3.992584 0.298200 0.930300 -0.213500
-8.289307 -65.940102 3.643585 -0.706000 -0.640500 -0.302000
-6.627319 -64.275902 3.860382 0.903900 0.392600 -0.169900
-7.786011 -66.334198 3.677277 -0.166900 -0.931800 -0.322300
-7.253723 -66.182503 3.691376 0.493700 -0.820700 -0.287500
-6.699585 -65.625801 3.741302 0.836000 -0.496200 -0.234400
-6.504517 -64.918800 3.803894 0.963300 -0.025600 -0.267200
10.001099 -61.960503 3.500183 0.329000 -0.490300 -0.807100
9.044006 -61.705101 3.568481 -0.393100 -0.410600 -0.822700
8.767822 -61.258102 3.619202 -0.655100 0.024600 -0.755200
9.798218 -58.271202 3.817291 -0.493400 0.503300 -0.709400
11.059265 -58.892799 3.703583 0.644600 0.202300 -0.737300
10.269165 -58.153198 3.803986 0.164000 0.674600 -0.719800
10.017212 -62.161400 7.758881 0.385500 -0.918100 0.092300
8.701965 -61.407997 7.823181 -0.949100 -0.303000 0.086500
11.121277 -58.971603 8.041595 0.915300 0.398500 0.058000
9.777100 -58.302200 8.098480 -0.370200 0.924300 0.093000
10.081787 -62.320297 4.058594 0.429300 -0.870900 -0.239100
8.894409 -61.970604 4.087494 -0.584700 -0.777900 -0.230400
8.540283 -61.437202 4.134003 -0.971800 -0.140800 -0.189000
11.291077 -58.826698 4.368195 0.955200 0.273700 -0.112700
10.294678 -57.925400 4.446075 0.278100 0.956400 -0.089000
9.717773 -58.035599 4.435486 -0.632300 0.764100 -0.127900
9.388367 -63.329399 3.501373 0.568400 0.102600 -0.816300
8.323364 -62.259003 3.594086 -0.245000 0.586400 -0.772100
8.760681 -62.362701 3.585602 0.284000 0.526000 -0.801700
9.204468 -62.808701 3.546997 0.478200 0.371000 -0.796000
9.226013 -63.949799 3.446594 0.479500 -0.131600 -0.867600
8.212769 -65.617798 3.297974 0.361000 -0.274400 -0.891300
6.881470 -64.279701 3.413879 -0.535700 0.266500 -0.801300
7.783997 -65.976501 3.333374 0.086100 -0.467400 -0.879900
7.346680 -65.872803 3.341888 -0.269800 -0.372800 -0.887800
6.903015 -65.426704 3.380402 -0.506100 -0.193000 -0.840600
9.470581 -63.413902 7.647675 0.984100 0.130400 0.120600
8.336121 -62.273697 7.746399 -0.098200 0.986600 0.130500
6.830872 -64.375801 7.558899 -0.911900 0.406800 0.054300
7.799316 -66.165298 7.402802 0.104300 -0.984000 0.144300
6.708801 -64.952698 7.507874 -0.971400 -0.222200 0.084000
9.467773 -64.039200 3.838593 0.901100 -0.356200 -0.247200
9.638672 -63.322899 3.969574 0.976200 0.086200 -0.198800
9.395264 -62.695198 4.024475 0.817100 0.553400 -0.161400
8.841370 -62.132500 4.005585 0.497100 0.843000 -0.205800
8.309082 -61.980598 4.018097 -0.298200 0.930200 -0.214000
8.311707 -65.942398 3.669098 0.706400 -0.640600 -0.301200
6.649475 -64.277802 3.880798 -0.903400 0.390900 -0.176500
7.808167 -66.336304 3.701294 0.166800 -0.931900 -0.321900
7.275879 -66.184402 3.713776 -0.493500 -0.820800 -0.287700
6.721863 -65.627602 3.761993 -0.835800 -0.496100 -0.235200
6.526672 -64.920601 3.823975 -0.963300 -0.025100 -0.267400
3.235779 -69.263000 2.833984 0.373100 -0.287200 -0.882200
3.235779 -67.524498 2.987091 0.320600 0.536900 -0.780300
3.460022 -68.031601 2.942780 0.526200 0.178800 -0.831400
3.460022 -68.756004 2.878998 0.522500 -0.021100 -0.852400
2.712585 -69.480301 2.813995 0.059800 -0.423300 -0.904000
0.918701 -67.306900 3.002686 -0.072900 0.590100 -0.804100
0.395508 -69.262604 2.829590 -0.315900 -0.378200 -0.870100
0.470215 -67.524101 2.982880 -0.355600 0.450000 -0.819100
0.171204 -68.755501 2.873901 -0.521400 -0.026900 -0.852900
0.171204 -68.031204 2.937775 -0.524600 0.204800 -0.826400
3.176514 -69.453903 7.619690 0.678500 -0.722200 0.134200
3.176514 -67.602104 7.782776 0.689400 0.711100 0.138100
0.814697 -67.548500 7.783875 -0.234200 0.966500 0.105300
0.411377 -69.228500 7.635284 -0.749800 -0.649600 0.125400
0.469116 -67.735100 7.766876 -0.831800 0.542600 0.117100
2.838379 -69.794502 3.186096 0.157200 -0.937200 -0.311400
3.435364 -69.523300 3.210876 0.694000 -0.655000 -0.299000
3.691223 -68.890198 3.267090 0.958800 -0.167900 -0.229000
3.691223 -67.985901 3.346802 0.957700 0.199400 -0.207500
3.435364 -67.352798 3.402100 0.592700 0.778000 -0.208400
0.791565 -67.081200 3.421875 -0.197100 0.959900 -0.199300
0.194580 -69.522804 3.205902 -0.582200 -0.760300 -0.288200
-0.061279 -68.889702 3.261292 -0.957200 -0.172400 -0.232400
-0.061279 -67.985397 3.340973 -0.948400 0.245700 -0.200300
0.279907 -67.352402 3.397278 -0.677900 0.704800 -0.209100
4.383667 -68.410004 2.925385 -0.148200 -0.391700 -0.908100
4.046082 -68.037003 2.937286 -0.464300 -0.124200 -0.876900
3.878296 -66.795799 3.042999 -0.482700 0.324900 -0.813300
4.890808 -68.383499 2.962982 0.242600 -0.396000 -0.885600
5.781006 -65.583000 3.289398 -0.116700 0.579900 -0.806300
6.224609 -65.589104 3.319580 0.245700 0.562100 -0.789800
6.793518 -67.170700 3.209381 0.544600 -0.215400 -0.810500
6.625671 -65.929504 3.315186 0.525400 0.361700 -0.770200
6.836182 -66.602104 3.266174 0.599900 0.139800 -0.787800
4.316711 -68.612297 7.494476 -0.444800 -0.891100 0.089800
3.777405 -66.895401 7.644897 -0.930100 0.359100 0.077600
6.833679 -67.304604 7.300873 0.922200 -0.370900 0.109300
6.228210 -65.622101 7.448181 0.323600 0.931400 0.166600
4.250305 -68.745903 3.285187 -0.379700 -0.859800 -0.341500
4.835571 -68.737297 3.326477 0.285800 -0.906900 -0.309600
3.849182 -68.269699 3.302399 -0.879000 -0.389300 -0.275300
3.619263 -66.730598 3.431976 -0.887800 0.398000 -0.231300
5.783264 -65.325203 3.714783 -0.228600 0.951400 -0.206200
6.999695 -67.331902 3.609283 0.848100 -0.471800 -0.241100
7.032715 -66.632401 3.677673 0.975400 0.143500 -0.167600
6.769775 -65.792801 3.738892 0.835200 0.528000 -0.154100
6.296265 -65.353798 3.747589 0.378700 0.904100 -0.197900
-9.249207 -63.888901 2.180481 -0.209100 -0.616800 0.758800
-8.871887 -63.860001 2.185486 0.209500 -0.613700 0.761300
-8.461609 -63.545998 2.234802 0.429300 -0.462200 0.775900
-8.264526 -63.135201 2.298676 0.584000 -0.125900 0.801900
-9.582520 -63.537498 2.234283 -0.471400 -0.392300 0.789800
-9.072327 -61.067802 2.617401 0.465100 0.140700 0.874000
-9.375488 -60.780098 2.661377 0.222900 0.318100 0.921500
-10.390320 -61.470100 2.553101 -0.578300 -0.134400 0.804700
-9.782837 -60.745300 2.666199 -0.165400 0.355500 0.919900
-10.193115 -61.059303 2.616882 -0.415700 0.187700 0.889900
-9.257507 -62.828400 -1.458221 -0.253200 -0.868300 -0.426500
-8.198792 -62.018097 -1.331207 0.979100 -0.140200 -0.147500
-10.457520 -60.284798 -1.066406 -0.947400 0.320100 -0.008900
-9.367188 -59.541397 -0.949707 0.249400 0.953700 0.168100
-9.295715 -64.088203 1.806702 -0.307200 -0.950400 0.047400
-9.689209 -63.697403 1.866486 -0.813200 -0.572600 0.104300
-8.834290 -64.031601 1.816101 0.371200 -0.928200 0.024500
-8.322083 -63.639603 1.877594 0.746000 -0.662400 0.068600
-8.066406 -63.147301 1.954193 0.970400 -0.123500 0.207700
-8.974792 -60.778198 2.319397 0.785600 0.495600 0.370500
-10.597595 -61.328400 2.231781 -0.968600 0.011100 0.248300
-10.341919 -60.835999 2.308380 -0.731700 0.563800 0.383100
-9.829590 -60.444000 2.369781 -0.305200 0.834300 0.459200
-9.333984 -60.460098 2.368103 0.348800 0.804000 0.481500
-8.689209 -64.495201 2.129883 -0.544600 -0.165100 0.822300
-7.867432 -63.448204 2.293182 0.165200 0.397600 0.902600
-8.232178 -63.594200 2.270081 -0.327500 0.268800 0.905800
-8.574585 -64.030403 2.201996 -0.479200 0.096900 0.872300
-8.499878 -64.997902 2.052399 -0.454700 -0.415100 0.788000
-6.471680 -64.964401 2.060699 0.459200 0.142600 0.876800
-7.104309 -66.514099 1.819885 -0.163600 -0.668000 0.725900
-6.324219 -65.414001 1.991394 0.538800 -0.084400 0.838200
-6.739502 -66.368103 1.843079 0.337400 -0.545800 0.767000
-6.397095 -65.931900 1.911102 0.513100 -0.341200 0.787600
-8.773804 -63.328300 -1.525818 -0.993300 0.077500 -0.085500
-7.890320 -62.202698 -1.350220 -0.021500 0.976000 0.216500
-6.420227 -63.793999 -1.594208 0.855500 0.503500 0.121000
-7.107178 -65.451401 -1.851807 0.016800 -0.901900 -0.431600
-6.267395 -64.269897 -1.667725 0.992400 -0.070700 -0.100200
-8.701904 -65.006500 1.703796 -0.839900 -0.531600 0.109600
-8.906677 -64.418800 1.794403 -0.970100 -0.081100 0.228800
-8.750183 -63.855698 1.881775 -0.859800 0.388300 0.331500
-8.322693 -63.311104 1.966797 -0.591700 0.683900 0.426900
-7.880798 -63.111801 1.998291 0.175200 0.853100 0.491400
-6.277283 -64.827599 1.735291 0.841500 0.416000 0.344700
-7.098389 -66.722404 1.440674 -0.171000 -0.984400 0.040400
-6.656433 -66.523003 1.472290 0.602900 -0.796200 0.051100
-6.229004 -65.978401 1.557281 0.890500 -0.443600 0.101000
-6.119995 -65.354698 1.653992 0.971000 0.010900 0.238800
-2.908997 -69.225502 1.385681 -0.411800 -0.472400 0.779300
-2.909180 -67.503700 1.652191 -0.350700 0.302700 0.886200
-3.100403 -68.005798 1.574188 -0.541100 -0.040700 0.840000
-3.100281 -68.723198 1.463074 -0.541600 -0.213300 0.813100
-2.462524 -69.440704 1.353088 -0.072900 -0.636600 0.767700
-0.932190 -67.288704 1.688477 0.086100 0.359800 0.929100
-0.485535 -69.225800 1.389374 0.350300 -0.569400 0.743700
-0.549500 -67.503998 1.655792 0.385400 0.206300 0.899400
-0.294189 -68.723602 1.467377 0.540600 -0.218500 0.812500
-0.294434 -68.006203 1.578491 0.539800 -0.018200 0.841600
-2.975586 -68.093300 -2.575714 -0.732200 -0.601300 -0.320000
-2.975830 -66.242104 -2.289215 -0.705200 0.696400 0.133300
-0.896790 -66.011002 -2.250214 0.198100 0.948900 0.245900
-0.427185 -68.093704 -2.571808 0.741900 -0.593100 -0.312600
-0.494385 -66.242401 -2.285400 0.828800 0.551700 0.093600
-2.569824 -69.640297 0.938782 -0.183100 -0.982300 0.040300
-3.079224 -69.371498 0.979584 -0.726800 -0.678700 0.105400
-3.297485 -68.744499 1.076294 -0.965700 -0.195300 0.171300
-3.297607 -67.848801 1.214874 -0.961600 0.118300 0.247800
-3.079407 -67.221901 1.312286 -0.607300 0.669500 0.427700
-0.823730 -66.953499 1.357300 0.211300 0.848500 0.485200
-0.314087 -69.371902 0.983795 0.602200 -0.794500 0.078000
-0.095886 -68.744904 1.081177 0.965400 -0.196000 0.172200
-0.095886 -67.849304 1.219788 0.955600 0.158400 0.248400
-0.387085 -67.222298 1.316376 0.711400 0.574200 0.405300
-3.930298 -68.512100 1.474701 0.304200 -0.544000 0.782000
-3.677734 -68.094902 1.539581 0.512500 -0.296900 0.805700
-3.555420 -67.402000 1.647095 0.546500 -0.139900 0.825700
-3.636597 -66.849098 1.732483 0.466800 0.173700 0.867100
-4.356506 -68.561699 1.466278 -0.125200 -0.612200 0.780800
-5.324829 -65.940002 1.870575 0.103600 0.341400 0.934200
-5.695435 -66.012199 1.858795 -0.279900 0.267200 0.922100
-6.044678 -67.652702 1.604401 -0.469800 -0.436800 0.767100
-6.003601 -66.406799 1.797302 -0.505800 0.062500 0.860400
-6.125977 -67.099800 1.689789 -0.545700 -0.119000 0.829500
-3.884277 -67.444397 -2.528198 0.509000 -0.777600 -0.369300
-3.568481 -65.656303 -2.251007 0.855000 0.516000 0.051800
-6.107788 -66.540604 -2.391815 -0.897600 -0.381600 -0.220700
-5.733521 -64.776299 -2.118225 -0.446600 0.886600 0.120300
-3.818726 -68.718498 1.095978 0.536000 -0.837800 0.104100
-4.309021 -68.797401 1.082977 -0.153800 -0.985600 0.070800
-3.521301 -68.190300 1.178192 0.919600 -0.363600 0.148900
-3.368530 -67.325203 1.312286 0.976900 -0.065200 0.203700
-3.452087 -66.642204 1.417877 0.798800 0.472500 0.372300
-5.374329 -65.582703 1.578888 0.113800 0.860400 0.496800
-6.231201 -67.737801 1.243988 -0.798200 -0.589000 0.126400
-6.314697 -67.054802 1.349579 -0.976000 -0.008800 0.217500
-6.161926 -66.189697 1.483673 -0.895800 0.323900 0.304500
-5.801086 -65.687401 1.561981 -0.524300 0.715200 0.462200
9.237305 -63.891403 2.208893 0.206500 -0.616900 0.759500
8.252502 -63.137497 2.324097 -0.586600 -0.125800 0.800100
8.449707 -63.548302 2.260773 -0.431900 -0.462100 0.774600
8.860107 -63.862404 2.212799 -0.212000 -0.613600 0.760600
9.570496 -63.540100 2.263794 0.468800 -0.392400 0.791300
9.059814 -61.070297 2.645294 -0.467800 0.140900 0.872600
10.377869 -61.472900 2.584991 0.575700 -0.134600 0.806500
9.362976 -60.782600 2.690277 -0.225700 0.318100 0.920800
10.180664 -61.062103 2.648285 0.412900 0.187600 0.891200
9.770264 -60.748001 2.696289 0.162700 0.355400 0.920400
9.259216 -62.848297 -1.432404 0.254200 -0.870500 -0.421500
8.200317 -62.037704 -1.308624 -0.976300 -0.167600 -0.137300
9.046387 -59.861603 -0.970520 -0.820500 0.555400 0.135200
10.458618 -60.305000 -1.036926 0.948000 0.318100 -0.007600
9.368103 -59.561302 -0.923523 -0.091700 0.972200 0.215500
9.678406 -63.699997 1.896301 0.812500 -0.572700 0.108500
9.284973 -64.090698 1.835297 0.306800 -0.950400 0.050700
8.823669 -64.034004 1.843292 -0.371600 -0.928000 0.025400
8.311279 -63.641899 1.903198 -0.746400 -0.662100 0.067700
8.055481 -63.149498 1.978973 -0.971100 -0.122600 0.204800
8.963379 -60.780701 2.347076 -0.785000 0.495700 0.371600
10.586304 -61.331299 2.264374 0.967700 0.011500 0.251800
10.330505 -60.838898 2.340179 0.730800 0.564300 0.384100
9.818115 -60.446701 2.400085 0.304000 0.835300 0.458200
9.322571 -60.462700 2.396790 -0.350900 0.805500 0.477400
8.677307 -64.497498 2.156677 0.542000 -0.165200 0.824000
8.562622 -64.032799 2.228394 0.476500 0.096800 0.873800
8.220093 -63.596397 2.295380 0.324800 0.268700 0.906800
7.855286 -63.450401 2.317474 -0.167900 0.397700 0.902000
8.488220 -65.000298 2.078583 0.452100 -0.415200 0.789500
6.460022 -64.966103 2.080688 -0.461900 0.142800 0.875400
6.312622 -65.415802 2.010773 -0.541500 -0.084200 0.836500
7.092896 -66.515999 1.841797 0.161200 -0.668100 0.726400
6.385620 -65.933601 1.930786 -0.515600 -0.341100 0.786000
6.727966 -66.370003 1.863800 -0.340000 -0.545700 0.765900
8.757690 -63.330498 -1.498810 0.993200 0.078100 -0.086900
7.873779 -62.204597 -1.325897 -0.004800 0.981900 0.189600
7.091614 -65.453102 -1.829926 -0.018400 -0.901800 -0.431700
6.251465 -64.271400 -1.648315 -0.991200 0.104200 -0.081200
8.895996 -64.421204 1.821899 0.969900 -0.081000 0.229700
8.691223 -65.008904 1.730591 0.839800 -0.531600 0.110400
8.739380 -63.858101 1.908783 0.859500 0.388500 0.332300
8.311768 -63.313400 1.992401 0.591100 0.684100 0.427400
7.869812 -63.113899 2.022583 -0.175500 0.853100 0.491300
6.266724 -64.829300 1.754578 -0.842000 0.418800 0.340100
7.088196 -66.724304 1.462585 0.171500 -0.984400 0.040500
6.646179 -66.524803 1.492798 -0.602900 -0.796200 0.050500
6.218567 -65.980103 1.576385 -0.890600 -0.443700 0.100100
6.109497 -65.356400 1.672791 -0.971100 0.010300 0.238400
2.898193 -69.226303 1.394592 0.409300 -0.472500 0.780500
3.089478 -68.724098 1.472687 0.539000 -0.213500 0.814800
3.089417 -68.006699 1.583679 0.538400 -0.040900 0.841700
2.898010 -67.504501 1.661102 0.348000 0.302600 0.887300
2.451782 -69.441399 1.360596 0.070300 -0.636700 0.767900
0.921021 -67.289001 1.691376 -0.088800 0.359800 0.928800
0.538269 -67.504097 1.657501 -0.388200 0.206500 0.898200
0.474792 -69.225899 1.390900 -0.352800 -0.569300 0.742600
0.283264 -68.006302 1.579376 -0.542400 -0.018100 0.839900
0.283386 -68.723701 1.468292 -0.543200 -0.218300 0.810700
2.965210 -68.079002 -2.564301 0.732500 -0.599700 -0.322300
2.964905 -66.227798 -2.277710 0.676100 0.728300 0.111700
0.416565 -68.078697 -2.568207 -0.742800 -0.591000 -0.314500
0.483521 -66.227402 -2.281525 -0.664200 0.741100 0.098200
3.069580 -69.372299 0.989075 0.726700 -0.678900 0.105300
2.560303 -69.640999 0.946686 0.183100 -0.982300 0.038800
3.287903 -68.745399 1.086395 0.965400 -0.195500 0.172400
3.287781 -67.849701 1.224976 0.961200 0.118100 0.249400
3.069397 -67.222801 1.321777 0.606900 0.668500 0.429900
0.813721 -66.953804 1.359802 -0.210800 0.850600 0.481800
0.304565 -69.371902 0.984802 -0.602000 -0.794900 0.075400
0.086182 -68.745003 1.081482 -0.965700 -0.196200 0.170400
0.086121 -67.849304 1.220093 -0.956000 0.158100 0.247200
0.377075 -67.222404 1.317596 -0.712200 0.572600 0.406000
3.919373 -68.513199 1.486786 -0.306800 -0.543900 0.781000
3.625366 -66.850098 1.743683 -0.469500 0.173800 0.865700
3.544312 -67.403000 1.657990 -0.549100 -0.139700 0.824000
3.666809 -68.095901 1.550873 -0.515100 -0.296800 0.804100
4.345581 -68.562904 1.479675 0.122600 -0.612200 0.781200
5.313416 -65.941498 1.886993 -0.106400 0.341500 0.933900
6.033569 -67.654305 1.622986 0.467300 -0.436900 0.768600
5.684021 -66.013802 1.876373 0.277100 0.267100 0.923000
6.114807 -67.101402 1.708679 0.543100 -0.119100 0.831200
5.992310 -66.408401 1.815674 0.503100 0.062300 0.862000
3.883423 -67.445503 -2.516327 -0.508400 -0.777400 -0.370400
3.567322 -65.657303 -2.240021 -0.855100 0.516000 0.049700
6.106812 -66.542297 -2.373016 0.898000 -0.381800 -0.218600
5.732117 -64.777802 -2.100525 0.446200 0.886700 0.121400
4.299316 -68.798500 1.096191 0.153400 -0.985600 0.071200
3.809021 -68.719498 1.107697 -0.536400 -0.837700 0.102600
3.511475 -68.191299 1.188995 -0.920100 -0.363400 0.146400
3.358582 -67.326103 1.322693 -0.977500 -0.065000 0.200900
3.442017 -66.643097 1.428497 -0.799700 0.472700 0.370100
5.364014 -65.584099 1.595398 -0.115000 0.860400 0.496500
6.221313 -67.739502 1.263184 0.797700 -0.589200 0.128600
6.304688 -67.056602 1.368988 0.975400 -0.009000 0.220300
6.151672 -66.191399 1.502686 0.895000 0.323700 0.307000
5.790710 -65.689003 1.579773 0.523200 0.715100 0.463700
-15.496033 -64.213402 42.414886 -0.052300 -0.998600 0.000000
-15.441406 -63.171303 46.309082 -0.044400 -0.846300 0.530900
-17.385803 -63.069397 45.787384 -0.309400 -0.832400 0.459800
-18.809204 -62.994904 44.362000 -0.503500 -0.822200 0.265500
-19.330200 -62.967499 42.414886 -0.574500 -0.818500 0.000000
-18.809204 -62.994904 40.467896 -0.503500 -0.822200 -0.265400
-17.385803 -63.069397 39.042480 -0.309400 -0.832400 -0.459800
-15.441406 -63.171402 38.520782 -0.044400 -0.846300 -0.530900
-13.497009 -63.273201 39.042480 0.220700 -0.860200 -0.459800
-12.073608 -63.347801 40.467896 0.414800 -0.870300 -0.265400
-11.552612 -63.375198 42.414886 0.485800 -0.874100 0.000000
-12.073608 -63.347801 44.362000 0.414800 -0.870300 0.265500
-13.497009 -63.273201 45.787384 0.220700 -0.860200 0.459800
-15.292236 -60.324501 49.159790 -0.025200 -0.481700 0.876000
-18.660034 -60.148003 48.256073 -0.462600 -0.458800 0.758600
-21.125427 -60.018799 45.787384 -0.782800 -0.442000 0.438000
-22.027832 -59.971504 42.414886 -0.900000 -0.435800 0.000000
-21.125427 -60.018799 39.042480 -0.782800 -0.442000 -0.438000
-18.660034 -60.148003 36.573700 -0.462600 -0.458800 -0.758600
-15.292236 -60.324501 35.670074 -0.025200 -0.481700 -0.876000
-11.924377 -60.500999 36.573700 0.412100 -0.504600 -0.758600
-9.458984 -60.630302 39.042480 0.732300 -0.521400 -0.438000
-8.556580 -60.677498 42.414886 0.849500 -0.527500 0.000000
-9.458984 -60.630203 45.787384 0.732300 -0.521400 0.438000
-11.924377 -60.500999 48.256073 0.412100 -0.504600 0.758600
-15.088379 -56.435699 50.203186 -0.013500 -0.258500 0.965900
-18.977234 -56.231903 49.159790 -0.495800 -0.233200 0.836500
-21.824036 -56.082703 46.309082 -0.848900 -0.214700 0.483000
-22.866028 -56.028099 42.414886 -0.978100 -0.207900 0.000000
-21.824036 -56.082703 38.520782 -0.848900 -0.214700 -0.483000
-18.977234 -56.231903 35.670074 -0.495800 -0.233200 -0.836500
-15.088379 -56.435699 34.626587 -0.013500 -0.258500 -0.965900
-11.199585 -56.639503 35.670074 0.468800 -0.283700 -0.836500
-8.352783 -56.788704 38.520782 0.821800 -0.302200 -0.483000
-7.310791 -56.843300 42.414886 0.951100 -0.309000 0.000000
-8.352783 -56.788704 46.309082 0.821800 -0.302200 0.483000
-11.199585 -56.639503 49.159790 0.468800 -0.283700 0.836500
15.565369 -64.205101 42.414886 0.069800 -0.997600 0.000000
15.492615 -63.164200 46.309082 0.059100 -0.845400 0.530900
13.550293 -63.300003 45.787384 -0.205700 -0.863900 0.459800
12.128418 -63.399399 44.362000 -0.399500 -0.877400 0.265400
11.607910 -63.435799 42.414886 -0.470500 -0.882400 -0.000000
12.128418 -63.399399 40.467773 -0.399500 -0.877400 -0.265400
13.550293 -63.300003 39.042480 -0.205700 -0.863900 -0.459800
15.492615 -63.164200 38.520782 0.059100 -0.845400 -0.530900
17.434875 -63.028297 39.042480 0.323900 -0.826900 -0.459800
18.856812 -62.928902 40.467773 0.517800 -0.813300 -0.265400
19.377319 -62.892502 42.414886 0.588700 -0.808300 0.000000
18.856812 -62.928902 44.362000 0.517800 -0.813300 0.265500
17.434875 -63.028297 45.787384 0.323900 -0.826900 0.459800
15.293823 -60.320404 49.159790 0.033600 -0.481200 0.876000
11.929504 -60.555603 48.256073 -0.403300 -0.511700 0.758600
9.466675 -60.727898 45.787384 -0.723100 -0.534100 0.438000
8.565308 -60.790901 42.414886 -0.840200 -0.542300 0.000000
9.466675 -60.727898 39.042480 -0.723100 -0.534100 -0.438000
11.929504 -60.555603 36.573700 -0.403300 -0.511700 -0.758600
15.293823 -60.320404 35.670074 0.033600 -0.481200 -0.876000
18.658020 -60.085098 36.573700 0.470600 -0.450600 -0.758600
21.120667 -59.912903 39.042480 0.790400 -0.428200 -0.438000
22.022217 -59.849899 42.414886 0.907500 -0.420100 0.000000
21.120667 -59.912903 45.787384 0.790400 -0.428200 0.438000
18.658020 -60.085098 48.256073 0.470600 -0.450600 0.758600
15.022095 -56.435699 50.203186 0.018100 -0.258200 0.965900
11.137512 -56.707397 49.159790 -0.463700 -0.291900 0.836500
8.293701 -56.906204 46.309082 -0.816400 -0.316500 0.483000
7.252808 -56.979004 42.414886 -0.945500 -0.325600 0.000000
8.293701 -56.906204 38.520782 -0.816400 -0.316500 -0.483000
11.137512 -56.707397 35.670074 -0.463700 -0.291900 -0.836500
15.022095 -56.435699 34.626587 0.018100 -0.258200 -0.965900
18.906677 -56.164101 35.670074 0.499800 -0.224500 -0.836500
21.750610 -55.965202 38.520782 0.852500 -0.199800 -0.483000
22.791382 -55.892403 42.414886 0.981600 -0.190800 0.000000
21.750610 -55.965202 46.309082 0.852500 -0.199800 0.483000
18.906677 -56.164101 49.159790 0.499800 -0.224500 0.836500
