0.000000 41.299599 42.845886 0.000000 0.984700 -0.174100
-19.343414 -23.090200 -53.307312 0.105100 -0.883200 0.457100
0.000000 -72.449799 61.125992 0.000000 -0.999500 0.031500
0.000000 35.516701 -22.433624 -0.000000 0.819400 0.573200
0.000000 -58.783401 -27.332306 0.000000 -0.091500 -0.995800
-0.053101 -71.731400 15.103485 0.013300 -0.855300 0.518000
-0.079407 -73.088997 13.245697 0.002200 -0.818300 0.574800
-0.077393 -74.048302 11.824890 -0.000400 -0.927100 0.374900
0.000000 -71.126701 45.551880 -0.000000 -0.979600 -0.201000
0.000000 -68.640999 -17.056519 0.000000 -0.984900 -0.173000
0.000000 26.314299 10.397186 -0.000000 0.907900 -0.419300
0.000000 39.224602 71.007584 -0.000000 0.912500 0.409100
0.000000 -65.851097 -23.507507 0.000000 -0.727000 -0.686600
0.000000 -68.974304 84.719681 0.000000 -0.610200 0.792200
-0.027008 -70.893204 16.371979 0.004700 -0.994100 0.108300
-0.020905 -70.962601 16.716797 -0.004900 -0.968900 -0.247400
0.000000 -48.962700 95.338486 -0.000000 -0.283700 0.958900
0.000000 -80.045502 18.595276 -0.000000 -0.575900 -0.817500
0.000000 -50.158600 -24.380707 0.000000 0.228400 -0.973600
0.000000 -38.099899 -22.979614 0.000000 -0.209300 -0.977800
0.000000 -34.733902 -34.967407 0.000000 -0.977700 -0.210100
-2.046600 -71.662300 22.779388 -0.269600 -0.226300 -0.936000
0.000000 -33.529301 -26.010406 -0.000000 -0.914100 -0.405400
-0.074005 -72.633698 7.862000 -0.000900 -0.647300 -0.762200
0.000000 -73.582603 40.871002 0.000000 -0.781500 0.623900
0.604706 -70.425301 -7.080902 -0.131700 -0.959800 0.247800
-43.043610 -25.997400 22.790497 -0.975500 -0.191500 -0.107900
-0.076385 -74.266701 10.980682 -0.001700 -0.996300 -0.085500
1.140015 -69.474403 -10.045227 -0.084300 -0.825600 -0.558000
0.000000 -75.155502 37.317200 0.000000 -0.955900 0.293600
0.000000 -77.643402 27.836487 0.000000 -0.871200 0.490900
0.000000 -75.902298 33.103882 -0.000000 -0.968100 0.250700
0.000000 -71.430000 43.364380 -0.000000 -0.988500 0.151200
-0.000397 -75.811600 18.028381 0.000100 -0.160500 -0.987000
0.000000 -72.117104 64.960892 -0.000000 -0.998000 0.063300
-0.074005 -71.116402 7.133301 0.001000 -0.004000 -1.000000
0.000000 -76.076103 77.315094 0.000000 -0.936400 0.351100
0.000000 -81.753899 22.887390 -0.000000 -0.987000 0.160600
0.000000 -71.717598 42.264801 -0.000000 -0.823900 0.566700
0.000000 -71.770302 47.549194 -0.000000 -0.947700 -0.319200
0.000000 -72.400398 50.910690 -0.000000 -0.999900 0.016300
0.000000 -68.847504 -10.933014 -0.030100 -0.945400 -0.324400
-0.012482 -71.831604 17.225494 -0.002800 -0.376900 -0.926200
0.000000 19.260798 91.747391 -0.000000 0.531000 0.847400
0.840515 -70.670403 -8.539001 -0.110600 -0.953700 -0.279700
0.000000 29.561598 -13.073608 -0.000000 0.935000 0.354700
-0.074982 -73.697502 9.354797 -0.001200 -0.889900 -0.456200
0.000000 81.753799 -88.577301 -0.000000 0.997500 0.070300
0.000000 -68.591202 -14.384613 -0.000000 -0.999800 0.019900
0.000000 -42.062500 -88.577301 0.000000 -0.992100 0.125400
0.000000 -76.785301 73.446594 -0.000000 -0.895800 -0.444500
0.000000 -72.378403 56.378189 0.000000 -1.000000 -0.005200
0.000000 -74.278603 39.359100 -0.000000 -0.912500 0.409100
0.000000 -8.269900 101.383087 -0.000000 0.126400 0.992000
0.000000 -27.944500 -53.966705 0.000000 -0.998600 0.052900
0.000000 -76.773399 30.470398 0.000000 -0.953400 0.301900
0.000000 49.751602 -36.036926 -0.000000 0.635500 0.772100
-30.669281 -48.960403 47.932373 -0.910400 -0.403000 0.093300
-28.592377 -54.772301 53.310791 -0.920100 -0.290400 0.262800
-23.632965 -61.229500 56.605591 -0.693700 -0.475400 0.541000
-19.198273 -65.271904 58.182495 -0.645200 -0.707500 0.288300
-13.728607 -68.872398 58.353989 -0.487300 -0.863600 0.129400
-8.867279 -71.168503 57.461884 -0.247400 -0.958100 0.144300
-4.012878 -72.000198 56.564682 -0.048700 -0.989500 0.135900
-21.982086 -62.543900 33.939087 -0.449300 -0.848800 0.278600
-25.478607 -59.206902 36.517578 -0.562400 -0.769400 0.302900
-27.359711 -56.761497 38.372803 -0.683100 -0.678100 0.271200
-16.579987 -65.453804 33.141296 -0.384900 -0.874200 0.295900
-2.823608 -68.961700 -14.533020 -0.044600 -0.982300 0.182100
-7.490906 -67.753998 -15.328217 -0.487900 -0.832500 0.262400
-12.540192 -62.998398 -14.865326 -0.663400 -0.737500 0.126600
-17.003265 -60.891502 -7.236206 -0.388000 -0.921100 -0.031700
-20.003021 -60.424301 -1.380798 -0.733700 -0.641600 -0.223700
-20.436371 -61.267303 6.861298 -0.548200 -0.836200 -0.016900
-18.489105 -62.004303 12.674500 -0.571800 -0.818800 -0.052000
-15.553070 -65.232101 18.573273 -0.304400 -0.905300 -0.296200
-11.209503 -68.436401 24.239075 -0.168500 -0.896700 -0.409300
-8.164703 -71.379204 27.020386 -0.418200 -0.903100 -0.097000
-28.188873 -52.911003 64.020981 -0.819500 -0.548700 -0.165100
-23.405914 -60.930099 72.669189 -0.725500 -0.688200 -0.000200
-15.590118 -66.900497 74.493393 -0.619500 -0.728400 -0.292600
-9.166107 -72.628799 73.629990 -0.477900 -0.692300 -0.540700
-3.950684 -75.127998 74.662384 -0.402100 -0.915100 0.029300
-11.879791 -67.429001 33.712189 -0.368700 -0.804200 0.466200
-7.996490 -67.794998 35.946381 -0.571300 -0.651000 0.499800
-4.920593 -69.736504 37.983093 -0.755400 -0.578300 0.308000
-2.372986 -73.355400 39.022186 -0.658600 -0.690900 0.298100
-24.936676 -61.649498 42.555603 -0.782200 -0.613800 -0.106500
-20.470306 -64.929100 44.850098 -0.519800 -0.853000 0.047100
-101.904022 46.632500 -88.577301 -0.655100 0.734500 0.176800
-117.950287 24.690798 -88.577301 -0.966000 0.086100 0.243800
-70.676666 -26.681601 -88.577301 -0.536400 -0.843200 0.036300
-36.106171 -44.222401 -88.577301 -0.365200 -0.915500 0.168800
-11.232300 -41.717800 -88.577301 0.401300 -0.913200 0.070700
-7.294708 -41.315399 -88.577301 0.004500 -0.993500 0.114100
-15.293365 -67.577301 45.656403 -0.306200 -0.940300 0.148400
-10.971405 -68.579399 44.648773 0.242800 -0.965700 0.092100
-8.423706 -66.428497 42.718384 0.616100 -0.752900 -0.231400
-4.345490 -68.656601 84.964783 -0.069200 -0.613100 0.787000
-5.510101 -50.566101 95.145081 -0.031200 -0.326300 0.944700
-8.912994 -10.308301 100.656891 -0.159300 0.078300 0.984100
-10.254181 -51.179100 94.281281 -0.311600 -0.315400 0.896300
-17.826019 -12.346701 98.660385 -0.239800 0.046200 0.969700
-34.673920 42.960304 -36.720520 -0.158800 0.488900 0.857800
-20.029510 -48.877998 -88.577301 0.170100 -0.971200 0.166700
-43.369720 -23.165100 25.139893 -0.986900 -0.107000 -0.120600
-2.916199 -27.820000 -53.966705 -0.109600 -0.991000 0.076600
-6.685089 -27.164600 -53.966705 -0.430300 -0.893800 0.126100
-9.323608 -25.100300 -54.080322 -0.568600 -0.794000 0.215100
-12.496704 -22.759201 -53.786713 -0.259200 -0.891200 0.372300
-36.366974 -29.348301 39.154388 -0.838300 0.175000 -0.516400
-32.808868 -26.359701 32.242401 -0.962200 -0.256900 0.090300
-41.574615 -23.323301 44.877502 -0.713400 -0.239500 -0.658600
-41.766205 -29.067600 42.067200 -0.690700 0.198900 -0.695300
-42.225677 -22.394300 40.331787 -0.768000 -0.638300 0.052800
-41.915863 -24.280100 35.271088 -0.655900 -0.754900 0.006300
-41.166718 -24.243101 40.275574 -0.896400 -0.432200 -0.098700
-36.339874 -14.205701 8.152893 -0.999900 -0.010400 0.002800
-39.576569 -31.794001 37.733490 -0.976500 -0.078700 -0.200400
-42.876801 -17.779001 32.808594 -0.863300 -0.491900 0.113000
-42.664764 -20.048101 30.242188 -0.912000 -0.340800 0.228200
-42.813690 -25.803902 26.870300 -0.751000 -0.560800 0.348500
-36.262665 -27.953400 26.628479 -0.833300 -0.234700 0.500500
-43.467072 -18.766201 46.381287 -0.797300 -0.352300 -0.490100
-43.417267 -15.720901 38.596375 -0.817500 -0.575500 -0.022400
-17.304413 -62.916702 -1.631714 -0.666000 -0.686600 -0.291600
-2.700287 -72.458298 8.153290 -0.175400 -0.689200 -0.703000
-2.476196 -70.214401 -6.888702 -0.027000 -0.976300 0.214800
-5.685303 -70.240402 -6.556427 -0.176700 -0.966700 0.185200
-13.220612 -65.319397 -1.781097 0.325300 -0.426700 0.843900
-10.195984 -68.069603 -5.751099 -0.440500 -0.865900 0.237100
-5.716583 -71.520203 8.261383 -0.296900 -0.682500 -0.667800
-10.099487 -68.449303 7.540802 -0.286800 -0.643200 -0.710000
-13.437775 -65.891098 6.235779 -0.679300 -0.733700 -0.017700
-10.278290 -68.194000 -6.953705 -0.615800 -0.764600 -0.190100
-6.094482 -70.143799 -8.233704 -0.275300 -0.924100 -0.265000
-2.621185 -70.371399 -8.469727 -0.077200 -0.958900 -0.273100
-2.992188 -73.470001 9.772583 -0.228000 -0.887100 -0.401300
-6.236786 -72.202103 9.752502 -0.435700 -0.827800 -0.353500
-10.121002 -69.035599 8.460175 -0.556000 -0.784600 -0.274200
-5.607208 -69.941399 15.921478 -0.440800 -0.824800 0.354200
-1.774506 -71.924400 15.278595 0.016500 -0.816700 0.576900
-3.424896 -71.422302 15.227875 -0.375000 -0.753800 0.539600
-0.899689 -71.739799 15.119598 0.110600 -0.859200 0.499500
-1.997192 -70.434998 17.445374 -0.430800 -0.867300 -0.249300
-0.846497 -70.496597 17.015198 -0.288000 -0.948300 -0.133300
-1.829193 -71.227699 16.346283 -0.095300 -0.815100 0.571500
-0.877289 -71.379402 16.065002 0.072200 -0.866600 0.493800
-0.970001 -73.093102 13.245697 0.205200 -0.770300 0.603700
-1.790100 -73.651398 13.077881 0.019500 -0.846500 0.532100
-38.666107 -29.404202 44.648285 -0.246300 -0.550500 0.797700
-41.451874 -31.037500 47.231476 0.057800 -0.736200 0.674300
-43.616364 -30.733601 45.152588 -0.797100 -0.587200 0.140700
-36.521210 -19.053001 26.401001 -0.641200 0.705300 -0.302300
-38.036469 -22.179701 21.828186 -0.524500 0.572700 -0.630000
-42.783722 -19.902102 22.473999 -0.493400 0.577300 -0.650600
-44.528290 -19.619202 28.709900 -0.986900 -0.121300 0.106400
-38.345367 -31.106501 27.788696 -0.986300 0.111400 -0.121500
-39.094574 9.518799 -28.751007 -0.839700 -0.245800 0.484300
-37.640472 1.155199 -3.341003 -0.976900 0.185600 0.106000
-34.892670 -0.712601 19.548798 -0.975300 0.200400 0.092700
-35.546417 -0.644201 35.469574 -0.976300 0.214100 -0.032900
-7.324585 -69.754898 25.794281 -0.056400 -0.613900 -0.787300
-10.406982 -66.369698 21.776276 -0.147900 -0.911400 -0.384100
-13.526093 -64.958099 -5.127808 -0.719300 -0.606900 -0.338000
-28.264008 -55.102898 43.969482 -0.807800 -0.503400 -0.306700
-25.874664 -60.133598 46.273376 -0.648300 -0.672200 -0.357500
-44.600922 -26.468601 47.194702 -0.949600 -0.233800 0.208600
-44.525665 -21.524302 48.108185 -0.980500 0.027000 0.194500
-46.138275 -15.359701 38.465088 -0.963400 -0.267800 -0.010700
-45.235016 -17.774700 31.688599 -0.941600 -0.336700 -0.005900
-42.287384 -25.865301 19.478577 -0.571800 0.094500 -0.815000
-41.551300 -30.474501 19.367279 -0.506600 -0.570400 -0.646500
-42.276398 -32.073002 41.536987 -0.592700 -0.778700 -0.205600
-41.647919 -26.575300 49.686584 0.081000 -0.291600 0.953100
-42.588409 -19.566601 50.508179 -0.100300 0.253400 0.962200
-44.313080 -12.268901 39.122894 -0.302600 0.952900 0.021800
-43.508087 -15.260501 31.289276 -0.309000 0.863800 -0.398000
-37.881683 -24.750801 20.393677 -0.642000 0.237500 -0.729000
-37.814972 -29.048201 19.874481 -0.620100 -0.090900 -0.779300
-38.347198 -32.383499 41.940491 -0.665500 -0.727800 0.165300
-38.301422 -25.562201 46.392578 -0.336600 -0.111900 0.935000
-38.064606 -20.077200 46.033875 0.627000 0.247700 0.738600
-36.891205 -15.410701 39.838501 -0.989600 0.050300 -0.134700
-37.313019 -32.089001 23.664490 -0.771600 -0.625300 -0.117100
-37.551971 -16.837502 43.496399 -0.993400 0.099400 -0.057900
-37.144501 -19.969900 19.797485 -0.977100 0.212600 -0.000100
-35.634674 -12.086101 16.719574 -0.994200 0.102000 0.032900
-36.802094 -32.975601 58.859589 -0.972500 -0.232500 -0.010600
-37.593719 -30.448601 50.658783 -0.965400 -0.190700 0.178000
-27.425323 -21.909201 -36.224518 -0.328900 -0.944300 -0.014000
-28.707123 -23.868900 -18.044800 -0.467600 -0.867500 -0.169500
-3.359406 -33.126701 -25.835419 -0.250800 -0.878800 -0.406100
-7.952179 -31.657801 -25.221100 -0.527100 -0.699700 -0.482300
-13.669220 -27.356501 -24.111816 -0.700800 -0.555900 -0.447100
-16.704620 -21.637800 -25.835205 -0.425400 -0.860200 -0.281100
-37.717194 -15.608601 53.658493 -0.998100 0.024400 -0.057000
-9.028900 -66.635002 85.699387 -0.403600 -0.550400 0.730900
-13.617889 -53.540802 91.338089 -0.488800 -0.374600 0.787900
-2.871887 -75.062599 78.855682 -0.125800 -0.877300 0.463100
-3.621887 -72.965401 47.420776 0.127000 -0.886400 -0.445200
-7.312805 -72.691002 47.983978 -0.341400 -0.730600 -0.591400
-10.663391 -70.561302 49.496796 -0.521400 -0.563400 -0.640900
-17.724701 -67.783897 50.250580 -0.464500 -0.799000 -0.381900
-24.491669 -63.503700 50.346802 -0.577900 -0.717600 -0.388700
-25.553864 -58.817001 41.316376 -0.675300 -0.561200 -0.478600
-7.686401 -64.671997 41.990784 0.023100 -0.972600 0.231400
-8.852600 -65.949104 41.896301 -0.182400 -0.335800 -0.924100
-11.352997 -68.148300 43.647980 -0.189500 -0.559000 -0.807200
-15.438873 -67.013802 44.550598 -0.213900 -0.365400 -0.905900
-20.067719 -64.598801 43.799683 0.023700 -0.383500 -0.923200
-23.943207 -62.203697 41.750977 -0.069200 -0.515600 -0.854000
-33.850922 -43.823303 46.924988 -0.916900 -0.363800 0.164300
-30.010773 -52.222000 39.412689 -0.801700 -0.568300 0.185200
-33.754120 -48.489403 35.650299 -0.920300 -0.334400 0.203000
-34.995880 -43.587502 29.663391 -0.982900 -0.175300 -0.056300
-29.968781 -23.975801 -0.133423 -0.747800 -0.485200 -0.453200
-31.249115 -32.254501 -0.836914 -0.906200 0.022800 -0.422300
-20.654083 -59.406799 13.281097 -0.826200 -0.561400 -0.046600
-18.447723 -63.102203 18.635101 -0.663600 -0.733800 -0.145400
-22.079315 -58.160904 7.515686 -0.918900 -0.389300 0.063000
-22.270721 -56.405602 -1.218597 -0.916000 -0.376100 -0.139700
-26.190216 -23.421200 -52.828003 -0.369200 -0.889200 0.270200
-13.927521 -60.709503 -6.330200 -0.543200 -0.807900 -0.228600
-11.248779 -64.112503 -10.000824 -0.765000 -0.614300 -0.193500
-7.078491 -67.247299 -11.220703 -0.496900 -0.820100 -0.283800
-2.966888 -68.635300 -11.027222 -0.183300 -0.963400 -0.195800
-30.950775 -37.596802 0.146698 -0.929400 -0.154700 -0.335100
-30.227203 -42.157501 0.780884 -0.941600 -0.256000 -0.218600
-2.797485 -34.390400 -34.940399 -0.258700 -0.944000 -0.204600
-3.351196 -37.646202 -22.645325 -0.174300 -0.265000 -0.948400
-3.313995 -49.846703 -24.055420 -0.275900 0.239400 -0.930900
-8.102509 -51.041603 -21.439514 -0.442600 0.312100 -0.840700
-16.099701 -45.395203 -15.882813 -0.512000 0.172600 -0.841500
-24.382904 -35.395000 -9.696808 -0.719500 0.006400 -0.694500
-35.550507 -28.999500 10.772583 -0.934100 -0.208800 -0.289500
-37.624176 -34.218700 30.217377 -0.938900 -0.323200 -0.118600
-8.740784 -64.703903 42.319580 -0.983600 -0.060100 -0.170100
-8.065094 -66.024498 41.147003 0.024900 -0.941400 0.336300
-9.834106 -66.481003 40.384003 -0.203600 -0.909100 0.363500
-12.549988 -66.321198 39.713593 -0.204700 -0.654600 0.727800
-11.018402 -65.355301 44.809387 -0.496100 0.172400 -0.851000
-16.473297 -64.855598 39.578094 -0.145100 -0.506800 0.849800
-15.476471 -64.358902 46.062500 0.045200 0.230100 -0.972100
-20.541718 -63.400703 40.640991 -0.361200 -0.648900 0.669700
-23.982086 -60.274902 42.402496 0.657300 -0.077300 -0.749700
-26.218475 -59.069801 44.372894 -0.843200 -0.524500 -0.118200
-20.778595 -61.116798 45.129974 0.459900 0.156900 -0.874000
-35.950592 -41.444801 33.937683 -0.961200 -0.275300 -0.017300
-34.887421 -46.186203 26.886902 -0.970900 -0.173800 -0.164900
-31.954681 -50.555500 23.434601 -0.838800 -0.374500 -0.395200
-27.370392 -56.900803 21.751678 -0.682400 -0.614100 -0.396400
-22.341522 -58.790398 19.777283 -0.609900 -0.713700 -0.344500
-26.835968 -43.148701 -6.071106 -0.896000 -0.140600 -0.421200
-30.144318 -43.159401 8.144287 -0.928500 -0.360600 -0.088300
-29.689484 -45.544403 15.516174 -0.886000 -0.402800 -0.229500
-32.671417 -56.176399 30.170685 -0.825300 -0.564700 0.009700
-26.787018 -56.002800 41.051575 -0.813000 -0.581300 -0.032900
-24.128998 -58.628403 38.940277 -0.555700 -0.818200 0.147700
-20.979767 -62.056999 34.897003 -0.468400 -0.811400 0.349500
-16.152802 -64.710098 34.110382 -0.329000 -0.895200 0.300800
-11.569183 -65.600403 34.813202 -0.317100 -0.852300 0.415900
-7.915192 -66.340797 37.175385 -0.559700 -0.615600 0.554800
-5.547089 -67.419800 39.236389 -0.741500 -0.403300 0.536200
-2.410004 -72.592804 40.570801 -0.606100 -0.596300 0.526300
-32.498688 -38.544701 8.637085 -0.916700 -0.347200 -0.197800
-21.776215 -62.580299 72.057785 -0.674600 -0.737600 0.028600
-19.987091 -64.709801 63.415787 -0.719800 -0.694000 0.013600
-19.683075 -68.598999 53.342087 -0.574900 -0.818200 -0.008600
-4.418304 -71.401802 71.937790 -0.339900 -0.939500 0.042000
-9.138794 -72.039001 61.943787 -0.211700 -0.975900 0.053800
-8.555298 -73.956398 51.544785 -0.248200 -0.967800 -0.042900
-7.404480 -71.176201 47.133789 -0.445000 -0.363100 -0.818600
-7.431793 -69.141998 46.607788 -0.457400 -0.439000 -0.773300
-7.716888 -68.144203 45.871399 -0.518500 -0.530300 -0.670800
-5.844604 -69.478897 45.947876 -0.536500 -0.563800 -0.627900
-9.625793 -60.076004 42.932678 -0.807000 -0.184100 -0.561100
-13.354584 -64.707504 17.978180 -0.249500 -0.946500 -0.204500
-2.354889 -74.293999 37.011993 -0.669700 -0.706900 0.227400
-2.523102 -70.693604 41.714874 -0.685000 -0.658700 0.311300
-6.934387 -64.881897 42.749573 -0.314100 -0.948600 -0.038100
-7.994781 -64.882401 44.553284 0.003100 -0.948600 -0.316600
-5.534698 -66.071701 42.149475 -0.603000 -0.722100 -0.339000
-5.428589 -65.508400 40.593781 -0.502800 -0.859900 0.088200
-3.997498 -70.942299 35.722290 -0.763400 -0.618300 0.186800
-22.899506 -51.742500 -4.605011 -0.753900 -0.642300 -0.138100
-23.771088 -51.452103 1.759277 -0.758800 -0.645400 -0.087200
-23.665985 -52.543201 7.917389 -0.737500 -0.661400 -0.136200
-33.918182 -46.762001 40.286102 -0.906700 -0.399700 0.134600
-30.891510 -50.992901 43.987183 -0.889300 -0.453800 0.056400
-29.226105 -52.289101 55.281586 -0.909700 -0.396000 0.124800
-28.126678 -57.210899 34.666290 -0.646400 -0.686700 0.332600
-23.192719 -59.103203 41.385376 -0.516500 -0.731000 -0.446000
-22.962677 -56.158600 42.792175 0.888300 -0.456200 0.053500
-7.503296 -65.682503 38.699188 -0.088400 -0.980700 0.174600
-20.674408 -58.082199 40.572693 0.346900 -0.203300 0.915600
-37.136566 -14.155300 -53.782898 -0.511200 -0.728300 0.456500
-10.530396 -61.167702 40.524780 -0.493600 -0.152300 0.856200
-17.095917 -59.730904 39.821686 0.055400 -0.141400 0.988400
-13.341400 -60.956001 39.849487 -0.145100 -0.140300 0.979400
-21.154266 -63.234001 46.913177 -0.470000 -0.742300 -0.477700
-15.204498 -66.115402 47.774902 -0.309300 -0.819800 -0.482000
-10.589905 -66.985001 46.662384 -0.013600 -0.961200 -0.275600
-20.044098 -56.985703 45.252197 0.269000 -0.179000 -0.946400
-15.907623 -58.817299 45.617676 -0.092900 -0.114000 -0.989100
-11.997986 -59.893799 44.643402 -0.446100 -0.124700 -0.886200
-1.580688 -75.212402 18.952698 -0.482900 0.114400 -0.868200
-1.275879 -72.425102 18.112000 -0.716300 -0.344100 -0.607100
-3.909302 -69.522598 18.048889 -0.310000 -0.869400 -0.384700
-7.444885 -71.091103 17.635895 -0.156000 -0.286800 -0.945200
-6.116699 -71.396599 18.340485 0.521800 -0.213600 -0.825900
-3.940796 -75.313904 19.076599 0.115800 -0.156100 -0.980900
-2.604095 -65.895203 -23.517120 -0.057000 -0.670800 -0.739500
-3.614685 -58.583702 -27.148010 -0.246500 -0.099000 -0.964100
-7.667084 -68.771797 -17.832397 -0.445900 -0.890300 -0.092400
-2.917480 -69.959000 -17.322418 0.077000 -0.992200 -0.097900
-8.707886 -56.785599 -24.909515 -0.435800 0.092000 -0.895400
-7.567688 -65.230499 -23.300323 -0.330900 -0.538500 -0.774900
-16.356415 -53.912201 -20.056305 -0.569900 0.137000 -0.810200
-22.354584 -50.966499 -11.984619 -0.875000 -0.279100 -0.395600
-19.598114 -55.308502 -16.408722 -0.859300 -0.314000 -0.403900
-13.876617 -61.488899 -20.415802 -0.712800 -0.455200 -0.533500
-13.306488 -65.698799 10.903381 -0.657500 -0.745200 0.111000
-6.622101 -69.585800 14.251587 -0.573500 -0.738800 0.354000
-3.761597 -72.616104 13.448883 -0.453400 -0.719700 0.525800
-9.486786 -68.204102 72.746094 -0.343700 -0.912300 0.222600
-15.181976 -66.270103 73.023788 -0.445500 -0.871500 0.204900
-24.919220 -56.994102 63.888382 -0.803600 -0.594600 -0.026500
-32.491180 -42.851200 53.481491 -0.929600 -0.300800 0.213000
-36.139069 -1.521700 49.254974 -0.978400 0.193700 -0.072500
-32.529510 7.487799 25.989594 -0.913900 0.391200 -0.108200
-29.761566 16.977098 -5.842407 -0.707600 0.611500 0.354100
-16.057465 27.962900 -10.351624 -0.529000 0.788600 0.313400
-23.484772 -59.301804 60.485794 -0.815400 -0.564800 0.126700
-14.301910 -69.617500 62.805984 -0.525400 -0.850300 0.030800
-4.164307 -72.052803 61.758789 -0.105700 -0.992900 0.053900
-8.272308 -67.461601 21.934479 -0.982400 -0.132500 -0.131800
-6.037598 -69.033699 25.338196 -0.807000 -0.589600 -0.032400
-4.526398 -73.545502 25.890381 -0.758300 -0.524200 0.387500
-4.838684 -76.591301 22.478485 -0.852800 -0.499400 0.152900
-5.130280 -68.651901 18.119781 -0.578100 -0.664700 -0.473400
-4.771484 -75.932602 19.525787 -0.605700 -0.506600 -0.613600
-5.288086 -72.014999 31.664490 -0.745600 -0.633400 0.207100
-8.739105 -70.186699 17.805481 -0.548600 -0.021500 -0.835800
-7.732391 -73.328400 20.091187 -0.720000 -0.662100 -0.208000
-7.182281 -73.299698 23.101776 -0.669100 -0.699900 0.249900
-10.911804 -68.433800 21.769073 -0.891500 0.452900 -0.012900
-8.068298 -71.602402 25.270874 -0.524500 -0.330400 0.784700
-2.146088 -76.841103 27.538177 -0.640800 -0.665600 0.382600
-9.728882 -68.806503 24.069794 -0.602400 0.434100 0.669800
-9.706299 -68.923798 19.081482 -0.685900 0.435300 -0.583100
-29.907806 -54.114998 36.875977 -0.757800 -0.560000 0.334800
-17.056305 -65.086098 31.618286 -0.448700 -0.887900 0.101600
-16.158478 -65.716202 38.484497 -0.335700 -0.932100 0.136100
-13.816803 -68.184998 25.821777 -0.373900 -0.922500 -0.095700
-8.615204 -73.122803 80.381592 -0.344200 -0.841700 0.416000
-27.027924 -53.232201 14.715698 -0.756800 -0.597000 -0.266300
-22.704803 -55.493698 13.802185 -0.718300 -0.645600 -0.259300
-17.188019 -62.250702 11.220001 -0.493200 -0.867600 -0.064100
-8.615387 -37.661003 -21.838104 -0.391200 -0.230800 -0.890900
-12.761810 -24.200001 -35.851715 -0.765800 -0.610400 -0.202300
-6.777008 -32.551701 -34.793915 -0.582200 -0.791200 -0.187100
-15.270721 -33.703899 -18.351410 -0.675400 -0.237000 -0.698400
-2.585907 -69.164299 -10.064697 -0.088800 -0.831500 -0.548400
-16.730682 -58.623802 -14.828705 -0.757800 -0.642700 -0.112500
-12.779877 -63.694801 -17.270111 -0.728800 -0.684400 0.022500
-6.171082 -68.932304 -10.193817 -0.243300 -0.713100 -0.657400
-10.738495 -66.624802 -8.558899 -0.698400 -0.541000 -0.468600
-20.451080 -57.870697 -7.400726 -0.827100 -0.503400 -0.250100
-8.077789 -69.249100 32.691803 -0.465000 -0.860200 0.209400
-9.258698 -60.390602 41.902374 -0.930900 -0.233900 0.280600
-6.116089 -68.768997 44.552399 -0.623300 -0.601100 -0.500100
-11.799683 -67.861000 30.888000 -0.379800 -0.907900 0.177400
-3.130005 -70.528099 43.344086 -0.489200 -0.811000 -0.320800
-2.472778 -70.912804 7.168976 -0.058200 -0.009300 -0.998300
-27.456268 -49.447701 1.409180 -0.780700 -0.606500 -0.150400
-10.068481 -67.409904 6.998993 0.145200 0.013100 -0.989300
-5.429596 -70.377098 7.512299 -0.041500 -0.011100 -0.999100
-3.186401 -70.233902 16.861786 -0.344300 -0.809300 0.475900
-2.825684 -80.032204 18.977478 -0.497900 -0.581400 -0.643400
-2.539398 -81.028099 22.906982 -0.560800 -0.803300 0.200600
-10.259705 -70.770004 22.571899 -0.846800 -0.520900 0.107400
-3.429108 -73.970001 11.837402 -0.303000 -0.940500 0.153500
-10.791901 -67.749901 47.687195 -0.183100 -0.652000 -0.735700
-11.889587 -66.823502 38.801483 0.024600 -0.991000 0.131500
-20.527924 -63.334999 39.547699 -0.654800 -0.752900 -0.065800
-21.582794 -56.601303 44.344696 0.602400 -0.239600 -0.761400
-20.775665 -65.268303 47.504700 -0.339500 -0.670600 -0.659500
-15.255280 -68.578804 48.255585 -0.272600 -0.740000 -0.614800
-26.639923 -61.432899 27.796387 -0.603000 -0.793500 -0.082600
-20.504120 -64.940704 26.243286 -0.476300 -0.861300 -0.177200
-33.630280 -46.341202 67.132690 -0.903700 -0.419300 -0.086400
-39.127777 -13.260201 64.751984 -0.998800 0.047500 0.009500
-34.177704 -51.333603 32.927002 -0.929800 -0.306500 0.203900
-23.718414 -61.349998 32.261902 -0.538800 -0.817700 0.202800
-8.461884 -69.340904 29.089386 -0.514100 -0.829300 0.219000
-2.253693 -75.298203 32.894775 -0.584100 -0.783000 0.214000
-3.881897 -73.912201 50.730988 0.158800 -0.987300 0.001500
-4.038788 -71.766304 45.857788 -0.200800 -0.740700 -0.641100
-10.130981 -70.141304 20.988495 -0.852100 -0.445600 -0.274500
-10.440582 -69.533401 48.604675 -0.401400 -0.505800 -0.763600
-26.056915 -50.226402 -5.081299 -0.784400 -0.580700 -0.217900
-10.731293 -68.639297 9.694397 -0.676300 -0.722000 0.146000
-22.209503 -27.118700 -11.822205 -0.664800 -0.526500 -0.530000
-35.826569 -17.257000 -6.512115 -0.914200 -0.396900 -0.081800
-28.945770 -58.263298 49.612976 -0.916700 -0.394600 -0.062100
-15.786774 37.108803 45.753998 -0.493800 0.860600 -0.124900
-27.409515 21.995600 43.011780 -0.854800 0.494000 -0.159200
-36.180267 -36.044300 25.459900 -0.945300 -0.284500 -0.159700
-33.296600 -40.880699 17.345184 -0.886300 -0.391300 -0.247700
-25.916107 -39.974701 -8.397705 -0.790000 0.010900 -0.613000
-27.889679 -50.450699 7.952698 -0.779100 -0.610100 -0.144500
-6.691498 -72.535202 11.832001 -0.541700 -0.790000 0.287300
-12.693268 -72.151497 52.540894 -0.437600 -0.893500 -0.100600
-15.463898 -69.304398 80.485382 -0.579900 -0.762200 0.287800
-26.738983 -14.385000 96.475693 -0.498000 0.051300 0.865600
-17.189606 18.602499 90.712585 -0.317600 0.522700 0.791200
-17.485016 36.955696 69.138382 -0.315000 0.899700 0.302200
-12.853912 27.650000 11.403900 -0.445000 0.852600 -0.274000
-29.420807 31.864599 -27.084412 -0.361800 0.663500 0.654800
-15.482208 -19.471001 -39.860016 -0.286500 -0.957600 -0.030200
-18.253571 -61.225700 6.705200 -0.374600 -0.926500 -0.036200
-23.914581 19.512800 14.135681 -0.721500 0.684200 0.106200
-33.883209 -34.344501 9.424500 -0.942300 -0.203900 -0.265400
-37.134491 -11.091901 -33.443726 -0.876900 -0.467400 0.112500
-37.252289 -22.431900 88.137589 -0.837800 -0.109500 0.534900
-32.409698 23.900198 66.072189 -0.851500 0.510900 0.118200
-26.292877 -64.431404 53.743286 -0.693400 -0.670200 0.264800
-31.456573 11.247599 83.923492 -0.767700 0.344900 0.540100
-43.325165 21.642099 -27.269714 -0.517200 0.126900 0.846400
-25.501923 -57.612701 80.126282 -0.749600 -0.518200 0.411900
-52.005524 11.212297 -35.153107 -0.378200 -0.519400 0.766300
-60.885712 27.561998 -32.092926 -0.383900 0.103500 0.917600
-2.199890 -76.069603 30.216492 -0.610700 -0.762400 0.213900
-5.026886 -72.188499 27.707489 -0.718900 -0.689200 0.090600
-43.990814 -28.385601 46.643982 -0.928500 -0.300000 0.218700
-42.979279 -30.709101 42.110992 -0.867800 0.100000 -0.486700
-42.280365 -23.581701 31.349701 -0.827800 -0.560700 -0.017600
-44.665680 -21.122400 34.478973 -0.960500 -0.217700 -0.173400
-45.551300 -19.441401 39.612976 -0.997300 -0.066500 0.030500
-44.502777 -20.554300 44.757202 -0.992600 -0.087900 0.083200
-38.111481 -31.149502 25.400879 -0.884200 -0.373800 0.280000
-41.679474 -29.672802 23.024597 -0.746000 -0.602000 0.284900
-106.867706 2.607698 -88.577301 -0.785100 -0.594800 0.172700
-47.807098 -1.867201 -48.056519 -0.461500 -0.637300 0.617100
-10.687897 81.577698 -101.383209 -0.071100 0.997500 0.000000
-35.204010 78.477005 -101.383209 -0.283800 0.958900 0.000000
-14.289215 -69.095001 50.113281 -0.332900 -0.849500 -0.409200
-8.988098 -71.626099 48.483490 -0.579100 -0.519100 -0.628700
-5.467407 -72.828201 47.445496 -0.208400 -0.820800 -0.531900
-10.624298 -73.053902 52.042892 -0.443200 -0.891000 -0.098300
-16.000580 -70.375198 52.941483 -0.440000 -0.894300 -0.081200
-22.101471 -66.515198 53.542694 -0.591300 -0.796600 0.125700
0.000000 -31.055201 -71.933807 0.000000 -0.866400 0.499400
0.000000 65.322899 -48.159698 0.000000 0.780000 0.625800
-45.510468 59.510002 -46.202026 -0.266300 0.746400 0.609900
-80.891205 36.087898 -48.537506 -0.610500 0.418600 0.672300
-88.628815 16.078897 -52.093811 -0.644600 -0.147500 0.750100
-82.199188 -1.710501 -58.048523 -0.459000 -0.536900 0.707800
-62.804779 -16.512701 -63.720520 -0.194500 -0.569000 0.799000
-22.835480 -31.099899 -64.607300 -0.284500 -0.695500 0.659800
-16.483002 -33.557701 -64.714325 0.082800 -0.757200 0.647900
-10.130493 -30.951702 -64.821198 0.106800 -0.810100 0.576500
-6.584290 -32.349998 -66.741699 0.104200 -0.856600 0.505300
-4.427979 -32.788002 -68.895599 0.281200 -0.835200 0.472700
-1.853485 -33.286201 -71.427399 0.573400 -0.648500 0.500600
-15.232574 -20.102400 -44.291504 -0.175100 -0.975300 0.134400
-11.042694 -23.637402 -42.434204 -0.712100 -0.693600 -0.108900
-6.731079 -28.845402 -41.848419 -0.556100 -0.788100 -0.263800
-2.856781 -30.092501 -41.921722 -0.198100 -0.916800 -0.346800
0.000000 -30.326401 -41.935211 0.000000 -0.929500 -0.368700
0.000000 -39.134800 -77.337311 -0.000000 -0.871600 0.490100
0.000000 79.383400 -71.867126 0.000000 0.938500 0.345300
-57.299774 63.288704 -69.321808 -0.445500 0.833500 0.326900
-92.811371 46.657402 -70.806122 -0.588100 0.666200 0.458500
-107.897064 22.834200 -71.345215 -0.808600 0.059000 0.585300
-98.436371 0.686699 -72.273315 -0.712500 -0.548100 0.438100
-70.676666 -26.681601 -71.867126 -0.441800 -0.791500 0.422200
-32.006073 -39.956802 -73.181824 -0.219000 -0.794000 0.567100
-17.783478 -40.682999 -73.528412 0.117000 -0.834500 0.538400
-9.192291 -38.653503 -74.652313 0.256000 -0.861000 0.439400
-6.011780 -38.443100 -75.663513 0.101500 -0.911300 0.399000
-3.722504 -38.716301 -76.416321 0.034900 -0.903300 0.427500
-1.718292 -39.020302 -77.135620 0.016100 -0.888000 0.459500
-2.084381 -41.950203 -101.383209 -0.087900 -0.996100 0.001200
0.000000 -42.062500 -101.383209 0.000000 -1.000000 -0.000000
0.000000 81.753799 -101.383209 0.000000 1.000000 0.000000
-63.660065 64.742699 -101.383209 -0.431000 0.902300 -0.008200
-101.904022 46.632500 -101.383209 -0.637200 0.770700 0.000000
-117.950287 24.690798 -101.383209 -0.996500 0.083100 0.000000
-106.867706 2.607698 -101.383209 -0.779000 -0.627100 -0.000000
-70.676666 -26.681601 -101.383209 -0.543800 -0.839200 0.000000
-36.106171 -44.222401 -101.383209 -0.366900 -0.930200 0.000000
-20.029510 -48.877998 -101.383209 0.199300 -0.979900 0.000000
-11.232300 -41.717800 -101.383209 0.382500 -0.924000 0.000000
-7.294708 -41.315399 -101.383209 -0.009300 -1.000000 0.000000
-4.510590 -41.652100 -101.383209 -0.121100 -0.992600 -0.000200
-38.025177 -30.662901 20.785278 -0.259300 -0.806800 -0.530800
-29.732208 12.171099 10.395081 -0.841200 0.515600 0.163000
-36.266571 0.221300 8.103882 -0.960900 0.246200 0.126900
-29.746918 13.737299 2.276276 -0.799800 0.585400 0.132800
-11.459686 18.821898 91.057495 -0.093700 0.533300 0.840700
-5.828308 39.358902 70.384491 -0.217200 0.911000 0.350600
-11.656708 36.381996 69.761490 -0.231600 0.898600 0.372600
-5.262207 39.902702 43.815277 -0.256000 0.956400 -0.140800
-10.524506 38.505798 44.784576 -0.283900 0.951400 -0.119700
-4.284607 26.915098 10.732788 0.195300 0.902900 -0.382900
-8.569183 28.848700 11.068298 0.046100 0.945400 -0.322500
-5.352509 30.716799 -12.166321 0.264900 0.918200 0.294600
-10.704987 32.347397 -11.258911 -0.143700 0.944300 0.296000
-5.954681 36.348900 -23.983826 -0.072600 0.805200 0.588500
-19.613922 34.106697 -25.534119 -0.264100 0.769900 0.581000
-9.299988 51.693901 -36.414398 -0.044300 0.619400 0.783800
-23.113617 45.995399 -36.441925 -0.198600 0.531600 0.823400
-11.230408 63.471397 -48.145111 -0.045200 0.772900 0.632900
-30.339508 62.264999 -45.941498 -0.127700 0.710800 0.691700
-10.687897 81.577698 -71.867126 0.036200 0.949800 0.310600
-35.204010 78.477005 -71.867126 -0.321100 0.905500 0.277400
-35.204010 78.477005 -88.577301 -0.304900 0.952100 0.021400
-10.687897 81.577698 -88.577301 -0.051100 0.998400 0.022600
-43.539520 -25.801800 44.950500 -0.738300 0.019100 -0.674200
-45.058319 -17.310001 45.318481 -0.982900 -0.165200 0.081000
-42.635406 -16.038300 48.251892 -0.102500 0.702900 0.703900
-2.472107 -69.573799 -5.155701 0.083200 -0.451000 0.888600
0.487518 -69.713104 -5.423798 -0.087400 -0.455200 0.886100
-10.035706 -67.344604 -4.140900 0.047400 -0.442700 0.895400
-5.564392 -69.453201 -4.700409 0.024800 -0.444400 0.895500
0.000000 -71.924698 71.691284 -0.000000 -0.999600 0.028600
-14.399017 -47.131104 43.220703 -0.188500 -0.981500 -0.032700
0.000000 -45.307602 7.065796 0.000000 -0.002600 -1.000000
-13.291107 -45.283100 7.066376 -0.001200 -0.403900 0.914800
-2.259399 -45.306900 7.065979 -0.000500 -0.003400 -1.000000
-9.906281 -45.293503 7.066193 0.016100 -0.431000 0.902200
-5.222900 -45.303902 7.066193 -0.004400 -0.011300 -0.999900
-14.883881 -65.238998 1.184387 -0.651000 -0.758200 -0.036300
19.343506 -23.090200 -53.307312 -0.105100 -0.883200 0.457100
2.046692 -71.662300 22.779388 0.267400 -0.227200 -0.936400
43.043610 -25.997400 22.790497 0.975500 -0.191500 -0.107900
30.669403 -48.960300 47.932373 0.910400 -0.403000 0.093300
28.592499 -54.772301 53.310791 0.920100 -0.290400 0.262800
23.632996 -61.229500 56.605591 0.693700 -0.475400 0.541000
19.198395 -65.271904 58.182495 0.645200 -0.707500 0.288300
13.728699 -68.872398 58.353989 0.487300 -0.863600 0.129400
8.867401 -71.168503 57.461884 0.247400 -0.958100 0.144300
4.013000 -72.000198 56.564682 0.048700 -0.989500 0.135900
21.982208 -62.543900 33.939087 0.449300 -0.848800 0.278600
25.478699 -59.206902 36.517578 0.562400 -0.769400 0.302900
27.359711 -56.761497 38.372803 0.683100 -0.678100 0.271200
16.580017 -65.453804 33.141296 0.384900 -0.874200 0.295900
2.823700 -68.961700 -14.533020 0.044600 -0.982300 0.182100
7.490906 -67.753998 -15.328217 0.487900 -0.832500 0.262400
12.540314 -62.998398 -14.865326 0.667000 -0.736500 0.112700
17.017120 -60.845604 -7.256805 0.431000 -0.901400 -0.042000
20.036194 -60.144203 -1.472321 0.684900 -0.698300 -0.208000
20.360992 -60.902397 6.735992 0.559100 -0.828900 -0.017000
18.442200 -61.907997 12.628601 0.557200 -0.827000 -0.075000
15.520813 -65.186501 18.540283 0.297900 -0.903600 -0.307800
11.209412 -68.436302 24.238983 0.169000 -0.896400 -0.409700
8.164795 -71.379204 27.020386 0.418200 -0.903100 -0.097000
28.188904 -52.911003 64.020981 0.819500 -0.548700 -0.165100
23.406006 -60.930099 72.669189 0.725500 -0.688200 -0.000200
15.590210 -66.900497 74.493393 0.619500 -0.728400 -0.292600
9.166199 -72.628799 73.629990 0.477900 -0.692300 -0.540700
3.950714 -75.127998 74.662384 0.402100 -0.915100 0.029300
11.879913 -67.429001 33.712189 0.368700 -0.804200 0.466200
7.996521 -67.794998 35.946381 0.571300 -0.651000 0.499800
4.920593 -69.736504 37.983093 0.755400 -0.578300 0.308000
2.373108 -73.355400 39.022186 0.658600 -0.690900 0.298100
24.936707 -61.649498 42.555603 0.782200 -0.613800 -0.106500
20.470398 -64.929100 44.850098 0.519800 -0.853000 0.047100
101.903992 46.632500 -88.577301 0.655100 0.734500 0.176800
117.950317 24.690798 -88.577301 0.966000 0.086100 0.243800
70.676819 -26.681601 -88.577301 0.536400 -0.843200 0.036300
36.106293 -44.222401 -88.577301 0.365200 -0.915500 0.168800
11.232300 -41.717800 -88.577301 -0.401300 -0.913200 0.070700
7.294708 -41.315399 -88.577301 -0.004500 -0.993500 0.114100
15.293518 -67.577301 45.656403 0.306200 -0.940300 0.148400
10.971497 -68.579399 44.648773 -0.242800 -0.965700 0.092100
8.423706 -66.428497 42.718384 -0.616100 -0.752900 -0.231400
4.345612 -68.656601 84.964783 0.069200 -0.613100 0.787000
5.510193 -50.566101 95.145081 0.031200 -0.326300 0.944700
8.912994 -10.308301 100.656891 0.159300 0.078300 0.984100
10.254303 -51.179100 94.281281 0.311600 -0.315400 0.896300
17.826019 -12.346701 98.660385 0.239800 0.046200 0.969700
34.673920 42.960304 -36.720520 0.158800 0.488900 0.857800
20.029602 -48.877998 -88.577301 -0.170100 -0.971200 0.166700
43.369812 -23.165100 25.139893 0.986900 -0.107000 -0.120600
2.916321 -27.820000 -53.966705 0.109600 -0.991000 0.076600
6.685120 -27.164600 -53.966705 0.430300 -0.893800 0.126100
9.323700 -25.100300 -54.080322 0.568600 -0.794000 0.215100
12.496796 -22.759201 -53.786713 0.259200 -0.891200 0.372300
36.367096 -29.348301 39.154388 0.838300 0.175000 -0.516400
32.809021 -26.359701 32.242401 0.962200 -0.256900 0.090300
41.574615 -23.323301 44.877502 0.713400 -0.239500 -0.658600
41.766205 -29.067600 42.067200 0.690700 0.198900 -0.695300
42.225708 -22.394300 40.331787 0.768000 -0.638300 0.052800
41.916016 -24.280100 35.271088 0.655900 -0.754900 0.006300
41.166718 -24.243101 40.275574 0.896400 -0.432200 -0.098700
36.339905 -14.205701 8.152893 0.999900 -0.010400 0.002800
39.576721 -31.794001 37.733490 0.976500 -0.078700 -0.200400
42.876892 -17.779001 32.808594 0.863300 -0.491900 0.113000
42.664795 -20.048101 30.242188 0.912000 -0.340800 0.228200
42.813721 -25.803902 26.870300 0.751000 -0.560800 0.348500
36.262695 -27.953400 26.628479 0.833300 -0.234700 0.500500
43.467194 -18.766201 46.381287 0.797300 -0.352300 -0.490100
43.417419 -15.720901 38.596375 0.817500 -0.575500 -0.022400
17.302094 -62.159698 -0.035919 0.664500 -0.732400 -0.148500
2.550110 -72.459602 8.148193 0.171000 -0.686900 -0.706400
2.981812 -70.948898 -6.743805 -0.081700 -0.968500 0.235300
5.810516 -70.672600 -6.487701 0.221400 -0.946900 0.233200
13.276520 -65.668602 -1.745697 -0.325300 -0.420200 0.847100
10.329620 -68.469299 -5.670807 0.434900 -0.861700 0.261300
5.582214 -71.520798 8.245087 0.272500 -0.644300 -0.714600
9.978607 -68.596001 7.341675 0.266500 -0.658500 -0.703800
13.019318 -65.845497 5.522675 0.682300 -0.730700 -0.023500
10.416595 -68.638702 -6.862122 0.618400 -0.769000 -0.161900
6.204712 -70.659004 -8.149017 0.302600 -0.922500 -0.239800
3.160614 -71.042999 -8.339722 -0.003100 -0.958600 -0.284800
2.842407 -73.471802 9.765900 0.220000 -0.888100 -0.403600
6.108093 -72.229797 9.701385 0.422500 -0.828700 -0.367200
9.990295 -69.123802 8.328278 0.566800 -0.787400 -0.242400
5.543793 -69.905800 15.747986 0.458500 -0.830200 0.317200
1.698120 -71.911003 15.227783 0.011400 -0.819200 0.573300
3.349121 -71.391304 15.093689 0.401800 -0.748100 0.528200
0.800507 -71.729301 15.088684 -0.089700 -0.861700 0.499500
1.985504 -70.439499 17.438782 0.433400 -0.861900 -0.263200
0.819214 -70.500198 17.018677 0.284300 -0.947300 -0.147800
1.792816 -71.226997 16.325897 0.117400 -0.824100 0.554200
0.819397 -71.375999 16.051086 -0.061800 -0.871300 0.486800
0.813904 -73.091599 13.246277 -0.197500 -0.765400 0.612500
1.638611 -73.650803 13.076385 -0.018700 -0.841500 0.540000
38.666107 -29.404202 44.648285 0.246300 -0.550500 0.797700
41.451996 -31.037500 47.231476 -0.057800 -0.736200 0.674300
43.616394 -30.733601 45.152588 0.797100 -0.587200 0.140700
36.521210 -19.053001 26.401001 0.641200 0.705300 -0.302300
38.036499 -22.179701 21.828186 0.524500 0.572700 -0.630000
42.783813 -19.902102 22.473999 0.493300 0.577300 -0.650600
44.528320 -19.619202 28.709900 0.986900 -0.121300 0.106400
38.345520 -31.106501 27.788696 0.986300 0.111400 -0.121500
39.094604 9.518799 -28.751007 0.839700 -0.245800 0.484300
37.640503 1.155199 -3.341003 0.976900 0.185600 0.106000
34.892792 -0.712601 19.548798 0.975300 0.200400 0.092700
35.546509 -0.644201 35.469574 0.976300 0.214100 -0.032900
7.324615 -69.754898 25.794281 0.056400 -0.614100 -0.787200
10.393707 -66.358902 21.762085 0.150000 -0.909100 -0.388800
13.591003 -65.166801 -4.705505 0.793000 -0.534600 -0.292100
28.264008 -55.102898 43.969482 0.807800 -0.503400 -0.306700
25.874817 -60.133598 46.273376 0.648300 -0.672200 -0.357500
44.600922 -26.468601 47.194702 0.949600 -0.233800 0.208600
44.525818 -21.524302 48.108185 0.980500 0.027000 0.194500
46.138397 -15.359701 38.465088 0.963400 -0.267800 -0.010700
45.235107 -17.774700 31.688599 0.941600 -0.336700 -0.005900
42.287415 -25.865301 19.478577 0.571800 0.094500 -0.815000
41.551392 -30.474501 19.367279 0.506600 -0.570400 -0.646500
42.276520 -32.073002 41.536987 0.592700 -0.778700 -0.205600
41.647919 -26.575300 49.686584 -0.081000 -0.291600 0.953100
42.588409 -19.566601 50.508179 0.100300 0.253400 0.962200
44.313202 -12.268901 39.122894 0.302600 0.952900 0.021800
43.508118 -15.260501 31.289276 0.309000 0.863800 -0.398000
37.881714 -24.750801 20.393677 0.642000 0.237500 -0.729000
37.815094 -29.048201 19.874481 0.620100 -0.091000 -0.779300
38.347321 -32.383499 41.940491 0.665500 -0.727800 0.165300
38.301514 -25.562201 46.392578 0.336600 -0.111900 0.935000
38.064697 -20.077200 46.033875 -0.627000 0.247700 0.738600
36.891296 -15.410701 39.838501 0.989600 0.050300 -0.134700
37.313019 -32.089001 23.664490 0.771600 -0.625300 -0.117100
37.552094 -16.837502 43.496399 0.993400 0.099400 -0.057900
37.144592 -19.969900 19.797485 0.977100 0.212600 -0.000100
35.634796 -12.086101 16.719574 0.994200 0.102000 0.032900
36.802216 -32.975601 58.859589 0.972500 -0.232500 -0.010600
37.593719 -30.448601 50.658783 0.965400 -0.190700 0.178000
27.425293 -21.909201 -36.224518 0.328900 -0.944300 -0.014000
28.707092 -23.868900 -18.044800 0.467600 -0.867500 -0.169500
3.359406 -33.126701 -25.835419 0.250800 -0.878800 -0.406100
7.952301 -31.657801 -25.221100 0.527100 -0.699700 -0.482300
13.669220 -27.356501 -24.111816 0.700800 -0.555900 -0.447100
16.704620 -21.637800 -25.835205 0.425400 -0.860200 -0.281100
37.717194 -15.608601 53.658493 0.998100 0.024400 -0.057000
9.028992 -66.635002 85.699387 0.403600 -0.550400 0.730900
13.618011 -53.540802 91.338089 0.488800 -0.374600 0.787900
2.872009 -75.062599 78.855682 0.125800 -0.877300 0.463100
3.621918 -72.965401 47.420776 -0.127000 -0.886400 -0.445200
7.312897 -72.691002 47.983978 0.341400 -0.730600 -0.591400
10.663422 -70.561302 49.496796 0.521400 -0.563400 -0.640900
17.724792 -67.783897 50.250580 0.464500 -0.799000 -0.381900
24.491821 -63.503700 50.346802 0.577900 -0.717600 -0.388700
25.554016 -58.817001 41.316376 0.675300 -0.561200 -0.478600
7.686493 -64.671997 41.990784 -0.023100 -0.972600 0.231400
8.852692 -65.949104 41.896301 0.182400 -0.335800 -0.924100
11.352997 -68.148300 43.647980 0.189500 -0.559000 -0.807200
15.438904 -67.013802 44.550598 0.213900 -0.365400 -0.905900
20.067719 -64.598801 43.799683 -0.023700 -0.383500 -0.923200
23.943207 -62.203697 41.750977 0.069200 -0.515600 -0.854000
33.851013 -43.823303 46.924988 0.916900 -0.363800 0.164300
30.010895 -52.222000 39.412689 0.801700 -0.568300 0.185200
33.754120 -48.489403 35.650299 0.920300 -0.334400 0.203000
34.996002 -43.587502 29.663391 0.982900 -0.175300 -0.056300
29.968903 -23.975801 -0.133423 0.747800 -0.485200 -0.453200
31.249115 -32.254501 -0.836914 0.906200 0.022800 -0.422300
20.636810 -59.366104 13.268280 0.822500 -0.565900 -0.056600
18.439514 -63.088501 18.628601 0.659500 -0.736100 -0.152600
21.632111 -58.756897 6.517792 0.901700 -0.431600 0.024900
22.270905 -56.403603 -1.219025 0.914000 -0.384700 -0.128700
26.190216 -23.421200 -52.828003 0.369200 -0.889200 0.270200
14.007599 -60.966599 -5.948212 0.601400 -0.774000 -0.198100
11.368408 -64.366898 -9.503326 0.780000 -0.566600 -0.265700
7.078522 -67.247299 -11.220703 0.497900 -0.792300 -0.352600
2.967010 -68.635300 -11.027222 0.144900 -0.907000 -0.395400
30.950806 -37.596802 0.146698 0.929400 -0.154700 -0.335100
30.227295 -42.157501 0.780884 0.941600 -0.256000 -0.218600
2.797516 -34.390400 -34.940399 0.258700 -0.944000 -0.204600
3.351318 -37.646202 -22.645325 0.174300 -0.265000 -0.948400
3.314117 -49.846703 -24.055420 0.275900 0.239400 -0.930900
8.102600 -51.041603 -21.439514 0.442600 0.312100 -0.840700
16.099792 -45.395203 -15.882813 0.512000 0.172600 -0.841500
24.382996 -35.395000 -9.696808 0.719500 0.006400 -0.694500
35.550507 -28.999500 10.772583 0.934100 -0.208800 -0.289500
37.624298 -34.218700 30.217377 0.938900 -0.323200 -0.118600
8.740906 -64.703903 42.319580 0.983600 -0.060100 -0.170100
8.065094 -66.024498 41.147003 -0.024900 -0.941400 0.336300
9.834106 -66.481003 40.384003 0.203600 -0.909100 0.363500
12.550018 -66.321198 39.713593 0.204700 -0.654600 0.727800
11.018494 -65.355301 44.809387 0.496100 0.172400 -0.851000
16.473419 -64.855598 39.578094 0.145100 -0.506800 0.849800
15.476501 -64.358902 46.062500 -0.045200 0.230100 -0.972100
20.541718 -63.400703 40.640991 0.361200 -0.648900 0.669700
23.982117 -60.274902 42.402496 -0.657300 -0.077300 -0.749700
26.218506 -59.069801 44.372894 0.843200 -0.524500 -0.118200
20.778717 -61.116798 45.129974 -0.459900 0.156900 -0.874000
35.950592 -41.444801 33.937683 0.961200 -0.275300 -0.017300
34.887421 -46.186203 26.886902 0.970900 -0.173800 -0.164900
31.954712 -50.555500 23.434601 0.838800 -0.374500 -0.395200
27.370392 -56.900803 21.751678 0.682400 -0.614100 -0.396400
22.341614 -58.790398 19.777283 0.608500 -0.714200 -0.346000
26.835999 -43.148701 -6.071106 0.896000 -0.140600 -0.421200
30.144409 -43.159401 8.144287 0.928500 -0.360600 -0.088300
29.689606 -45.544403 15.516174 0.886000 -0.402800 -0.229500
32.671417 -56.176399 30.170685 0.825300 -0.564700 0.009700
26.787109 -56.002800 41.051575 0.813000 -0.581300 -0.032900
24.129120 -58.628403 38.940277 0.555700 -0.818200 0.147700
20.979797 -62.056999 34.897003 0.468400 -0.811400 0.349500
16.152893 -64.710098 34.110382 0.329000 -0.895200 0.300800
11.569214 -65.600403 34.813202 0.317100 -0.852300 0.415900
7.915192 -66.340797 37.175385 0.559700 -0.615600 0.554800
5.547211 -67.419800 39.236389 0.741500 -0.403300 0.536200
2.410004 -72.592804 40.570801 0.606100 -0.596300 0.526300
32.498810 -38.544701 8.637085 0.916700 -0.347200 -0.197800
21.776306 -62.580299 72.057785 0.674600 -0.737600 0.028600
19.987122 -64.709801 63.415787 0.719800 -0.694000 0.013600
19.683197 -68.598999 53.342087 0.574900 -0.818200 -0.008600
4.418396 -71.401802 71.937790 0.339900 -0.939500 0.042000
9.138794 -72.039001 61.943787 0.211700 -0.975900 0.053800
8.555420 -73.956398 51.544785 0.248200 -0.967800 -0.042900
7.404602 -71.176201 47.133789 0.445000 -0.363100 -0.818600
7.431793 -69.141998 46.607788 0.457400 -0.439000 -0.773300
7.716919 -68.144203 45.871399 0.518500 -0.530300 -0.670800
5.844696 -69.478897 45.947876 0.536500 -0.563800 -0.627900
9.625916 -60.076004 42.932678 0.807000 -0.184100 -0.561100
13.291107 -64.635101 17.910889 0.251400 -0.943500 -0.215900
2.354919 -74.293999 37.011993 0.669700 -0.706900 0.227400
2.523193 -70.693604 41.714874 0.685000 -0.658700 0.311300
6.934418 -64.881897 42.749573 0.314100 -0.948600 -0.038100
7.994812 -64.882401 44.553284 -0.003100 -0.948600 -0.316600
5.534698 -66.071701 42.149475 0.603000 -0.722100 -0.339000
5.428619 -65.508400 40.593781 0.502800 -0.859900 0.088200
3.997498 -70.942299 35.722290 0.763400 -0.618300 0.186800
22.899506 -51.742500 -4.605011 0.753900 -0.642300 -0.138100
23.771118 -51.452103 1.759277 0.754400 -0.651100 -0.082900
23.666016 -52.543201 7.917389 0.725900 -0.673100 -0.141600
33.918304 -46.762001 40.286102 0.906700 -0.399700 0.134600
30.891602 -50.992901 43.987183 0.889300 -0.453800 0.056400
29.226105 -52.289101 55.281586 0.909700 -0.396000 0.124800
28.126709 -57.210899 34.666290 0.646400 -0.686700 0.332600
23.192719 -59.103203 41.385376 0.516500 -0.731000 -0.446000
22.962799 -56.158600 42.792175 -0.888300 -0.456200 0.053500
7.503296 -65.682503 38.699188 0.088400 -0.980700 0.174600
20.674408 -58.082199 40.572693 -0.346900 -0.203300 0.915600
37.136719 -14.155300 -53.782898 0.511200 -0.728300 0.456500
10.530396 -61.167702 40.524780 0.493600 -0.152300 0.856200
17.095917 -59.730904 39.821686 -0.055400 -0.141400 0.988400
13.341492 -60.956001 39.849487 0.145100 -0.140300 0.979400
21.154419 -63.234001 46.913177 0.470000 -0.742300 -0.477700
15.204620 -66.115402 47.774902 0.309300 -0.819800 -0.482000
10.589905 -66.985001 46.662384 0.013600 -0.961200 -0.275600
20.044220 -56.985703 45.252197 -0.269000 -0.179000 -0.946400
15.907715 -58.817299 45.617676 0.092900 -0.114000 -0.989100
11.998108 -59.893799 44.643402 0.446100 -0.124700 -0.886200
1.580719 -75.212204 18.952179 0.482300 0.115200 -0.868400
1.271820 -72.425499 18.109802 0.712900 -0.345400 -0.610400
3.896606 -69.524101 18.018097 0.308800 -0.864900 -0.395800
7.409821 -71.076904 17.575500 0.149600 -0.294400 -0.943900
6.101105 -71.395699 18.315094 -0.537300 -0.215500 -0.815400
3.941101 -75.314804 19.078094 -0.118600 -0.158500 -0.980200
2.604095 -65.895203 -23.517120 0.057000 -0.670800 -0.739500
3.614716 -58.583702 -27.148010 0.246500 -0.099000 -0.964100
7.667206 -68.771797 -17.832397 0.445900 -0.890300 -0.092400
2.917603 -69.959000 -17.322418 -0.077000 -0.992200 -0.097800
8.707916 -56.785599 -24.909515 0.435800 0.092000 -0.895400
7.567719 -65.230499 -23.300323 0.330900 -0.538500 -0.774900
16.356415 -53.912201 -20.056305 0.569900 0.137000 -0.810200
22.354614 -50.966499 -11.984619 0.875000 -0.279100 -0.395600
19.598114 -55.308502 -16.408722 0.859300 -0.314000 -0.403900
13.876617 -61.488899 -20.415802 0.712800 -0.455200 -0.533500
13.126312 -65.587997 10.593903 0.668100 -0.738000 0.095200
6.510895 -69.514297 13.957184 0.587600 -0.725100 0.359200
3.626404 -72.633202 13.425598 0.469100 -0.705800 0.530800
9.486816 -68.204102 72.746094 0.343700 -0.912300 0.222600
15.182007 -66.270103 73.023788 0.445500 -0.871500 0.204900
24.919220 -56.994102 63.888382 0.803600 -0.594600 -0.026500
32.491302 -42.851200 53.481491 0.929600 -0.300800 0.213000
36.139221 -1.521700 49.254974 0.978400 0.193700 -0.072500
32.529602 7.487799 25.989594 0.913900 0.391200 -0.108200
29.761719 16.977098 -5.842407 0.707600 0.611500 0.354100
16.057495 27.962900 -10.351624 0.529000 0.788600 0.313400
23.484802 -59.301804 60.485794 0.815400 -0.564800 0.126700
14.302002 -69.617500 62.805984 0.525400 -0.850300 0.030800
4.164307 -72.052803 61.758789 0.105700 -0.992900 0.053900
8.260712 -67.454300 21.921387 0.983500 -0.127800 -0.128100
6.037598 -69.033699 25.338196 0.807300 -0.589300 -0.033100
4.526520 -73.545502 25.890381 0.758300 -0.524200 0.387500
4.838806 -76.591301 22.478485 0.852800 -0.499400 0.152900
5.105896 -68.648804 18.073090 0.571500 -0.656500 -0.492400
4.771606 -75.932701 19.526093 0.605500 -0.508000 -0.612600
5.288116 -72.014999 31.664490 0.745600 -0.633400 0.207100
8.683899 -70.150604 17.724884 0.541900 -0.013900 -0.840400
7.730011 -73.329002 20.089294 0.722100 -0.660100 -0.207200
7.182312 -73.299698 23.101776 0.669900 -0.699400 0.249200
10.901215 -68.424004 21.756500 0.891600 0.452700 -0.014000
8.068420 -71.602402 25.270874 0.524900 -0.330400 0.784400
2.146118 -76.841103 27.538177 0.640800 -0.665600 0.382600
9.728516 -68.806099 24.069275 0.603800 0.433800 0.668800
9.658112 -68.884804 19.018188 0.680700 0.445000 -0.581900
29.907898 -54.114998 36.875977 0.757800 -0.560000 0.334800
17.056305 -65.086098 31.618286 0.448700 -0.887900 0.101600
16.158508 -65.716202 38.484497 0.335700 -0.932100 0.136100
13.816895 -68.184998 25.821777 0.374000 -0.922400 -0.096100
8.615204 -73.122803 80.381592 0.344200 -0.841700 0.416000
27.027893 -53.232201 14.715698 0.756800 -0.597000 -0.266300
22.704895 -55.493698 13.802185 0.715700 -0.647900 -0.260900
17.098114 -62.102104 11.135193 0.481000 -0.872600 -0.084700
8.615509 -37.661003 -21.838104 0.391200 -0.230800 -0.890900
12.761810 -24.200001 -35.851715 0.765800 -0.610400 -0.202300
6.777100 -32.551701 -34.793915 0.582200 -0.791200 -0.187100
15.270721 -33.703899 -18.351410 0.675400 -0.237000 -0.698400
3.203918 -69.761803 -9.955719 0.038400 -0.738800 -0.672800
16.730804 -58.623802 -14.828705 0.757600 -0.643000 -0.111900
12.779907 -63.694801 -17.270111 0.728800 -0.684400 0.022500
6.284515 -69.511902 -10.101318 0.252400 -0.680400 -0.688000
10.881104 -67.139603 -8.460114 0.703800 -0.500500 -0.504200
20.451202 -57.870697 -7.400726 0.826000 -0.505800 -0.249000
8.077820 -69.249100 32.691803 0.465000 -0.860200 0.209400
9.258820 -60.390602 41.902374 0.930900 -0.233900 0.280600
6.116119 -68.768997 44.552399 0.623300 -0.601100 -0.500100
11.799805 -67.861000 30.888000 0.379800 -0.907900 0.177400
3.130005 -70.528099 43.344086 0.489200 -0.811000 -0.320800
2.324493 -70.905502 7.174194 0.079300 -0.012100 -0.996800
27.456421 -49.447701 1.409180 0.780700 -0.606500 -0.150400
9.935303 -67.504700 6.862793 -0.250000 0.028600 -0.967800
5.353119 -70.205002 7.677490 0.052400 -0.013800 -0.998500
3.157715 -70.228302 16.804596 0.368300 -0.815200 0.446900
2.825806 -80.032204 18.977478 0.497900 -0.581500 -0.643400
2.539520 -81.028099 22.906982 0.560800 -0.803300 0.200600
10.256805 -70.767097 22.567902 0.847900 -0.520000 0.103400
3.283417 -73.978600 11.823181 0.302900 -0.939900 0.157800
10.791992 -67.749901 47.687195 0.183100 -0.652000 -0.735700
11.889618 -66.823502 38.801483 -0.024600 -0.991000 0.131500
20.527893 -63.334999 39.547699 0.654800 -0.752900 -0.065800
21.582794 -56.601303 44.344696 -0.602400 -0.239600 -0.761400
20.775696 -65.268303 47.504700 0.339500 -0.670600 -0.659500
15.255310 -68.578804 48.255585 0.272600 -0.740000 -0.614800
26.639893 -61.432899 27.796387 0.603000 -0.793500 -0.082600
20.504211 -64.940704 26.243286 0.476300 -0.861300 -0.177200
33.630310 -46.341202 67.132690 0.903700 -0.419300 -0.086400
39.127899 -13.260201 64.751984 0.998800 0.047500 0.009500
34.177795 -51.333603 32.927002 0.929800 -0.306500 0.203900
23.718506 -61.349998 32.261902 0.538800 -0.817700 0.202800
8.461914 -69.340904 29.089386 0.514100 -0.829300 0.219000
2.253693 -75.298203 32.894775 0.584100 -0.783000 0.214000
3.882019 -73.912201 50.730988 -0.158800 -0.987300 0.001500
4.038818 -71.766304 45.857788 0.200800 -0.740700 -0.641100
10.116302 -70.128204 20.968781 0.851700 -0.442300 -0.280900
10.440613 -69.533401 48.604675 0.401400 -0.505800 -0.763600
26.057007 -50.226402 -5.081299 0.784400 -0.580700 -0.217900
10.615997 -68.706497 9.559479 0.697400 -0.697900 0.162900
22.209595 -27.118700 -11.822205 0.664800 -0.526500 -0.530000
35.826721 -17.257000 -6.512115 0.914200 -0.396900 -0.081800
28.945801 -58.263298 49.612976 0.916700 -0.394600 -0.062100
15.786804 37.108803 45.753998 0.493800 0.860600 -0.124900
27.409515 21.995600 43.011780 0.854800 0.494000 -0.159200
36.180298 -36.044300 25.459900 0.945300 -0.284500 -0.159700
33.296692 -40.880699 17.345184 0.886300 -0.391300 -0.247700
25.916107 -39.974701 -8.397705 0.790000 0.010900 -0.613000
27.889801 -50.450699 7.952698 0.779100 -0.610100 -0.144500
6.563721 -72.593704 11.759491 0.535600 -0.785700 0.309500
12.693420 -72.151497 52.540894 0.437600 -0.893500 -0.100700
15.464020 -69.304398 80.485382 0.579900 -0.762200 0.287800
26.739014 -14.385000 96.475693 0.498000 0.051300 0.865600
17.189697 18.602499 90.712585 0.317600 0.522700 0.791200
17.485107 36.955696 69.138382 0.315000 0.899700 0.302200
12.853912 27.650000 11.403900 0.445000 0.852600 -0.274000
29.420807 31.864599 -27.084412 0.361800 0.663500 0.654800
15.482300 -19.471001 -39.860016 0.286500 -0.957600 -0.030200
18.188599 -60.910103 6.108673 0.394300 -0.918000 -0.043200
23.914612 19.512800 14.135681 0.721500 0.684200 0.106200
33.883301 -34.344501 9.424500 0.942300 -0.203900 -0.265400
37.134613 -11.091901 -33.443726 0.876900 -0.467400 0.112500
37.252411 -22.431900 88.137589 0.837800 -0.109500 0.534900
32.409821 23.900198 66.072189 0.851500 0.510900 0.118200
26.292908 -64.431404 53.743286 0.693400 -0.670200 0.264800
31.456604 11.247599 83.923492 0.767700 0.344900 0.540100
43.325195 21.642099 -27.269714 0.517200 0.126900 0.846400
25.502014 -57.612701 80.126282 0.749600 -0.518200 0.411900
52.005493 11.212297 -35.153107 0.378200 -0.519400 0.766300
60.885712 27.561998 -32.092926 0.383900 0.103500 0.917600
2.199921 -76.069603 30.216492 0.610700 -0.762400 0.213900
5.027008 -72.188499 27.707489 0.718900 -0.689200 0.090600
43.990906 -28.385601 46.643982 0.928500 -0.300000 0.218700
42.979309 -30.709101 42.110992 0.867800 0.100000 -0.486700
42.280396 -23.581701 31.349701 0.827800 -0.560700 -0.017600
44.665802 -21.122400 34.478973 0.960500 -0.217700 -0.173400
45.551392 -19.441401 39.612976 0.997300 -0.066500 0.030500
44.502808 -20.554300 44.757202 0.992600 -0.087900 0.083200
38.111603 -31.149502 25.400879 0.884200 -0.373800 0.280000
41.679504 -29.672802 23.024597 0.746000 -0.602000 0.284900
106.867798 2.607698 -88.577301 0.785100 -0.594800 0.172700
47.807220 -1.867201 -48.056519 0.461500 -0.637300 0.617100
10.688019 81.577698 -101.383209 0.071100 0.997500 -0.000000
35.204102 78.477005 -101.383209 0.283800 0.958900 0.000000
14.289215 -69.095001 50.113281 0.332900 -0.849500 -0.409200
8.988098 -71.626099 48.483490 0.579100 -0.519100 -0.628700
5.467407 -72.828201 47.445496 0.208400 -0.820800 -0.531900
10.624420 -73.053902 52.042892 0.443200 -0.891000 -0.098300
16.000610 -70.375198 52.941483 0.440000 -0.894300 -0.081200
22.101501 -66.515198 53.542694 0.591300 -0.796600 0.125700
45.510620 59.510002 -46.202026 0.266300 0.746400 0.609900
80.891205 36.087898 -48.537506 0.610500 0.418600 0.672300
88.628815 16.078897 -52.093811 0.644600 -0.147500 0.750100
82.199219 -1.710501 -58.048523 0.459000 -0.536900 0.707800
62.804810 -16.512701 -63.720520 0.194500 -0.569000 0.799000
22.835510 -31.099899 -64.607300 0.284500 -0.695500 0.659800
16.483093 -33.557701 -64.714325 -0.082800 -0.757200 0.647900
10.130615 -30.951702 -64.821198 -0.106800 -0.810100 0.576500
6.584320 -32.349998 -66.741699 -0.104200 -0.856600 0.505300
4.428009 -32.788002 -68.895599 -0.281200 -0.835200 0.472700
1.853607 -33.286201 -71.427399 -0.573400 -0.648500 0.500600
15.232605 -20.102400 -44.291504 0.175100 -0.975300 0.134400
11.042694 -23.637402 -42.434204 0.712100 -0.693600 -0.108900
6.731110 -28.845402 -41.848419 0.556100 -0.788100 -0.263800
2.856903 -30.092501 -41.921722 0.198100 -0.916800 -0.346800
57.299805 63.288704 -69.321808 0.445500 0.833500 0.326900
92.811493 46.657402 -70.806122 0.588100 0.666200 0.458500
107.897217 22.834200 -71.345215 0.808600 0.059000 0.585300
98.436493 0.686699 -72.273315 0.712500 -0.548100 0.438100
70.676819 -26.681601 -71.867126 0.441800 -0.791500 0.422200
32.006195 -39.956802 -73.181824 0.219000 -0.794000 0.567100
17.783600 -40.682999 -73.528412 -0.117000 -0.834500 0.538400
9.192291 -38.653503 -74.652313 -0.256000 -0.861000 0.439400
6.011902 -38.443100 -75.663513 -0.101500 -0.911300 0.399000
3.722504 -38.716301 -76.416321 -0.034900 -0.903300 0.427500
1.718292 -39.020302 -77.135620 -0.016100 -0.888000 0.459500
2.084412 -41.950203 -101.383209 0.087900 -0.996100 0.001200
63.660095 64.742699 -101.383209 0.431000 0.902300 -0.008200
101.903992 46.632500 -101.383209 0.637200 0.770700 -0.000000
117.950317 24.690798 -101.383209 0.996500 0.083100 -0.000000
106.867798 2.607698 -101.383209 0.779000 -0.627100 -0.000000
70.676819 -26.681601 -101.383209 0.543800 -0.839200 0.000000
36.106293 -44.222401 -101.383209 0.366900 -0.930200 0.000000
20.029602 -48.877998 -101.383209 -0.199300 -0.979900 0.000000
11.232300 -41.717800 -101.383209 -0.382500 -0.924000 0.000000
7.294708 -41.315399 -101.383209 0.009300 -1.000000 0.000000
4.510712 -41.652100 -101.383209 0.121100 -0.992600 -0.000200
38.025299 -30.662901 20.785278 0.259300 -0.806800 -0.530800
29.732208 12.171099 10.395081 0.841200 0.515600 0.163000
36.266602 0.221300 8.103882 0.960900 0.246200 0.126900
29.746918 13.737299 2.276276 0.799800 0.585400 0.132800
11.459808 18.821898 91.057495 0.093700 0.533300 0.840700
5.828400 39.358902 70.384491 0.217200 0.911000 0.350600
11.656708 36.381996 69.761490 0.231600 0.898600 0.372600
5.262299 39.902702 43.815277 0.256000 0.956400 -0.140800
10.524597 38.505798 44.784576 0.283900 0.951400 -0.119700
4.284607 26.915098 10.732788 -0.195300 0.902900 -0.382900
8.569305 28.848700 11.068298 -0.046100 0.945400 -0.322500
5.352509 30.716799 -12.166321 -0.264900 0.918200 0.294600
10.705017 32.347397 -11.258911 0.143700 0.944300 0.296000
5.954712 36.348900 -23.983826 0.072600 0.805200 0.588500
19.613892 34.106697 -25.534119 0.264100 0.769900 0.581000
9.300018 51.693901 -36.414398 0.044300 0.619400 0.783800
23.113617 45.995399 -36.441925 0.198600 0.531600 0.823400
11.230408 63.471397 -48.145111 0.045200 0.772900 0.632900
30.339508 62.264999 -45.941498 0.127700 0.710800 0.691700
10.688019 81.577698 -71.867126 -0.036200 0.949800 0.310600
35.204102 78.477005 -71.867126 0.321100 0.905500 0.277400
35.204102 78.477005 -88.577301 0.304900 0.952100 0.021400
10.688019 81.577698 -88.577301 0.051100 0.998400 0.022600
43.539520 -25.801800 44.950500 0.738300 0.019100 -0.674200
45.058319 -17.310001 45.318481 0.982900 -0.165200 0.081000
42.635498 -16.038300 48.251892 0.102500 0.702900 0.703900
2.919220 -70.150101 -5.048401 -0.140700 -0.444500 0.884700
10.180206 -67.728600 -4.059326 -0.054000 -0.435400 0.898600
5.692902 -69.825104 -4.651001 -0.010700 -0.435600 0.900100
14.399109 -47.131104 43.220703 0.188500 -0.981500 -0.032700
13.291107 -45.283100 7.066376 0.001100 -0.396800 0.917900
2.259521 -45.306900 7.065979 0.000600 -0.003500 -1.000000
9.906403 -45.293503 7.066193 -0.015500 -0.423000 0.906000
5.222900 -45.303902 7.066193 0.006500 -0.015100 -0.999900
14.865906 -64.929901 1.229675 0.711600 -0.701600 -0.036100
-4.359589 -68.408798 3.320892 0.150900 -0.391800 -0.907600
-6.200897 -65.587402 3.709381 -0.243100 0.562100 -0.790500
-4.021881 -68.035904 3.333801 0.467000 -0.124300 -0.875500
-6.602081 -65.927704 3.703796 -0.522800 0.361800 -0.771800
-6.812683 -66.600204 3.654083 -0.597400 0.140000 -0.789600
-3.854095 -66.794701 3.440094 0.485300 0.324700 -0.811800
-6.769897 -67.168900 3.597473 -0.542100 -0.215200 -0.812300
-5.757202 -65.581398 3.680603 0.119300 0.579900 -0.805900
-4.866791 -68.382103 3.356903 -0.240000 -0.396000 -0.886400
-4.227386 -68.744698 3.681091 0.380400 -0.859900 -0.340400
-4.812897 -68.736000 3.720581 -0.285100 -0.906800 -0.310400
-3.826202 -68.268700 3.699585 0.879700 -0.389500 -0.272900
-3.596283 -66.729599 3.829895 0.888500 0.397800 -0.228900
-5.760895 -65.323601 4.105988 0.229400 0.951400 -0.205600
-6.977509 -67.329903 3.996674 -0.847500 -0.471500 -0.243500
-7.010498 -66.630501 4.065002 -0.974900 0.143700 -0.170300
-6.747589 -65.790901 4.126984 -0.834600 0.528200 -0.156500
-6.273987 -65.352104 4.137177 -0.377900 0.904200 -0.199000
-4.303284 -68.611198 7.890198 0.444700 -0.891100 0.090800
-3.764008 -66.894302 8.042175 0.930000 0.358800 0.079700
-6.820282 -67.302803 7.688782 -0.922500 -0.370800 0.107100
-6.214783 -65.620399 7.837982 -0.323600 0.931600 0.165800
-3.211578 -69.262100 3.233002 -0.370400 -0.287100 -0.883400
-3.435883 -68.755104 3.277374 -0.519800 -0.021000 -0.854000
-3.435883 -68.030701 3.341187 -0.523500 0.178900 -0.833000
-3.211578 -67.523598 3.386200 -0.318000 0.537000 -0.781400
-2.688385 -69.479500 3.214691 -0.057100 -0.423300 -0.904200
-0.894501 -67.306602 3.408875 0.075600 0.590000 -0.803800
-0.445984 -67.524002 3.390381 0.358300 0.450000 -0.818000
-0.371307 -69.262497 3.237396 0.318500 -0.378300 -0.869100
-0.147003 -68.031097 3.346191 0.527200 0.204600 -0.824700
-0.147003 -68.755501 3.282379 0.524000 -0.027000 -0.851300
-3.153198 -69.439903 8.020081 -0.679500 -0.720900 0.136000
-3.153198 -67.588104 8.183197 -0.669300 0.726200 0.157100
-0.314606 -69.217804 8.043976 0.754900 -0.645600 0.115500
-0.372192 -67.724403 8.175476 0.699900 0.698100 0.151200
-3.412506 -69.522301 3.609283 -0.693600 -0.655300 -0.299100
-2.815491 -69.793701 3.586273 -0.157100 -0.937400 -0.310700
-3.668304 -68.889198 3.664673 -0.958500 -0.168000 -0.230300
-3.668304 -67.984901 3.744385 -0.957300 0.199400 -0.209200
-3.412506 -67.351898 3.800476 -0.592500 0.777600 -0.210400
-0.768707 -67.080902 3.828491 0.196100 0.960300 -0.198200
-0.171692 -69.522804 3.614288 0.579800 -0.761100 -0.290700
0.084106 -68.889801 3.670502 0.955800 -0.171800 -0.238500
0.084106 -67.985397 3.750183 0.947000 0.245800 -0.206900
-0.256989 -67.352303 3.805389 0.676300 0.704700 -0.214400
-9.976898 -61.957703 3.878387 -0.326600 -0.490200 -0.808100
-8.743896 -61.255699 4.001190 0.657400 0.024400 -0.753100
-9.019989 -61.702698 3.949585 0.395600 -0.410700 -0.821500
-11.034882 -58.889801 4.078583 -0.642200 0.202500 -0.739300
-9.773987 -58.268501 4.196075 0.495700 0.503200 -0.707800
-10.244995 -58.150299 4.181396 -0.161600 0.674600 -0.720300
-10.009094 -62.175697 8.135498 -0.385700 -0.918500 0.086800
-8.693909 -61.422600 8.203888 0.944700 -0.321000 0.066800
-9.430298 -58.726097 8.440277 0.895500 0.444700 0.019500
-11.113190 -58.985504 8.414795 -0.916100 0.396900 0.056300
-9.768982 -58.316498 8.475891 0.201800 0.974700 0.096200
-10.059479 -62.317497 4.436493 -0.429000 -0.870200 -0.242500
-8.872192 -61.968201 4.469177 0.585300 -0.777500 -0.230100
-8.518097 -61.434898 4.516693 0.972500 -0.140400 -0.186000
-11.268890 -58.823601 4.742401 -0.954500 0.274800 -0.115400
-10.272400 -57.922600 4.823273 -0.277400 0.956700 -0.087800
-9.695587 -58.032997 4.814484 0.630600 0.765100 -0.130600
-9.364685 -63.326904 3.881500 -0.565800 0.102700 -0.818100
-9.180695 -62.806198 3.927673 -0.475600 0.371100 -0.797500
-8.736908 -62.360298 3.967682 -0.281300 0.526000 -0.802600
-8.299683 -62.256699 3.977478 0.247600 0.586300 -0.771300
-9.202301 -63.947304 3.827179 -0.476800 -0.131400 -0.869100
-6.857697 -64.277802 3.801697 0.538300 0.266400 -0.799600
-8.189087 -65.615601 3.681702 -0.358200 -0.274200 -0.892400
-7.760498 -65.974304 3.718384 -0.083400 -0.467300 -0.880100
-6.879395 -65.424797 3.768188 0.508700 -0.193200 -0.839000
-7.323181 -65.870697 3.728180 0.272500 -0.372900 -0.887000
-9.443085 -63.413300 8.027374 -0.984000 0.130200 0.122000
-8.308594 -62.273399 8.129578 0.121500 0.980000 0.157800
-7.771698 -66.165199 7.787598 -0.102400 -0.984300 0.143900
-6.681305 -64.952904 7.896088 0.990000 -0.068800 0.122800
-9.616486 -63.320297 4.348877 -0.976100 0.086200 -0.199700
-9.445282 -64.036598 4.218475 -0.900800 -0.356200 -0.248300
-9.373108 -62.692703 4.404602 -0.816900 0.553600 -0.162000
-8.819000 -62.129997 4.387390 -0.496600 0.843200 -0.206000
-8.286682 -61.978302 4.401581 0.298200 0.930300 -0.213500
-8.289307 -65.940102 4.052582 -0.706000 -0.640500 -0.302000
-6.627289 -64.275902 4.269287 0.903900 0.392600 -0.169900
-7.785980 -66.334198 4.086182 -0.166900 -0.931800 -0.322300
-7.253601 -66.182503 4.100403 0.493700 -0.820700 -0.287500
-6.699585 -65.625801 4.150299 0.836000 -0.496200 -0.234400
-6.504486 -64.918800 4.212891 0.963300 -0.025600 -0.267200
10.001099 -61.960503 3.909180 0.329000 -0.490300 -0.807100
9.044006 -61.705101 3.977386 -0.393100 -0.410600 -0.822700
8.767914 -61.258102 4.028198 -0.655100 0.024600 -0.755200
9.798218 -58.271202 4.226288 -0.493400 0.503300 -0.709400
11.059296 -58.892799 4.112579 0.644600 0.202300 -0.737300
10.269318 -58.153198 4.212982 0.164000 0.674600 -0.719800
10.017212 -62.161400 8.167877 0.385500 -0.918100 0.092300
8.702118 -61.407997 8.232178 -0.949100 -0.303000 0.086500
11.121399 -58.971603 8.450592 0.915300 0.398500 0.058000
9.777100 -58.302200 8.507477 -0.370200 0.924300 0.093000
10.081818 -62.320297 4.467499 0.429300 -0.870900 -0.239100
8.894409 -61.970604 4.496490 -0.584700 -0.777900 -0.230400
8.540314 -61.437202 4.542999 -0.971800 -0.140800 -0.189000
11.291107 -58.826698 4.777191 0.955200 0.273700 -0.112700
10.294708 -57.925400 4.854980 0.278100 0.956400 -0.089000
9.717804 -58.035599 4.844391 -0.632300 0.764100 -0.127900
9.388519 -63.329399 3.910400 0.568400 0.102600 -0.816300
8.323395 -62.259003 4.003082 -0.245000 0.586400 -0.772100
8.760712 -62.362701 3.994598 0.284000 0.526000 -0.801700
9.204498 -62.808701 3.955994 0.478200 0.371000 -0.796000
9.226105 -63.949799 3.855499 0.479500 -0.131600 -0.867600
8.212799 -65.617798 3.707001 0.361000 -0.274400 -0.891300
6.881500 -64.279701 3.822784 -0.535700 0.266500 -0.801300
7.784119 -65.976501 3.742401 0.086100 -0.467400 -0.879900
7.346710 -65.872803 3.750793 -0.269800 -0.372800 -0.887800
6.903015 -65.426704 3.789398 -0.506100 -0.193000 -0.840600
9.470612 -63.413902 8.056702 0.984100 0.130400 0.120600
8.336121 -62.273697 8.155396 -0.098200 0.986600 0.130500
6.830902 -64.375801 7.967896 -0.911900 0.406800 0.054300
7.799194 -66.165298 7.811676 0.104300 -0.984000 0.144300
6.708801 -64.952698 7.916901 -0.971400 -0.222200 0.084000
9.467804 -64.039200 4.247589 0.901100 -0.356200 -0.247200
9.638702 -63.322899 4.378601 0.976200 0.086200 -0.198800
9.395416 -62.695198 4.433502 0.817100 0.553400 -0.161400
8.841492 -62.132500 4.414581 0.497100 0.843000 -0.205800
8.309113 -61.980598 4.427094 -0.298200 0.930200 -0.214000
8.311707 -65.942398 4.078094 0.706400 -0.640600 -0.301200
6.649506 -64.277802 4.289795 -0.903400 0.390900 -0.176500
7.808197 -66.336304 4.110199 0.166800 -0.931900 -0.321900
7.275909 -66.184402 4.122803 -0.493500 -0.820800 -0.287700
6.721893 -65.627602 4.170990 -0.835800 -0.496100 -0.235200
6.526703 -64.920601 4.233002 -0.963300 -0.025100 -0.267400
3.235809 -69.263000 3.242981 0.373100 -0.287200 -0.882200
3.235809 -67.524498 3.396088 0.320600 0.536900 -0.780300
3.460114 -68.031601 3.351776 0.526200 0.178800 -0.831400
3.460114 -68.756004 3.287994 0.522500 -0.021100 -0.852400
2.712616 -69.480301 3.222992 0.059800 -0.423300 -0.904000
0.918701 -67.306900 3.411682 -0.072900 0.590100 -0.804100
0.395508 -69.262604 3.238586 -0.315900 -0.378200 -0.870100
0.470215 -67.524101 3.391876 -0.355600 0.450000 -0.819100
0.171204 -68.755501 3.282898 -0.521400 -0.026900 -0.852900
0.171204 -68.031204 3.346680 -0.524600 0.204800 -0.826400
3.176514 -69.453903 8.028687 0.678500 -0.722200 0.134200
3.176514 -67.602104 8.191803 0.689400 0.711100 0.138100
0.814819 -67.548500 8.192902 -0.234200 0.966500 0.105300
0.411499 -69.228500 8.044281 -0.749800 -0.649600 0.125400
0.469116 -67.735100 8.175873 -0.831800 0.542600 0.117100
2.838409 -69.794502 3.595093 0.157200 -0.937200 -0.311400
3.435394 -69.523300 3.619873 0.694000 -0.655000 -0.299000
3.691193 -68.890198 3.675995 0.958800 -0.167900 -0.229000
3.691193 -67.985901 3.755676 0.957700 0.199400 -0.207500
3.435394 -67.352798 3.811096 0.592700 0.778000 -0.208400
0.791595 -67.081200 3.830902 -0.197100 0.959900 -0.199300
0.194611 -69.522804 3.614899 -0.582200 -0.760300 -0.288200
-0.061188 -68.889702 3.670288 -0.957200 -0.172400 -0.232400
-0.061188 -67.985397 3.749878 -0.948400 0.245700 -0.200300
0.279907 -67.352402 3.806183 -0.677900 0.704800 -0.209100
4.383698 -68.410004 3.334381 -0.148200 -0.391700 -0.908100
4.046112 -68.037003 3.346191 -0.464300 -0.124200 -0.876900
3.878296 -66.795799 3.451996 -0.482700 0.324900 -0.813300
4.890808 -68.383499 3.371979 0.242600 -0.396000 -0.885600
5.781006 -65.583000 3.698395 -0.116700 0.579900 -0.806300
6.224609 -65.589104 3.728577 0.245700 0.562100 -0.789800
6.793518 -67.170700 3.618378 0.544600 -0.215400 -0.810500
6.625702 -65.929504 3.724091 0.525400 0.361700 -0.770200
6.836304 -66.602104 3.675079 0.599900 0.139800 -0.787800
4.316711 -68.612297 7.903473 -0.444800 -0.891100 0.089800
3.777405 -66.895401 8.053894 -0.930100 0.359100 0.077600
6.833710 -67.304604 7.709900 0.922200 -0.370900 0.109300
6.228119 -65.622101 7.857178 0.323600 0.931400 0.166600
4.250305 -68.745903 3.694092 -0.379700 -0.859800 -0.341500
4.835602 -68.737297 3.735474 0.285800 -0.906900 -0.309600
3.849213 -68.269699 3.711395 -0.879000 -0.389300 -0.275300
3.619293 -66.730598 3.840973 -0.887800 0.398000 -0.231300
5.783417 -65.325203 4.123688 -0.228600 0.951400 -0.206200
6.999695 -67.331902 4.018188 0.848100 -0.471800 -0.241100
7.032715 -66.632401 4.086700 0.975400 0.143500 -0.167600
6.769806 -65.792801 4.147797 0.835200 0.528000 -0.154100
6.296417 -65.353798 4.156586 0.378700 0.904100 -0.197900
-9.249207 -63.888901 0.906982 -0.209100 -0.616800 0.758800
-8.871887 -63.860001 0.911987 0.209500 -0.613600 0.761300
-8.461578 -63.545998 0.961273 0.429300 -0.462200 0.775900
-8.264496 -63.135201 1.025085 0.584000 -0.125900 0.801900
-9.582397 -63.537498 0.960785 -0.471400 -0.392300 0.789800
-9.072296 -61.067802 1.343903 0.465100 0.140700 0.874000
-9.375488 -60.780098 1.387878 0.222900 0.318100 0.921500
-10.390198 -61.470100 1.279602 -0.578300 -0.134400 0.804700
-9.782806 -60.745300 1.392700 -0.165400 0.355500 0.919900
-10.193085 -61.059303 1.343384 -0.415700 0.187700 0.889900
-9.257507 -62.828400 -2.731812 -0.253200 -0.868300 -0.426500
-8.198792 -62.018097 -2.604706 0.979100 -0.140200 -0.147500
-10.457397 -60.284798 -2.340027 -0.947400 0.320100 -0.008900
-9.367096 -59.541397 -2.223206 0.249400 0.953700 0.168100
-9.295685 -64.088203 0.533203 -0.307300 -0.950400 0.047400
-9.689178 -63.697403 0.592987 -0.813200 -0.572600 0.104300
-8.834381 -64.031601 0.542603 0.371200 -0.928200 0.024500
-8.322205 -63.639603 0.604095 0.746000 -0.662400 0.068600
-8.066406 -63.147301 0.680695 0.970400 -0.123500 0.207700
-8.974792 -60.778297 1.045898 0.785600 0.495600 0.370500
-10.597595 -61.328400 0.958191 -0.968600 0.011100 0.248300
-10.341797 -60.836098 1.034790 -0.731700 0.563800 0.383100
-9.829590 -60.444000 1.096283 -0.305200 0.834300 0.459200
-9.333984 -60.460098 1.094574 0.348800 0.804000 0.481500
-8.689178 -64.495201 0.604401 -0.544600 -0.165100 0.822300
-7.867401 -63.448204 0.767700 0.165200 0.397600 0.902600
-8.232208 -63.594200 0.744476 -0.327500 0.268800 0.905800
-8.574585 -64.030403 0.676483 -0.479200 0.096900 0.872300
-8.499908 -64.997902 0.526794 -0.454700 -0.415100 0.788000
-6.471680 -64.964401 0.535187 0.459200 0.142600 0.876800
-7.104279 -66.514099 0.294403 -0.163600 -0.668000 0.725900
-6.324188 -65.414001 0.465790 0.538800 -0.084400 0.838200
-6.739502 -66.368103 0.317474 0.337400 -0.545800 0.767000
-6.397095 -65.931900 0.385590 0.513100 -0.341200 0.787600
-8.773804 -63.328300 -3.051422 -0.993300 0.077500 -0.085500
-7.890198 -62.202698 -2.875824 -0.021500 0.976000 0.216500
-6.420105 -63.793999 -3.119812 0.855500 0.503500 0.121000
-7.107208 -65.451401 -3.377411 0.016800 -0.901900 -0.431600
-6.267395 -64.269897 -3.193207 0.992400 -0.070700 -0.100200
-8.701782 -65.006500 0.178284 -0.839900 -0.531600 0.109600
-8.906708 -64.418800 0.268890 -0.970100 -0.081100 0.228800
-8.750183 -63.855698 0.356293 -0.859800 0.388300 0.331500
-8.322784 -63.311104 0.441284 -0.591700 0.683900 0.426900
-7.880707 -63.111801 0.472778 0.175200 0.853100 0.491400
-6.277283 -64.827599 0.209686 0.841500 0.416000 0.344700
-7.098389 -66.722404 -0.084808 -0.171000 -0.984400 0.040400
-6.656403 -66.523003 -0.053223 0.602900 -0.796200 0.051100
-6.228882 -65.978401 0.031677 0.890500 -0.443600 0.101000
-6.120087 -65.354698 0.128387 0.971000 0.010900 0.238800
-2.908905 -69.225502 -0.706818 -0.411800 -0.472400 0.779300
-2.909088 -67.503700 -0.440308 -0.350700 0.302700 0.886200
-3.100403 -68.005798 -0.518311 -0.541100 -0.040700 0.840000
-3.100281 -68.723297 -0.629425 -0.541600 -0.213300 0.813100
-2.462494 -69.440704 -0.739410 -0.072900 -0.636600 0.767700
-0.932190 -67.288704 -0.403900 0.086100 0.359800 0.929100
-0.485504 -69.225800 -0.703125 0.350300 -0.569400 0.743700
-0.549500 -67.503998 -0.436615 0.385400 0.206300 0.899400
-0.294281 -68.723602 -0.625000 0.540600 -0.218500 0.812500
-0.294281 -68.006203 -0.514008 0.539800 -0.018200 0.841600
-2.975586 -68.093399 -4.668213 -0.732200 -0.601300 -0.320000
-2.975800 -66.242104 -4.381714 -0.705200 0.696400 0.133300
-0.896790 -66.011002 -4.342712 0.198100 0.948900 0.245900
-0.427185 -68.093704 -4.664307 0.741900 -0.593100 -0.312600
-0.494385 -66.242401 -4.377899 0.828800 0.551700 0.093600
-2.569702 -69.640297 -1.153717 -0.183100 -0.982300 0.040300
-3.079102 -69.371498 -1.112915 -0.726800 -0.678700 0.105400
-3.297485 -68.744499 -1.016205 -0.965700 -0.195300 0.171300
-3.297607 -67.848900 -0.877625 -0.961600 0.118300 0.247800
-3.079407 -67.221901 -0.780212 -0.607300 0.669500 0.427700
-0.823700 -66.953499 -0.735107 0.211300 0.848500 0.485200
-0.314087 -69.371902 -1.108612 0.602200 -0.794500 0.078000
-0.095795 -68.744904 -1.011200 0.965400 -0.196000 0.172200
-0.095886 -67.849304 -0.872620 0.955600 0.158400 0.248400
-0.387085 -67.222298 -0.776001 0.711400 0.574200 0.405300
-3.930206 -68.512100 -0.302307 0.304200 -0.544000 0.782000
-3.677704 -68.094902 -0.237305 0.512500 -0.296900 0.805700
-3.555298 -67.402000 -0.129913 0.546500 -0.139900 0.825700
-3.636597 -66.849098 -0.044403 0.466800 0.173700 0.867100
-4.356506 -68.561699 -0.310608 -0.125200 -0.612200 0.780800
-5.324799 -65.940002 0.093597 0.103600 0.341400 0.934200
-5.695282 -66.012199 0.081879 -0.279900 0.267200 0.922100
-6.044708 -67.652702 -0.172516 -0.469800 -0.436800 0.767100
-6.003601 -66.406799 0.020294 -0.505800 0.062500 0.860400
-6.125885 -67.099800 -0.087097 -0.545700 -0.119000 0.829500
-3.884186 -67.444397 -4.305206 0.509000 -0.777600 -0.369300
-3.568481 -65.656303 -4.027924 0.855000 0.516000 0.051800
-6.107697 -66.540604 -4.168823 -0.897600 -0.381600 -0.220700
-5.733490 -64.776299 -3.895111 -0.446600 0.886600 0.120300
-3.818695 -68.718498 -0.681000 0.536000 -0.837800 0.104100
-4.308899 -68.797401 -0.694000 -0.153800 -0.985600 0.070800
-3.521301 -68.190300 -0.598724 0.919600 -0.363600 0.148900
-3.368500 -67.325203 -0.464600 0.976900 -0.065200 0.203700
-3.452087 -66.642204 -0.359100 0.798800 0.472500 0.372300
-5.374298 -65.582703 -0.198120 0.113800 0.860400 0.496800
-6.231079 -67.737801 -0.532898 -0.798200 -0.589000 0.126400
-6.314697 -67.054802 -0.427399 -0.976000 -0.008800 0.217500
-6.161896 -66.189697 -0.293213 -0.895800 0.323900 0.304500
-5.801086 -65.687401 -0.214905 -0.524300 0.715200 0.462200
9.237305 -63.891403 0.935394 0.206500 -0.616900 0.759500
8.252502 -63.137497 1.050598 -0.586600 -0.125800 0.800100
8.449707 -63.548302 0.987274 -0.431900 -0.462100 0.774600
8.860107 -63.862404 0.939301 -0.212000 -0.613600 0.760600
9.570618 -63.540100 0.990295 0.468800 -0.392400 0.791300
9.059814 -61.070297 1.371796 -0.467800 0.140900 0.872600
10.377899 -61.472900 1.311493 0.575700 -0.134600 0.806500
9.363007 -60.782700 1.416779 -0.225700 0.318100 0.920800
10.180695 -61.062103 1.374786 0.412900 0.187600 0.891200
9.770294 -60.748001 1.422791 0.162700 0.355400 0.920400
9.259216 -62.848297 -2.705902 0.254200 -0.870500 -0.421500
8.200317 -62.037704 -2.582123 -0.976300 -0.167600 -0.137300
9.046417 -59.861603 -2.244019 -0.820500 0.555400 0.135200
10.458618 -60.305000 -2.310425 0.948000 0.318100 -0.007600
9.368103 -59.561302 -2.197021 -0.091700 0.972200 0.215500
9.678406 -63.699997 0.622803 0.812500 -0.572700 0.108500
9.285004 -64.090698 0.561676 0.306800 -0.950400 0.050700
8.823700 -64.034004 0.569794 -0.371600 -0.928000 0.025400
8.311401 -63.641899 0.629700 -0.746400 -0.662100 0.067700
8.055511 -63.149498 0.705475 -0.971100 -0.122600 0.204800
8.963409 -60.780701 1.073486 -0.785000 0.495700 0.371600
10.586304 -61.331299 0.990875 0.967700 0.011500 0.251800
10.330505 -60.838898 1.066681 0.730800 0.564300 0.384100
9.818207 -60.446701 1.126587 0.304000 0.835300 0.458200
9.322601 -60.462700 1.123291 -0.350900 0.805500 0.477400
8.677307 -64.497498 0.631073 0.542000 -0.165200 0.824000
8.562592 -64.032799 0.702881 0.476500 0.096800 0.873800
8.220093 -63.596397 0.769775 0.324800 0.268700 0.906800
7.855316 -63.450401 0.791901 -0.167900 0.397700 0.902000
8.488220 -65.000298 0.552979 0.452100 -0.415200 0.789500
6.459991 -64.966202 0.555084 -0.461900 0.142800 0.875400
6.312592 -65.415802 0.485291 -0.541500 -0.084200 0.836500
7.092896 -66.515999 0.316193 0.161200 -0.668100 0.726400
6.385620 -65.933601 0.405273 -0.515600 -0.341100 0.786000
6.728119 -66.370003 0.338287 -0.340000 -0.545700 0.765900
8.757721 -63.330498 -3.024323 0.993200 0.078100 -0.086900
7.873901 -62.204597 -2.851501 -0.004800 0.981900 0.189600
7.091492 -65.453102 -3.355499 -0.018400 -0.901800 -0.431700
6.251617 -64.271400 -3.173920 -0.991200 0.104200 -0.081200
8.895996 -64.421204 0.296295 0.969900 -0.081000 0.229700
8.691315 -65.008904 0.204987 0.839800 -0.531600 0.110400
8.739410 -63.858101 0.383179 0.859500 0.388500 0.332300
8.311798 -63.313400 0.466888 0.591100 0.684100 0.427400
7.869720 -63.113899 0.497101 -0.175500 0.853100 0.491300
6.266693 -64.829300 0.228973 -0.842000 0.418800 0.340100
7.088196 -66.724304 -0.062927 0.171500 -0.984400 0.040500
6.646210 -66.524803 -0.032806 -0.602900 -0.796200 0.050500
6.218597 -65.980103 0.050873 -0.890600 -0.443700 0.100100
6.109619 -65.356400 0.147186 -0.971100 0.010300 0.238400
2.898193 -69.226303 -0.697815 0.409300 -0.472500 0.780500
3.089508 -68.724098 -0.619812 0.539000 -0.213500 0.814800
3.089417 -68.006699 -0.508820 0.538400 -0.040900 0.841700
2.898010 -67.504501 -0.431427 0.348000 0.302600 0.887300
2.451813 -69.441399 -0.731812 0.070300 -0.636700 0.767900
0.921021 -67.289001 -0.401123 -0.088800 0.359800 0.928800
0.538422 -67.504097 -0.434998 -0.388200 0.206500 0.898200
0.474792 -69.225899 -0.701599 -0.352800 -0.569300 0.742600
0.283295 -68.006302 -0.513123 -0.542400 -0.018100 0.839900
0.283417 -68.723701 -0.624115 -0.543200 -0.218300 0.810700
2.965118 -68.079002 -4.656708 0.732500 -0.599700 -0.322300
2.964905 -66.227798 -4.370209 0.676100 0.728300 0.111700
0.416718 -68.078697 -4.660614 -0.742800 -0.591000 -0.314500
0.483521 -66.227402 -4.374023 -0.664200 0.741100 0.098200
3.069702 -69.372299 -1.103424 0.726700 -0.678900 0.105300
2.560394 -69.640999 -1.145813 0.183100 -0.982300 0.038800
3.287903 -68.745399 -1.006012 0.965400 -0.195500 0.172400
3.287811 -67.849701 -0.867401 0.961200 0.118100 0.249400
3.069519 -67.222801 -0.770721 0.606900 0.668500 0.429900
0.813721 -66.953804 -0.732605 -0.210800 0.850600 0.481800
0.304596 -69.372002 -1.107727 -0.602000 -0.794900 0.075400
0.086304 -68.745003 -1.011017 -0.965700 -0.196200 0.170400
0.086121 -67.849304 -0.872314 -0.956000 0.158100 0.247200
0.377197 -67.222404 -0.774902 -0.712200 0.572600 0.406000
3.919403 -68.513199 -0.290222 -0.306800 -0.543900 0.781000
3.625397 -66.850098 -0.033203 -0.469500 0.173800 0.865700
3.544220 -67.403000 -0.118927 -0.549100 -0.139700 0.824000
3.666809 -68.095901 -0.226013 -0.515100 -0.296800 0.804100
4.345612 -68.562904 -0.297211 0.122600 -0.612200 0.781200
5.313416 -65.941498 0.109985 -0.106400 0.341500 0.933900
6.033691 -67.654305 -0.153900 0.467300 -0.436900 0.768600
5.684021 -66.013802 0.099396 0.277100 0.267100 0.923000
6.114807 -67.101402 -0.068298 0.543100 -0.119100 0.831200
5.992310 -66.408401 0.038788 0.503100 0.062300 0.862000
3.883392 -67.445503 -4.293213 -0.508400 -0.777400 -0.370400
3.567291 -65.657303 -4.016907 -0.855100 0.516000 0.049700
6.106812 -66.542297 -4.149902 0.898000 -0.381800 -0.218600
5.732117 -64.777802 -3.877411 0.446200 0.886700 0.121400
4.299316 -68.798500 -0.680725 0.153400 -0.985600 0.071200
3.809021 -68.719498 -0.669220 -0.536400 -0.837700 0.102600
3.511505 -68.191299 -0.587921 -0.920100 -0.363400 0.146400
3.358612 -67.326103 -0.454315 -0.977500 -0.065000 0.200900
3.441895 -66.643097 -0.348419 -0.799700 0.472700 0.370100
5.364014 -65.584099 -0.181519 -0.115000 0.860400 0.496500
6.221313 -67.739502 -0.513824 0.797700 -0.589200 0.128600
6.304718 -67.056602 -0.407898 0.975400 -0.009000 0.220300
6.151703 -66.191399 -0.274323 0.895000 0.323700 0.307000
5.790802 -65.689003 -0.197113 0.523200 0.715100 0.463700
-15.496002 -64.213402 42.414886 -0.052300 -0.998600 0.000000
-15.441376 -63.171303 46.309082 -0.044400 -0.846300 0.530900
-17.385773 -63.069397 45.787292 -0.309400 -0.832400 0.459800
-18.809174 -62.994904 44.362000 -0.503500 -0.822200 0.265500
-19.330170 -62.967499 42.414886 -0.574500 -0.818500 0.000000
-18.809174 -62.994904 40.467773 -0.503500 -0.822200 -0.265400
-17.385773 -63.069397 39.042480 -0.309400 -0.832400 -0.459800
-15.441376 -63.171402 38.520782 -0.044400 -0.846300 -0.530900
-13.496979 -63.273201 39.042480 0.220700 -0.860200 -0.459800
-12.073608 -63.347801 40.467773 0.414800 -0.870300 -0.265400
-11.552582 -63.375198 42.414886 0.485800 -0.874100 0.000000
-12.073608 -63.347801 44.362000 0.414800 -0.870300 0.265500
-13.496979 -63.273201 45.787292 0.220700 -0.860200 0.459800
-15.292206 -60.324501 49.159790 -0.025200 -0.481700 0.876000
-18.660004 -60.148003 48.256073 -0.462600 -0.458800 0.758600
-21.125397 -60.018799 45.787292 -0.782800 -0.442000 0.438000
-22.027802 -59.971504 42.414886 -0.900000 -0.435800 0.000000
-21.125397 -60.018799 39.042480 -0.782800 -0.442000 -0.438000
-18.660004 -60.148003 36.573700 -0.462600 -0.458800 -0.758600
-15.292206 -60.324501 35.670074 -0.025200 -0.481700 -0.876000
-11.924408 -60.500999 36.573700 0.412100 -0.504600 -0.758600
-9.458984 -60.630302 39.042480 0.732300 -0.521400 -0.438000
-8.556580 -60.677498 42.414886 0.849500 -0.527500 0.000000
-9.458984 -60.630203 45.787292 0.732300 -0.521400 0.438000
-11.924408 -60.500999 48.256073 0.412100 -0.504600 0.758600
-15.088409 -56.435699 50.203186 -0.013500 -0.258500 0.965900
-18.977203 -56.231903 49.159790 -0.495800 -0.233200 0.836500
-21.824005 -56.082703 46.309082 -0.848900 -0.214700 0.483000
-22.865997 -56.028099 42.414886 -0.978100 -0.207900 0.000000
-21.824005 -56.082703 38.520782 -0.848900 -0.214700 -0.483000
-18.977203 -56.231903 35.670074 -0.495800 -0.233200 -0.836500
-15.088409 -56.435699 34.626587 -0.013500 -0.258500 -0.965900
-11.199585 -56.639503 35.670074 0.468800 -0.283700 -0.836500
-8.352783 -56.788704 38.520782 0.821800 -0.302200 -0.483000
-7.310791 -56.843300 42.414886 0.951100 -0.309000 0.000000
-8.352783 -56.788704 46.309082 0.821800 -0.302200 0.483000
-11.199585 -56.639503 49.159790 0.468800 -0.283700 0.836500
15.565399 -64.205101 42.414886 0.069800 -0.997600 0.000000
15.492615 -63.164200 46.309082 0.059100 -0.845400 0.530900
13.550293 -63.300003 45.787292 -0.205700 -0.863900 0.459800
12.128418 -63.399399 44.362000 -0.399500 -0.877400 0.265400
11.608002 -63.435799 42.414886 -0.470500 -0.882400 -0.000000
12.128418 -63.399399 40.467773 -0.399500 -0.877400 -0.265400
13.550293 -63.300003 39.042480 -0.205700 -0.863900 -0.459800
15.492615 -63.164200 38.520782 0.059100 -0.845400 -0.530900
17.434998 -63.028297 39.042480 0.323900 -0.826900 -0.459800
18.856812 -62.928902 40.467773 0.517800 -0.813300 -0.265400
19.377319 -62.892502 42.414886 0.588700 -0.808300 0.000000
18.856812 -62.928902 44.362000 0.517800 -0.813300 0.265500
17.434998 -63.028297 45.787292 0.323900 -0.826900 0.459800
15.293793 -60.320404 49.159790 0.033600 -0.481200 0.876000
11.929596 -60.555603 48.256073 -0.403300 -0.511700 0.758600
9.466797 -60.727898 45.787292 -0.723100 -0.534100 0.438000
8.565308 -60.790901 42.414886 -0.840200 -0.542300 0.000000
9.466797 -60.727898 39.042480 -0.723100 -0.534100 -0.438000
11.929596 -60.555603 36.573700 -0.403300 -0.511700 -0.758600
15.293793 -60.320404 35.670074 0.033600 -0.481200 -0.876000
18.658020 -60.085098 36.573700 0.470600 -0.450600 -0.758600
21.120819 -59.912903 39.042480 0.790400 -0.428200 -0.438000
22.022217 -59.849899 42.414886 0.907500 -0.420100 0.000000
21.120819 -59.912903 45.787292 0.790400 -0.428200 0.438000
18.658020 -60.085098 48.256073 0.470600 -0.450600 0.758600
15.022095 -56.435699 50.203186 0.018100 -0.258200 0.965900
11.137512 -56.707397 49.159790 -0.463700 -0.291900 0.836500
8.293701 -56.906204 46.309082 -0.816400 -0.316500 0.483000
7.252808 -56.979004 42.414886 -0.945500 -0.325600 0.000000
8.293701 -56.906204 38.520782 -0.816400 -0.316500 -0.483000
11.137512 -56.707397 35.670074 -0.463700 -0.291900 -0.836500
15.022095 -56.435699 34.626587 0.018100 -0.258200 -0.965900
18.906799 -56.164101 35.670074 0.499800 -0.224500 -0.836500
21.750610 -55.965202 38.520782 0.852500 -0.199800 -0.483000
22.791504 -55.892403 42.414886 0.981600 -0.190800 0.000000
21.750610 -55.965202 46.309082 0.852500 -0.199800 0.483000
18.906799 -56.164101 49.159790 0.499800 -0.224500 0.836500
