0.000000 41.299599 42.845886 0.000000 0.984700 -0.174100
-19.343506 -23.090200 -53.307312 0.107100 -0.884200 0.454600
0.000000 -72.449799 61.125992 0.000000 -0.999500 0.031500
0.000000 35.516701 -22.433624 -0.000000 0.819400 0.573200
-0.010010 -59.415901 -26.817322 -0.000200 -0.104000 -0.994600
0.020691 -71.498398 13.891876 -0.002000 -0.943700 0.330800
0.033081 -72.666901 11.358795 0.000100 -0.878000 0.478600
0.032898 -73.585701 9.911896 -0.001200 -0.937300 0.348400
0.000000 -71.126701 45.551880 -0.000000 -0.979600 -0.201000
-0.007111 -69.143204 -16.418121 0.000000 -0.987000 -0.160500
0.000000 26.314299 10.397186 0.000000 0.907900 -0.419300
0.000000 39.224602 71.007584 0.000000 0.912500 0.409100
-0.008789 -66.434799 -22.903717 -0.000100 -0.735600 -0.677400
0.000000 -68.974304 84.719681 -0.000000 -0.610200 0.792200
0.007294 -70.784698 15.730988 -0.001600 -0.999900 0.014300
0.005798 -70.882599 16.222290 0.003300 -0.986100 -0.166100
0.000000 -48.962700 95.338486 -0.000000 -0.283700 0.958900
0.000000 -80.045403 18.595276 0.000000 -0.576200 -0.817300
-0.009796 -50.754601 -23.974518 -0.000200 0.216000 -0.976400
-0.009918 -38.672501 -22.728424 -0.000300 -0.215800 -0.976400
-0.003906 -34.953003 -34.903625 0.000000 -0.975500 -0.220000
-2.046692 -71.662300 22.779388 -0.256500 -0.228700 -0.939100
-0.006592 -33.900002 -25.892303 -0.000200 -0.909800 -0.415100
0.023682 -72.054703 6.013397 0.001300 -0.621100 -0.783800
0.000000 -73.582603 40.871002 0.000000 -0.781500 0.623900
-0.268311 -71.370697 1.051392 -0.037500 -0.775300 0.630400
-43.043304 -26.002401 22.887787 -0.975500 -0.192800 -0.105600
0.032104 -73.779800 9.063873 0.000900 -0.993100 -0.117300
-0.549591 -71.088402 -2.094604 -0.115500 -0.937300 -0.328900
0.000000 -75.155502 37.317200 0.000000 -0.955900 0.293600
0.000000 -77.643402 27.836487 0.000000 -0.871200 0.490900
0.000000 -75.902298 33.103973 -0.000000 -0.968100 0.250700
0.000000 -71.429901 43.364380 -0.000000 -0.988500 0.151200
0.000183 -75.810402 18.018097 0.000000 -0.187900 -0.982200
0.000000 -72.117104 64.960892 -0.000000 -0.998000 0.063300
0.019287 -70.514999 5.338776 -0.002000 0.067300 -0.997700
0.000000 -76.076004 77.315094 -0.000000 -0.936400 0.351100
0.000000 -81.753899 22.887390 0.000000 -0.987000 0.160600
0.000000 -71.717499 42.264801 -0.000000 -0.823900 0.566700
0.000000 -71.770302 47.549194 0.000000 -0.947700 -0.319200
0.000000 -72.400398 50.910690 -0.000000 -0.999900 0.016300
-0.005615 -69.272598 -10.292511 -0.006500 -0.988800 -0.149200
0.005707 -71.790901 16.949493 0.004400 -0.460700 -0.887500
0.000000 19.260798 91.747482 0.000000 0.531000 0.847400
-0.404694 -71.969803 -0.334625 -0.088800 -0.995900 -0.015300
0.000000 29.561598 -13.073608 -0.000000 0.935000 0.354700
0.028381 -73.162804 7.464081 0.001300 -0.874900 -0.484300
0.000000 81.753799 -88.577301 -0.000000 0.997500 0.070300
-0.006500 -69.059799 -13.747009 0.000100 -0.999500 0.032500
0.000000 -42.062500 -88.577301 0.000000 -0.992100 0.125400
0.000000 -76.785301 73.446594 -0.000000 -0.895800 -0.444500
0.000000 -72.378403 56.378189 0.000000 -1.000000 -0.005200
0.000000 -74.278603 39.359100 -0.000000 -0.912500 0.409100
0.000000 -8.269900 101.383087 0.000000 0.126400 0.992000
0.000000 -27.944500 -53.966705 0.000000 -0.998900 0.046600
0.000000 -76.773399 30.470398 -0.000000 -0.953400 0.301900
0.000000 49.751602 -36.036926 -0.000000 0.635500 0.772100
-30.669403 -48.960300 47.932373 -0.910400 -0.403000 0.093300
-28.592499 -54.772301 53.310791 -0.920100 -0.290400 0.262800
-23.632996 -61.229401 56.605591 -0.693700 -0.475400 0.541000
-19.198395 -65.271904 58.182495 -0.645200 -0.707500 0.288300
-13.728607 -68.872398 58.354095 -0.487300 -0.863600 0.129400
-8.867401 -71.168503 57.461884 -0.247400 -0.958100 0.144300
-4.012909 -72.000198 56.564789 -0.048700 -0.989500 0.135900
-21.982117 -62.543900 33.939087 -0.449300 -0.848800 0.278600
-25.478607 -59.206902 36.517700 -0.562400 -0.769400 0.302900
-27.359711 -56.761497 38.372894 -0.683100 -0.678100 0.271200
-16.580017 -65.453697 33.141296 -0.384900 -0.874200 0.295900
-2.830109 -69.432304 -13.890106 -0.044500 -0.979900 0.194500
-7.497589 -68.234901 -14.699310 -0.488500 -0.828600 0.273400
-12.548309 -63.450302 -14.319000 -0.664800 -0.733400 0.141700
-17.081390 -61.124100 -6.848297 -0.403200 -0.915000 -0.011300
-20.198792 -60.334602 -0.980621 -0.657200 -0.733000 -0.175400
-20.410492 -60.830704 7.395386 -0.578100 -0.815900 0.006000
-18.338318 -61.859901 12.734100 -0.506800 -0.852800 -0.126000
-15.441498 -65.192200 18.561676 -0.291400 -0.901800 -0.319200
-11.209106 -68.436401 24.238983 -0.169700 -0.896700 -0.408800
-8.164703 -71.379204 27.020386 -0.418300 -0.903100 -0.097000
-28.188904 -52.911003 64.020981 -0.819500 -0.548700 -0.165100
-23.405914 -60.930099 72.669189 -0.725500 -0.688200 -0.000200
-15.590210 -66.900497 74.493393 -0.619500 -0.728400 -0.292600
-9.166107 -72.628799 73.630081 -0.477900 -0.692300 -0.540700
-3.950714 -75.127899 74.662384 -0.402100 -0.915100 0.029300
-11.879791 -67.429001 33.712280 -0.368700 -0.804200 0.466200
-7.996490 -67.794899 35.946381 -0.571300 -0.651000 0.499800
-4.920593 -69.736504 37.983093 -0.755400 -0.578300 0.308000
-2.373016 -73.355400 39.022186 -0.658600 -0.690900 0.298100
-24.936707 -61.649498 42.555603 -0.782200 -0.613800 -0.106500
-20.470306 -64.929100 44.850098 -0.519800 -0.853000 0.047100
-101.903992 46.632500 -88.577301 -0.655100 0.734500 0.176800
-117.950317 24.690798 -88.577301 -0.966000 0.086100 0.243800
-70.676819 -26.681601 -88.577301 -0.536400 -0.843200 0.036300
-36.106293 -44.222401 -88.577301 -0.365200 -0.915500 0.168800
-11.232300 -41.717800 -88.577301 0.401300 -0.913200 0.070700
-7.294708 -41.315399 -88.577301 0.004500 -0.993500 0.114100
-15.293396 -67.577301 45.656403 -0.306200 -0.940300 0.148400
-10.971405 -68.579399 44.648773 0.242800 -0.965700 0.092100
-8.423706 -66.428497 42.718475 0.616100 -0.752900 -0.231400
-4.345490 -68.656601 84.964783 -0.069200 -0.613100 0.787000
-5.510101 -50.566101 95.145081 -0.031200 -0.326300 0.944700
-8.912994 -10.308301 100.656891 -0.159300 0.078300 0.984100
-10.254211 -51.179100 94.281281 -0.311600 -0.315400 0.896300
-17.826019 -12.346701 98.660385 -0.239800 0.046200 0.969700
-34.673889 42.960304 -36.720520 -0.158800 0.488900 0.857800
-20.029510 -48.877998 -88.577301 0.170100 -0.971200 0.166700
-43.369202 -23.145000 25.201202 -0.986900 -0.108400 -0.119600
-2.916199 -27.820000 -53.966705 -0.109600 -0.991500 0.070200
-6.685089 -27.164600 -53.966705 -0.430900 -0.894400 0.120100
-9.323700 -25.100300 -54.080322 -0.569300 -0.794900 0.209700
-12.496704 -22.759201 -53.786713 -0.261600 -0.891800 0.369100
-36.360901 -29.311800 39.161285 -0.837200 0.176600 -0.517600
-32.802490 -26.296902 32.300079 -0.961300 -0.260300 0.090700
-41.574615 -23.323301 44.877502 -0.713100 -0.238900 -0.659100
-41.766205 -29.066502 42.067780 -0.690000 0.199700 -0.695700
-42.225403 -22.377901 40.336487 -0.767400 -0.639300 0.049100
-41.914612 -24.215101 35.307678 -0.656200 -0.754600 0.004200
-41.166290 -24.223202 40.283386 -0.895600 -0.433000 -0.101900
-36.342316 -14.331001 8.126190 -0.999900 -0.010500 0.003000
-39.572998 -31.749802 37.756195 -0.976200 -0.071100 -0.205100
-42.875702 -17.719200 32.810577 -0.861300 -0.495300 0.113200
-42.663605 -19.989700 30.263977 -0.911800 -0.339500 0.231100
-42.812714 -25.766001 26.957794 -0.751300 -0.557000 0.354100
-36.261597 -27.917601 26.737091 -0.831200 -0.230800 0.505800
-43.467194 -18.766201 46.381287 -0.797300 -0.352100 -0.490200
-43.416992 -15.702001 38.594177 -0.816700 -0.576500 -0.025000
-17.395905 -61.651802 0.159485 -0.402900 -0.907700 -0.117100
-2.614807 -71.884201 6.317993 -0.195900 -0.658300 -0.726800
-2.203491 -71.203003 1.286499 -0.093500 -0.772200 0.628500
-5.035797 -70.828499 0.899902 -0.307800 -0.809500 0.500000
-13.101990 -64.170502 2.043488 0.014000 -0.259300 0.965700
-9.717194 -68.247299 0.389099 -0.561900 -0.707000 0.429400
-5.582306 -70.952400 6.645599 -0.377200 -0.605600 -0.700700
-9.994019 -67.783798 7.021576 -0.450600 -0.553900 -0.700100
-13.537811 -63.803398 5.656799 -0.615500 -0.777700 -0.127600
-9.566101 -68.674500 -0.784515 -0.636800 -0.758100 -0.140600
-5.097717 -71.226700 -0.717621 -0.328600 -0.942200 -0.066000
-2.090210 -71.779999 -0.212799 -0.134100 -0.990900 -0.008100
-2.899719 -72.943199 7.899078 -0.242200 -0.871200 -0.426900
-6.076813 -71.690399 8.065887 -0.479500 -0.792200 -0.377500
-9.928314 -68.438400 8.022888 -0.637100 -0.724600 -0.263000
-5.302399 -69.741203 15.050293 -0.482300 -0.849400 0.214400
-1.709717 -71.715599 14.174377 0.012000 -0.917000 0.398800
-3.282104 -71.183601 14.030273 -0.451800 -0.819000 0.353600
-0.824890 -71.501503 13.885284 0.138400 -0.933700 0.330200
-1.959900 -70.388100 17.134277 -0.443700 -0.850300 -0.283000
-0.819916 -70.430801 16.597992 -0.283400 -0.946600 -0.154100
-1.786499 -71.119499 15.707275 -0.138300 -0.899800 0.413800
-0.830109 -71.247604 15.306793 0.091700 -0.944500 0.315500
-0.861816 -72.669800 11.361603 0.227200 -0.833400 0.503700
-1.685394 -73.222603 11.178375 0.021400 -0.890000 0.455400
-38.666107 -29.404202 44.648285 -0.246300 -0.550700 0.797500
-41.451904 -31.037500 47.231476 0.057900 -0.736300 0.674200
-43.616394 -30.733601 45.152588 -0.797000 -0.587300 0.140700
-36.520599 -19.023701 26.414978 -0.642200 0.702800 -0.306100
-38.036591 -22.195002 21.878876 -0.525000 0.565300 -0.636200
-42.783813 -19.910700 22.500793 -0.493300 0.570900 -0.656300
-44.527313 -19.570801 28.729584 -0.987100 -0.119500 0.106100
-38.343811 -31.059200 27.928192 -0.986000 0.113900 -0.122000
-39.098694 9.321499 -28.851807 -0.840100 -0.245400 0.483700
-37.642090 1.080599 -3.392609 -0.976800 0.186100 0.106100
-34.893219 -0.726400 19.487976 -0.975300 0.200700 0.091800
-35.546417 -0.641201 35.465485 -0.976200 0.214200 -0.032800
-7.324615 -69.754898 25.794281 -0.056400 -0.614600 -0.786800
-10.356689 -66.361404 21.755188 -0.148600 -0.906200 -0.395900
-12.967896 -63.118797 -0.516205 -0.622000 -0.740100 -0.255600
-28.264008 -55.102898 43.969482 -0.807800 -0.503400 -0.306700
-25.874817 -60.133598 46.273376 -0.648300 -0.672200 -0.357500
-44.600891 -26.468601 47.194702 -0.949600 -0.233800 0.208600
-44.525818 -21.524302 48.108185 -0.980500 0.027000 0.194500
-46.138214 -15.349300 38.463684 -0.962700 -0.270300 -0.011000
-45.234009 -17.718700 31.691101 -0.941900 -0.335800 -0.006500
-42.287811 -25.909000 19.577087 -0.571900 0.084500 -0.815900
-41.551605 -30.520302 19.523285 -0.507000 -0.578300 -0.639200
-42.276489 -32.072899 41.536987 -0.591200 -0.778800 -0.209600
-41.647919 -26.575300 49.686584 0.081000 -0.291600 0.953100
-42.588409 -19.566601 50.508179 -0.100300 0.253400 0.962200
-44.313110 -12.263101 39.121002 -0.303300 0.952600 0.024700
-43.507111 -15.208200 31.274902 -0.308100 0.864000 -0.398300
-37.882019 -24.782801 20.475800 -0.642300 0.228400 -0.731600
-37.815308 -29.087301 20.010376 -0.620500 -0.100500 -0.777800
-38.347290 -32.380901 41.940399 -0.666900 -0.727200 0.162700
-38.301392 -25.562201 46.392578 -0.336600 -0.111900 0.935000
-38.064697 -20.077101 46.033875 0.627100 0.247600 0.738600
-36.890900 -15.389501 39.835693 -0.989600 0.050400 -0.134400
-37.312317 -32.083401 23.830994 -0.773100 -0.624600 -0.110300
-37.552002 -16.836300 43.496399 -0.993400 0.099400 -0.057700
-37.145111 -20.005800 19.823181 -0.977200 0.212300 -0.001900
-35.635895 -12.138201 16.676788 -0.994300 0.102000 0.032400
-36.802216 -32.975601 58.859589 -0.972500 -0.232500 -0.010600
-37.593719 -30.448601 50.658783 -0.965400 -0.190700 0.177900
-27.429504 -22.133801 -36.207214 -0.324100 -0.945700 -0.025600
-28.712402 -24.156900 -17.999725 -0.471200 -0.865600 -0.169600
-3.395111 -33.449402 -25.705322 -0.250200 -0.874800 -0.414800
-7.983215 -32.066101 -25.082214 -0.520400 -0.699500 -0.489800
-13.698700 -27.735701 -24.017303 -0.698500 -0.557500 -0.448700
-16.738800 -22.024401 -25.789612 -0.426500 -0.857300 -0.288400
-37.717194 -15.608601 53.658493 -0.998100 0.024400 -0.057000
-9.028992 -66.635002 85.699387 -0.403600 -0.550400 0.730900
-13.617889 -53.540802 91.338089 -0.488800 -0.374600 0.787900
-2.871918 -75.062500 78.855789 -0.125800 -0.877300 0.463100
-3.621918 -72.965302 47.420898 0.127000 -0.886400 -0.445200
-7.312805 -72.690903 47.983978 -0.341400 -0.730600 -0.591400
-10.663391 -70.561302 49.496796 -0.521400 -0.563400 -0.640900
-17.724701 -67.783798 50.250580 -0.464500 -0.799000 -0.381900
-24.491699 -63.503700 50.346802 -0.577900 -0.717600 -0.388700
-25.554016 -58.817001 41.316376 -0.675300 -0.561200 -0.478600
-7.686401 -64.671898 41.990784 0.023100 -0.972600 0.231400
-8.852600 -65.949104 41.896301 -0.182400 -0.335800 -0.924100
-11.352997 -68.148300 43.648102 -0.189500 -0.559000 -0.807200
-15.438904 -67.013802 44.550598 -0.213900 -0.365400 -0.905900
-20.067719 -64.598801 43.799683 0.023700 -0.383500 -0.923200
-23.943207 -62.203697 41.750977 -0.069200 -0.515600 -0.854000
-33.850891 -43.823303 46.924988 -0.916800 -0.363900 0.164600
-30.010895 -52.222000 39.412781 -0.801700 -0.568300 0.185200
-33.754089 -48.489403 35.650299 -0.919800 -0.335200 0.203700
-35.014801 -43.561901 29.764191 -0.982400 -0.177200 -0.058200
-29.972992 -24.210800 -0.068207 -0.747700 -0.488900 -0.449400
-31.253693 -32.534500 -0.664398 -0.906200 0.016900 -0.422500
-20.613007 -59.370003 13.310883 -0.806900 -0.584600 -0.084900
-18.425507 -63.093498 18.638977 -0.655000 -0.738700 -0.159000
-21.953918 -57.631302 8.223999 -0.914200 -0.399700 0.067400
-22.284393 -56.600204 -0.950623 -0.917200 -0.379000 -0.122800
-26.190216 -23.421200 -52.828003 -0.370200 -0.890800 0.263700
-13.963989 -61.018204 -5.925018 -0.445200 -0.895200 0.020000
-11.297211 -64.462303 -9.533325 -0.710000 -0.703300 -0.035300
-7.084290 -67.676498 -10.598602 -0.482300 -0.875600 -0.026700
-2.972717 -69.061699 -10.388702 -0.181600 -0.980800 -0.071200
-30.955200 -37.878700 0.393402 -0.929400 -0.159000 -0.333000
-30.231415 -42.436699 1.089386 -0.941700 -0.258900 -0.214900
-2.801392 -34.609501 -34.877716 -0.259100 -0.942000 -0.213300
-3.361115 -38.213303 -22.399597 -0.173600 -0.269900 -0.947100
-3.323700 -50.438801 -23.652405 -0.276100 0.227500 -0.933800
-8.111511 -51.600800 -21.020508 -0.442800 0.301300 -0.844500
-16.107697 -45.884201 -15.534210 -0.512100 0.161700 -0.843500
-24.389618 -35.793800 -9.479919 -0.719500 -0.002800 -0.694400
-35.552490 -29.131201 10.894897 -0.934200 -0.211200 -0.287600
-37.613190 -34.180500 30.278778 -0.939500 -0.320800 -0.119800
-8.740814 -64.703903 42.319580 -0.983600 -0.060100 -0.170100
-8.065094 -66.024498 41.147003 0.024900 -0.941400 0.336300
-9.834106 -66.481003 40.384003 -0.203600 -0.909100 0.363500
-12.550018 -66.321098 39.713593 -0.204700 -0.654600 0.727800
-11.018494 -65.355301 44.809479 -0.496100 0.172400 -0.851000
-16.473297 -64.855598 39.578186 -0.145100 -0.506800 0.849800
-15.476501 -64.358803 46.062500 0.045200 0.230100 -0.972100
-20.541718 -63.400604 40.641083 -0.361200 -0.648900 0.669700
-23.982117 -60.274902 42.402496 0.657300 -0.077300 -0.749700
-26.218506 -59.069801 44.372894 -0.843200 -0.524500 -0.118200
-20.778717 -61.116798 45.130096 0.459900 0.156900 -0.874000
-35.976990 -41.413101 33.971100 -0.961400 -0.274600 -0.018300
-34.891510 -46.164001 27.059998 -0.971100 -0.173400 -0.164100
-31.954315 -50.554199 23.545074 -0.840200 -0.370700 -0.395900
-27.370209 -56.902802 21.815887 -0.685200 -0.611300 -0.396100
-22.341614 -58.790398 19.777283 -0.609200 -0.713300 -0.346600
-26.841705 -43.514198 -5.749817 -0.896100 -0.146100 -0.419200
-30.145813 -43.346401 8.463684 -0.928500 -0.361900 -0.083600
-29.688202 -45.609501 15.677795 -0.887300 -0.401900 -0.226100
-32.671417 -56.176300 30.170685 -0.825500 -0.564300 0.006900
-26.787018 -56.002800 41.051575 -0.813000 -0.581300 -0.032900
-24.128998 -58.628403 38.940277 -0.555700 -0.818200 0.147700
-20.979797 -62.056999 34.897003 -0.468400 -0.811400 0.349500
-16.152802 -64.710098 34.110382 -0.329000 -0.895200 0.300800
-11.569214 -65.600304 34.813202 -0.317100 -0.852300 0.415900
-7.915192 -66.340797 37.175476 -0.559700 -0.615600 0.554800
-5.547119 -67.419800 39.236389 -0.741500 -0.403300 0.536200
-2.410004 -72.592804 40.570801 -0.606100 -0.596300 0.526300
-32.501190 -38.725101 8.899078 -0.916700 -0.349600 -0.193700
-21.776215 -62.580299 72.057785 -0.674600 -0.737600 0.028600
-19.987091 -64.709801 63.415787 -0.719800 -0.694000 0.013600
-19.683197 -68.598999 53.342087 -0.574900 -0.818200 -0.008600
-4.418304 -71.401802 71.937790 -0.339900 -0.939500 0.042000
-9.138794 -72.039001 61.943787 -0.211700 -0.975900 0.053800
-8.555389 -73.956299 51.544785 -0.248200 -0.967800 -0.042900
-7.404510 -71.176201 47.133881 -0.445000 -0.363100 -0.818600
-7.431793 -69.141998 46.607880 -0.457400 -0.439000 -0.773300
-7.716919 -68.144203 45.871399 -0.518500 -0.530300 -0.670800
-5.844604 -69.478897 45.947876 -0.536500 -0.563800 -0.627900
-9.625916 -60.076004 42.932678 -0.807000 -0.184100 -0.561100
-13.115601 -64.623497 17.915100 -0.240700 -0.936500 -0.255000
-2.354919 -74.293999 37.011993 -0.669700 -0.706900 0.227400
-2.523193 -70.693604 41.714874 -0.685000 -0.658700 0.311300
-6.934418 -64.881798 42.749573 -0.314100 -0.948600 -0.038100
-7.994812 -64.882401 44.553284 0.003100 -0.948600 -0.316600
-5.534698 -66.071701 42.149475 -0.603000 -0.722100 -0.339000
-5.428619 -65.508400 40.593903 -0.502800 -0.859900 0.088200
-3.997498 -70.942299 35.722382 -0.763400 -0.618300 0.186800
-22.877716 -52.034103 -4.255615 -0.750500 -0.648100 -0.129000
-23.762604 -51.647499 2.030273 -0.749500 -0.658000 -0.072900
-23.684814 -52.692703 8.154999 -0.720000 -0.679200 -0.142600
-33.918304 -46.762001 40.286102 -0.906100 -0.400900 0.135000
-30.891510 -50.992901 43.987183 -0.889300 -0.453800 0.056400
-29.226105 -52.289101 55.281586 -0.909700 -0.396000 0.124800
-28.126709 -57.210899 34.666290 -0.646400 -0.686700 0.332600
-23.192719 -59.103203 41.385376 -0.516500 -0.731000 -0.446000
-22.962799 -56.158501 42.792175 0.888300 -0.456200 0.053500
-7.503296 -65.682503 38.699280 -0.088400 -0.980700 0.174600
-20.674408 -58.082199 40.572693 0.346900 -0.203300 0.915600
-37.136719 -14.155300 -53.782898 -0.512900 -0.729800 0.452000
-10.530396 -61.167702 40.524780 -0.493600 -0.152300 0.856200
-17.095917 -59.730904 39.821777 0.055400 -0.141400 0.988400
-13.341400 -60.956001 39.849487 -0.145100 -0.140300 0.979400
-21.154419 -63.234001 46.913177 -0.470000 -0.742300 -0.477700
-15.204498 -66.115402 47.774902 -0.309300 -0.819800 -0.482000
-10.589905 -66.985001 46.662384 -0.013600 -0.961200 -0.275600
-20.044189 -56.985603 45.252197 0.269000 -0.179000 -0.946400
-15.907593 -58.817299 45.617798 -0.092900 -0.114000 -0.989100
-11.998016 -59.893799 44.643402 -0.446100 -0.124700 -0.886200
-1.580597 -75.212204 18.951202 -0.495200 0.104700 -0.862500
-1.269806 -72.412598 18.016083 -0.746400 -0.357400 -0.561500
-3.797699 -69.483002 17.806000 -0.325000 -0.844800 -0.425000
-7.216919 -71.021400 17.382782 -0.142700 -0.302100 -0.942500
-5.995392 -71.366104 18.195190 0.577300 -0.239300 -0.780700
-3.940216 -75.313797 19.075775 0.128900 -0.172400 -0.976500
-2.612915 -66.479103 -22.912201 -0.057200 -0.680000 -0.731000
-3.624695 -59.213997 -26.634613 -0.246700 -0.111200 -0.962700
-7.674408 -69.284203 -17.190399 -0.445900 -0.891400 -0.081000
-2.924713 -70.464600 -16.666718 0.077100 -0.993400 -0.085400
-8.717407 -57.388100 -24.417725 -0.436000 0.080600 -0.896300
-7.576508 -65.812004 -22.702606 -0.331000 -0.548200 -0.768000
-16.364899 -54.454201 -19.599304 -0.570000 0.126700 -0.811800
-22.361389 -51.407303 -11.563904 -0.874500 -0.289200 -0.389500
-19.588898 -55.767700 -15.959717 -0.860000 -0.316600 -0.400200
-13.884918 -62.034698 -19.863922 -0.713800 -0.461700 -0.526700
-12.765991 -64.826004 10.464691 -0.642400 -0.765100 0.044200
-6.195496 -69.165703 12.813202 -0.592800 -0.751500 0.289700
-3.612091 -72.192497 11.610596 -0.492500 -0.752300 0.437600
-9.486816 -68.204102 72.746094 -0.343700 -0.912300 0.222600
-15.182007 -66.270103 73.023788 -0.445500 -0.871500 0.204900
-24.919189 -56.994102 63.888382 -0.803600 -0.594600 -0.026500
-32.491302 -42.851200 53.481491 -0.929600 -0.300800 0.213000
-36.139191 -1.521700 49.254974 -0.978400 0.193700 -0.072500
-32.529510 7.488199 25.984894 -0.913900 0.391200 -0.108000
-29.762512 16.940199 -5.885803 -0.708500 0.609600 0.355400
-16.057495 27.962900 -10.351624 -0.529800 0.788000 0.313500
-23.484802 -59.301804 60.485794 -0.815400 -0.564800 0.126700
-14.301910 -69.617401 62.805984 -0.525400 -0.850300 0.030800
-4.164307 -72.052704 61.758789 -0.105700 -0.992900 0.053900
-8.222992 -67.454903 21.906799 -0.982300 -0.119700 -0.143700
-6.037598 -69.033699 25.338196 -0.807500 -0.588800 -0.034800
-4.526398 -73.545403 25.890503 -0.758300 -0.524200 0.387500
-4.838715 -76.591301 22.478577 -0.852800 -0.499400 0.152900
-4.945313 -68.600204 17.859100 -0.555500 -0.636500 -0.535000
-4.771515 -75.932503 19.525787 -0.605900 -0.511400 -0.609400
-5.288116 -72.014999 31.664581 -0.745600 -0.633400 0.207100
-8.435791 -70.095299 17.549988 -0.538300 0.011600 -0.842700
-7.710999 -73.324501 20.073181 -0.726900 -0.652000 -0.215700
-7.182312 -73.299698 23.101776 -0.671800 -0.698600 0.246400
-10.870392 -68.426704 21.750793 -0.891500 0.452100 -0.028400
-8.068390 -71.602303 25.270874 -0.525500 -0.330400 0.784000
-2.146118 -76.841103 27.538177 -0.640800 -0.665600 0.382600
-9.727600 -68.806297 24.069183 -0.606600 0.435400 0.665100
-9.477112 -68.866402 18.938080 -0.675700 0.453300 -0.581400
-29.907806 -54.114998 36.876099 -0.757800 -0.560000 0.334800
-17.056213 -65.086098 31.618378 -0.448700 -0.887900 0.101600
-16.158508 -65.716202 38.484497 -0.335700 -0.932100 0.136100
-13.816895 -68.184898 25.821777 -0.374000 -0.922400 -0.096300
-8.615204 -73.122803 80.381592 -0.344200 -0.841700 0.416000
-27.053192 -53.296402 14.883881 -0.758800 -0.596100 -0.262400
-22.708191 -55.500404 13.816101 -0.714100 -0.651500 -0.256200
-16.946716 -61.772499 11.363983 -0.367600 -0.921900 -0.122500
-8.625000 -38.215801 -21.592224 -0.390300 -0.239300 -0.889000
-12.765900 -24.423000 -35.826813 -0.767800 -0.604500 -0.212300
-6.781006 -32.770302 -34.737823 -0.580400 -0.790400 -0.196300
-15.278717 -34.162701 -18.173798 -0.674800 -0.244500 -0.696300
-1.802002 -70.960098 -2.029022 -0.100400 -0.938200 -0.331100
-16.729797 -59.069504 -14.338409 -0.759500 -0.642300 -0.103300
-12.787292 -64.200699 -16.690918 -0.729600 -0.683000 0.035300
-4.711609 -70.625504 -2.794098 -0.246800 -0.920800 -0.302100
-9.604004 -67.567200 -2.510101 -0.690900 -0.683400 -0.235900
-20.448090 -58.133804 -7.065826 -0.830200 -0.498200 -0.250000
-8.077789 -69.249100 32.691803 -0.465000 -0.860200 0.209400
-9.258789 -60.390602 41.902374 -0.930900 -0.233900 0.280600
-6.116119 -68.768997 44.552399 -0.623300 -0.601100 -0.500100
-11.799713 -67.861000 30.888000 -0.379800 -0.907900 0.177400
-3.130005 -70.528099 43.344177 -0.489200 -0.811000 -0.320800
-2.391296 -70.308998 5.388977 -0.069200 0.060000 -0.995800
-27.456390 -49.712402 1.795197 -0.777200 -0.612700 -0.143100
-9.990814 -66.657898 6.679993 -0.028000 0.031600 -0.999100
-5.283600 -69.529198 5.869385 -0.143100 0.040200 -0.988900
-3.074615 -70.141304 16.317780 -0.412400 -0.847800 0.333400
-2.825714 -80.032204 18.977478 -0.497900 -0.581500 -0.643400
-2.539398 -81.028099 22.906982 -0.560800 -0.803300 0.200600
-10.248505 -70.768402 22.566193 -0.850200 -0.517800 0.094700
-3.321503 -73.502602 9.944397 -0.309800 -0.943100 0.120800
-10.791992 -67.749901 47.687286 -0.183100 -0.652000 -0.735700
-11.889618 -66.823502 38.801483 0.024600 -0.991000 0.131500
-20.527893 -63.334999 39.547699 -0.654800 -0.752900 -0.065800
-21.582794 -56.601303 44.344696 0.602400 -0.239600 -0.761400
-20.775696 -65.268303 47.504700 -0.339500 -0.670600 -0.659500
-15.255310 -68.578804 48.255585 -0.272600 -0.740000 -0.614800
-26.639893 -61.432800 27.796387 -0.603800 -0.792800 -0.083500
-20.504211 -64.940704 26.243286 -0.476300 -0.861300 -0.177200
-33.630310 -46.341202 67.132782 -0.903700 -0.419300 -0.086400
-39.127899 -13.260201 64.751984 -0.998800 0.047500 0.009500
-34.177704 -51.333603 32.927094 -0.929700 -0.307400 0.202700
-23.718506 -61.349998 32.261902 -0.538800 -0.817700 0.202800
-8.461914 -69.340904 29.089478 -0.514100 -0.829300 0.219000
-2.253693 -75.298103 32.894775 -0.584100 -0.783000 0.214000
-3.882019 -73.912102 50.730988 0.158800 -0.987300 0.001500
-4.038818 -71.766304 45.857880 -0.200800 -0.740700 -0.641100
-10.065704 -70.129204 20.952179 -0.847000 -0.433600 -0.307400
-10.440613 -69.533401 48.604797 -0.401400 -0.505800 -0.763600
-26.062103 -50.580399 -4.669708 -0.780300 -0.590100 -0.207200
-10.435303 -68.098701 8.802795 -0.719500 -0.682100 0.130600
-22.216614 -27.515400 -11.714020 -0.668300 -0.525000 -0.527000
-35.831604 -17.522501 -6.513000 -0.914100 -0.397600 -0.079700
-28.945801 -58.263298 49.612976 -0.916700 -0.394600 -0.062100
-15.786804 37.108803 45.754089 -0.493800 0.860600 -0.124900
-27.409515 21.995600 43.011780 -0.854800 0.494000 -0.159200
-36.173004 -36.030300 25.575073 -0.946600 -0.281200 -0.157400
-33.293701 -40.929199 17.528381 -0.885200 -0.394500 -0.246500
-25.922516 -40.365898 -8.118805 -0.790200 0.002700 -0.612900
-27.892212 -50.620201 8.276184 -0.779800 -0.610100 -0.140100
-6.459290 -72.041603 10.173492 -0.536800 -0.796600 0.278000
-12.693390 -72.151497 52.540894 -0.437600 -0.893500 -0.100700
-15.463898 -69.304298 80.485382 -0.579900 -0.762200 0.287800
-26.739014 -14.385000 96.475693 -0.498000 0.051300 0.865600
-17.189606 18.602499 90.712585 -0.317600 0.522700 0.791100
-17.485107 36.955696 69.138382 -0.315000 0.899700 0.302200
-12.853790 27.650000 11.403900 -0.445000 0.852600 -0.274000
-29.420807 31.864599 -27.084412 -0.361900 0.663100 0.655200
-15.482208 -19.471001 -39.860016 -0.287200 -0.957000 -0.041100
-18.244904 -60.840904 7.114594 -0.279100 -0.957300 -0.074800
-23.914612 19.512800 14.135681 -0.722800 0.683100 0.104800
-33.885406 -34.495602 9.609985 -0.942000 -0.207000 -0.264200
-37.141602 -11.456601 -33.482727 -0.876500 -0.469400 0.106800
-37.252319 -22.431900 88.137589 -0.837800 -0.109500 0.534900
-32.409698 23.900198 66.072189 -0.851500 0.510900 0.118200
-26.292908 -64.431297 53.743286 -0.693400 -0.670200 0.264800
-31.456604 11.247599 83.923492 -0.767700 0.344900 0.540100
-43.325195 21.642099 -27.269714 -0.517100 0.126900 0.846400
-25.501892 -57.612701 80.126282 -0.749600 -0.518200 0.411900
-52.005493 11.212297 -35.153107 -0.379400 -0.518400 0.766400
-60.885590 27.561998 -32.092926 -0.383900 0.103500 0.917600
-2.199890 -76.069603 30.216492 -0.610700 -0.762400 0.213900
-5.026917 -72.188499 27.707581 -0.718900 -0.689200 0.090600
-43.990814 -28.385601 46.643982 -0.928500 -0.300000 0.218700
-42.979309 -30.709101 42.110992 -0.868000 0.099600 -0.486500
-42.278900 -23.514601 31.400391 -0.828300 -0.560000 -0.016700
-44.664612 -21.064001 34.498199 -0.960000 -0.217900 -0.175600
-45.551208 -19.431501 39.614075 -0.997200 -0.068500 0.029900
-44.502808 -20.554300 44.757202 -0.992600 -0.088400 0.082800
-38.110504 -31.125101 25.551575 -0.884500 -0.369900 0.284300
-41.679016 -29.675001 23.165802 -0.745700 -0.598600 0.292600
-106.867706 2.607698 -88.577301 -0.785100 -0.594800 0.172700
-47.807098 -1.867201 -48.056519 -0.464000 -0.636500 0.616100
-10.687897 81.577698 -101.383209 -0.071100 0.997500 0.000000
-35.204010 78.477005 -101.383209 -0.283800 0.958900 0.000000
-14.289215 -69.095001 50.113373 -0.332900 -0.849500 -0.409200
-8.988098 -71.626099 48.483490 -0.579100 -0.519100 -0.628700
-5.467407 -72.828102 47.445496 -0.208400 -0.820800 -0.531900
-10.624390 -73.053902 52.042892 -0.443200 -0.891000 -0.098300
-16.000610 -70.375198 52.941483 -0.440000 -0.894300 -0.081200
-22.101501 -66.515099 53.542694 -0.591300 -0.796600 0.125700
0.000000 -31.055201 -71.933807 0.000000 -0.866400 0.499400
0.000000 65.322899 -48.159698 0.000000 0.780000 0.625800
-45.510590 59.510002 -46.202026 -0.266300 0.746400 0.609900
-80.891205 36.087898 -48.537506 -0.610500 0.418600 0.672300
-88.628815 16.078897 -52.093811 -0.644600 -0.147500 0.750100
-82.199219 -1.710501 -58.048523 -0.459000 -0.536900 0.707800
-62.804810 -16.512701 -63.720520 -0.194500 -0.569000 0.799000
-22.835510 -31.099899 -64.607300 -0.284500 -0.695500 0.659800
-16.483002 -33.557701 -64.714325 0.082800 -0.757200 0.647900
-10.130493 -30.951702 -64.821198 0.106800 -0.810100 0.576500
-6.584290 -32.349998 -66.741699 0.104200 -0.856600 0.505300
-4.428009 -32.788002 -68.895599 0.281200 -0.835200 0.472700
-1.853516 -33.286201 -71.427399 0.573400 -0.648500 0.500600
-15.232605 -20.102400 -44.291504 -0.184700 -0.973900 0.132300
-11.045807 -23.802601 -42.419006 -0.718000 -0.686300 -0.116500
-6.734100 -29.009001 -41.820313 -0.554200 -0.787000 -0.271100
-2.859802 -30.256201 -41.890625 -0.197300 -0.914000 -0.354500
-0.002991 -30.490200 -41.903717 -0.000000 -0.926500 -0.376200
0.000000 -39.134800 -77.337311 -0.000000 -0.871600 0.490100
0.000000 79.383400 -71.867126 0.000000 0.938500 0.345300
-57.299805 63.288704 -69.321808 -0.445500 0.833500 0.326900
-92.811493 46.657402 -70.806122 -0.588100 0.666200 0.458500
-107.897217 22.834200 -71.345215 -0.808600 0.059000 0.585300
-98.436493 0.686699 -72.273315 -0.712500 -0.548100 0.438100
-70.676819 -26.681601 -71.867126 -0.441800 -0.791500 0.422200
-32.006195 -39.956802 -73.181824 -0.219000 -0.794000 0.567100
-17.783600 -40.682999 -73.528412 0.117000 -0.834500 0.538400
-9.192291 -38.653503 -74.652313 0.256000 -0.861000 0.439400
-6.011902 -38.443100 -75.663513 0.101500 -0.911300 0.399000
-3.722504 -38.716301 -76.416321 0.034900 -0.903300 0.427500
-1.718292 -39.020302 -77.135620 0.016100 -0.888000 0.459500
-2.084412 -41.950203 -101.383209 -0.087900 -0.996100 0.001200
0.000000 -42.062500 -101.383209 0.000000 -1.000000 -0.000000
0.000000 81.753799 -101.383209 0.000000 1.000000 0.000000
-63.660095 64.742699 -101.383209 -0.431000 0.902300 -0.008200
-101.903992 46.632500 -101.383209 -0.637200 0.770700 0.000000
-117.950317 24.690798 -101.383209 -0.996500 0.083100 0.000000
-106.867706 2.607698 -101.383209 -0.779000 -0.627100 -0.000000
-70.676819 -26.681601 -101.383209 -0.543800 -0.839200 0.000000
-36.106293 -44.222401 -101.383209 -0.366900 -0.930200 0.000000
-20.029510 -48.877998 -101.383209 0.199300 -0.979900 0.000000
-11.232300 -41.717800 -101.383209 0.382500 -0.924000 0.000000
-7.294708 -41.315399 -101.383209 -0.009300 -1.000000 0.000000
-4.510590 -41.652100 -101.383209 -0.121100 -0.992600 -0.000200
-38.025208 -30.691200 20.940674 -0.258900 -0.812900 -0.521700
-29.733093 12.138300 10.320099 -0.842400 0.514500 0.160300
-36.268219 0.152199 8.023987 -0.961100 0.245800 0.126300
-29.748199 13.684000 2.197601 -0.800800 0.584100 0.132800
-11.459717 18.821898 91.057587 -0.093800 0.533300 0.840700
-5.828400 39.358902 70.384491 -0.217200 0.911000 0.350600
-11.656708 36.381996 69.761490 -0.231600 0.898600 0.372600
-5.262299 39.902702 43.815277 -0.256000 0.956400 -0.140800
-10.524506 38.505798 44.784576 -0.283900 0.951400 -0.119700
-4.284607 26.915098 10.732788 0.195300 0.902900 -0.382900
-8.569214 28.848700 11.068298 0.046100 0.945400 -0.322500
-5.352509 30.716799 -12.166321 0.264900 0.918200 0.294600
-10.705017 32.347397 -11.258911 -0.143700 0.944300 0.296000
-5.954712 36.348900 -23.983826 -0.072600 0.805200 0.588500
-19.613892 34.106697 -25.534119 -0.264100 0.769900 0.581000
-9.300018 51.693901 -36.414398 -0.044300 0.619400 0.783800
-23.113617 45.995399 -36.441925 -0.198600 0.531600 0.823400
-11.230408 63.471397 -48.145111 -0.045200 0.772900 0.632900
-30.339508 62.264999 -45.941498 -0.127700 0.710800 0.691700
-10.687897 81.577698 -71.867126 0.036200 0.949800 0.310600
-35.204010 78.477005 -71.867126 -0.321100 0.905500 0.277400
-35.204010 78.477005 -88.577301 -0.304900 0.952100 0.021400
-10.687897 81.577698 -88.577301 -0.051100 0.998400 0.022600
-43.539490 -25.801800 44.950500 -0.738300 0.019100 -0.674200
-45.058319 -17.310001 45.318481 -0.982900 -0.165800 0.080000
-42.635406 -16.038300 48.251892 -0.102600 0.702700 0.704000
-2.287018 -70.170998 1.959198 0.014300 -0.206000 0.978500
-0.196594 -70.329399 1.694794 0.003800 -0.209900 0.977700
-9.705994 -67.317200 1.144775 -0.153300 -0.226600 0.961900
-5.118713 -69.719101 1.798096 -0.145900 -0.203500 0.968100
0.000000 -71.924698 71.691284 -0.000000 -0.999600 0.028600
-14.399109 -47.131104 43.220703 -0.188500 -0.981500 -0.032700
0.000000 -45.307602 7.065887 0.000000 0.068400 -0.997700
-13.291016 -45.283100 7.066498 -0.000700 -0.257000 0.966400
-2.259399 -45.306900 7.066101 -0.000500 0.067600 -0.997700
-9.906403 -45.293503 7.066193 0.000200 -0.258500 0.966000
-5.222900 -45.303902 7.066193 -0.005500 0.057500 -0.998300
-15.254517 -62.489899 3.878876 -0.510700 -0.859300 0.027900
19.343506 -23.090200 -53.307312 -0.107100 -0.884200 0.454600
2.046692 -71.662300 22.779388 0.257300 -0.227400 -0.939200
43.043793 -25.998901 22.868195 0.975500 -0.192700 -0.106100
30.669403 -48.960300 47.932373 0.910400 -0.403000 0.093300
28.592499 -54.772301 53.310791 0.920100 -0.290400 0.262800
23.632996 -61.229401 56.605591 0.693700 -0.475400 0.541000
19.198395 -65.271904 58.182495 0.645200 -0.707500 0.288300
13.728607 -68.872398 58.354095 0.487300 -0.863600 0.129400
8.867401 -71.168503 57.461884 0.247400 -0.958100 0.144300
4.012909 -72.000198 56.564789 0.048700 -0.989500 0.135900
21.982208 -62.543900 33.939178 0.449300 -0.848800 0.278600
25.478607 -59.206902 36.517700 0.562400 -0.769400 0.302900
27.359711 -56.761497 38.372894 0.683100 -0.678100 0.271200
16.579987 -65.453697 33.141296 0.384900 -0.874200 0.295900
2.817108 -69.431999 -13.891510 0.044700 -0.979900 0.194500
7.484100 -68.234200 -14.702820 0.489100 -0.828300 0.273500
12.535095 -63.435303 -14.337799 0.663100 -0.733200 0.150800
17.031281 -61.135300 -6.868500 0.399000 -0.916900 -0.006900
20.067596 -60.328102 -1.209717 0.661100 -0.726900 -0.185700
20.377106 -60.790901 7.124878 0.582100 -0.813100 0.009500
18.367004 -61.831802 12.665497 0.509400 -0.850800 -0.129300
15.485291 -65.171104 18.539276 0.291400 -0.902000 -0.318600
11.209381 -68.436302 24.238983 0.169300 -0.896400 -0.409700
8.164703 -71.379204 27.020386 0.418200 -0.903100 -0.097000
28.188904 -52.911003 64.020981 0.819500 -0.548700 -0.165100
23.405884 -60.930099 72.669189 0.725500 -0.688200 -0.000200
15.590210 -66.900497 74.493393 0.619500 -0.728400 -0.292600
9.166107 -72.628799 73.630081 0.477900 -0.692300 -0.540700
3.950684 -75.127899 74.662384 0.402100 -0.915100 0.029300
11.879883 -67.429001 33.712280 0.368700 -0.804200 0.466200
7.996490 -67.794899 35.946381 0.571300 -0.651000 0.499800
4.920593 -69.736504 37.983093 0.755400 -0.578300 0.308000
2.373108 -73.355400 39.022186 0.658600 -0.690900 0.298100
24.936707 -61.649498 42.555603 0.782200 -0.613800 -0.106500
20.470306 -64.929100 44.850098 0.519800 -0.853000 0.047100
101.903992 46.632500 -88.577301 0.655100 0.734500 0.176800
117.950302 24.690798 -88.577301 0.966000 0.086100 0.243800
70.676788 -26.681601 -88.577301 0.536400 -0.843200 0.036300
36.106293 -44.222401 -88.577301 0.365200 -0.915500 0.168800
11.232300 -41.717800 -88.577301 -0.401300 -0.913200 0.070700
7.294708 -41.315399 -88.577301 -0.004500 -0.993500 0.114100
15.293396 -67.577301 45.656403 0.306200 -0.940300 0.148400
10.971405 -68.579399 44.648773 -0.242800 -0.965700 0.092100
8.423706 -66.428497 42.718475 -0.616100 -0.752900 -0.231400
4.345581 -68.656601 84.964783 0.069200 -0.613100 0.787000
5.510101 -50.566101 95.145081 0.031200 -0.326300 0.944700
8.912994 -10.308301 100.656891 0.159300 0.078300 0.984100
10.254181 -51.179100 94.281281 0.311600 -0.315400 0.896300
17.825989 -12.346701 98.660385 0.239800 0.046200 0.969700
34.673889 42.960304 -36.720520 0.158800 0.488900 0.857800
20.029510 -48.877998 -88.577301 -0.170100 -0.971200 0.166700
43.370392 -23.142302 25.182587 0.986900 -0.108300 -0.120000
2.916199 -27.820000 -53.966705 0.109600 -0.991500 0.070300
6.685089 -27.164600 -53.966705 0.430900 -0.894300 0.120200
9.323700 -25.100300 -54.080322 0.569300 -0.794900 0.209800
12.496704 -22.759201 -53.786713 0.261600 -0.891800 0.369100
36.367310 -29.315300 39.174103 0.837100 0.176200 -0.517900
32.810181 -26.292400 32.296387 0.961000 -0.261200 0.090200
41.574585 -23.323301 44.877502 0.713200 -0.239100 -0.658900
41.766205 -29.066900 42.067474 0.689600 0.199200 -0.696300
42.225983 -22.382000 40.334076 0.767400 -0.639200 0.049600
41.917206 -24.219101 35.296783 0.655900 -0.754900 0.004000
41.166992 -24.226801 40.280396 0.895600 -0.433200 -0.101500
36.337402 -14.330101 8.114380 0.999900 -0.010700 0.002600
39.577393 -31.754200 37.767395 0.975900 -0.073500 -0.205500
42.877899 -17.723801 32.801300 0.861400 -0.495300 0.112800
42.665894 -19.990700 30.250000 0.911700 -0.339900 0.230800
42.814697 -25.763802 26.939087 0.751500 -0.557000 0.353500
36.263794 -27.915300 26.721802 0.831400 -0.230600 0.505600
43.467194 -18.766201 46.381287 0.797300 -0.352200 -0.490200
43.417480 -15.708000 38.593597 0.817100 -0.576000 -0.024800
17.661804 -61.640404 -0.026917 0.434800 -0.894400 -0.104700
2.651398 -71.886703 6.326294 0.202700 -0.659600 -0.723700
1.878387 -71.543701 1.151001 0.056000 -0.804600 0.591200
4.820190 -71.045799 0.865601 0.318500 -0.808000 0.495600
12.969208 -64.399597 1.809479 -0.014100 -0.267400 0.963500
9.514984 -68.533501 0.109985 0.566100 -0.709100 0.420400
5.609192 -70.960403 6.699677 0.389600 -0.607000 -0.692600
9.969788 -67.826103 7.247589 0.513400 -0.552300 -0.656800
13.387085 -63.345497 5.887573 0.574300 -0.799000 -0.178100
9.340607 -68.986000 -1.069122 0.629600 -0.765100 -0.134700
4.851105 -71.469200 -1.017120 0.330800 -0.940400 -0.079100
1.685394 -72.103104 -0.562622 0.045900 -0.997100 -0.060600
2.936493 -72.945801 7.909790 0.249500 -0.869600 -0.426100
6.073792 -71.706604 8.174103 0.485600 -0.794600 -0.364500
9.912506 -68.455200 8.129089 0.651100 -0.704900 -0.281400
5.307983 -69.725098 15.165985 0.478600 -0.849900 0.220600
1.708496 -71.712601 14.206573 -0.024100 -0.916700 0.398900
3.273804 -71.175697 14.118988 0.444700 -0.820900 0.358200
0.850281 -71.499199 13.902374 -0.146300 -0.933400 0.327800
1.938202 -70.388298 17.144775 0.446200 -0.849100 -0.282700
0.812683 -70.431503 16.598694 0.287000 -0.946300 -0.148800
1.767303 -71.118698 15.724976 0.129500 -0.899500 0.417200
0.837799 -71.246399 15.315887 -0.096800 -0.944300 0.314400
0.919708 -72.669701 11.360199 -0.233300 -0.833600 0.500700
1.730591 -73.223198 11.180603 -0.026200 -0.889700 0.455900
38.666107 -29.404202 44.648285 0.246300 -0.550500 0.797600
41.451904 -31.037500 47.231476 -0.057800 -0.736200 0.674200
43.616394 -30.733601 45.152588 0.797100 -0.587300 0.140700
36.521698 -19.022600 26.402100 0.642000 0.703000 -0.305800
38.036407 -22.193201 21.866699 0.524200 0.565600 -0.636600
42.783691 -19.907200 22.483185 0.492800 0.571300 -0.656300
44.529205 -19.570801 28.714386 0.987200 -0.119200 0.105600
38.346893 -31.056702 27.912689 0.986000 0.113400 -0.122100
39.090485 9.322599 -28.857422 0.840000 -0.245900 0.483700
37.639191 1.094000 -3.387115 0.976800 0.186100 0.106000
34.892303 -0.725000 19.485779 0.975400 0.200600 0.091600
35.546509 -0.643301 35.468201 0.976200 0.214200 -0.032900
7.324585 -69.754898 25.794281 0.056400 -0.614300 -0.787100
10.375092 -66.354401 21.755280 0.147800 -0.905700 -0.397400
12.895782 -63.448799 -0.925598 0.635300 -0.731500 -0.247600
28.264008 -55.102898 43.969482 0.807800 -0.503400 -0.306700
25.874786 -60.133598 46.273376 0.648300 -0.672200 -0.357500
44.600891 -26.468601 47.194702 0.949600 -0.233800 0.208600
44.525787 -21.524302 48.108185 0.980500 0.027000 0.194500
46.138489 -15.354101 38.463776 0.962700 -0.270500 -0.010900
45.235992 -17.722700 31.680603 0.941900 -0.335900 -0.006600
42.286896 -25.905102 19.557587 0.571000 0.084600 -0.816600
41.551086 -30.516399 19.503387 0.506000 -0.578200 -0.640100
42.276489 -32.072899 41.536987 0.591400 -0.778600 -0.209800
41.647888 -26.575300 49.686584 -0.081000 -0.291600 0.953100
42.588409 -19.566601 50.508179 0.100300 0.253400 0.962200
44.313202 -12.266601 39.121887 0.303300 0.952600 0.024700
43.508881 -15.212200 31.266876 0.308200 0.864300 -0.397500
37.881409 -24.781900 20.464478 0.641400 0.228500 -0.732400
37.814789 -29.086102 20.000397 0.619700 -0.100900 -0.778300
38.347290 -32.381901 41.941589 0.666800 -0.727200 0.162900
38.301483 -25.562201 46.392578 0.336600 -0.111900 0.935000
38.064697 -20.077101 46.033875 -0.627000 0.247700 0.738600
36.891510 -15.394601 39.835083 0.989700 0.050500 -0.134200
37.313782 -32.079601 23.827393 0.772900 -0.624800 -0.110400
37.552002 -16.837200 43.496399 0.993400 0.099500 -0.057700
37.143890 -20.005501 19.809479 0.977200 0.212400 -0.002200
35.633606 -12.137900 16.664276 0.994300 0.102000 0.032200
36.802185 -32.975601 58.859589 0.972500 -0.232500 -0.010600
37.593689 -30.448601 50.658783 0.965400 -0.190700 0.178000
27.421082 -22.133101 -36.211121 0.324800 -0.945500 -0.024300
28.703583 -24.060001 -18.019806 0.474600 -0.863700 -0.169500
3.328796 -33.458900 -25.707397 0.248600 -0.875100 -0.415200
7.929382 -32.080803 -25.086700 0.519200 -0.700300 -0.489900
13.650085 -27.754501 -24.024109 0.698000 -0.557900 -0.449000
16.682983 -22.047401 -25.797821 0.430400 -0.855700 -0.287300
37.717194 -15.608601 53.658493 0.998100 0.024400 -0.057000
9.028992 -66.635002 85.699387 0.403600 -0.550400 0.730900
13.617981 -53.540802 91.338089 0.488800 -0.374600 0.787900
2.872009 -75.062500 78.855789 0.125800 -0.877300 0.463100
3.621887 -72.965302 47.420898 -0.127000 -0.886400 -0.445200
7.312805 -72.690903 47.983978 0.341400 -0.730600 -0.591400
10.663391 -70.561302 49.496796 0.521400 -0.563400 -0.640900
17.724701 -67.783798 50.250580 0.464500 -0.799000 -0.381900
24.491699 -63.503700 50.346802 0.577900 -0.717600 -0.388700
25.553986 -58.817001 41.316376 0.675300 -0.561200 -0.478600
7.686401 -64.671898 41.990784 -0.023100 -0.972600 0.231400
8.852600 -65.949104 41.896301 0.182400 -0.335800 -0.924100
11.352997 -68.148300 43.648102 0.189500 -0.559000 -0.807200
15.438904 -67.013802 44.550598 0.213900 -0.365400 -0.905900
20.067688 -64.598801 43.799683 -0.023700 -0.383500 -0.923200
23.943207 -62.203697 41.750977 0.069200 -0.515600 -0.854000
33.850983 -43.823303 46.924988 0.916800 -0.363900 0.164500
30.010895 -52.222000 39.412781 0.801700 -0.568300 0.185200
33.754089 -48.489403 35.650299 0.920000 -0.334800 0.203800
35.010010 -43.551300 29.775787 0.982500 -0.176700 -0.058500
29.964691 -24.207300 -0.079926 0.748400 -0.486800 -0.450400
31.244507 -32.530701 -0.678925 0.905900 0.016900 -0.423100
20.627411 -59.357597 13.275391 0.807200 -0.583500 -0.089700
18.437103 -63.087402 18.629089 0.656400 -0.737900 -0.157000
21.997192 -57.448997 7.529694 0.915500 -0.399100 0.050800
22.272308 -56.570297 -0.994904 0.915300 -0.384000 -0.121500
26.190186 -23.421200 -52.828003 0.370200 -0.890700 0.263700
13.940491 -61.003998 -5.936615 0.441000 -0.897500 -0.001700
11.133209 -64.369499 -9.708923 0.706800 -0.706900 -0.028300
7.072693 -67.675804 -10.602020 0.490700 -0.870600 -0.036200
2.961304 -69.061501 -10.390106 0.183300 -0.979300 -0.086000
30.946381 -37.875198 0.378479 0.929300 -0.158900 -0.333400
30.223083 -42.433601 1.074677 0.941600 -0.258700 -0.215500
2.793610 -34.609402 -34.878113 0.259300 -0.942000 -0.213000
3.341492 -38.212601 -22.401306 0.173100 -0.269900 -0.947200
3.304382 -50.438499 -23.653900 0.275700 0.227500 -0.934000
8.093506 -51.600101 -21.024414 0.442300 0.301300 -0.844700
16.091888 -45.879601 -15.544098 0.511900 0.161500 -0.843800
24.376190 -35.790600 -9.491699 0.719200 -0.002800 -0.694800
35.548584 -29.120100 10.873596 0.934100 -0.211000 -0.287800
37.620087 -34.171700 30.300079 0.939200 -0.321900 -0.119600
8.740784 -64.703903 42.319580 0.983600 -0.060100 -0.170100
8.065094 -66.024498 41.147003 -0.024900 -0.941400 0.336300
9.834106 -66.481003 40.384003 0.203600 -0.909100 0.363500
12.549988 -66.321098 39.713593 0.204700 -0.654600 0.727800
11.018494 -65.355301 44.809479 0.496100 0.172400 -0.851000
16.473297 -64.855598 39.578186 0.145100 -0.506800 0.849800
15.476501 -64.358902 46.062500 -0.045200 0.230100 -0.972100
20.541687 -63.400604 40.641083 0.361200 -0.648900 0.669700
23.982086 -60.274902 42.402496 -0.657300 -0.077300 -0.749700
26.218506 -59.069801 44.372894 0.843200 -0.524500 -0.118200
20.778687 -61.116798 45.130096 -0.459900 0.156900 -0.874000
35.971710 -41.403900 33.967773 0.961300 -0.274800 -0.018500
34.891602 -46.152298 27.114197 0.971300 -0.172800 -0.163500
31.955597 -50.551701 23.631775 0.841200 -0.369800 -0.394600
27.370605 -56.902504 21.814178 0.686500 -0.610100 -0.395700
22.341583 -58.790398 19.777283 0.609600 -0.713200 -0.346000
26.830292 -43.511398 -5.762817 0.895900 -0.146000 -0.419600
30.141998 -43.344299 8.451599 0.928500 -0.361800 -0.083700
29.682587 -45.616402 15.698792 0.887200 -0.402400 -0.225700
32.671387 -56.176300 30.170685 0.825700 -0.564000 0.004800
26.787109 -56.002800 41.051575 0.813000 -0.581300 -0.032900
24.128998 -58.628403 38.940277 0.555700 -0.818200 0.147700
20.979797 -62.056999 34.897003 0.468400 -0.811400 0.349500
16.152802 -64.710098 34.110382 0.329000 -0.895200 0.300800
11.569183 -65.600304 34.813202 0.317100 -0.852300 0.415900
7.915192 -66.340797 37.175476 0.559700 -0.615600 0.554800
5.547211 -67.419800 39.236389 0.741500 -0.403300 0.536200
2.410004 -72.592804 40.570801 0.606100 -0.596300 0.526300
32.496307 -38.721802 8.883301 0.916700 -0.349500 -0.193500
21.776184 -62.580299 72.057785 0.674600 -0.737600 0.028600
19.987091 -64.709801 63.415787 0.719800 -0.694000 0.013600
19.683197 -68.598999 53.342087 0.574900 -0.818200 -0.008600
4.418304 -71.401802 71.937790 0.339900 -0.939500 0.042000
9.138794 -72.039001 61.943787 0.211700 -0.975900 0.053800
8.555389 -73.956299 51.544785 0.248200 -0.967800 -0.042900
7.404510 -71.176201 47.133881 0.445000 -0.363100 -0.818600
7.431793 -69.141998 46.607880 0.457400 -0.439000 -0.773300
7.716888 -68.144203 45.871399 0.518500 -0.530300 -0.670800
5.844604 -69.478897 45.947876 0.536500 -0.563800 -0.627900
9.625885 -60.076004 42.932678 0.807000 -0.184100 -0.561100
13.187103 -64.589600 17.891174 0.237600 -0.936300 -0.258600
2.354889 -74.293999 37.011993 0.669700 -0.706900 0.227400
2.523193 -70.693604 41.714874 0.685000 -0.658700 0.311300
6.934387 -64.881798 42.749573 0.314100 -0.948600 -0.038100
7.994781 -64.882401 44.553284 -0.003100 -0.948600 -0.316600
5.534698 -66.071701 42.149475 0.603000 -0.722100 -0.339000
5.428589 -65.508400 40.593903 0.502800 -0.859900 0.088200
3.997498 -70.942299 35.722382 0.763400 -0.618300 0.186800
22.878082 -52.054298 -4.232025 0.751900 -0.646500 -0.129600
23.755493 -51.648701 2.036377 0.748600 -0.659200 -0.071600
23.674194 -52.688202 8.160797 0.719500 -0.679900 -0.141300
33.918304 -46.762001 40.286102 0.906300 -0.400500 0.134900
30.891510 -50.992901 43.987183 0.889300 -0.453800 0.056400
29.226105 -52.289101 55.281586 0.909700 -0.396000 0.124800
28.126709 -57.210899 34.666290 0.646400 -0.686700 0.332600
23.192688 -59.103203 41.385376 0.516500 -0.731000 -0.446000
22.962799 -56.158501 42.792175 -0.888300 -0.456200 0.053500
7.503296 -65.682503 38.699280 0.088400 -0.980700 0.174600
20.674408 -58.082199 40.572693 -0.346900 -0.203300 0.915600
37.136688 -14.155300 -53.782898 0.512800 -0.729800 0.452200
10.530396 -61.167702 40.524780 0.493600 -0.152300 0.856200
17.095886 -59.730904 39.821777 -0.055400 -0.141400 0.988400
13.341400 -60.956001 39.849487 0.145100 -0.140300 0.979400
21.154388 -63.234001 46.913177 0.470000 -0.742300 -0.477700
15.204498 -66.115402 47.774902 0.309300 -0.819800 -0.482000
10.589905 -66.985001 46.662384 0.013600 -0.961200 -0.275600
20.044189 -56.985603 45.252197 -0.269000 -0.179000 -0.946400
15.907684 -58.817299 45.617798 0.092900 -0.114000 -0.989100
11.998108 -59.893799 44.643402 0.446100 -0.124700 -0.886200
1.580383 -75.212097 18.951599 0.495500 0.105000 -0.862200
1.264099 -72.412399 18.018494 0.749800 -0.352600 -0.559900
3.787506 -69.479301 17.834076 0.327100 -0.844200 -0.424700
7.244995 -71.008499 17.420990 0.142700 -0.299900 -0.943200
6.002991 -71.361099 18.216400 -0.566800 -0.237200 -0.789000
3.938904 -75.314102 19.075287 -0.126500 -0.170800 -0.977200
2.595306 -66.478897 -22.913422 0.056900 -0.680000 -0.731000
3.604706 -59.213699 -26.636322 0.246300 -0.111200 -0.962800
7.659790 -69.283501 -17.194122 0.445900 -0.891400 -0.081300
2.910492 -70.464401 -16.668121 -0.077000 -0.993400 -0.085300
8.698303 -57.387299 -24.421906 0.435600 0.080700 -0.896500
7.558990 -65.811302 -22.706207 0.330700 -0.548200 -0.768200
16.347809 -54.452698 -19.607117 0.569600 0.126600 -0.812100
22.347809 -51.405300 -11.574615 0.874000 -0.289300 -0.390500
19.565186 -55.745201 -15.982605 0.859600 -0.314800 -0.402400
13.868286 -62.033401 -19.870514 0.714000 -0.461500 -0.526500
12.820892 -64.782204 10.415588 0.646800 -0.762600 0.007200
6.208710 -69.149704 12.999084 0.591100 -0.755500 0.282600
3.609009 -72.197701 11.652283 0.481400 -0.757100 0.441600
9.486786 -68.204102 72.746094 0.343700 -0.912300 0.222600
15.182007 -66.270103 73.023788 0.445500 -0.871500 0.204900
24.919189 -56.994102 63.888382 0.803600 -0.594600 -0.026500
32.491302 -42.851200 53.481491 0.929600 -0.300800 0.213000
36.139191 -1.521700 49.254974 0.978400 0.193700 -0.072500
32.529510 7.487900 25.988373 0.913900 0.391200 -0.108000
29.760803 16.940500 -5.887207 0.708500 0.609700 0.355400
16.057495 27.962900 -10.351624 0.529900 0.788000 0.313500
23.484802 -59.301804 60.485794 0.815400 -0.564800 0.126700
14.301910 -69.617401 62.805984 0.525400 -0.850300 0.030800
4.164307 -72.052704 61.758789 0.105700 -0.992900 0.053900
8.238403 -67.449402 21.909790 0.982900 -0.119100 -0.140600
6.037598 -69.033699 25.338196 0.807600 -0.588700 -0.034300
4.526398 -73.545403 25.890503 0.758300 -0.524200 0.387500
4.838684 -76.591301 22.478577 0.852800 -0.499400 0.152800
4.950500 -68.592499 17.895294 0.553700 -0.637600 -0.535600
4.771210 -75.932602 19.525696 0.606100 -0.510000 -0.610300
5.288086 -72.014999 31.664581 0.745600 -0.633400 0.207100
8.496490 -70.072098 17.581787 0.536000 0.007900 -0.844200
7.712494 -73.323799 20.075287 0.725200 -0.653500 -0.216900
7.182281 -73.299698 23.101776 0.671300 -0.698900 0.246800
10.886993 -68.420403 21.751099 0.892200 0.451200 -0.021000
8.068390 -71.602303 25.270874 0.525200 -0.330400 0.784200
2.146088 -76.841103 27.538177 0.640800 -0.665600 0.382600
9.728394 -68.806099 24.069275 0.605200 0.434200 0.667300
9.539185 -68.842903 18.950592 0.677600 0.451500 -0.580500
29.907806 -54.114998 36.876099 0.757800 -0.560000 0.334800
17.056183 -65.086098 31.618286 0.448700 -0.887900 0.101600
16.158508 -65.716202 38.484497 0.335700 -0.932100 0.136100
13.816895 -68.184898 25.821777 0.374000 -0.922400 -0.096200
8.615204 -73.122803 80.381592 0.344200 -0.841700 0.416000
27.048401 -53.312103 14.960876 0.759800 -0.594100 -0.263900
22.715698 -55.520103 13.861694 0.714900 -0.649900 -0.257900
16.968109 -61.745003 11.284576 0.366700 -0.922100 -0.123200
8.605896 -38.212303 -21.597412 0.390000 -0.238900 -0.889300
12.757690 -24.422600 -35.828613 0.768000 -0.604600 -0.211100
6.773102 -32.770203 -34.738800 0.580700 -0.790300 -0.195300
15.263184 -34.133400 -18.190826 0.674600 -0.244300 -0.696600
1.348511 -71.249702 -2.330414 -0.012200 -0.940800 -0.338700
16.711395 -59.050903 -14.360016 0.759800 -0.641800 -0.103300
12.772491 -64.199600 -16.697021 0.730100 -0.682300 0.037300
4.441681 -70.879402 -3.085999 0.238600 -0.916800 -0.320300
9.374084 -67.891998 -2.805115 0.681100 -0.688300 -0.249600
20.434906 -58.131004 -7.069000 0.829300 -0.500500 -0.248500
8.077789 -69.249100 32.691803 0.465000 -0.860200 0.209400
9.258789 -60.390602 41.902374 0.930900 -0.233900 0.280600
6.116089 -68.768997 44.552399 0.623300 -0.601100 -0.500100
11.799683 -67.861000 30.888000 0.379800 -0.907900 0.177400
3.130005 -70.528099 43.344177 0.489200 -0.811000 -0.320800
2.429108 -70.308197 5.378601 0.078900 0.059100 -0.995100
27.452301 -49.716900 1.796295 0.777300 -0.612800 -0.142700
9.973389 -66.680504 6.788483 0.053100 0.024600 -0.998300
5.343109 -69.537498 5.949402 0.165500 0.036600 -0.985500
3.056793 -70.136398 16.362274 0.405700 -0.849200 0.338000
2.825684 -80.032204 18.977478 0.497900 -0.581500 -0.643400
2.539398 -81.028099 22.906982 0.560800 -0.803300 0.200600
10.253998 -70.766502 22.566589 0.849100 -0.519100 0.097700
3.341888 -73.506798 9.969177 0.308000 -0.943900 0.119300
10.791992 -67.749901 47.687286 0.183100 -0.652000 -0.735700
11.889587 -66.823502 38.801483 -0.024600 -0.991000 0.131500
20.527893 -63.334999 39.547699 0.654800 -0.752900 -0.065800
21.582794 -56.601303 44.344696 -0.602400 -0.239600 -0.761400
20.775696 -65.268303 47.504700 0.339500 -0.670600 -0.659500
15.255310 -68.578804 48.255585 0.272600 -0.740000 -0.614800
26.639893 -61.432800 27.796387 0.604300 -0.792400 -0.083700
20.504181 -64.940704 26.243286 0.476300 -0.861300 -0.177200
33.630310 -46.341202 67.132782 0.903700 -0.419300 -0.086400
39.127899 -13.260201 64.751984 0.998800 0.047500 0.009500
34.177704 -51.333603 32.927094 0.929800 -0.307700 0.201900
23.718506 -61.349998 32.261902 0.538800 -0.817700 0.202800
8.461884 -69.340904 29.089478 0.514100 -0.829300 0.219000
2.253693 -75.298103 32.894775 0.584100 -0.783000 0.214000
3.881897 -73.912102 50.730988 -0.158800 -0.987300 0.001500
4.038788 -71.766304 45.857880 0.200800 -0.740700 -0.641100
10.089081 -70.120598 20.955200 0.847700 -0.436700 -0.301300
10.440582 -69.533401 48.604797 0.401400 -0.505800 -0.763600
26.051788 -50.578102 -4.682007 0.781900 -0.587300 -0.209100
10.433411 -68.103004 8.880188 0.736500 -0.668200 0.105100
22.202484 -27.512300 -11.723816 0.670000 -0.521900 -0.528000
35.822601 -17.469900 -6.522522 0.914100 -0.397300 -0.080700
28.945801 -58.263298 49.612976 0.916700 -0.394600 -0.062100
15.786804 37.108803 45.754089 0.493800 0.860600 -0.124900
27.409485 21.995600 43.011780 0.854800 0.494000 -0.159200
36.178894 -36.023003 25.598785 0.946300 -0.282300 -0.157800
33.274109 -40.929001 17.476379 0.884800 -0.396000 -0.245800
25.909790 -40.362900 -8.131409 0.789900 0.002700 -0.613200
27.885986 -50.624901 8.302094 0.779400 -0.610800 -0.139900
6.423706 -72.058998 10.299896 0.530800 -0.798600 0.283700
12.693390 -72.151497 52.540894 0.437600 -0.893500 -0.100700
15.463898 -69.304398 80.485382 0.579900 -0.762200 0.287800
26.738983 -14.385000 96.475693 0.498000 0.051300 0.865600
17.189606 18.602499 90.712585 0.317600 0.522700 0.791200
17.485107 36.955696 69.138382 0.315000 0.899700 0.302200
12.853882 27.650000 11.403900 0.445000 0.852600 -0.274000
29.420807 31.864599 -27.084412 0.361900 0.663100 0.655200
15.482208 -19.471001 -39.860016 0.286400 -0.957200 -0.041100
18.210205 -60.820801 6.937775 0.261900 -0.961800 -0.079000
23.914581 19.512800 14.135681 0.722800 0.683100 0.104700
33.881287 -34.478203 9.578888 0.942000 -0.206800 -0.264400
37.127502 -11.454801 -33.491699 0.876100 -0.470000 0.107600
37.252411 -22.431900 88.137589 0.837800 -0.109500 0.534900
32.409698 23.900198 66.072189 0.851500 0.510900 0.118200
26.292908 -64.431297 53.743286 0.693400 -0.670200 0.264800
31.456604 11.247599 83.923492 0.767700 0.344900 0.540100
43.325195 21.642099 -27.269714 0.517000 0.126700 0.846500
25.501984 -57.612701 80.126282 0.749600 -0.518200 0.411900
52.005493 11.212297 -35.153107 0.379100 -0.518500 0.766400
60.885681 27.561998 -32.092926 0.383900 0.103500 0.917600
2.199890 -76.069603 30.216492 0.610700 -0.762400 0.213900
5.027008 -72.188499 27.707581 0.718900 -0.689200 0.090600
43.990784 -28.385601 46.643982 0.928500 -0.300000 0.218700
42.979309 -30.709101 42.110992 0.867700 0.099700 -0.486900
42.281799 -23.515600 31.385193 0.828300 -0.560000 -0.017200
44.666809 -21.069601 34.488098 0.960100 -0.217900 -0.175200
45.551483 -19.435600 39.612976 0.997200 -0.068500 0.030200
44.502808 -20.554300 44.757202 0.992600 -0.088200 0.083000
38.112701 -31.118999 25.550781 0.886600 -0.365900 0.282900
41.679993 -29.671501 23.146088 0.746200 -0.598300 0.291800
106.867691 2.607698 -88.577301 0.785100 -0.594800 0.172700
47.807098 -1.867201 -48.056519 0.463800 -0.636500 0.616300
10.687897 81.577698 -101.383209 0.071100 0.997500 -0.000000
35.204010 78.477005 -101.383209 0.283800 0.958900 0.000000
14.289185 -69.095001 50.113373 0.332900 -0.849500 -0.409200
8.988098 -71.626099 48.483490 0.579100 -0.519100 -0.628700
5.467407 -72.828102 47.445496 0.208400 -0.820800 -0.531900
10.624390 -73.053902 52.042892 0.443200 -0.891000 -0.098300
16.000610 -70.375198 52.941483 0.440000 -0.894300 -0.081200
22.101501 -66.515198 53.542694 0.591300 -0.796600 0.125700
45.510590 59.510002 -46.202026 0.266300 0.746400 0.609900
80.891205 36.087898 -48.537506 0.610500 0.418600 0.672300
88.628784 16.078897 -52.093811 0.644600 -0.147500 0.750100
82.199188 -1.710501 -58.048523 0.459000 -0.536900 0.707800
62.804810 -16.512701 -63.720520 0.194500 -0.569000 0.799000
22.835510 -31.099899 -64.607300 0.284500 -0.695500 0.659800
16.483002 -33.557701 -64.714325 -0.082800 -0.757200 0.647900
10.130585 -30.951702 -64.821198 -0.106800 -0.810100 0.576500
6.584290 -32.349998 -66.741699 -0.104200 -0.856600 0.505300
4.428009 -32.788002 -68.895599 -0.281200 -0.835200 0.472700
1.853607 -33.286201 -71.427399 -0.573400 -0.648500 0.500600
15.232605 -20.102400 -44.291504 0.184400 -0.973900 0.132300
11.039703 -23.802401 -42.420013 0.717800 -0.686500 -0.116300
6.728088 -29.008900 -41.820923 0.554200 -0.787100 -0.270900
2.853882 -30.256201 -41.890900 0.197300 -0.914000 -0.354400
57.299805 63.288704 -69.321808 0.445500 0.833500 0.326900
92.811493 46.657402 -70.806122 0.588100 0.666200 0.458500
107.897202 22.834200 -71.345215 0.808600 0.059000 0.585300
98.436493 0.686699 -72.273315 0.712500 -0.548100 0.438100
70.676788 -26.681601 -71.867126 0.441800 -0.791500 0.422200
32.006195 -39.956802 -73.181824 0.219000 -0.794000 0.567100
17.783600 -40.682999 -73.528412 -0.117000 -0.834500 0.538400
9.192291 -38.653503 -74.652313 -0.256000 -0.861000 0.439400
6.011902 -38.443100 -75.663513 -0.101500 -0.911300 0.399000
3.722504 -38.716301 -76.416321 -0.034900 -0.903300 0.427500
1.718292 -39.020302 -77.135620 -0.016100 -0.888000 0.459500
2.084381 -41.950203 -101.383209 0.087900 -0.996100 0.001200
63.660095 64.742699 -101.383209 0.431000 0.902300 -0.008200
101.903992 46.632500 -101.383209 0.637200 0.770700 -0.000000
117.950302 24.690798 -101.383209 0.996500 0.083100 -0.000000
106.867691 2.607698 -101.383209 0.779000 -0.627100 -0.000000
70.676788 -26.681601 -101.383209 0.543800 -0.839200 0.000000
36.106293 -44.222401 -101.383209 0.366900 -0.930200 0.000000
20.029510 -48.877998 -101.383209 -0.199300 -0.979900 0.000000
11.232300 -41.717800 -101.383209 -0.382500 -0.924000 0.000000
7.294708 -41.315399 -101.383209 0.009300 -1.000000 0.000000
4.510681 -41.652100 -101.383209 0.121100 -0.992600 -0.000200
38.025299 -30.689501 20.931885 0.257200 -0.813900 -0.521000
29.731293 12.138800 10.317291 0.842400 0.514500 0.160100
36.265106 0.157999 8.023682 0.961100 0.245800 0.126400
29.745605 13.684500 2.194794 0.800700 0.584200 0.132900
11.459808 18.821898 91.057495 0.093800 0.533300 0.840700
5.828400 39.358902 70.384491 0.217200 0.911000 0.350600
11.656708 36.381996 69.761490 0.231600 0.898600 0.372600
5.262299 39.902702 43.815277 0.256000 0.956400 -0.140800
10.524506 38.505798 44.784576 0.283900 0.951400 -0.119700
4.284607 26.915098 10.732788 -0.195300 0.902900 -0.382900
8.569183 28.848700 11.068298 -0.046100 0.945400 -0.322500
5.352509 30.716799 -12.166321 -0.264900 0.918200 0.294600
10.704987 32.347397 -11.258911 0.143700 0.944300 0.296000
5.954681 36.348900 -23.983826 0.072600 0.805200 0.588500
19.613892 34.106697 -25.534119 0.264100 0.769900 0.581000
9.299988 51.693901 -36.414398 0.044300 0.619400 0.783800
23.113586 45.995399 -36.441925 0.198600 0.531600 0.823400
11.230408 63.471397 -48.145111 0.045200 0.772900 0.632900
30.339508 62.264999 -45.941498 0.127700 0.710800 0.691700
10.687897 81.577698 -71.867126 -0.036200 0.949800 0.310600
35.204010 78.477005 -71.867126 0.321100 0.905500 0.277400
35.204010 78.477005 -88.577301 0.304900 0.952100 0.021400
10.687897 81.577698 -88.577301 0.051100 0.998400 0.022600
43.539490 -25.801800 44.950500 0.738300 0.019100 -0.674200
45.058289 -17.310001 45.318481 0.982900 -0.165500 0.080400
42.635406 -16.038300 48.251892 0.102500 0.702800 0.703900
2.030792 -70.457298 1.876801 -0.010500 -0.205900 0.978500
9.525391 -67.604202 0.865784 0.182800 -0.229600 0.956000
4.937195 -69.898804 1.772278 0.156400 -0.204800 0.966200
14.399109 -47.131104 43.220703 0.188500 -0.981500 -0.032700
13.289795 -45.289600 7.073273 -0.001700 -0.265500 0.964100
2.259399 -45.306900 7.066101 0.000400 0.067800 -0.997700
9.906403 -45.293503 7.066193 -0.001300 -0.266700 0.963800
5.222900 -45.303902 7.066193 0.006700 0.056000 -0.998400
14.958405 -62.404099 3.679993 0.470900 -0.876900 0.097000
-4.359619 -68.408798 2.911896 0.150900 -0.391800 -0.907600
-6.201019 -65.587402 3.300476 -0.243100 0.562100 -0.790500
-4.021912 -68.035904 2.924774 0.467000 -0.124300 -0.875500
-6.602112 -65.927597 3.294800 -0.522800 0.361800 -0.771800
-6.812714 -66.600204 3.245178 -0.597400 0.140000 -0.789600
-3.854095 -66.794701 3.031097 0.485300 0.324700 -0.811800
-6.769897 -67.168800 3.188477 -0.542100 -0.215200 -0.812300
-5.757202 -65.581398 3.271698 0.119300 0.579900 -0.805900
-4.866791 -68.382103 2.947998 -0.240000 -0.396000 -0.886400
-4.227417 -68.744698 3.272095 0.380400 -0.859900 -0.340400
-4.812897 -68.735901 3.311676 -0.285100 -0.906800 -0.310400
-3.826294 -68.268600 3.290588 0.879700 -0.389500 -0.272900
-3.596313 -66.729599 3.420898 0.888500 0.397800 -0.228900
-5.760895 -65.323601 3.696991 0.229400 0.951400 -0.205600
-6.977509 -67.329903 3.587799 -0.847500 -0.471500 -0.243500
-7.010498 -66.630501 3.655975 -0.974900 0.143700 -0.170300
-6.747589 -65.790901 3.718079 -0.834600 0.528200 -0.156500
-6.274017 -65.352104 3.728302 -0.377900 0.904200 -0.199000
-4.303314 -68.611099 7.481201 0.444700 -0.891100 0.090800
-3.764008 -66.894302 7.633301 0.930000 0.358800 0.079700
-6.820313 -67.302803 7.279877 -0.922500 -0.370800 0.107100
-6.214813 -65.620300 7.428986 -0.323600 0.931600 0.165800
-3.211700 -69.262100 2.824097 -0.370400 -0.287100 -0.883400
-3.435913 -68.754997 2.868378 -0.519800 -0.021000 -0.854000
-3.435913 -68.030602 2.932190 -0.523500 0.178900 -0.833000
-3.211700 -67.523598 2.977173 -0.318000 0.537000 -0.781400
-2.688416 -69.479500 2.805695 -0.057100 -0.423300 -0.904200
-0.894501 -67.306602 3.000000 0.075600 0.590000 -0.803800
-0.446014 -67.524002 2.981476 0.358300 0.450000 -0.818000
-0.371307 -69.262497 2.828400 0.318500 -0.378300 -0.869100
-0.147095 -68.031097 2.937286 0.527200 0.204600 -0.824700
-0.147095 -68.755501 2.873474 0.524000 -0.027000 -0.851300
-3.153198 -69.439903 7.611084 -0.679500 -0.720900 0.136000
-3.153198 -67.588104 7.774292 -0.669300 0.726200 0.157100
-0.314606 -69.217804 7.635101 0.754900 -0.645600 0.115500
-0.372192 -67.724403 7.766602 0.699900 0.698100 0.151200
-3.412506 -69.522301 3.200378 -0.693600 -0.655300 -0.299100
-2.815491 -69.793701 3.177399 -0.157100 -0.937400 -0.310700
-3.668396 -68.889198 3.255676 -0.958500 -0.168000 -0.230300
-3.668396 -67.984901 3.335388 -0.957300 0.199400 -0.209200
-3.412506 -67.351898 3.391602 -0.592500 0.777600 -0.210400
-0.768707 -67.080902 3.419586 0.196100 0.960300 -0.198200
-0.171692 -69.522697 3.205383 0.579800 -0.761100 -0.290700
0.084106 -68.889702 3.261475 0.955800 -0.171800 -0.238500
0.084106 -67.985397 3.341187 0.947000 0.245800 -0.206900
-0.257019 -67.352303 3.396393 0.676300 0.704700 -0.214400
-9.976990 -61.957703 3.469391 -0.326600 -0.490200 -0.808100
-8.743896 -61.255699 3.592285 0.657400 0.024400 -0.753100
-9.020020 -61.702698 3.540680 0.395600 -0.410700 -0.821500
-11.034912 -58.889801 3.669586 -0.642200 0.202500 -0.739300
-9.774017 -58.268501 3.787201 0.495700 0.503200 -0.707800
-10.244995 -58.150299 3.772400 -0.161600 0.674600 -0.720300
-10.009094 -62.175598 7.726593 -0.385700 -0.918500 0.086800
-8.693909 -61.422600 7.794983 0.944700 -0.321000 0.066800
-9.430298 -58.726097 8.031403 0.895500 0.444700 0.019500
-11.113190 -58.985504 8.005890 -0.916100 0.396900 0.056300
-9.769012 -58.316498 8.066895 0.201800 0.974700 0.096200
-10.059601 -62.317497 4.027588 -0.429000 -0.870200 -0.242500
-8.872192 -61.968201 4.060181 0.585300 -0.777500 -0.230100
-8.518097 -61.434898 4.107697 0.972500 -0.140400 -0.186000
-11.268890 -58.823601 4.333496 -0.954500 0.274800 -0.115400
-10.272491 -57.922600 4.414398 -0.277400 0.956700 -0.087800
-9.695618 -58.032997 4.405579 0.630600 0.765100 -0.130600
-9.364716 -63.326904 3.472595 -0.565800 0.102700 -0.818100
-9.180817 -62.806198 3.518677 -0.475600 0.371100 -0.797500
-8.737000 -62.360298 3.558685 -0.281300 0.526000 -0.802600
-8.299713 -62.256699 3.568481 0.247600 0.586300 -0.771300
-9.202301 -63.947197 3.418182 -0.476900 -0.131400 -0.869100
-6.857819 -64.277802 3.392700 0.538300 0.266400 -0.799600
-8.189117 -65.615601 3.272797 -0.358200 -0.274200 -0.892400
-7.760498 -65.974304 3.309479 -0.083400 -0.467300 -0.880100
-6.879517 -65.424797 3.359192 0.508700 -0.193200 -0.839000
-7.323212 -65.870697 3.319275 0.272500 -0.372900 -0.887000
-9.443115 -63.413300 7.618500 -0.984000 0.130200 0.122000
-8.308716 -62.273399 7.720581 0.121500 0.980000 0.157800
-7.771790 -66.165100 7.378601 -0.102400 -0.984300 0.143900
-6.681305 -64.952797 7.487091 0.990000 -0.068800 0.122800
-9.616516 -63.320297 3.939880 -0.976100 0.086200 -0.199700
-9.445404 -64.036598 3.809479 -0.900800 -0.356200 -0.248300
-9.373199 -62.692703 3.995575 -0.816900 0.553600 -0.162000
-8.819000 -62.129997 3.978394 -0.496600 0.843200 -0.206000
-8.286713 -61.978302 3.992584 0.298200 0.930300 -0.213500
-8.289307 -65.940102 3.643585 -0.706000 -0.640500 -0.302000
-6.627319 -64.275902 3.860382 0.903900 0.392600 -0.169900
-7.786011 -66.334198 3.677277 -0.166900 -0.931800 -0.322300
-7.253693 -66.182404 3.691498 0.493700 -0.820700 -0.287500
-6.699615 -65.625702 3.741394 0.836000 -0.496200 -0.234400
-6.504517 -64.918800 3.803894 0.963300 -0.025600 -0.267200
10.001099 -61.960403 3.500183 0.329000 -0.490300 -0.807100
9.044006 -61.705101 3.568481 -0.393100 -0.410600 -0.822700
8.767883 -61.258102 3.619202 -0.655100 0.024600 -0.755200
9.798187 -58.271202 3.817291 -0.493400 0.503300 -0.709400
11.059296 -58.892799 3.703583 0.644600 0.202300 -0.737300
10.269196 -58.153099 3.803986 0.164000 0.674600 -0.719800
10.017181 -62.161400 7.758881 0.385500 -0.918100 0.092300
8.701996 -61.407997 7.823273 -0.949100 -0.303000 0.086500
11.121307 -58.971603 8.041595 0.915300 0.398500 0.058000
9.777100 -58.302200 8.098480 -0.370200 0.924300 0.093000
10.081787 -62.320198 4.058594 0.429300 -0.870900 -0.239100
8.894409 -61.970604 4.087585 -0.584700 -0.777900 -0.230400
8.540283 -61.437202 4.134003 -0.971800 -0.140800 -0.189000
11.291107 -58.826698 4.368195 0.955200 0.273700 -0.112700
10.294708 -57.925400 4.446075 0.278100 0.956400 -0.089000
9.717804 -58.035599 4.435486 -0.632300 0.764100 -0.127900
9.388397 -63.329399 3.501495 0.568400 0.102600 -0.816300
8.323395 -62.259003 3.594086 -0.245000 0.586400 -0.772100
8.760681 -62.362701 3.585693 0.284000 0.526000 -0.801700
9.204498 -62.808701 3.547089 0.478200 0.371000 -0.796000
9.225983 -63.949799 3.446594 0.479500 -0.131600 -0.867600
8.212799 -65.617798 3.298096 0.361000 -0.274400 -0.891300
6.881500 -64.279701 3.413879 -0.535700 0.266500 -0.801300
7.783997 -65.976402 3.333374 0.086100 -0.467400 -0.879900
7.346710 -65.872704 3.341888 -0.269800 -0.372800 -0.887800
6.902985 -65.426704 3.380493 -0.506100 -0.193000 -0.840600
9.470581 -63.413902 7.647675 0.984100 0.130400 0.120600
8.336090 -62.273697 7.746399 -0.098200 0.986600 0.130500
6.830902 -64.375702 7.558899 -0.911900 0.406800 0.054300
7.799194 -66.165298 7.402802 0.104300 -0.984000 0.144300
6.708801 -64.952698 7.507874 -0.971400 -0.222200 0.084000
9.467804 -64.039101 3.838593 0.901100 -0.356200 -0.247200
9.638611 -63.322899 3.969574 0.976200 0.086200 -0.198800
9.395386 -62.695198 4.024475 0.817100 0.553400 -0.161400
8.841400 -62.132401 4.005585 0.497100 0.843000 -0.205800
8.309082 -61.980598 4.018188 -0.298200 0.930200 -0.214000
8.311707 -65.942299 3.669189 0.706400 -0.640600 -0.301200
6.649506 -64.277702 3.880798 -0.903400 0.390900 -0.176500
7.808197 -66.336304 3.701294 0.166800 -0.931900 -0.321900
7.275909 -66.184402 3.713776 -0.493500 -0.820800 -0.287700
6.721802 -65.627602 3.761993 -0.835800 -0.496100 -0.235200
6.526703 -64.920601 3.823975 -0.963300 -0.025100 -0.267400
3.235809 -69.263000 2.833984 0.373100 -0.287200 -0.882200
3.235809 -67.524498 2.987183 0.320600 0.536900 -0.780300
3.460083 -68.031601 2.942780 0.526200 0.178800 -0.831400
3.460083 -68.756004 2.878998 0.522500 -0.021100 -0.852400
2.712585 -69.480202 2.814087 0.059800 -0.423300 -0.904000
0.918701 -67.306900 3.002686 -0.072900 0.590100 -0.804100
0.395508 -69.262604 2.829590 -0.315900 -0.378200 -0.870100
0.470184 -67.524101 2.982880 -0.355600 0.450000 -0.819100
0.171204 -68.755501 2.873901 -0.521400 -0.026900 -0.852900
0.171204 -68.031097 2.937775 -0.524600 0.204800 -0.826400
3.176483 -69.453804 7.619690 0.678500 -0.722200 0.134200
3.176483 -67.602104 7.782776 0.689400 0.711100 0.138100
0.814697 -67.548500 7.783875 -0.234200 0.966500 0.105300
0.411407 -69.228401 7.635284 -0.749800 -0.649600 0.125400
0.469086 -67.735100 7.766876 -0.831800 0.542600 0.117100
2.838409 -69.794502 3.186096 0.157200 -0.937200 -0.311400
3.435394 -69.523201 3.210876 0.694000 -0.655000 -0.299000
3.691193 -68.890198 3.267090 0.958800 -0.167900 -0.229000
3.691193 -67.985901 3.346802 0.957700 0.199400 -0.207500
3.435394 -67.352798 3.402100 0.592700 0.778000 -0.208400
0.791595 -67.081100 3.421875 -0.197100 0.959900 -0.199300
0.194611 -69.522804 3.205902 -0.582200 -0.760300 -0.288200
-0.061218 -68.889702 3.261292 -0.957200 -0.172400 -0.232400
-0.061218 -67.985397 3.340973 -0.948400 0.245700 -0.200300
0.279907 -67.352402 3.397278 -0.677900 0.704800 -0.209100
4.383698 -68.410004 2.925385 -0.148200 -0.391700 -0.908100
4.046082 -68.037003 2.937286 -0.464300 -0.124200 -0.876900
3.878296 -66.795799 3.042999 -0.482700 0.324900 -0.813300
4.890808 -68.383400 2.962982 0.242600 -0.396000 -0.885600
5.780884 -65.583000 3.289398 -0.116700 0.579900 -0.806300
6.224609 -65.589104 3.319580 0.245700 0.562100 -0.789800
6.793396 -67.170700 3.209503 0.544600 -0.215400 -0.810500
6.625702 -65.929398 3.315186 0.525400 0.361700 -0.770200
6.836304 -66.601997 3.266174 0.599900 0.139900 -0.787800
4.316681 -68.612297 7.494476 -0.444800 -0.891100 0.089800
3.777405 -66.895302 7.644897 -0.930100 0.359100 0.077600
6.833710 -67.304604 7.300873 0.922200 -0.370900 0.109300
6.228088 -65.622002 7.448181 0.323600 0.931400 0.166600
4.250305 -68.745804 3.285187 -0.379700 -0.859800 -0.341500
4.835602 -68.737297 3.326477 0.285800 -0.906900 -0.309600
3.849182 -68.269699 3.302399 -0.879000 -0.389300 -0.275300
3.619293 -66.730598 3.431976 -0.887800 0.398000 -0.231300
5.783386 -65.325203 3.714783 -0.228600 0.951400 -0.206200
6.999695 -67.331802 3.609283 0.848100 -0.471800 -0.241100
7.032684 -66.632401 3.677673 0.975400 0.143500 -0.167600
6.769806 -65.792702 3.738892 0.835200 0.528000 -0.154100
6.296387 -65.353798 3.747589 0.378700 0.904100 -0.197900
-9.251892 -64.149597 2.759674 -0.208900 -0.607200 0.766600
-8.874695 -64.120697 2.764282 0.209700 -0.604000 0.768900
-8.464417 -63.806000 2.809479 0.429500 -0.452400 0.781600
-8.267303 -63.394501 2.868103 0.584200 -0.115800 0.803300
-9.585205 -63.797600 2.809174 -0.471200 -0.382400 0.794800
-9.075104 -61.323204 3.160980 0.465300 0.151700 0.872100
-9.378418 -61.035004 3.201477 0.223100 0.329700 0.917400
-10.393005 -61.726303 3.101990 -0.578100 -0.124300 0.806500
-9.785706 -61.000198 3.205902 -0.165200 0.367000 0.915400
-10.195892 -61.314804 3.160675 -0.415500 0.198900 0.887600
-9.261200 -63.135101 -0.892120 -0.253300 -0.873600 -0.415500
-8.202515 -62.323204 -0.775513 0.979900 -0.138500 -0.143300
-10.461090 -60.586700 -0.532104 -0.946000 0.324100 -0.010000
-9.370392 -59.802902 -0.493225 0.255100 0.953700 0.159200
-9.298492 -64.353600 2.388397 -0.307200 -0.949800 0.059500
-9.692017 -63.962097 2.443481 -0.813100 -0.571300 0.111700
-8.837219 -64.296898 2.397095 0.371300 -0.927800 0.036100
-8.325012 -63.904099 2.453491 0.746000 -0.661500 0.076700
-8.069305 -63.410904 2.523773 0.970400 -0.120900 0.209000
-8.977692 -61.037498 2.859375 0.785800 0.499200 0.365200
-10.600494 -61.588699 2.778992 -0.968600 0.014200 0.248400
-10.344696 -61.095497 2.849396 -0.732000 0.567300 0.377200
-9.832520 -60.702698 2.905792 -0.304700 0.838500 0.451700
-9.336914 -60.718803 2.904175 0.348700 0.808700 0.473700
-8.691895 -64.756500 2.716675 -0.544400 -0.154800 0.824400
-7.870117 -63.707504 2.866577 0.165400 0.409000 0.897400
-8.235016 -63.853798 2.845276 -0.327300 0.280200 0.902400
-8.577393 -64.290802 2.782898 -0.479000 0.107900 0.871100
-8.502716 -65.260201 2.645386 -0.454500 -0.405200 0.793300
-6.474518 -65.226402 2.652893 0.459400 0.153700 0.874900
-7.107117 -66.779099 2.431702 -0.163400 -0.658800 0.734300
-6.326996 -65.676903 2.589203 0.539000 -0.073800 0.839100
-6.742218 -66.632797 2.453003 0.337600 -0.536000 0.773700
-6.399811 -66.195702 2.515381 0.513300 -0.331200 0.791700
-8.777496 -63.635803 -0.953522 -0.993300 0.076400 -0.086200
-7.893890 -62.508003 -0.792297 -0.021500 0.978700 0.204200
-6.423798 -64.102104 -1.016602 0.855500 0.505000 0.114500
-7.110809 -65.762703 -1.253113 0.016800 -0.907300 -0.420200
-6.271118 -64.579002 -1.084015 0.992400 -0.071900 -0.099600
-8.704712 -65.273102 2.296997 -0.839800 -0.530200 0.116500
-8.909607 -64.684303 2.380280 -0.970000 -0.078200 0.230000
-8.753113 -64.120201 2.460602 -0.859800 0.392400 0.326800
-8.325592 -63.574600 2.538574 -0.591600 0.689200 0.418400
-7.883606 -63.374802 2.567474 0.175300 0.859300 0.480500
-6.280212 -65.093704 2.325684 0.841600 0.420400 0.339200
-7.101318 -66.992104 2.055176 -0.170900 -0.983900 0.052800
-6.659302 -66.792297 2.084076 0.603000 -0.795400 0.061000
-6.231812 -66.246704 2.162079 0.890500 -0.442300 0.106400
-6.122894 -65.621803 2.250885 0.971100 0.014000 0.238400
-2.911713 -69.495499 2.030701 -0.411600 -0.462500 0.785200
-2.911896 -67.770500 2.275482 -0.350500 0.313800 0.882400
-3.103119 -68.273598 2.203796 -0.540900 -0.030200 0.840500
-3.103119 -68.992302 2.101776 -0.541400 -0.203100 0.815900
-2.465210 -69.711098 2.000702 -0.072700 -0.626900 0.775700
-0.934906 -67.555000 2.308594 0.086300 0.371500 0.924400
-0.488190 -69.495697 2.033875 0.350500 -0.560000 0.750700
-0.552216 -67.770599 2.278473 0.385600 0.217700 0.896600
-0.296997 -68.992599 2.105499 0.540800 -0.208200 0.815000
-0.297119 -68.273804 2.207489 0.540000 -0.007600 0.841600
-2.979309 -68.413399 -1.944702 -0.732200 -0.605300 -0.312200
-2.979492 -66.558701 -1.681519 -0.705200 0.698000 0.124700
-0.900604 -66.327003 -1.645905 0.198100 0.951900 0.233900
-0.430908 -68.413597 -1.941315 0.741900 -0.597000 -0.305300
-0.498199 -66.558800 -1.678314 0.828800 0.552900 0.086400
-2.572601 -69.915901 1.588989 -0.183100 -0.981700 0.052700
-3.081909 -69.646599 1.626495 -0.726800 -0.677300 0.114100
-3.300293 -69.018501 1.715302 -0.965600 -0.193100 0.174000
-3.300415 -68.121201 1.842682 -0.961500 0.121400 0.246500
-3.082214 -67.493004 1.932098 -0.607300 0.674800 0.419400
-0.826508 -67.223999 1.973175 0.211400 0.854500 0.474500
-0.316895 -69.646797 1.630096 0.602300 -0.793500 0.087900
-0.098694 -69.018700 1.719482 0.965400 -0.193800 0.174400
-0.098816 -68.121399 1.846802 0.955700 0.161600 0.246200
-0.389893 -67.493202 1.935577 0.711500 0.579300 0.397800
-3.933014 -68.781204 2.110901 0.304500 -0.534100 0.788700
-3.680389 -68.363197 2.170502 0.512700 -0.286700 0.809300
-3.558105 -67.668900 2.269196 0.546700 -0.129500 0.827300
-3.639313 -67.114899 2.347687 0.467000 0.184600 0.864800
-4.359192 -68.830803 2.103302 -0.125000 -0.602300 0.788400
-5.327606 -66.204300 2.474701 0.103800 0.353200 0.929800
-5.698090 -66.276703 2.463989 -0.279700 0.278700 0.918700
-6.047394 -67.920204 2.230286 -0.469600 -0.427100 0.772700
-6.006317 -66.671997 2.407501 -0.505600 0.073300 0.859700
-6.128693 -67.366302 2.308777 -0.545500 -0.108500 0.831100
-3.888000 -67.763901 -1.905121 0.508900 -0.782100 -0.359600
-3.572296 -65.972504 -1.650513 0.855000 0.516600 0.045100
-6.111511 -66.858604 -1.779602 -0.897600 -0.384400 -0.215600
-5.737305 -65.090904 -1.528198 -0.446600 0.888000 0.109200
-3.821503 -68.992203 1.734802 0.536000 -0.836400 0.114500
-4.311707 -69.071304 1.722900 -0.153700 -0.984600 0.083200
-3.524109 -68.463104 1.810303 0.919600 -0.361600 0.153300
-3.371399 -67.596298 1.933502 0.976900 -0.062600 0.204200
-3.454895 -66.912003 2.030487 0.798900 0.477200 0.366200
-5.377197 -65.850700 2.178497 0.113900 0.866600 0.485900
-6.234009 -68.009903 1.871002 -0.798100 -0.587400 0.134000
-6.317505 -67.325600 1.967987 -0.976000 -0.006100 0.217900
-6.164795 -66.458900 2.091187 -0.895700 0.327600 0.300600
-5.803894 -65.955597 2.163086 -0.524200 0.720900 0.453300
9.234589 -64.150902 2.783783 0.206700 -0.607200 0.767100
8.249695 -63.395699 2.889679 -0.586400 -0.115700 0.801700
8.446899 -63.807304 2.831482 -0.431700 -0.452300 0.780400
8.857300 -64.121902 2.787384 -0.211800 -0.604000 0.768300
9.567810 -63.799004 2.834198 0.469000 -0.382400 0.796100
9.057007 -61.324501 3.184601 -0.467600 0.151800 0.870800
10.375092 -61.727798 3.129089 0.575900 -0.124400 0.808000
9.360199 -61.036400 3.225891 -0.225500 0.329700 0.916800
10.177887 -61.316299 3.187286 0.413100 0.198800 0.888700
9.767487 -61.001602 3.231384 0.162900 0.367000 0.915800
9.255493 -63.153801 -0.870422 0.254200 -0.875700 -0.410600
8.196594 -62.341698 -0.756622 -0.977400 -0.165000 -0.132100
9.043091 -60.122498 -0.514313 -0.819600 0.557400 0.132300
10.454803 -60.605598 -0.507324 0.946700 0.321900 -0.009100
9.364899 -59.821800 -0.470703 -0.099800 0.973100 0.207800
9.675507 -63.963501 2.468689 0.812600 -0.571300 0.115500
9.282104 -64.354904 2.412598 0.306900 -0.949700 0.062600
8.820801 -64.298203 2.420074 -0.371600 -0.927700 0.037200
8.308502 -63.905304 2.475189 -0.746300 -0.661200 0.076200
8.052582 -63.412003 2.544800 -0.971000 -0.120100 0.206600
8.960510 -61.038803 2.882782 -0.785100 0.499300 0.366600
10.583405 -61.590202 2.806702 0.967800 0.014700 0.251400
10.327484 -61.097000 2.876282 0.731200 0.567900 0.377900
9.815308 -60.704102 2.931396 0.303600 0.839500 0.450500
9.319702 -60.720100 2.928375 -0.350700 0.810100 0.469800
8.674500 -64.757698 2.739288 0.542200 -0.154800 0.825900
8.559906 -64.292099 2.805176 0.476700 0.107800 0.872400
8.217407 -63.855003 2.866791 0.325000 0.280100 0.903300
7.852509 -63.708603 2.887085 -0.167700 0.409000 0.897000
8.485382 -65.261398 2.667603 0.452300 -0.405200 0.794500
6.457184 -65.227303 2.669678 -0.461700 0.153800 0.873600
6.309784 -65.677803 2.605591 -0.541300 -0.073700 0.837600
7.090210 -66.780098 2.450195 0.161400 -0.658900 0.734800
6.382782 -66.196602 2.532074 -0.515400 -0.331200 0.790400
6.725281 -66.633804 2.470490 -0.339800 -0.536000 0.772800
8.753998 -63.636803 -0.930603 0.993100 0.077000 -0.088100
7.870209 -62.508804 -0.771698 -0.004800 0.984200 0.177200
7.087891 -65.763504 -1.234619 -0.018500 -0.907200 -0.420300
6.247894 -64.579597 -1.067719 -0.991300 0.103100 -0.082300
8.893097 -64.685600 2.403473 0.970000 -0.078000 0.230400
8.688385 -65.274399 2.319702 0.839800 -0.530100 0.116900
8.736481 -64.121498 2.483276 0.859500 0.392700 0.327200
8.308899 -63.575798 2.560181 0.591100 0.689500 0.418600
7.866882 -63.375900 2.587982 -0.175400 0.859200 0.480600
6.263885 -65.094604 2.341980 -0.841900 0.423000 0.335000
7.085388 -66.993103 2.073700 0.171500 -0.983800 0.052900
6.643311 -66.793304 2.101501 -0.602900 -0.795500 0.060700
6.215698 -66.247604 2.178375 -0.890500 -0.442500 0.105900
6.106689 -65.622704 2.266876 -0.971100 0.013200 0.238500
2.895508 -69.495903 2.038300 0.409500 -0.462600 0.786300
3.086792 -68.992798 2.109894 0.539200 -0.203100 0.817300
3.086700 -68.274002 2.211884 0.538600 -0.030300 0.842000
2.895294 -67.770897 2.282990 0.348200 0.313700 0.883400
2.449097 -69.711502 2.007080 0.070500 -0.626900 0.775900
0.918182 -67.555099 2.310974 -0.088600 0.371500 0.924200
0.535583 -67.770699 2.279999 -0.388000 0.217800 0.895600
0.472107 -69.495697 2.035095 -0.352600 -0.559900 0.749800
0.280609 -68.273804 2.208191 -0.542200 -0.007500 0.840200
0.280701 -68.992599 2.106201 -0.543000 -0.208100 0.813500
2.961395 -68.398598 -1.934814 0.732400 -0.603600 -0.314900
2.961182 -66.543900 -1.671600 0.676000 0.729700 0.102300
0.412994 -68.398399 -1.938110 -0.742900 -0.595000 -0.306800
0.479797 -66.543701 -1.674805 -0.664200 0.742200 0.089000
3.066895 -69.647102 1.634491 0.726700 -0.677500 0.113600
2.557495 -69.916199 1.595703 0.183100 -0.981800 0.051100
3.285095 -69.018997 1.723877 0.965500 -0.193300 0.174600
3.285004 -68.121597 1.851288 0.961200 0.121300 0.247700
3.066589 -67.493500 1.940094 0.607000 0.673900 0.421300
0.810883 -67.224098 1.975403 -0.210700 0.856600 0.471100
0.301788 -69.646904 1.630890 -0.602000 -0.793900 0.085500
0.083405 -69.018700 1.719788 -0.965600 -0.194100 0.173100
0.083282 -68.121399 1.847076 -0.955900 0.161100 0.245400
0.374298 -67.493301 1.936584 -0.712100 0.577700 0.398900
3.916687 -68.781700 2.121094 -0.306600 -0.534100 0.787900
3.622681 -67.115501 2.357178 -0.469300 0.184700 0.863500
3.541504 -67.669403 2.278473 -0.548900 -0.129400 0.825800
3.664001 -68.363701 2.180084 -0.514900 -0.286700 0.807900
4.342896 -68.831497 2.114594 0.122800 -0.602300 0.788800
5.310608 -66.205101 2.488586 -0.106200 0.353200 0.929500
6.030884 -67.921104 2.246002 0.467500 -0.427100 0.774000
5.681183 -66.277504 2.478790 0.277300 0.278700 0.919500
6.112091 -67.367203 2.324677 0.543300 -0.108600 0.832500
5.989502 -66.672897 2.423096 0.503300 0.073200 0.861000
3.879700 -67.764503 -1.895020 -0.508400 -0.782000 -0.360500
3.563599 -65.973000 -1.641205 -0.855200 0.516600 0.043400
6.102997 -66.859497 -1.763702 0.898000 -0.384500 -0.213900
5.728302 -65.091698 -1.513306 0.446200 0.888200 0.110100
4.296509 -69.071899 1.734192 0.153500 -0.984600 0.083600
3.806183 -68.992798 1.744781 -0.536300 -0.836400 0.113300
3.508698 -68.463600 1.819489 -0.920000 -0.361600 0.151100
3.355682 -67.596802 1.942200 -0.977400 -0.062500 0.201900
3.439087 -66.912498 2.039398 -0.799600 0.477300 0.364300
5.361084 -65.851402 2.192474 -0.114900 0.866600 0.485600
6.218506 -68.010803 1.887299 0.797800 -0.587500 0.135800
6.301910 -67.326599 1.984497 0.975500 -0.006200 0.220100
6.148895 -66.459801 2.107300 0.895000 0.327600 0.302700
5.787903 -65.956398 2.178192 0.523200 0.720900 0.454500
-15.496002 -64.213303 42.414886 -0.052300 -0.998600 0.000000
-15.441406 -63.171303 46.309082 -0.044400 -0.846300 0.530900
-17.385803 -63.069397 45.787384 -0.309400 -0.832400 0.459800
-18.809204 -62.994804 44.362000 -0.503500 -0.822200 0.265500
-19.330200 -62.967499 42.414886 -0.574500 -0.818500 0.000000
-18.809204 -62.994804 40.467896 -0.503500 -0.822200 -0.265400
-17.385803 -63.069397 39.042480 -0.309400 -0.832400 -0.459800
-15.441406 -63.171303 38.520782 -0.044400 -0.846300 -0.530900
-13.497009 -63.273201 39.042480 0.220700 -0.860200 -0.459800
-12.073608 -63.347801 40.467896 0.414800 -0.870300 -0.265400
-11.552612 -63.375099 42.414886 0.485800 -0.874100 0.000000
-12.073608 -63.347801 44.362000 0.414800 -0.870300 0.265500
-13.497009 -63.273201 45.787384 0.220700 -0.860200 0.459800
-15.292206 -60.324501 49.159790 -0.025200 -0.481700 0.876000
-18.660004 -60.148003 48.256073 -0.462600 -0.458800 0.758600
-21.125397 -60.018799 45.787384 -0.782800 -0.442000 0.438000
-22.027802 -59.971504 42.414886 -0.900000 -0.435800 0.000000
-21.125397 -60.018799 39.042480 -0.782800 -0.442000 -0.438000
-18.660004 -60.148003 36.573700 -0.462600 -0.458800 -0.758600
-15.292206 -60.324501 35.670074 -0.025200 -0.481700 -0.876000
-11.924408 -60.500999 36.573700 0.412100 -0.504600 -0.758600
-9.459015 -60.630203 39.042480 0.732300 -0.521400 -0.438000
-8.556610 -60.677498 42.414886 0.849500 -0.527500 0.000000
-9.459015 -60.630203 45.787384 0.732300 -0.521400 0.438000
-11.924408 -60.500999 48.256073 0.412100 -0.504600 0.758600
-15.088409 -56.435699 50.203186 -0.013500 -0.258500 0.965900
-18.977203 -56.231903 49.159790 -0.495800 -0.233200 0.836500
-21.824005 -56.082703 46.309082 -0.848900 -0.214700 0.483000
-22.865997 -56.028099 42.414886 -0.978100 -0.207900 0.000000
-21.824005 -56.082703 38.520782 -0.848900 -0.214700 -0.483000
-18.977203 -56.231903 35.670074 -0.495800 -0.233200 -0.836500
-15.088409 -56.435699 34.626587 -0.013500 -0.258500 -0.965900
-11.199615 -56.639503 35.670074 0.468800 -0.283700 -0.836500
-8.352814 -56.788704 38.520782 0.821800 -0.302200 -0.483000
-7.310791 -56.843300 42.414886 0.951100 -0.309000 0.000000
-8.352814 -56.788704 46.309082 0.821800 -0.302200 0.483000
-11.199615 -56.639503 49.159790 0.468800 -0.283700 0.836500
15.565399 -64.205002 42.414886 0.069800 -0.997600 0.000000
15.492584 -63.164200 46.309082 0.059100 -0.845400 0.530900
13.550293 -63.300003 45.787384 -0.205700 -0.863900 0.459800
12.128387 -63.399399 44.362000 -0.399500 -0.877400 0.265400
11.607910 -63.435799 42.414886 -0.470500 -0.882400 -0.000000
12.128387 -63.399399 40.467896 -0.399500 -0.877400 -0.265400
13.550293 -63.300003 39.042480 -0.205700 -0.863900 -0.459800
15.492584 -63.164200 38.520782 0.059100 -0.845400 -0.530900
17.434906 -63.028297 39.042480 0.323900 -0.826900 -0.459800
18.856781 -62.928902 40.467896 0.517800 -0.813300 -0.265400
19.377289 -62.892502 42.414886 0.588700 -0.808300 0.000000
18.856781 -62.928902 44.362000 0.517800 -0.813300 0.265500
17.434906 -63.028297 45.787384 0.323900 -0.826900 0.459800
15.293701 -60.320404 49.159790 0.033600 -0.481200 0.876000
11.929504 -60.555603 48.256073 -0.403300 -0.511700 0.758600
9.466797 -60.727798 45.787384 -0.723100 -0.534100 0.438000
8.565308 -60.790901 42.414886 -0.840200 -0.542300 0.000000
9.466797 -60.727798 39.042480 -0.723100 -0.534100 -0.438000
11.929504 -60.555603 36.573700 -0.403300 -0.511700 -0.758600
15.293701 -60.320404 35.670074 0.033600 -0.481200 -0.876000
18.657990 -60.085098 36.573700 0.470600 -0.450600 -0.758600
21.120697 -59.912903 39.042480 0.790400 -0.428200 -0.438000
22.022186 -59.849899 42.414886 0.907500 -0.420100 0.000000
21.120697 -59.912903 45.787384 0.790400 -0.428200 0.438000
18.657990 -60.085098 48.256073 0.470600 -0.450600 0.758600
15.022095 -56.435699 50.203186 0.018100 -0.258200 0.965900
11.137482 -56.707397 49.159790 -0.463700 -0.291900 0.836500
8.293701 -56.906204 46.309082 -0.816400 -0.316500 0.483000
7.252808 -56.979004 42.414886 -0.945500 -0.325600 -0.000000
8.293701 -56.906204 38.520782 -0.816400 -0.316500 -0.483000
11.137482 -56.707397 35.670074 -0.463700 -0.291900 -0.836500
15.022095 -56.435699 34.626587 0.018100 -0.258200 -0.965900
18.906799 -56.164101 35.670074 0.499800 -0.224500 -0.836500
21.750610 -55.965202 38.520782 0.852500 -0.199800 -0.483000
22.791382 -55.892403 42.414886 0.981600 -0.190800 0.000000
21.750610 -55.965202 46.309082 0.852500 -0.199800 0.483000
18.906799 -56.164101 49.159790 0.499800 -0.224500 0.836500
