0.000000 41.299599 42.845886 0.000000 0.984700 -0.174100
-19.343399 -23.090200 -53.307312 0.017900 -0.857800 0.513700
0.000000 -72.449799 61.125992 -0.000000 -0.999500 0.030400
0.000000 35.516701 -22.433624 -0.000000 0.819400 0.573200
0.370209 -36.927502 -38.852600 0.007300 0.288200 -0.957500
0.259811 -71.020401 15.257202 0.005900 -0.898300 0.439300
0.413300 -72.139404 13.685394 0.007200 -0.794500 0.607200
0.440598 -73.184799 12.403900 0.012900 -0.891700 0.452400
0.000000 -71.126701 45.995392 -0.000000 -0.986000 -0.167000
0.294510 -49.916401 -33.017609 0.001300 -0.848400 -0.529300
0.000000 26.314299 10.397186 0.000000 0.907900 -0.419300
0.000000 39.224602 71.007584 0.000000 0.912500 0.409100
0.342010 -44.913300 -37.953705 0.005000 -0.416900 -0.908900
0.000000 -68.974304 84.719681 -0.000000 -0.610200 0.792200
0.148209 -70.476898 16.404297 0.006300 -0.997600 -0.068500
0.119003 -70.635002 16.736694 0.024300 -0.902100 -0.430900
0.000000 -48.962700 95.338486 -0.000000 -0.283700 0.958900
0.000000 -80.045403 18.595276 -0.000000 -0.575800 -0.817600
0.348602 -30.036201 -32.885315 0.007100 0.613600 -0.789600
0.334610 -21.449501 -27.022217 -0.258100 -0.811400 -0.524400
0.128006 -27.844400 -35.554199 -0.001000 -0.992600 0.121600
-2.046600 -71.662300 22.779388 -0.274000 -0.214400 -0.937500
0.216507 -21.816000 -27.304626 -0.012900 -0.748400 0.663100
0.247208 -72.009399 8.577087 -0.000800 -0.677200 -0.735800
0.000000 -73.582603 40.871002 -0.000000 -0.781500 0.623900
0.731308 -56.874504 -24.160522 -0.159000 -0.970900 0.179100
-43.040298 -25.266201 19.930389 -0.975400 -0.143100 -0.168000
0.433701 -73.454300 11.620697 0.010900 -0.999800 -0.018800
1.667999 -55.504700 -26.813721 0.123600 -0.390500 -0.912300
0.000000 -75.155502 37.317200 -0.000000 -0.955900 0.293600
0.000000 -77.643402 27.836487 0.000000 -0.871200 0.490900
0.000000 -75.902298 33.103973 -0.000000 -0.968100 0.250700
0.000000 -71.429901 43.428680 -0.000000 -0.990900 0.134400
0.003998 -75.804901 18.029877 -0.000900 -0.155400 -0.987900
0.000000 -72.117104 64.960892 -0.000000 -0.998000 0.063300
0.128799 -70.535797 7.795776 0.005900 -0.034700 -0.999400
0.000000 -76.076004 77.315094 -0.000000 -0.936400 0.351100
0.000000 -81.753899 22.887390 -0.000000 -0.987000 0.160600
0.000000 -71.717499 42.264893 -0.000000 -0.828000 0.560700
0.000000 -71.770302 48.559784 -0.000000 -0.962500 -0.271200
0.000000 -72.400398 52.428986 -0.000000 -0.999900 0.013300
0.249603 -52.401501 -27.417419 0.035000 -0.583200 -0.811600
0.070801 -71.647400 17.240387 -0.005100 -0.353100 -0.935600
0.000000 19.260798 91.747482 0.000000 0.531000 0.847400
1.093399 -56.961098 -25.675323 -0.028400 -0.893000 -0.449200
0.000000 29.561598 -13.073608 -0.000000 0.935000 0.354700
0.355103 -72.983200 10.051392 0.003700 -0.908100 -0.418700
0.000000 81.753799 -88.577301 -0.000000 0.997500 0.070300
0.274902 -50.871002 -30.521606 -0.000200 -0.934500 -0.356000
0.000000 -42.062500 -88.577301 0.000000 -0.992100 0.125400
0.000000 -76.785301 73.446594 -0.000000 -0.895800 -0.444500
0.000000 -72.378403 56.829086 -0.000000 -1.000000 -0.005000
0.000000 -74.278603 39.359100 -0.000000 -0.912500 0.409100
0.000000 -8.269900 101.383087 0.000000 0.126400 0.992000
0.000000 -27.944500 -53.966705 -0.000100 -0.966500 0.256500
0.000000 -76.773399 30.470398 -0.000000 -0.953400 0.301900
0.000000 49.751602 -36.036926 -0.000000 0.635500 0.772100
-30.669296 -48.960300 46.683502 -0.897200 -0.428000 0.108700
-28.592499 -54.772301 49.595490 -0.935500 -0.255100 0.244400
-23.632996 -61.229401 55.878891 -0.775700 -0.441700 0.450800
-19.198395 -65.271904 57.964981 -0.666900 -0.684200 0.295000
-13.728592 -68.872398 58.869095 -0.528900 -0.829600 0.179000
-8.867401 -71.168503 58.282684 -0.213500 -0.952500 0.217300
-4.012894 -72.000198 57.316391 -0.019000 -0.981500 0.190500
-21.982101 -62.543900 36.143799 -0.536900 -0.740300 0.404600
-25.478592 -59.206902 35.527893 -0.637800 -0.715700 0.284600
-27.359695 -56.761497 37.383179 -0.706100 -0.658700 0.259900
-16.580002 -65.453697 35.345978 -0.294300 -0.886600 0.356900
-2.547592 -51.151100 -30.817200 -0.045900 -0.978800 -0.199400
-7.208801 -49.720600 -31.133820 -0.472900 -0.876600 -0.089100
-11.893692 -46.588402 -28.359222 -0.608200 -0.744700 -0.274700
-15.861496 -51.350800 -16.612427 0.075800 -0.931400 -0.355900
-15.429993 -53.837204 -8.665497 -0.249800 -0.921000 -0.298800
-18.695694 -55.734802 -0.186798 -0.301300 -0.875000 -0.378900
-19.069794 -61.731598 12.013275 -0.517400 -0.815700 -0.258700
-15.821594 -65.111504 18.341675 -0.322600 -0.905500 -0.275800
-11.210190 -68.436104 24.238800 -0.168400 -0.896600 -0.409500
-8.164688 -71.379204 27.020386 -0.418200 -0.903200 -0.097000
-28.188889 -52.911003 64.020981 -0.819500 -0.548700 -0.165100
-23.405899 -60.930099 72.669189 -0.725500 -0.688200 -0.000200
-15.590195 -66.900497 74.493393 -0.619500 -0.728400 -0.292600
-9.166092 -72.628799 73.630081 -0.477900 -0.692300 -0.540700
-3.950699 -75.127899 74.662384 -0.402100 -0.915100 0.029300
-11.879791 -67.429001 33.712280 -0.299100 -0.851900 0.429800
-7.996490 -67.794899 35.946381 -0.571300 -0.651000 0.499800
-4.920593 -69.736504 37.983093 -0.755400 -0.578300 0.308000
-2.373001 -73.355400 39.022186 -0.658600 -0.690900 0.298100
-24.936691 -61.649498 41.889282 -0.780900 -0.611100 -0.129100
-20.470291 -64.929100 44.470276 -0.518500 -0.854800 0.024000
-101.903992 46.632500 -88.577301 -0.655100 0.734500 0.176800
-117.950287 24.690798 -88.577301 -0.966000 0.086100 0.243800
-70.676697 -26.681601 -88.577301 -0.536400 -0.843200 0.036300
-36.106201 -44.222401 -88.577301 -0.365200 -0.915500 0.168800
-11.232300 -41.717800 -88.577301 0.401300 -0.913200 0.070700
-7.294693 -41.315399 -88.577301 0.004500 -0.993500 0.114100
-15.293396 -67.577301 45.822876 -0.309800 -0.937400 0.158700
-10.971390 -68.579399 45.191986 0.252700 -0.952800 0.168200
-8.423691 -66.428497 42.718475 0.588900 -0.770600 -0.243600
-4.345596 -68.656601 84.964783 -0.069200 -0.613100 0.787000
-5.510101 -50.566101 95.145081 -0.031200 -0.326300 0.944700
-8.912994 -10.308301 100.656891 -0.159300 0.078300 0.984100
-10.254196 -51.179100 94.281281 -0.311600 -0.315400 0.896300
-17.825989 -12.346601 98.660385 -0.239800 0.046200 0.969700
-34.673889 42.960304 -36.720520 -0.142200 0.531200 0.835200
-20.029495 -48.877998 -88.577301 0.170100 -0.971200 0.166700
-43.381287 -23.394701 23.199493 -0.987400 -0.062600 -0.145400
-2.916199 -27.820000 -53.966705 -0.103500 -0.955600 0.275900
-6.685089 -27.164600 -53.966705 -0.402500 -0.864500 0.301100
-9.323593 -25.100300 -54.080322 -0.541800 -0.758300 0.362600
-12.496689 -22.759201 -53.786713 -0.183200 -0.863100 0.470600
-36.586288 -30.458500 38.716400 -0.872800 0.160000 -0.461100
-33.041489 -27.929001 30.136780 -0.987200 -0.138800 0.079200
-41.574493 -23.323301 44.877502 -0.721900 -0.253500 -0.643900
-41.766800 -29.094900 42.041901 -0.728100 0.178800 -0.661700
-42.235199 -22.851700 40.095886 -0.776700 -0.615200 0.135000
-41.953690 -25.992601 33.793976 -0.637600 -0.769900 0.026800
-41.178192 -24.786600 39.924896 -0.911300 -0.410800 -0.029400
-36.266800 -10.642800 9.695099 -1.000000 -0.007000 -0.001600
-39.630997 -33.065498 36.792877 -0.948400 -0.314300 -0.042200
-42.911591 -19.541000 32.393799 -0.912800 -0.397800 0.092200
-42.698792 -21.653301 29.247498 -0.917100 -0.373300 0.139600
-42.835602 -26.408701 24.045685 -0.741300 -0.650600 0.164800
-36.283295 -28.367901 23.190277 -0.878900 -0.329000 0.345300
-43.467102 -18.766201 46.381287 -0.795000 -0.359700 -0.488500
-43.428284 -16.297401 38.548401 -0.844400 -0.533600 0.047200
-14.285995 -53.826698 -8.786499 -0.327900 -0.913500 -0.240900
-2.427200 -71.826202 8.829498 -0.124000 -0.731600 -0.670300
-2.515198 -56.616798 -24.223511 -0.047000 -0.991200 0.124100
-5.787399 -56.578003 -23.006500 -0.165500 -0.977600 0.129700
-13.270798 -53.126099 -14.526398 0.477600 -0.720700 0.502500
-10.491699 -54.118004 -19.944214 -0.226800 -0.953500 0.198400
-5.895798 -70.947304 8.541290 -0.210000 -0.787600 -0.579300
-10.817902 -67.555099 6.602173 -0.582300 -0.622700 -0.522700
-12.469193 -59.444099 1.707275 -0.728600 -0.523700 -0.441400
-10.716690 -54.102501 -21.511322 -0.660000 -0.695700 -0.283600
-6.424988 -56.218597 -24.767120 -0.393200 -0.855000 -0.338100
-2.765701 -56.570900 -25.913513 -0.130100 -0.881700 -0.453600
-2.622696 -72.741798 10.416077 -0.188500 -0.915800 -0.354700
-6.318893 -71.540703 10.075592 -0.372200 -0.881300 -0.291100
-10.997299 -68.078804 7.692993 -0.649700 -0.706300 -0.281200
-5.952393 -69.345299 15.789185 -0.468000 -0.854000 0.227300
-1.497589 -71.273201 15.414398 0.031900 -0.852900 0.521000
-3.303802 -70.719299 15.337799 -0.386000 -0.800700 0.458100
-0.593201 -71.017502 15.274994 0.115800 -0.907300 0.404200
-1.950592 -70.224098 17.445801 -0.400600 -0.842800 -0.359400
-0.742691 -70.215599 17.022491 -0.253600 -0.944300 -0.209800
-1.675888 -70.820198 16.386475 -0.096800 -0.886300 0.452900
-0.681900 -70.903801 16.125275 0.062000 -0.937800 0.341600
-0.492096 -72.146797 13.681702 0.207900 -0.740100 0.639600
-1.293900 -72.718498 13.554199 0.035100 -0.818500 0.573400
-38.666092 -29.404202 44.648285 -0.245900 -0.545200 0.801400
-41.451889 -31.037500 47.231476 0.056900 -0.733300 0.677500
-43.616302 -30.733601 45.152588 -0.799200 -0.584100 0.141600
-36.538193 -19.837400 25.810181 -0.613500 0.770500 -0.172900
-38.027390 -21.421801 20.412201 -0.509400 0.759000 -0.405500
-42.778702 -19.487101 21.729675 -0.494700 0.742100 -0.452300
-44.556488 -20.938501 27.835785 -0.978800 -0.177700 0.101300
-38.380096 -31.686701 23.362000 -0.991800 0.031100 -0.123900
-38.979797 14.775599 -24.580597 -0.740800 -0.455100 0.494200
-37.597092 3.062799 -1.362915 -0.980800 0.166500 0.101100
-34.884796 -0.665401 21.435883 -0.974300 0.189400 0.122200
-35.548096 -0.755701 35.574188 -0.976700 0.211500 -0.035700
-7.324600 -69.754898 25.794281 -0.056400 -0.613900 -0.787400
-10.497391 -66.328400 21.720398 -0.139000 -0.892600 -0.428900
-14.340698 -52.075302 -17.286011 -0.816000 -0.480300 -0.321800
-28.263992 -55.102898 42.593903 -0.784300 -0.498500 -0.369300
-25.874695 -60.133598 45.592896 -0.535500 -0.715800 -0.448200
-44.600891 -26.468601 47.194702 -0.949600 -0.233800 0.208600
-44.525787 -21.524302 48.108185 -0.980500 0.027000 0.194500
-46.144409 -15.675501 38.445587 -0.978700 -0.204200 -0.019600
-45.267609 -19.422600 31.283203 -0.935700 -0.352800 0.007500
-42.261597 -23.979500 16.812988 -0.566400 0.385900 -0.728200
-41.524200 -28.184200 15.009399 -0.496000 -0.295300 -0.816600
-42.276489 -32.074501 41.535187 -0.622900 -0.778000 -0.081800
-41.647888 -26.575300 49.686584 0.081000 -0.291600 0.953100
-42.588394 -19.566601 50.508179 -0.100000 0.253900 0.962100
-44.316589 -12.454700 39.145386 -0.283300 0.957300 -0.058100
-43.538696 -16.902000 31.402283 -0.333600 0.860000 -0.386100
-37.862793 -23.310801 18.147095 -0.629900 0.492800 -0.600300
-37.791901 -27.077202 16.071991 -0.605900 0.204300 -0.768900
-38.340698 -32.462200 41.930176 -0.627300 -0.747500 0.218400
-38.301392 -25.562201 46.392578 -0.336600 -0.111900 0.935000
-38.064590 -20.077101 46.033875 0.626700 0.251000 0.737700
-36.903595 -16.056000 39.796173 -0.989300 0.049700 -0.137500
-37.315796 -31.260101 18.686584 -0.679300 -0.642100 -0.355300
-37.552689 -16.875801 43.490295 -0.993300 0.097300 -0.063100
-37.123489 -18.750301 19.247803 -0.974900 0.215700 0.056000
-35.604492 -10.795101 18.303680 -0.993600 0.101700 0.048600
-36.802094 -32.975601 58.859589 -0.972500 -0.232500 -0.010600
-37.593597 -30.448601 50.658783 -0.965300 -0.190200 0.178700
-27.294296 -15.135900 -35.398621 -0.385900 -0.860900 0.331600
-28.539001 -15.049001 -17.664612 -0.320000 -0.935100 -0.152200
-1.302094 -23.602901 -30.292114 -0.391600 -0.708700 0.586800
-6.441498 -18.646200 -28.952515 -0.578600 -0.810800 0.088200
-12.422089 -14.736700 -26.689819 -0.783400 -0.559100 -0.271600
-15.309692 -8.619700 -27.359497 -0.371800 -0.928100 0.018900
-37.717194 -15.608601 53.658493 -0.998100 0.024400 -0.057100
-9.028992 -66.635002 85.699387 -0.403600 -0.550400 0.730900
-13.617889 -53.540802 91.338089 -0.488800 -0.374600 0.787900
-2.871902 -75.062500 78.855789 -0.125800 -0.877300 0.463100
-3.621902 -72.965302 49.211090 0.106100 -0.936200 -0.335200
-7.312790 -72.690903 49.576782 -0.361300 -0.797800 -0.482700
-10.663391 -70.561302 51.902985 -0.541200 -0.680600 -0.493800
-17.724701 -67.783798 50.463501 -0.395600 -0.846800 -0.355700
-24.491699 -63.503700 49.345795 -0.481000 -0.756100 -0.443900
-25.554001 -58.817001 40.659576 -0.669700 -0.546900 -0.502500
-7.686401 -64.671898 41.990784 0.023100 -0.972600 0.231400
-8.852600 -65.949104 41.896301 -0.229000 -0.358300 -0.905100
-11.352997 -68.148300 44.062286 -0.157100 -0.626100 -0.763800
-15.438889 -67.013802 44.610382 -0.176000 -0.393400 -0.902300
-20.067688 -64.598801 43.337280 0.124400 -0.375800 -0.918300
-23.943192 -62.203697 41.111084 -0.051200 -0.523600 -0.850400
-33.850891 -43.823303 46.924988 -0.917100 -0.370600 0.147000
-30.010788 -52.222000 38.422974 -0.790400 -0.578800 0.200400
-33.754089 -48.489403 35.650299 -0.940400 -0.286300 0.183300
-33.863602 -43.896202 26.621185 -0.998000 -0.062100 -0.007300
-29.831589 -16.608002 -0.666626 -0.756000 -0.357700 -0.548200
-31.085297 -22.908600 -4.288818 -0.905200 0.204000 -0.372800
-20.816299 -59.334297 13.090302 -0.853800 -0.502900 -0.134400
-18.506897 -63.076698 18.578583 -0.674200 -0.727800 -0.125600
-21.672195 -53.500801 0.921295 -0.844700 -0.482400 -0.232000
-20.359497 -50.136200 -7.807098 -0.783800 -0.561000 -0.266300
-26.190201 -23.421200 -53.723206 -0.341300 -0.830600 0.440000
-14.720490 -49.887100 -16.305298 -0.065000 -0.893000 -0.445400
-8.213394 -51.531502 -21.545227 -0.836900 0.259700 -0.481800
-6.826599 -50.790501 -27.132904 -0.583100 -0.610200 -0.536300
-2.716599 -52.161201 -27.445526 -0.123000 -0.579500 -0.805600
-30.785690 -27.753201 -5.498901 -0.927700 -0.009100 -0.373100
-30.063690 -32.027199 -6.714203 -0.938500 -0.151500 -0.310300
-2.669495 -27.509201 -35.494904 -0.259500 -0.955900 0.137400
-3.019897 -21.191502 -26.556122 -0.555500 -0.368500 -0.745400
-2.967697 -29.859701 -32.489410 -0.265900 0.612700 -0.744300
-7.775299 -31.934200 -30.544220 -0.426800 0.619800 -0.658600
-15.813690 -28.792801 -23.316101 -0.506000 0.491000 -0.709100
-24.149902 -22.260500 -13.758209 -0.714000 0.294200 -0.635300
-35.473297 -24.359800 7.927094 -0.931800 -0.135100 -0.337000
-37.802795 -35.291199 28.151886 -0.902700 -0.417900 -0.102200
-8.740799 -64.703903 42.319580 -0.983800 -0.074100 -0.163000
-8.065094 -66.024498 41.147003 0.024900 -0.941400 0.336300
-9.834091 -66.481003 40.384003 -0.183600 -0.926900 0.327400
-12.549988 -66.321098 40.123474 -0.101500 -0.631200 0.769000
-11.018402 -65.355301 44.809479 -0.498100 0.124500 -0.858200
-16.473297 -64.855598 40.810791 -0.072700 -0.414900 0.907000
-15.476501 -64.358803 46.151276 0.041600 0.226200 -0.973200
-20.541702 -63.400604 41.399902 -0.395700 -0.581700 0.710700
-23.982101 -60.274902 41.746277 0.680800 -0.147400 -0.717500
-26.218491 -59.069801 43.893494 -0.830900 -0.542600 -0.123800
-20.778595 -61.116798 45.129089 0.504500 0.187500 -0.842800
-34.522598 -42.277199 32.887695 -0.961100 -0.275500 -0.019000
-34.590393 -45.855202 21.638702 -0.973400 -0.142700 -0.179000
-31.951492 -49.934402 20.145691 -0.793800 -0.450400 -0.408600
-27.369095 -56.457504 19.856781 -0.628400 -0.663600 -0.405900
-22.341599 -58.790398 19.777283 -0.591200 -0.737100 -0.327400
-26.621994 -30.378101 -13.433014 -0.893900 0.033800 -0.447000
-30.048492 -35.726799 -0.226227 -0.922800 -0.329100 -0.200400
-29.286301 -43.056999 11.139893 -0.823000 -0.446700 -0.350900
-32.671402 -56.176300 30.170685 -0.817900 -0.574000 0.040500
-26.787003 -56.002800 40.015991 -0.801500 -0.597600 -0.020500
-24.128998 -58.628403 38.940277 -0.585400 -0.806800 0.079800
-20.979797 -62.056999 37.101685 -0.588500 -0.745500 0.312800
-16.152802 -64.710098 36.315094 -0.290700 -0.936300 0.197200
-11.569199 -65.600304 34.813202 -0.220100 -0.838900 0.497700
-7.915192 -66.340797 37.175476 -0.559700 -0.615600 0.554800
-5.547089 -67.419800 39.236389 -0.741500 -0.403300 0.536200
-2.409988 -72.592804 40.570801 -0.606100 -0.596300 0.526300
-32.392792 -31.623199 1.932373 -0.918800 -0.259200 -0.297700
-21.776199 -62.580299 72.057785 -0.674600 -0.737600 0.028600
-19.987091 -64.709801 63.415787 -0.719100 -0.694800 0.013800
-19.683197 -68.598999 53.489288 -0.563500 -0.826100 -0.001600
-4.418289 -71.401802 71.937790 -0.339900 -0.939500 0.042000
-9.138794 -72.039001 61.943787 -0.211700 -0.976800 0.034000
-8.555298 -73.956299 54.162491 -0.235500 -0.970100 0.058700
-7.404495 -71.176201 48.190399 -0.497600 -0.529400 -0.687000
-7.431793 -69.141998 47.069885 -0.479800 -0.592000 -0.647600
-7.716888 -68.144203 46.024597 -0.530200 -0.598200 -0.600800
-5.844589 -69.478897 46.466492 -0.515700 -0.665600 -0.539500
-9.625793 -60.076004 42.932678 -0.807000 -0.184100 -0.561100
-12.209702 -64.457001 17.540100 -0.305000 -0.925400 -0.224800
-2.354889 -74.293999 37.011993 -0.669700 -0.706900 0.227400
-2.523102 -70.693604 41.714874 -0.686600 -0.655600 0.314400
-6.934402 -64.881798 42.749573 -0.310300 -0.950100 -0.033400
-7.994797 -64.882401 44.553284 0.008000 -0.954500 -0.298200
-5.534698 -66.071701 42.149475 -0.603500 -0.726500 -0.328700
-5.428589 -65.508400 40.593903 -0.502800 -0.859900 0.088200
-3.997498 -70.942299 35.722382 -0.763400 -0.618300 0.186800
-22.836288 -42.044800 -13.253601 -0.799000 -0.506200 -0.324800
-23.240402 -44.890701 -5.088318 -0.784000 -0.556300 -0.275400
-23.446396 -47.263901 1.885895 -0.751800 -0.598600 -0.276500
-33.918198 -46.762001 40.286102 -0.936800 -0.331700 0.111100
-30.891495 -50.992901 42.981201 -0.885900 -0.458400 0.071600
-29.226089 -52.289101 52.329483 -0.904900 -0.412100 0.106800
-28.126694 -57.210899 34.666290 -0.612200 -0.638500 0.466400
-23.192688 -59.103203 40.281097 -0.539400 -0.784400 -0.306400
-22.962799 -56.158501 42.769775 0.885400 -0.463000 0.040500
-7.503296 -65.682503 38.699280 -0.090400 -0.980600 0.174000
-20.674393 -58.082199 40.572693 0.300200 -0.168400 0.938900
-37.136688 -14.155300 -52.120026 -0.448900 -0.711100 0.541100
-10.530396 -61.167702 40.524780 -0.483200 -0.135600 0.864900
-17.095901 -59.730904 39.821777 0.105400 -0.016300 0.994300
-13.341400 -60.956001 39.849487 -0.096500 -0.061800 0.993400
-21.154388 -63.234001 46.920074 -0.396300 -0.769500 -0.500900
-15.204498 -66.115402 47.991699 -0.301100 -0.861200 -0.409500
-10.589890 -66.985001 46.865997 -0.013600 -0.986600 -0.162600
-20.044098 -56.985603 45.252197 0.273900 -0.180400 -0.944700
-15.907593 -58.817299 45.617798 -0.093600 -0.118500 -0.988500
-11.998001 -59.893799 44.643402 -0.446100 -0.124700 -0.886200
-1.580002 -75.211304 18.952881 -0.477600 0.120100 -0.870300
-1.244995 -72.358902 18.115997 -0.697700 -0.335900 -0.632700
-4.022400 -69.349602 18.013397 -0.273500 -0.840800 -0.467100
-7.811600 -70.860603 17.472595 -0.120700 -0.319500 -0.939900
-6.291397 -71.278801 18.280579 0.516400 -0.196200 -0.833600
-3.941498 -75.313400 19.076599 0.120800 -0.155000 -0.980500
-2.261993 -44.943298 -37.996918 -0.051600 -0.344800 -0.937300
-3.245789 -36.801399 -38.631500 -0.239400 0.270000 -0.932600
-7.366699 -49.725800 -33.838104 -0.445200 -0.789600 -0.422200
-2.621002 -51.030701 -33.777710 0.077700 -0.883500 -0.461900
-8.355301 -35.958603 -35.917206 -0.429200 0.421800 -0.798700
-7.227097 -44.394501 -37.580719 -0.325200 -0.208100 -0.922500
-16.039200 -35.091103 -30.393219 -0.583700 0.416600 -0.697000
-22.096497 -35.366600 -21.846802 -0.872700 -0.038400 -0.486700
-19.513092 -39.543400 -27.019012 -0.833200 -0.263600 -0.486000
-13.556900 -41.988300 -33.547607 -0.691400 -0.214000 -0.690000
-14.374100 -63.309700 8.224884 -0.786800 -0.584500 -0.198200
-7.218796 -68.632904 13.994598 -0.624700 -0.709500 0.326100
-3.475891 -71.677101 13.802673 -0.431800 -0.723700 0.538300
-9.486801 -68.204102 72.746094 -0.343700 -0.912300 0.222600
-15.181992 -66.270004 73.023788 -0.445500 -0.871500 0.204900
-24.919189 -56.994102 63.888382 -0.804600 -0.593000 -0.031100
-32.491302 -42.851200 53.481491 -0.921600 -0.334000 0.197800
-36.139099 -1.521700 49.254974 -0.978300 0.193900 -0.073300
-32.529800 7.445700 26.125397 -0.915400 0.384100 -0.120200
-29.740189 17.814501 -4.333313 -0.660800 0.662200 0.353400
-16.057495 27.962900 -10.351624 -0.505300 0.804600 0.311900
-23.484802 -59.301804 60.463593 -0.823200 -0.559600 0.095700
-14.301895 -69.617401 62.805984 -0.526800 -0.849800 0.018100
-4.164291 -72.052704 61.758789 -0.108800 -0.992700 0.051400
-8.352600 -67.423599 21.893402 -0.990700 -0.110000 -0.080300
-6.037598 -69.033699 25.338196 -0.805500 -0.591900 -0.029300
-4.526398 -73.545403 25.890503 -0.758300 -0.524200 0.387500
-4.838699 -76.591301 22.478577 -0.852800 -0.499400 0.152900
-5.379288 -68.445099 18.025879 -0.555800 -0.627800 -0.544900
-4.771591 -75.932503 19.525787 -0.602900 -0.513200 -0.610900
-5.288101 -72.014999 31.664581 -0.745600 -0.633400 0.207100
-9.278000 -69.896103 17.516602 -0.557300 -0.020400 -0.830100
-7.766388 -73.310997 20.078003 -0.712600 -0.677500 -0.182100
-7.182297 -73.299698 23.101776 -0.667200 -0.700900 0.252100
-10.987198 -68.399200 21.723083 -0.895000 0.442800 0.053900
-8.068298 -71.602303 25.270874 -0.524000 -0.330500 0.785000
-2.146088 -76.841103 27.538177 -0.640800 -0.665600 0.382600
-9.731094 -68.805504 24.068573 -0.597900 0.429000 0.677100
-10.124496 -68.717201 18.835388 -0.732900 0.454500 -0.506200
-29.907791 -54.114998 35.886292 -0.732000 -0.549100 0.403400
-17.056198 -65.086098 32.430603 -0.438400 -0.892000 0.109900
-16.158493 -65.716202 39.717102 -0.330200 -0.930000 0.161100
-13.816788 -68.184898 25.821777 -0.373600 -0.921800 -0.103400
-8.615189 -73.122803 80.381592 -0.344200 -0.841700 0.416000
-25.570892 -50.493698 10.229401 -0.728400 -0.569500 -0.381000
-22.541397 -55.208603 13.444275 -0.750000 -0.563900 -0.345600
-16.374100 -60.699997 9.452179 -0.468100 -0.794100 -0.387700
-8.291290 -19.718401 -25.829224 -0.477200 -0.332400 -0.813500
-12.631699 -17.430700 -35.261505 -0.565100 -0.736600 0.371600
-6.649399 -25.723801 -35.153015 -0.584200 -0.782500 0.215300
-15.002792 -19.021700 -20.885803 -0.716900 -0.031100 -0.696400
-2.902496 -55.065300 -27.197205 -0.095900 -0.407300 -0.908300
-16.377502 -42.875900 -26.719604 -0.699600 -0.612200 -0.368400
-12.483398 -45.214901 -31.449921 -0.706400 -0.626900 -0.328600
-6.894302 -54.612701 -26.559998 -0.482300 -0.444400 -0.755000
-11.625092 -52.152500 -21.827911 -0.777200 0.273300 -0.566800
-18.655396 -49.813499 -15.636200 -0.711400 -0.626300 -0.318900
-8.077789 -69.249100 32.691803 -0.465000 -0.860200 0.209400
-9.258698 -60.390602 41.902374 -0.930900 -0.233900 0.280600
-6.116089 -68.768997 44.671478 -0.620600 -0.625700 -0.472500
-11.799698 -67.861000 30.888000 -0.370000 -0.911900 0.177500
-3.129990 -70.528099 43.498474 -0.493000 -0.827900 -0.267500
-2.322891 -70.338799 7.806274 0.064500 -0.046200 -0.996900
-27.287491 -39.452202 -8.475311 -0.845600 -0.441100 -0.300700
-10.901993 -66.397202 5.461975 0.407200 -0.088800 -0.909000
-6.024200 -69.503204 7.253998 0.203700 -0.071900 -0.976400
-3.204498 -69.876999 16.855988 -0.369300 -0.865100 0.339500
-2.825699 -80.032204 18.977478 -0.497900 -0.581400 -0.643500
-2.539398 -81.028099 22.906982 -0.560800 -0.803300 0.200600
-10.279190 -70.761002 22.561493 -0.841700 -0.525400 0.124900
-3.006699 -73.121101 12.386993 -0.276000 -0.934500 0.224900
-10.791992 -67.749901 48.411774 -0.181800 -0.810200 -0.557300
-11.889587 -66.823502 39.211273 0.037100 -0.987700 0.152200
-20.527893 -63.334999 40.306580 -0.642100 -0.760300 -0.098900
-21.582794 -56.601303 44.322876 0.605300 -0.241200 -0.758600
-20.775696 -65.268303 47.656097 -0.299200 -0.700900 -0.647500
-15.255295 -68.578804 49.001984 -0.233300 -0.814400 -0.531400
-26.639893 -61.432800 28.845581 -0.590100 -0.807000 -0.023400
-20.504196 -64.940704 27.292480 -0.489700 -0.864200 -0.115900
-33.630295 -46.341202 67.132782 -0.903700 -0.419300 -0.086400
-39.127899 -13.260201 64.751984 -0.998800 0.047500 0.009500
-34.177689 -51.333603 32.927094 -0.928200 -0.284600 0.239900
-23.718399 -61.349998 33.074188 -0.551200 -0.806200 0.214800
-8.461899 -69.340904 29.089478 -0.514100 -0.829300 0.219000
-2.253693 -75.298103 32.894775 -0.584100 -0.783000 0.214000
-3.881897 -73.912102 53.270386 0.185700 -0.977400 0.100600
-4.038788 -71.766304 46.919281 -0.201200 -0.834800 -0.512400
-10.246902 -70.086403 20.923279 -0.858700 -0.470100 -0.204000
-10.440598 -69.533401 50.280701 -0.439900 -0.702200 -0.559800
-25.849594 -37.257702 -15.193207 -0.849200 -0.309400 -0.427900
-11.761398 -67.450302 8.656189 -0.820000 -0.566600 0.081000
-21.977890 -14.692101 -12.668701 -0.499200 -0.583600 -0.640500
-35.671799 -9.376801 -4.902313 -0.912100 -0.382800 -0.146800
-28.945801 -58.263298 46.755493 -0.883200 -0.443500 -0.152100
-15.786789 37.108803 45.754089 -0.493800 0.860600 -0.124900
-27.409500 21.995600 43.011780 -0.854900 0.493700 -0.159500
-36.292389 -35.972301 21.944580 -0.848000 -0.434800 -0.303000
-33.289795 -38.466400 12.193481 -0.904100 -0.321900 -0.281000
-25.687195 -26.692902 -14.345612 -0.784400 0.259500 -0.563400
-27.114288 -44.067001 -0.583710 -0.766900 -0.585600 -0.262600
-6.853195 -71.688400 11.984802 -0.518800 -0.791100 0.324200
-12.693390 -72.151497 55.612793 -0.419400 -0.900200 0.117400
-15.463898 -69.304298 80.485382 -0.579900 -0.762200 0.287800
-26.738998 -14.385000 96.475693 -0.498000 0.051300 0.865600
-17.189590 18.602499 90.712585 -0.317600 0.522700 0.791100
-17.485092 36.955696 69.138382 -0.315000 0.899700 0.302200
-12.853790 27.650000 11.403900 -0.445000 0.852600 -0.274000
-29.420792 31.864599 -27.084412 -0.216800 0.717900 0.661500
-15.482193 -19.471001 -39.860016 0.016300 -0.931200 0.364000
-14.603897 -54.881699 -0.381714 -0.377700 -0.869300 -0.318700
-23.914597 19.512800 14.135681 -0.683200 0.715900 0.143700
-33.794693 -28.752401 4.818298 -0.952500 -0.110300 -0.283700
-36.921997 -0.496401 -30.110321 -0.860500 -0.442900 0.251800
-37.252289 -22.431900 88.137589 -0.837800 -0.109500 0.534900
-32.409698 23.900198 66.072189 -0.851500 0.510900 0.118200
-26.292892 -64.431297 52.183395 -0.738000 -0.653800 0.166700
-31.456589 11.247599 83.923492 -0.767700 0.344900 0.540100
-43.325089 21.642099 -19.700226 -0.561200 0.069900 0.824800
-25.501892 -57.612701 80.126282 -0.749600 -0.518200 0.411900
-52.005493 11.212297 -33.507721 -0.391300 -0.564600 0.726700
-60.885590 27.561998 -32.092926 -0.471400 0.157800 0.867700
-2.199890 -76.069603 30.216492 -0.610700 -0.762400 0.213900
-5.026901 -72.188499 27.707581 -0.718900 -0.689200 0.090600
-43.990784 -28.385601 46.643982 -0.928400 -0.300000 0.219200
-42.979294 -30.709101 42.110992 -0.867700 0.106600 -0.485500
-42.319397 -25.271900 29.445282 -0.801800 -0.594800 -0.057900
-44.699799 -22.744400 33.559692 -0.971200 -0.206800 -0.118800
-45.557098 -19.727201 39.518494 -0.999100 -0.021300 0.035700
-44.502808 -20.554300 44.757202 -0.993100 -0.072900 0.092300
-38.125397 -30.976299 20.777374 -0.872000 -0.471200 0.132800
-41.677902 -28.766800 18.843903 -0.750400 -0.659600 0.043100
-106.867706 2.607698 -88.577301 -0.785100 -0.594800 0.172700
-47.807098 -1.867201 -45.469604 -0.389000 -0.660800 0.641800
-10.687897 81.577698 -101.383209 -0.071100 0.997500 0.000000
-35.203995 78.477005 -101.383209 -0.283800 0.958900 0.000000
-14.289200 -69.095001 51.824890 -0.231700 -0.900700 -0.367600
-8.988098 -71.626099 50.308075 -0.655500 -0.583700 -0.479300
-5.467392 -72.828102 49.104095 -0.169300 -0.888800 -0.425800
-10.624390 -73.053902 55.059082 -0.400900 -0.913400 0.070700
-16.000595 -70.375198 54.506088 -0.427500 -0.904000 -0.005600
-22.101501 -66.515099 53.245087 -0.609500 -0.780200 0.140400
0.000000 -31.055201 -71.933807 0.000000 -0.866400 0.499400
0.000000 65.322899 -48.159698 0.000000 0.780000 0.625800
-45.510498 59.510002 -46.202026 -0.266300 0.746400 0.609900
-80.891083 36.087898 -48.537506 -0.610500 0.418600 0.672300
-88.628784 16.078897 -52.093811 -0.651700 -0.143100 0.744900
-82.199188 -1.710501 -58.048523 -0.473200 -0.539300 0.696600
-62.804810 -16.512701 -63.720520 -0.209400 -0.590100 0.779700
-22.835495 -31.099899 -64.607300 -0.273200 -0.692700 0.667500
-16.483002 -33.557701 -64.714325 0.079800 -0.754800 0.651100
-10.130493 -30.951702 -64.821198 0.106800 -0.810100 0.576500
-6.584290 -32.349998 -66.741699 0.104200 -0.856600 0.505300
-4.427994 -32.788002 -68.895599 0.281200 -0.835200 0.472700
-1.853500 -33.286201 -71.427399 0.573400 -0.648500 0.500600
-15.232590 -20.102400 -44.291504 0.239900 -0.947100 0.213300
-10.946289 -18.640600 -41.900299 -0.347100 -0.924000 0.160300
-6.635590 -23.819000 -41.707397 -0.587900 -0.809000 -0.003400
-2.761292 -25.044500 -41.867798 -0.215000 -0.974600 -0.063300
0.095612 -25.275702 -42.275513 -0.000400 -0.998900 -0.046100
0.000000 -39.134800 -77.337311 -0.000000 -0.871600 0.490100
0.000000 79.383400 -71.867126 0.000000 0.938500 0.345300
-57.299683 63.288704 -69.321808 -0.445500 0.833500 0.326900
-92.811401 46.657402 -70.806122 -0.588100 0.666200 0.458500
-107.897095 22.834200 -71.345215 -0.808600 0.059000 0.585300
-98.436401 0.686699 -72.273315 -0.712500 -0.548100 0.438100
-70.676697 -26.681601 -71.867126 -0.441800 -0.791500 0.422200
-32.006195 -39.956802 -73.181824 -0.219000 -0.794000 0.567100
-17.783600 -40.682999 -73.528412 0.117000 -0.834500 0.538400
-9.192291 -38.653503 -74.652313 0.256000 -0.861000 0.439400
-6.011795 -38.443100 -75.663513 0.101500 -0.911300 0.399000
-3.722488 -38.716301 -76.416321 0.034900 -0.903300 0.427500
-1.718292 -39.020302 -77.135620 0.016100 -0.888000 0.459500
-2.084396 -41.950203 -101.383209 -0.087900 -0.996100 0.001200
0.000000 -42.062500 -101.383209 0.000000 -1.000000 -0.000000
0.000000 81.753799 -101.383209 0.000000 1.000000 0.000000
-63.660095 64.742699 -101.383209 -0.431000 0.902300 -0.008200
-101.903992 46.632500 -101.383209 -0.637200 0.770700 0.000000
-117.950287 24.690798 -101.383209 -0.996500 0.083100 0.000000
-106.867706 2.607698 -101.383209 -0.779000 -0.627100 -0.000000
-70.676697 -26.681601 -101.383209 -0.543800 -0.839200 0.000000
-36.106201 -44.222401 -101.383209 -0.366900 -0.930200 0.000000
-20.029495 -48.877998 -101.383209 0.199300 -0.979900 0.000000
-11.232300 -41.717800 -101.383209 0.382500 -0.924000 0.000000
-7.294693 -41.315399 -101.383209 -0.009300 -1.000000 0.000000
-4.510590 -41.652100 -101.383209 -0.121100 -0.992600 -0.000200
-38.008301 -28.893101 16.338684 -0.258800 -0.581300 -0.771400
-29.713196 12.699301 12.816589 -0.796900 0.546100 0.258400
-36.226501 1.797600 10.889801 -0.953700 0.260200 0.150500
-29.715988 14.850901 4.933380 -0.771700 0.620200 0.140700
-11.459702 18.821898 91.057587 -0.093800 0.533300 0.840700
-5.828293 39.358902 70.384491 -0.217200 0.911000 0.350600
-11.656693 36.381996 69.761490 -0.231600 0.898600 0.372600
-5.262192 39.902702 43.815277 -0.256000 0.956400 -0.140800
-10.524490 38.505798 44.784576 -0.283900 0.951400 -0.119700
-4.284592 26.915098 10.732788 0.195300 0.902900 -0.382900
-8.569199 28.848700 11.068298 0.046100 0.945400 -0.322500
-5.352493 30.716799 -12.166321 0.264900 0.918200 0.294600
-10.705002 32.347397 -11.258911 -0.143700 0.944300 0.296000
-5.954697 36.348900 -23.983826 -0.072600 0.805200 0.588500
-19.613892 34.106697 -25.534119 -0.264100 0.769900 0.581000
-9.299988 51.693901 -36.414398 -0.044300 0.619400 0.783800
-23.113602 45.995399 -36.441925 -0.198600 0.531600 0.823400
-11.230392 63.471397 -48.145111 -0.045200 0.772900 0.632900
-30.339493 62.264999 -45.941498 -0.127700 0.710800 0.691700
-10.687897 81.577698 -71.867126 0.036200 0.949800 0.310600
-35.203995 78.477005 -71.867126 -0.321100 0.905500 0.277400
-35.203995 78.477005 -88.577301 -0.304900 0.952100 0.021400
-10.687897 81.577698 -88.577301 -0.051100 0.998400 0.022600
-43.539398 -25.801800 44.950500 -0.739000 0.019900 -0.673400
-45.058289 -17.310001 45.318481 -0.983000 -0.144300 0.113400
-42.635391 -16.038300 48.251892 -0.101100 0.707500 0.699400
-2.441101 -56.107101 -22.724518 0.054300 -0.861000 0.505600
0.557205 -56.259201 -22.848999 -0.173300 -0.851400 0.495100
-10.262695 -53.454700 -18.465912 0.058900 -0.836000 0.545500
-5.587891 -55.894104 -21.337708 0.066000 -0.852600 0.518400
0.000000 -71.924698 71.691284 -0.000000 -0.999600 0.028600
-14.399094 -47.131104 43.220703 -0.188400 -0.981500 -0.032800
0.000000 -38.728699 7.102600 0.015700 -0.021700 -0.999600
-13.291000 -38.704201 -0.269226 -0.560500 -0.582600 0.588500
-2.259399 -38.728001 6.664276 0.275200 -0.028000 -0.961000
-9.906296 -38.714600 2.944092 -0.342600 -0.744900 0.572500
-5.222900 -38.724998 5.497894 0.414600 -0.049500 -0.908600
-13.060593 -54.734299 -8.076508 -0.588900 -0.793200 -0.155400
19.343506 -23.090200 -53.307312 -0.018700 -0.858400 0.512600
2.046707 -71.662300 22.779388 0.275500 -0.217000 -0.936500
43.044708 -25.488001 20.492584 0.976500 -0.148900 -0.155600
30.669403 -48.960300 46.683502 0.897200 -0.428000 0.108700
28.592499 -54.772301 49.595490 0.935500 -0.255100 0.244400
23.633011 -61.229401 55.878891 0.775700 -0.441700 0.450800
19.198410 -65.271904 57.964981 0.666900 -0.684200 0.295000
13.728607 -68.872398 58.869095 0.528900 -0.829600 0.179000
8.867401 -71.168503 58.282684 0.213500 -0.952500 0.217300
4.012909 -72.000198 57.316391 0.019000 -0.981500 0.190500
21.982101 -62.543900 36.143799 0.536900 -0.740300 0.404600
25.478607 -59.206902 35.527893 0.637800 -0.715700 0.284600
27.359711 -56.761497 37.383179 0.706100 -0.658700 0.259900
16.580002 -65.453697 35.345978 0.294300 -0.886600 0.356900
3.099609 -51.166702 -30.778809 0.043200 -0.979100 -0.198800
7.772507 -49.762001 -31.031921 0.458300 -0.883700 -0.094900
12.212708 -47.324303 -27.871918 0.598000 -0.732000 -0.326500
15.230103 -51.120102 -16.856506 0.260800 -0.900800 -0.347100
15.819000 -52.629002 -7.934326 0.315800 -0.916800 -0.244500
17.141403 -55.754402 -0.129608 0.332300 -0.876600 -0.348100
17.562302 -61.728104 12.246399 0.406900 -0.832600 -0.375700
15.543411 -65.124802 18.441376 0.307700 -0.900600 -0.307000
11.209412 -68.436302 24.238983 0.169200 -0.896300 -0.409900
8.164810 -71.379204 27.020386 0.418200 -0.903100 -0.097000
28.188904 -52.911003 64.020981 0.819500 -0.548700 -0.165100
23.406006 -60.930099 72.669189 0.725500 -0.688200 -0.000200
15.590210 -66.900497 74.493393 0.619500 -0.728400 -0.292600
9.166107 -72.628799 73.630081 0.477900 -0.692300 -0.540700
3.950699 -75.127899 74.662384 0.402100 -0.915100 0.029300
11.879898 -67.429001 33.712280 0.299100 -0.851900 0.429800
7.996506 -67.794899 35.946381 0.571300 -0.651000 0.499800
4.920609 -69.736504 37.983093 0.755400 -0.578300 0.308000
2.373108 -73.355400 39.022186 0.658600 -0.690900 0.298100
24.936707 -61.649498 41.889282 0.780900 -0.611100 -0.129000
20.470306 -64.929100 44.470276 0.518500 -0.854800 0.024000
101.904007 46.632500 -88.577301 0.655100 0.734500 0.176800
117.950302 24.690798 -88.577301 0.966000 0.086100 0.243800
70.676804 -26.681601 -88.577301 0.536400 -0.843200 0.036300
36.106308 -44.222401 -88.577301 0.365200 -0.915500 0.168800
11.232300 -41.717800 -88.577301 -0.401300 -0.913200 0.070700
7.294708 -41.315399 -88.577301 -0.004500 -0.993500 0.114100
15.293503 -67.577301 45.822876 0.309800 -0.937400 0.158700
10.971512 -68.579399 45.191986 -0.252700 -0.952800 0.168200
8.423706 -66.428497 42.718475 -0.588900 -0.770600 -0.243600
4.345612 -68.656601 84.964783 0.069200 -0.613100 0.787000
5.510208 -50.566101 95.145081 0.031200 -0.326300 0.944700
8.913010 -10.308301 100.656891 0.159300 0.078300 0.984100
10.254303 -51.179100 94.281281 0.311600 -0.315400 0.896300
17.826004 -12.346701 98.660385 0.239800 0.046200 0.969700
34.673904 42.960304 -36.720520 0.142200 0.531200 0.835200
20.029602 -48.877998 -88.577301 -0.170100 -0.971200 0.166700
43.356598 -23.586700 23.734589 0.988400 -0.068700 -0.135200
2.916199 -27.820000 -53.966705 0.103100 -0.955900 0.275000
6.685104 -27.164600 -53.966705 0.401800 -0.865900 0.298000
9.323700 -25.100300 -54.080322 0.543000 -0.759600 0.357900
12.496811 -22.759201 -53.786713 0.185600 -0.863900 0.468200
36.364609 -30.219902 38.372803 0.880300 0.154000 -0.448800
32.780502 -28.038502 30.238800 0.988700 -0.112800 0.098800
41.574600 -23.323301 44.877502 0.719300 -0.249400 -0.648400
41.765808 -29.085501 42.052673 0.731900 0.196000 -0.652700
42.218597 -22.745300 40.189789 0.777600 -0.615500 0.128500
41.880508 -25.937801 34.143890 0.640000 -0.767000 0.045200
41.157303 -24.695900 40.035980 0.911200 -0.410000 -0.039500
36.412399 -10.740500 10.039001 0.999900 -0.002900 0.010800
39.554703 -32.776802 36.488892 0.975900 -0.208400 -0.064500
42.844711 -19.461300 32.697601 0.912000 -0.397200 0.102800
42.631409 -21.704700 29.670502 0.918000 -0.367200 0.150000
42.790512 -26.585501 24.586090 0.734900 -0.652700 0.183900
36.240707 -28.528000 23.631500 0.878500 -0.331400 0.344000
43.467209 -18.766201 46.381287 0.795700 -0.357000 -0.489200
43.409805 -16.121801 38.603302 0.834200 -0.549600 0.045200
14.087601 -53.436600 -7.787720 0.487800 -0.858800 -0.156800
2.909103 -71.792000 8.789490 0.124100 -0.715800 -0.687200
3.155106 -57.427803 -23.107727 -0.117500 -0.969400 0.215600
6.081711 -57.035698 -22.268799 0.191500 -0.962400 0.192700
13.192902 -53.437103 -14.021210 -0.586200 -0.661200 0.468200
10.915405 -54.542000 -19.242004 0.156900 -0.937900 0.309400
5.665207 -70.846703 8.359497 0.205800 -0.718100 -0.664800
9.366302 -67.343498 5.965302 0.392000 -0.568300 -0.723500
12.114304 -58.705299 1.966888 0.671000 -0.586100 -0.454000
11.166611 -54.592804 -20.570221 0.637300 -0.745000 -0.197000
6.696808 -56.814499 -23.928009 0.403400 -0.865900 -0.295900
3.522812 -57.319702 -24.880707 0.105600 -0.913300 -0.393300
3.336700 -72.698303 10.363678 0.206800 -0.905800 -0.369700
6.373306 -71.402504 9.683075 0.411800 -0.832900 -0.369800
9.530304 -67.862099 7.098602 0.621100 -0.678600 -0.392200
6.016312 -69.270004 15.384674 0.542100 -0.814700 0.205700
2.070404 -71.270203 15.316376 0.018700 -0.854000 0.520000
3.811401 -70.697899 15.054291 0.459100 -0.741000 0.490000
1.153412 -71.019402 15.225891 -0.089600 -0.911100 0.402300
2.164108 -70.199303 17.394592 0.402600 -0.852600 -0.333200
0.981308 -70.201202 17.009583 0.267000 -0.941000 -0.207800
2.059311 -70.803497 16.320892 0.136300 -0.880300 0.454400
1.065598 -70.899200 16.095398 -0.047300 -0.936600 0.347100
1.338104 -72.133804 13.680878 -0.187700 -0.754900 0.628400
2.233612 -72.690201 13.534790 0.031400 -0.819600 0.572100
38.666107 -29.404202 44.648285 0.246800 -0.550700 0.797400
41.452011 -31.037500 47.231476 -0.057700 -0.735100 0.675500
43.616409 -30.733601 45.152588 0.798000 -0.585900 0.141100
36.503510 -19.948601 26.186279 0.617300 0.764800 -0.184400
38.044510 -21.547100 20.763702 0.531800 0.748400 -0.396500
42.786804 -19.694101 22.231903 0.508800 0.730100 -0.456200
44.500198 -21.028200 28.290100 0.975500 -0.186200 0.117200
38.316803 -31.846302 23.806702 0.991700 0.059600 -0.114100
39.208801 14.710699 -24.421021 0.748200 -0.438800 0.497700
37.676102 2.699299 -1.606018 0.980100 0.168300 0.105300
34.899811 -0.720400 21.495392 0.973000 0.192800 0.126600
35.545898 -0.679600 35.504578 0.976700 0.211700 -0.035600
7.324600 -69.754898 25.794281 0.056400 -0.614200 -0.787200
10.415802 -66.331703 21.728790 0.136600 -0.881700 -0.451600
14.102005 -52.695301 -15.942413 0.892200 -0.400300 -0.209100
28.264008 -55.102898 42.593903 0.784300 -0.498500 -0.369300
25.874802 -60.133598 45.592896 0.535500 -0.715800 -0.448200
44.600906 -26.468601 47.194702 0.949600 -0.233800 0.208600
44.525803 -21.524302 48.108185 0.980500 0.027000 0.194500
46.135101 -15.533100 38.472778 0.980400 -0.195500 -0.025500
45.204803 -19.365002 31.617676 0.936900 -0.349200 0.015000
42.310806 -24.213701 17.367889 0.596100 0.374900 -0.710000
41.576111 -28.418900 15.576477 0.530400 -0.304500 -0.791200
42.276505 -32.074200 41.535675 0.610400 -0.787000 -0.089900
41.647903 -26.575300 49.686584 -0.081000 -0.291600 0.953100
42.588409 -19.566601 50.508179 0.100200 0.253500 0.962100
44.311798 -12.345700 39.138885 0.282400 0.957300 -0.061200
43.479904 -16.829500 31.663574 0.329000 0.849600 -0.412200
37.900009 -23.405701 18.476990 0.656400 0.484100 -0.578700
37.837509 -27.170601 16.362000 0.630800 0.207900 -0.747600
38.346405 -32.422901 41.899200 0.633400 -0.746100 0.205300
38.301498 -25.562201 46.392578 0.336600 -0.111900 0.935000
38.064713 -20.077200 46.033875 -0.627000 0.248400 0.738400
36.881912 -15.907801 39.845001 0.988600 0.045800 -0.143600
37.307999 -31.393801 18.770996 0.706300 -0.617000 -0.347000
37.551910 -16.847200 43.495575 0.993300 0.096700 -0.063500
37.165405 -18.840801 19.654602 0.974800 0.213000 0.067000
35.664902 -10.879400 18.672394 0.993200 0.103200 0.054600
36.802200 -32.975601 58.859589 0.972500 -0.232500 -0.010600
37.593704 -30.448601 50.658783 0.965400 -0.190500 0.178200
27.555908 -15.181400 -35.286621 0.415800 -0.871200 0.261200
28.818604 -18.047300 -17.646912 0.213800 -0.969800 -0.117600
5.428101 -23.310101 -29.680023 0.262600 -0.790600 0.553200
9.480911 -19.749701 -27.950317 0.550800 -0.832500 -0.059600
14.939209 -16.170700 -25.369904 0.763300 -0.564200 -0.314800
18.127411 -10.372101 -25.746521 0.271000 -0.959900 -0.071800
37.717209 -15.608601 53.658493 0.998100 0.024400 -0.057000
9.029007 -66.635002 85.699387 0.403600 -0.550400 0.730900
13.618011 -53.540802 91.338089 0.488800 -0.374600 0.787900
2.872009 -75.062599 78.855789 0.125800 -0.877300 0.463100
3.621902 -72.965302 49.211090 -0.106100 -0.936200 -0.335200
7.312805 -72.691002 49.576782 0.361300 -0.797800 -0.482700
10.663406 -70.561302 51.902985 0.541200 -0.680600 -0.493800
17.724701 -67.783798 50.463501 0.395600 -0.846800 -0.355700
24.491699 -63.503700 49.345795 0.481000 -0.756100 -0.443900
25.554001 -58.817001 40.659576 0.669700 -0.546900 -0.502500
7.686508 -64.671898 41.990784 -0.023100 -0.972600 0.231400
8.852600 -65.949104 41.896301 0.229000 -0.358300 -0.905100
11.353012 -68.148300 44.062286 0.157100 -0.626100 -0.763800
15.438904 -67.013802 44.610382 0.176000 -0.393400 -0.902300
20.067703 -64.598801 43.337280 -0.124400 -0.375800 -0.918300
23.943207 -62.203697 41.111084 0.051200 -0.523600 -0.850400
33.850998 -43.823303 46.924988 0.915900 -0.371800 0.151300
30.010910 -52.222000 38.422974 0.790400 -0.578800 0.200400
33.754105 -48.489403 35.650299 0.935400 -0.300700 0.186200
34.090210 -44.181503 26.188293 0.997100 -0.076100 -0.007500
30.104004 -16.782400 -0.339325 0.732300 -0.437100 -0.522100
31.410599 -23.109201 -3.881226 0.913100 0.200200 -0.355200
20.625412 -59.345299 13.220490 0.786000 -0.557500 -0.267200
18.440201 -63.084404 18.621185 0.658500 -0.736700 -0.153900
20.176208 -51.188900 -0.208099 0.862000 -0.496400 -0.102400
20.787399 -51.300400 -6.741913 0.734600 -0.660000 -0.157700
26.190201 -23.421200 -53.723206 0.341000 -0.832200 0.437200
13.972504 -51.618698 -15.598602 0.758400 -0.585900 -0.285600
10.519012 -53.447601 -19.762909 0.670700 0.625400 -0.398900
7.330002 -50.829601 -27.036499 0.491100 -0.685800 -0.537200
3.217102 -52.177601 -27.405121 0.142200 -0.664000 -0.734100
31.113800 -27.945400 -5.074707 0.932900 -0.013900 -0.360000
30.389008 -32.205902 -6.296509 0.943100 -0.156700 -0.293500
2.925400 -27.513802 -35.483398 0.233700 -0.966900 0.102100
3.682205 -21.222700 -26.508423 0.516300 -0.614300 -0.596800
3.660202 -29.878000 -32.444305 0.279500 0.611300 -0.740400
8.429306 -31.979000 -30.433899 0.441200 0.624200 -0.644800
16.383102 -28.987900 -23.051025 0.504100 0.506500 -0.699500
24.614105 -22.424801 -13.428223 0.722800 0.290700 -0.626900
35.621109 -24.815500 8.492493 0.932700 -0.138800 -0.333000
37.699905 -35.267101 27.471802 0.914100 -0.390800 -0.107700
8.740906 -64.703903 42.319580 0.983800 -0.074100 -0.163000
8.065109 -66.024498 41.147003 -0.024900 -0.941400 0.336300
9.834106 -66.481003 40.384003 0.183600 -0.926900 0.327400
12.550003 -66.321098 40.123474 0.101500 -0.631200 0.769000
11.018509 -65.355301 44.809479 0.498100 0.124500 -0.858200
16.473312 -64.855598 40.810791 0.072700 -0.414900 0.907000
15.476501 -64.358902 46.151276 -0.041600 0.226200 -0.973200
20.541702 -63.400604 41.399902 0.395700 -0.581700 0.710700
23.982101 -60.274902 41.746277 -0.680800 -0.147400 -0.717500
26.218506 -59.069801 43.893402 0.830900 -0.542600 -0.123800
20.778702 -61.116798 45.129089 -0.504500 0.187500 -0.842800
34.682205 -42.659203 32.909790 0.963500 -0.267600 -0.012100
34.683105 -45.876099 19.949677 0.967000 -0.163400 -0.195500
31.949402 -49.492901 17.554688 0.723800 -0.479900 -0.495800
27.371613 -56.477203 19.905273 0.594600 -0.692000 -0.409300
22.341599 -58.790398 19.777283 0.588800 -0.730700 -0.345500
27.048309 -30.537500 -13.062927 0.899500 0.031700 -0.435700
30.253098 -35.833500 0.120575 0.926600 -0.322500 -0.193600
29.409607 -42.865799 10.553192 0.831400 -0.425300 -0.357800
32.671402 -56.176399 30.170685 0.815500 -0.575000 0.065600
26.787109 -56.002800 40.015991 0.801500 -0.597600 -0.020500
24.129105 -58.628403 38.940277 0.585400 -0.806800 0.079800
20.979813 -62.056999 37.101685 0.588500 -0.745500 0.312800
16.152802 -64.710098 36.315094 0.290700 -0.936300 0.197200
11.569199 -65.600304 34.813202 0.220100 -0.838900 0.497700
7.915207 -66.340797 37.175476 0.559700 -0.615600 0.554800
5.547211 -67.419800 39.236389 0.741500 -0.403300 0.536200
2.410004 -72.592804 40.570801 0.606100 -0.596300 0.526300
32.602707 -31.814602 2.382477 0.921900 -0.256900 -0.289900
21.776199 -62.580299 72.057785 0.674600 -0.737600 0.028600
19.987106 -64.709801 63.415787 0.719100 -0.694800 0.013800
19.683212 -68.598999 53.489288 0.563500 -0.826100 -0.001600
4.418304 -71.401802 71.937790 0.339900 -0.939500 0.042000
9.138809 -72.039001 61.943787 0.211700 -0.976800 0.034000
8.555405 -73.956299 54.162491 0.235500 -0.970100 0.058700
7.404510 -71.176201 48.190399 0.497600 -0.529400 -0.687000
7.431808 -69.141998 47.069885 0.479800 -0.592000 -0.647600
7.716904 -68.144203 46.024597 0.530200 -0.598200 -0.600800
5.844604 -69.478897 46.466492 0.515700 -0.665600 -0.539500
9.625900 -60.076004 42.932678 0.807000 -0.184100 -0.561100
11.241211 -64.458801 17.643799 0.344700 -0.905000 -0.249200
2.354904 -74.293999 37.011993 0.669700 -0.706900 0.227400
2.523209 -70.693604 41.714874 0.686600 -0.655600 0.314400
6.934402 -64.881798 42.749573 0.310300 -0.950100 -0.033400
7.994812 -64.882401 44.553284 -0.008000 -0.954500 -0.298200
5.534698 -66.071701 42.149475 0.603500 -0.726500 -0.328700
5.428604 -65.508400 40.593903 0.502800 -0.859900 0.088200
3.997498 -70.942299 35.722382 0.763400 -0.618300 0.186800
23.177811 -40.906601 -13.829803 0.787700 -0.519800 -0.330700
23.603500 -44.761299 -5.271820 0.772600 -0.591100 -0.231800
22.531799 -47.386902 1.660675 0.669600 -0.678200 -0.302700
33.918304 -46.762001 40.286102 0.931900 -0.343500 0.116500
30.891510 -50.992901 42.981201 0.885900 -0.458400 0.071600
29.226105 -52.289101 52.329483 0.904900 -0.412100 0.106800
28.126709 -57.210899 34.666290 0.612200 -0.638500 0.466400
23.192703 -59.103203 40.281097 0.539400 -0.784400 -0.306400
22.962799 -56.158501 42.769775 -0.885400 -0.463000 0.040500
7.503311 -65.682503 38.699280 0.090400 -0.980600 0.174000
20.674408 -58.082199 40.572693 -0.300200 -0.168400 0.938900
37.136703 -14.155300 -52.120026 0.451900 -0.713800 0.535000
10.530411 -61.167702 40.524780 0.483200 -0.135600 0.864900
17.095901 -59.730904 39.821777 -0.105400 -0.016300 0.994300
13.341400 -60.956001 39.849487 0.096500 -0.061800 0.993400
21.154404 -63.234001 46.920074 0.396300 -0.769500 -0.500900
15.204498 -66.115402 47.991699 0.301100 -0.861200 -0.409500
10.589905 -66.985001 46.865997 0.013600 -0.986600 -0.162600
20.044205 -56.985603 45.252197 -0.273900 -0.180400 -0.944700
15.907700 -58.817299 45.617798 0.093600 -0.118500 -0.988500
11.998108 -59.893799 44.643402 0.446100 -0.124700 -0.886200
1.581406 -75.211601 18.952179 0.482200 0.111100 -0.869000
1.325012 -72.355301 18.106201 0.703600 -0.356200 -0.614800
4.107101 -69.306602 17.895294 0.280300 -0.846700 -0.452200
7.682098 -70.784203 17.310394 0.130800 -0.322200 -0.937600
6.276611 -71.230003 18.183502 -0.557500 -0.195800 -0.806700
3.946304 -75.310997 19.076202 -0.127600 -0.161800 -0.978500
2.946106 -44.957703 -37.961426 0.062500 -0.345100 -0.936500
3.983398 -36.821400 -38.582306 0.253600 0.268600 -0.929300
7.967209 -49.768200 -33.733826 0.446600 -0.792100 -0.416100
3.214005 -51.046898 -33.738007 -0.076300 -0.883100 -0.462900
9.060104 -36.006699 -35.798615 0.442300 0.419400 -0.792700
7.908005 -44.436401 -37.477722 0.336600 -0.209900 -0.918000
16.672699 -35.181602 -30.170624 0.601900 0.410000 -0.685300
22.611511 -35.490200 -21.542511 0.880500 -0.037900 -0.472600
20.148102 -40.685204 -26.484497 0.831600 -0.338700 -0.440100
14.195511 -42.065102 -33.358704 0.690700 -0.212800 -0.691200
12.792999 -63.009903 7.977783 0.808800 -0.557600 -0.187100
7.055908 -68.514404 13.337982 0.720300 -0.623400 0.304300
4.308807 -71.575203 13.611176 0.552400 -0.633000 0.542400
9.486801 -68.204102 72.746094 0.343700 -0.912300 0.222600
15.182007 -66.270103 73.023788 0.445500 -0.871500 0.204900
24.919205 -56.994102 63.888382 0.804600 -0.593000 -0.031100
32.491302 -42.851200 53.481491 0.921600 -0.334000 0.197800
36.139206 -1.521700 49.254974 0.978300 0.193800 -0.072800
32.529510 7.476700 26.024902 0.915100 0.383800 -0.123500
29.782898 17.797998 -4.292816 0.662300 0.660000 0.354600
16.057510 27.962900 -10.351624 0.504900 0.804900 0.311800
23.484802 -59.301804 60.463593 0.823200 -0.559600 0.095700
14.302002 -69.617401 62.805984 0.526800 -0.849800 0.018100
4.164307 -72.052704 61.758789 0.108800 -0.992700 0.051400
8.291504 -67.422302 21.887390 0.990600 -0.104300 -0.088600
6.037598 -69.033699 25.338196 0.806700 -0.590100 -0.032200
4.526505 -73.545502 25.890503 0.758300 -0.524200 0.387500
4.838806 -76.591301 22.478577 0.852700 -0.499400 0.153000
5.355301 -68.385803 17.871399 0.598800 -0.595100 -0.536000
4.772507 -75.932098 19.525787 0.603000 -0.515700 -0.608600
5.288101 -72.014999 31.664581 0.745600 -0.633400 0.207100
8.957611 -69.820198 17.383087 0.553100 0.022500 -0.832800
7.762802 -73.299797 20.064301 0.722000 -0.665400 -0.189900
7.182312 -73.299698 23.101776 0.669900 -0.699400 0.249200
10.919800 -68.402397 21.730682 0.896000 0.443500 0.023200
8.068405 -71.602402 25.270874 0.525000 -0.330400 0.784300
2.146103 -76.841103 27.538177 0.640800 -0.665600 0.382600
9.728607 -68.806000 24.069183 0.603400 0.430400 0.671300
9.815598 -68.688103 18.795685 0.714700 0.479000 -0.509700
29.907806 -54.114998 35.886292 0.732000 -0.549100 0.403400
17.056305 -65.086098 32.430603 0.438400 -0.892000 0.109900
16.158508 -65.716202 39.717102 0.330200 -0.930000 0.161100
13.816910 -68.184898 25.821777 0.373800 -0.921600 -0.104600
8.615204 -73.122803 80.381592 0.344200 -0.841700 0.416000
25.731110 -49.621902 8.027374 0.670000 -0.633200 -0.387400
22.140106 -54.366501 12.242981 0.730400 -0.579800 -0.361000
14.918304 -60.907303 9.814789 0.458200 -0.812900 -0.359500
8.937607 -21.210701 -25.695099 0.438600 -0.319200 -0.840100
12.891708 -17.451900 -35.209412 0.519900 -0.827000 0.213800
6.904602 -25.735001 -35.125427 0.578200 -0.812000 0.079400
15.521606 -19.992601 -20.558807 0.735900 -0.094200 -0.670500
3.880707 -55.746803 -26.293701 0.182600 -0.504000 -0.844200
16.848999 -43.819603 -26.187622 0.675300 -0.646800 -0.354400
13.075699 -45.285599 -31.275909 0.694300 -0.623900 -0.358700
7.174408 -55.336304 -25.674408 0.479300 -0.521400 -0.706000
12.104706 -52.769600 -21.217102 0.820500 0.477700 -0.314100
19.093903 -49.991901 -15.570007 0.655300 -0.674800 -0.339500
8.077805 -69.249100 32.691803 0.465000 -0.860200 0.209400
9.258804 -60.390602 41.902374 0.930900 -0.233900 0.280600
6.116104 -68.768997 44.671478 0.620600 -0.625700 -0.472500
11.799698 -67.861000 30.888000 0.370000 -0.911900 0.177500
3.130005 -70.528099 43.498474 0.493000 -0.827900 -0.267500
2.555099 -70.313400 7.832001 -0.051800 -0.045400 -0.997600
27.614304 -39.162498 -8.481323 0.841000 -0.439100 -0.316000
9.291412 -66.210701 5.483276 -0.421400 -0.081000 -0.903300
4.838501 -69.660797 7.513092 -0.211600 -0.067700 -0.975000
3.455307 -69.842804 16.695587 0.418900 -0.833600 0.360100
2.825806 -80.032204 18.977478 0.497900 -0.581500 -0.643400
2.539398 -81.028099 22.906982 0.560800 -0.803300 0.200600
10.261200 -70.762802 22.563202 0.846600 -0.521400 0.107300
3.925705 -73.054001 12.274994 0.355000 -0.908500 0.220500
10.792007 -67.749901 48.411774 0.181800 -0.810200 -0.557300
11.889603 -66.823502 39.211273 -0.037100 -0.987700 0.152200
20.527908 -63.334999 40.306580 0.642100 -0.760300 -0.098900
21.582901 -56.601303 44.322876 -0.605300 -0.241200 -0.758600
20.775711 -65.268303 47.656097 0.299200 -0.700900 -0.647500
15.255310 -68.578804 49.001984 0.233300 -0.814400 -0.531400
26.639908 -61.432800 28.845581 0.583500 -0.811900 -0.019000
20.504211 -64.940704 27.292480 0.489700 -0.864200 -0.115900
33.630310 -46.341202 67.132782 0.903700 -0.419300 -0.086400
39.127899 -13.260201 64.751984 0.998800 0.047500 0.009500
34.177811 -51.333603 32.927094 0.927000 -0.282100 0.247200
23.718506 -61.349998 33.074188 0.551200 -0.806200 0.214800
8.461899 -69.340904 29.089478 0.514100 -0.829300 0.219000
2.253708 -75.298103 32.894775 0.584100 -0.783000 0.214000
3.882004 -73.912102 53.270386 -0.185700 -0.977400 0.100600
4.038803 -71.766304 46.919281 0.201200 -0.834800 -0.512400
10.156311 -70.084900 20.920990 0.857300 -0.450000 -0.250200
10.440598 -69.533401 50.280701 0.439900 -0.702200 -0.559800
26.263107 -37.400002 -14.839508 0.838600 -0.352500 -0.415400
10.770401 -67.159904 8.101898 0.841500 -0.539000 -0.037500
22.439301 -14.844101 -12.394623 0.387700 -0.691500 -0.609500
35.950806 -10.996401 -4.930817 0.910400 -0.396700 -0.117400
28.945801 -58.263298 46.755493 0.883200 -0.443500 -0.152100
15.786804 37.108803 45.754089 0.493800 0.860600 -0.124900
27.409500 21.995600 43.011780 0.854800 0.493900 -0.159300
36.210999 -35.911800 21.204102 0.861600 -0.409300 -0.300200
33.566010 -39.418503 13.715393 0.919900 -0.269000 -0.285300
26.143204 -26.857201 -13.987915 0.792400 0.256600 -0.553400
27.651398 -43.561501 -1.353821 0.771500 -0.579800 -0.262000
7.184601 -71.475098 11.447876 0.642100 -0.717400 0.270200
12.693405 -72.151497 55.612793 0.419400 -0.900200 0.117400
15.463898 -69.304398 80.485382 0.579900 -0.762200 0.287800
26.738998 -14.385000 96.475693 0.498000 0.051300 0.865600
17.189713 18.602499 90.712585 0.317600 0.522700 0.791200
17.485107 36.955696 69.138382 0.315000 0.899700 0.302200
12.853912 27.650000 11.403900 0.445000 0.852600 -0.274000
29.420807 31.864599 -27.084412 0.216800 0.718000 0.661400
15.482300 -19.471001 -39.860016 -0.033100 -0.946500 0.321100
14.050110 -54.900803 -0.422211 0.359800 -0.862400 -0.356200
23.914612 19.512800 14.135681 0.681600 0.717200 0.145000
33.961609 -29.453201 5.637085 0.954800 -0.120000 -0.272100
37.346100 -0.601101 -29.852509 0.877200 -0.420800 0.230900
37.252411 -22.431900 88.137589 0.837800 -0.109500 0.534900
32.409805 23.900198 66.072189 0.851500 0.510900 0.118200
26.292908 -64.431297 52.183395 0.738000 -0.653800 0.166700
31.456604 11.247599 83.923492 0.767700 0.344900 0.540100
43.325211 21.642099 -19.700226 0.565300 0.080500 0.821000
25.501907 -57.612701 80.126282 0.749600 -0.518200 0.411900
52.005508 11.212297 -33.507721 0.397000 -0.563000 0.724900
60.885712 27.561998 -32.092926 0.471400 0.157800 0.867700
2.199905 -76.069603 30.216492 0.610700 -0.762400 0.213900
5.027008 -72.188499 27.707581 0.718900 -0.689200 0.090600
43.990906 -28.385601 46.643982 0.928500 -0.300000 0.219000
42.979309 -30.709101 42.110992 0.875100 0.105600 -0.472200
42.242004 -25.332800 29.900574 0.800200 -0.598400 -0.040300
44.635101 -22.635500 33.893280 0.970500 -0.206600 -0.123900
45.548004 -19.612701 39.575684 0.999500 -0.017700 0.028000
44.502808 -20.554300 44.757202 0.992900 -0.079000 0.088500
38.094101 -31.162601 20.766174 0.796000 -0.593100 0.121200
41.679108 -28.986000 19.406799 0.740800 -0.668800 0.062800
106.867805 2.607698 -88.577301 0.785100 -0.594800 0.172700
47.807205 -1.867201 -45.469604 0.397100 -0.661500 0.636200
10.688004 81.577698 -101.383209 0.071100 0.997500 -0.000000
35.204102 78.477005 -101.383209 0.283800 0.958900 0.000000
14.289200 -69.095001 51.824890 0.231700 -0.900700 -0.367600
8.988098 -71.626099 50.308075 0.655500 -0.583700 -0.479300
5.467407 -72.828201 49.104095 0.169300 -0.888800 -0.425800
10.624405 -73.053902 55.059082 0.400900 -0.913400 0.070700
16.000610 -70.375198 54.506088 0.427500 -0.904000 -0.005600
22.101501 -66.515198 53.245087 0.609500 -0.780200 0.140400
45.510605 59.510002 -46.202026 0.266300 0.746400 0.609900
80.891205 36.087898 -48.537506 0.610500 0.418600 0.672300
88.628807 16.078897 -52.093811 0.651700 -0.143100 0.744900
82.199203 -1.710501 -58.048523 0.473200 -0.539300 0.696600
62.804810 -16.512701 -63.720520 0.209400 -0.590100 0.779700
22.835510 -31.099899 -64.607300 0.273200 -0.692700 0.667500
16.483002 -33.557701 -64.714325 -0.079800 -0.754800 0.651100
10.130600 -30.951702 -64.821198 -0.106800 -0.810100 0.576500
6.584305 -32.349998 -66.741699 -0.104200 -0.856600 0.505300
4.428009 -32.788002 -68.895599 -0.281200 -0.835200 0.472700
1.853607 -33.286201 -71.427399 -0.573400 -0.648500 0.500600
15.232605 -20.102400 -44.291504 -0.241200 -0.946600 0.214000
11.139008 -18.652802 -41.870300 0.343800 -0.926300 0.154000
6.826508 -23.826401 -41.720306 0.587300 -0.809300 -0.010500
2.952408 -25.047701 -41.891205 0.213700 -0.974800 -0.064300
57.299805 63.288704 -69.321808 0.445500 0.833500 0.326900
92.811508 46.657402 -70.806122 0.588100 0.666200 0.458500
107.897202 22.834200 -71.345215 0.808600 0.059000 0.585300
98.436508 0.686699 -72.273315 0.712500 -0.548100 0.438100
70.676804 -26.681601 -71.867126 0.441800 -0.791500 0.422200
32.006210 -39.956802 -73.181824 0.219000 -0.794000 0.567100
17.783600 -40.682999 -73.528412 -0.117000 -0.834500 0.538400
9.192307 -38.653503 -74.652313 -0.256000 -0.861000 0.439400
6.011902 -38.443100 -75.663513 -0.101500 -0.911300 0.399000
3.722504 -38.716301 -76.416321 -0.034900 -0.903300 0.427500
1.718399 -39.020302 -77.135620 -0.016100 -0.888000 0.459500
2.084412 -41.950203 -101.383209 0.087900 -0.996100 0.001200
63.660110 64.742699 -101.383209 0.431000 0.902300 -0.008200
101.904007 46.632500 -101.383209 0.637200 0.770700 -0.000000
117.950302 24.690798 -101.383209 0.996500 0.083100 -0.000000
106.867805 2.607698 -101.383209 0.779000 -0.627100 -0.000000
70.676804 -26.681601 -101.383209 0.543800 -0.839200 0.000000
36.106308 -44.222401 -101.383209 0.366900 -0.930200 0.000000
20.029602 -48.877998 -101.383209 -0.199300 -0.979900 0.000000
11.232300 -41.717800 -101.383209 -0.382500 -0.924000 0.000000
7.294708 -41.315399 -101.383209 0.009300 -1.000000 0.000000
4.510712 -41.652100 -101.383209 0.121100 -0.992600 -0.000200
38.041199 -28.997002 16.588898 0.313600 -0.540500 -0.780700
29.750809 12.666399 12.897491 0.795700 0.545600 0.262900
36.303406 1.622900 10.864990 0.953600 0.261400 0.149200
29.777512 14.817999 5.014374 0.774400 0.617200 0.139300
11.459808 18.821898 91.057495 0.093800 0.533300 0.840700
5.828400 39.358902 70.384491 0.217200 0.911000 0.350600
11.656708 36.381996 69.761490 0.231600 0.898600 0.372600
5.262299 39.902702 43.815277 0.256000 0.956400 -0.140800
10.524612 38.505798 44.784576 0.283900 0.951400 -0.119700
4.284607 26.915098 10.732788 -0.195300 0.902900 -0.382900
8.569305 28.848700 11.068298 -0.046100 0.945400 -0.322500
5.352509 30.716799 -12.166321 -0.264900 0.918200 0.294600
10.705002 32.347397 -11.258911 0.143700 0.944300 0.296000
5.954712 36.348900 -23.983826 0.072600 0.805200 0.588500
19.613907 34.106697 -25.534119 0.264100 0.769900 0.581000
9.300003 51.693901 -36.414398 0.044300 0.619400 0.783800
23.113602 45.995399 -36.441925 0.198600 0.531600 0.823400
11.230408 63.471397 -48.145111 0.045200 0.772900 0.632900
30.339508 62.264999 -45.941498 0.127700 0.710800 0.691700
10.688004 81.577698 -71.867126 -0.036200 0.949800 0.310600
35.204102 78.477005 -71.867126 0.321100 0.905500 0.277400
35.204102 78.477005 -88.577301 0.304900 0.952100 0.021400
10.688004 81.577698 -88.577301 0.051100 0.998400 0.022600
43.539505 -25.801800 44.950500 0.738600 0.019500 -0.673900
45.058304 -17.310001 45.318481 0.982800 -0.153100 0.103000
42.635498 -16.038300 48.251892 0.102300 0.704600 0.702200
3.036911 -56.703804 -21.854919 -0.240200 -0.833200 0.498200
10.717102 -53.848503 -18.356598 -0.043000 -0.825800 0.562400
5.873611 -56.267097 -20.546417 -0.011300 -0.840800 0.541300
14.399109 -47.131104 43.220703 0.188400 -0.981500 -0.032800
13.343002 -38.480301 -0.285614 0.558600 -0.564100 0.608100
2.259506 -38.728001 6.735199 -0.260300 -0.029400 -0.965100
9.906403 -38.714600 2.653595 0.379100 -0.715100 0.587300
5.222900 -38.724998 5.570679 -0.445600 -0.042100 -0.894200
12.747299 -54.255402 -8.076508 0.576200 -0.807900 -0.124000
-4.359589 -68.408798 2.911896 0.150900 -0.391800 -0.907600
-6.200897 -65.587402 3.300476 -0.243100 0.562100 -0.790500
-4.021896 -68.035904 2.924774 0.467000 -0.124300 -0.875500
-6.602097 -65.927597 3.294800 -0.522800 0.361800 -0.771800
-6.812698 -66.600204 3.245178 -0.597400 0.140000 -0.789600
-3.854095 -66.794701 3.031097 0.485300 0.324700 -0.811800
-6.769897 -67.168800 3.188477 -0.542100 -0.215200 -0.812300
-5.757202 -65.581398 3.271698 0.119300 0.579900 -0.805900
-4.866791 -68.382103 2.947998 -0.240000 -0.396000 -0.886400
-4.227402 -68.744698 3.272095 0.380400 -0.859900 -0.340400
-4.812897 -68.735901 3.311676 -0.285100 -0.906800 -0.310400
-3.826202 -68.268600 3.290588 0.879700 -0.389500 -0.272900
-3.596298 -66.729599 3.420898 0.888500 0.397800 -0.228900
-5.760895 -65.323601 3.696991 0.229400 0.951400 -0.205600
-6.977493 -67.329903 3.587799 -0.847500 -0.471500 -0.243500
-7.010498 -66.630501 3.655975 -0.974900 0.143700 -0.170300
-6.747589 -65.790901 3.718079 -0.834600 0.528200 -0.156500
-6.274002 -65.352104 3.728302 -0.377900 0.904200 -0.199000
-4.303299 -68.611099 7.481201 0.444700 -0.891100 0.090800
-3.763992 -66.894302 7.633301 0.930000 0.358800 0.079700
-6.820297 -67.302803 7.279877 -0.922500 -0.370800 0.107100
-6.214798 -65.620300 7.428986 -0.323600 0.931600 0.165800
-3.211594 -69.262100 2.824097 -0.370400 -0.287100 -0.883400
-3.435898 -68.754997 2.868378 -0.519800 -0.021000 -0.854000
-3.435898 -68.030602 2.932190 -0.523500 0.178900 -0.833000
-3.211594 -67.523598 2.977173 -0.318000 0.537000 -0.781400
-2.688400 -69.479500 2.805695 -0.057100 -0.423300 -0.904200
-0.894501 -67.306602 3.000000 0.075600 0.590000 -0.803800
-0.445999 -67.524002 2.981476 0.358300 0.450000 -0.818000
-0.371292 -69.262497 2.828400 0.318500 -0.378300 -0.869100
-0.146988 -68.031097 2.937286 0.527200 0.204600 -0.824700
-0.146988 -68.755501 2.873474 0.524000 -0.027000 -0.851300
-3.153198 -69.439903 7.611084 -0.679500 -0.720900 0.136000
-3.153198 -67.588104 7.774292 -0.669300 0.726200 0.157100
-0.314590 -69.217804 7.635101 0.754900 -0.645600 0.115500
-0.372192 -67.724403 7.766602 0.699900 0.698100 0.151200
-3.412491 -69.522301 3.200378 -0.693600 -0.655300 -0.299100
-2.815491 -69.793701 3.177399 -0.157100 -0.937400 -0.310700
-3.668396 -68.889198 3.255676 -0.958500 -0.168000 -0.230300
-3.668396 -67.984901 3.335388 -0.957300 0.199400 -0.209200
-3.412491 -67.351898 3.391602 -0.592500 0.777600 -0.210400
-0.768692 -67.080902 3.419586 0.196100 0.960300 -0.198200
-0.171692 -69.522697 3.205383 0.579800 -0.761100 -0.290700
0.084106 -68.889702 3.261475 0.955800 -0.171800 -0.238500
0.084106 -67.985397 3.341187 0.947000 0.245800 -0.206900
-0.256989 -67.352303 3.396393 0.676300 0.704700 -0.214400
-9.976898 -61.957703 3.469391 -0.326600 -0.490200 -0.808100
-8.743896 -61.255699 3.592285 0.657400 0.024400 -0.753100
-9.019989 -61.702698 3.540680 0.395600 -0.410700 -0.821500
-11.034897 -58.889801 3.669586 -0.642200 0.202500 -0.739300
-9.774002 -58.268501 3.787201 0.495700 0.503200 -0.707800
-10.244995 -58.150299 3.772400 -0.161600 0.674600 -0.720300
-10.009094 -62.175598 7.726593 -0.385700 -0.918500 0.086800
-8.693893 -61.422600 7.794983 0.944700 -0.321000 0.066800
-9.430298 -58.726097 8.031403 0.895500 0.444700 0.019500
-11.113190 -58.985504 8.005890 -0.916100 0.396900 0.056300
-9.768997 -58.316498 8.066895 0.201800 0.974700 0.096200
-10.059601 -62.317497 4.027588 -0.429000 -0.870200 -0.242500
-8.872192 -61.968201 4.060181 0.585300 -0.777500 -0.230100
-8.518097 -61.434898 4.107697 0.972500 -0.140400 -0.186000
-11.268890 -58.823601 4.333496 -0.954500 0.274800 -0.115400
-10.272491 -57.922600 4.414398 -0.277400 0.956700 -0.087800
-9.695602 -58.032997 4.405579 0.630600 0.765100 -0.130600
-9.364700 -63.326904 3.472595 -0.565800 0.102700 -0.818100
-9.180695 -62.806198 3.518677 -0.475600 0.371100 -0.797500
-8.737000 -62.360298 3.558685 -0.281300 0.526000 -0.802600
-8.299698 -62.256699 3.568481 0.247600 0.586300 -0.771300
-9.202301 -63.947197 3.418182 -0.476900 -0.131400 -0.869100
-6.857697 -64.277802 3.392700 0.538300 0.266400 -0.799600
-8.189102 -65.615601 3.272797 -0.358200 -0.274200 -0.892400
-7.760498 -65.974304 3.309479 -0.083400 -0.467300 -0.880100
-6.879395 -65.424797 3.359192 0.508700 -0.193200 -0.839000
-7.323196 -65.870697 3.319275 0.272500 -0.372900 -0.887000
-9.443100 -63.413300 7.618500 -0.984000 0.130200 0.122000
-8.308594 -62.273399 7.720581 0.121500 0.980000 0.157800
-7.771698 -66.165100 7.378601 -0.102400 -0.984300 0.143900
-6.681290 -64.952797 7.487091 0.990000 -0.068800 0.122800
-9.616501 -63.320297 3.939880 -0.976100 0.086200 -0.199700
-9.445389 -64.036598 3.809479 -0.900800 -0.356200 -0.248300
-9.373199 -62.692703 3.995575 -0.816900 0.553600 -0.162000
-8.819000 -62.129997 3.978394 -0.496600 0.843200 -0.206000
-8.286697 -61.978302 3.992584 0.298200 0.930300 -0.213500
-8.289291 -65.940102 3.643585 -0.706000 -0.640500 -0.302000
-6.627289 -64.275902 3.860382 0.903900 0.392600 -0.169900
-7.785995 -66.334198 3.677277 -0.166900 -0.931800 -0.322300
-7.253693 -66.182404 3.691498 0.493700 -0.820700 -0.287500
-6.699600 -65.625702 3.741394 0.836000 -0.496200 -0.234400
-6.504501 -64.918800 3.803894 0.963300 -0.025600 -0.267200
10.001099 -61.960403 3.500183 0.329000 -0.490300 -0.807100
9.044006 -61.705101 3.568481 -0.393100 -0.410600 -0.822700
8.767807 -61.258102 3.619202 -0.655100 0.024600 -0.755200
9.798203 -58.271202 3.817291 -0.493400 0.503300 -0.709400
11.059311 -58.892799 3.703583 0.644600 0.202300 -0.737300
10.269302 -58.153099 3.803986 0.164000 0.674600 -0.719800
10.017212 -62.161400 7.758881 0.385500 -0.918100 0.092300
8.702011 -61.407997 7.823273 -0.949100 -0.303000 0.086500
11.121307 -58.971603 8.041595 0.915300 0.398500 0.058000
9.777100 -58.302200 8.098480 -0.370200 0.924300 0.093000
10.081802 -62.320198 4.058594 0.429300 -0.870900 -0.239100
8.894409 -61.970604 4.087585 -0.584700 -0.777900 -0.230400
8.540298 -61.437202 4.134003 -0.971800 -0.140800 -0.189000
11.291107 -58.826698 4.368195 0.955200 0.273700 -0.112700
10.294708 -57.925400 4.446075 0.278100 0.956400 -0.089000
9.717804 -58.035599 4.435486 -0.632300 0.764100 -0.127900
9.388504 -63.329399 3.501495 0.568400 0.102600 -0.816300
8.323410 -62.259003 3.594086 -0.245000 0.586400 -0.772100
8.760712 -62.362701 3.585693 0.284000 0.526000 -0.801700
9.204498 -62.808701 3.547089 0.478200 0.371000 -0.796000
9.226105 -63.949799 3.446594 0.479500 -0.131600 -0.867600
8.212799 -65.617798 3.298096 0.361000 -0.274400 -0.891300
6.881500 -64.279701 3.413879 -0.535700 0.266500 -0.801300
7.784012 -65.976402 3.333374 0.086100 -0.467400 -0.879900
7.346710 -65.872704 3.341888 -0.269800 -0.372800 -0.887800
6.903000 -65.426704 3.380493 -0.506100 -0.193000 -0.840600
9.470612 -63.413902 7.647675 0.984100 0.130400 0.120600
8.336105 -62.273697 7.746399 -0.098200 0.986600 0.130500
6.830902 -64.375702 7.558899 -0.911900 0.406800 0.054300
7.799210 -66.165298 7.402802 0.104300 -0.984000 0.144300
6.708801 -64.952698 7.507874 -0.971400 -0.222200 0.084000
9.467804 -64.039101 3.838593 0.901100 -0.356200 -0.247200
9.638702 -63.322899 3.969574 0.976200 0.086200 -0.198800
9.395401 -62.695198 4.024475 0.817100 0.553400 -0.161400
8.841507 -62.132401 4.005585 0.497100 0.843000 -0.205800
8.309113 -61.980598 4.018188 -0.298200 0.930200 -0.214000
8.311707 -65.942299 3.669189 0.706400 -0.640600 -0.301200
6.649506 -64.277702 3.880798 -0.903400 0.390900 -0.176500
7.808212 -66.336304 3.701294 0.166800 -0.931900 -0.321900
7.275909 -66.184402 3.713776 -0.493500 -0.820800 -0.287700
6.721802 -65.627602 3.761993 -0.835800 -0.496100 -0.235200
6.526703 -64.920601 3.823975 -0.963300 -0.025100 -0.267400
3.235809 -69.263000 2.833984 0.373100 -0.287200 -0.882200
3.235809 -67.524498 2.987183 0.320600 0.536900 -0.780300
3.460098 -68.031601 2.942780 0.526200 0.178800 -0.831400
3.460098 -68.756004 2.878998 0.522500 -0.021100 -0.852400
2.712601 -69.480202 2.814087 0.059800 -0.423300 -0.904000
0.918701 -67.306900 3.002686 -0.072900 0.590100 -0.804100
0.395508 -69.262604 2.829590 -0.315900 -0.378200 -0.870100
0.470200 -67.524101 2.982880 -0.355600 0.450000 -0.819100
0.171204 -68.755501 2.873901 -0.521400 -0.026900 -0.852900
0.171204 -68.031097 2.937775 -0.524600 0.204800 -0.826400
3.176498 -69.453804 7.619690 0.678500 -0.722200 0.134200
3.176498 -67.602104 7.782776 0.689400 0.711100 0.138100
0.814713 -67.548500 7.783875 -0.234200 0.966500 0.105300
0.411407 -69.228401 7.635284 -0.749800 -0.649600 0.125400
0.469101 -67.735100 7.766876 -0.831800 0.542600 0.117100
2.838409 -69.794502 3.186096 0.157200 -0.937200 -0.311400
3.435410 -69.523201 3.210876 0.694000 -0.655000 -0.299000
3.691208 -68.890198 3.267090 0.958800 -0.167900 -0.229000
3.691208 -67.985901 3.346802 0.957700 0.199400 -0.207500
3.435410 -67.352798 3.402100 0.592700 0.778000 -0.208400
0.791611 -67.081100 3.421875 -0.197100 0.959900 -0.199300
0.194611 -69.522804 3.205902 -0.582200 -0.760300 -0.288200
-0.061295 -68.889702 3.261292 -0.957200 -0.172400 -0.232400
-0.061295 -67.985397 3.340973 -0.948400 0.245700 -0.200300
0.279907 -67.352402 3.397278 -0.677900 0.704800 -0.209100
4.383698 -68.410004 2.925385 -0.148200 -0.391700 -0.908100
4.046112 -68.037003 2.937286 -0.464300 -0.124200 -0.876900
3.878311 -66.795799 3.042999 -0.482700 0.324900 -0.813300
4.890808 -68.383499 2.962982 0.242600 -0.396000 -0.885600
5.781006 -65.583000 3.289398 -0.116700 0.579900 -0.806300
6.224609 -65.589104 3.319580 0.245700 0.562100 -0.789800
6.793411 -67.170700 3.209503 0.544600 -0.215400 -0.810500
6.625702 -65.929398 3.315186 0.525400 0.361700 -0.770200
6.836304 -66.601997 3.266174 0.599900 0.139800 -0.787800
4.316711 -68.612297 7.494476 -0.444800 -0.891100 0.089800
3.777405 -66.895302 7.644897 -0.930100 0.359100 0.077600
6.833710 -67.304604 7.300873 0.922200 -0.370900 0.109300
6.228104 -65.622002 7.448181 0.323600 0.931400 0.166600
4.250305 -68.745804 3.285187 -0.379700 -0.859800 -0.341500
4.835602 -68.737297 3.326477 0.285800 -0.906900 -0.309600
3.849213 -68.269699 3.302399 -0.879000 -0.389300 -0.275300
3.619308 -66.730598 3.431976 -0.887800 0.398000 -0.231300
5.783401 -65.325203 3.714783 -0.228600 0.951400 -0.206200
6.999710 -67.331802 3.609283 0.848100 -0.471800 -0.241100
7.032700 -66.632401 3.677673 0.975400 0.143500 -0.167600
6.769806 -65.792702 3.738892 0.835200 0.528000 -0.154100
6.296402 -65.353798 3.747589 0.378700 0.904100 -0.197900
-9.095596 -53.808899 -14.699921 -0.214600 -0.924400 0.315400
-8.718399 -53.788498 -14.678009 0.203900 -0.924600 0.321700
-8.308502 -53.549904 -14.467316 0.423600 -0.804800 0.415800
-8.111893 -53.236198 -14.194214 0.578100 -0.534000 0.617000
-9.429291 -53.538101 -14.470123 -0.477200 -0.749400 0.459000
-8.921890 -51.648602 -12.833527 0.458600 -0.345600 0.818700
-9.225494 -51.426800 -12.645508 0.216100 -0.219400 0.951400
-10.239395 -51.950500 -13.109406 -0.584200 -0.538100 0.607600
-9.632797 -51.398201 -12.625610 -0.172200 -0.185300 0.967500
-10.042694 -51.636803 -12.836304 -0.422200 -0.310700 0.851600
-9.077194 -50.981400 -17.223816 -0.250100 -0.509400 -0.823400
-8.019501 -50.365700 -16.680115 0.921400 -0.155600 -0.356100
-10.279999 -49.027199 -15.551208 -0.991400 0.029700 -0.127400
-9.213501 -50.317501 -13.558197 0.228200 0.790600 0.568200
-9.139389 -53.779602 -15.122803 -0.307600 -0.830000 -0.465300
-9.533295 -53.478401 -14.867401 -0.813900 -0.537700 -0.220100
-8.678192 -53.738503 -15.082001 0.371000 -0.801600 -0.468700
-8.166397 -53.440601 -14.818909 0.745500 -0.601000 -0.288200
-7.911194 -53.064701 -14.491516 0.968800 -0.218600 0.116700
-8.822296 -51.245499 -12.932098 0.781000 0.266300 0.564900
-10.444397 -51.659302 -13.308014 -0.970400 -0.118400 0.210400
-10.189194 -51.283401 -12.980621 -0.715300 0.329900 0.616000
-9.677399 -50.985500 -12.717499 -0.338300 0.562900 0.754100
-9.181793 -51.000099 -12.724426 0.350700 0.486200 0.800300
-8.535294 -54.298401 -15.060608 -0.550600 -0.573600 0.606500
-7.714691 -53.500298 -14.362213 0.158600 -0.141700 0.977100
-8.079300 -53.610397 -14.461426 -0.334200 -0.250700 0.908600
-8.421295 -53.942902 -14.752502 -0.485600 -0.378100 0.788100
-8.345490 -54.684502 -15.391602 -0.460400 -0.767800 0.445500
-6.317398 -54.668404 -15.354126 0.452700 -0.345500 0.822000
-6.948196 -55.852501 -16.383423 -0.169000 -0.950500 0.260600
-6.169388 -55.013504 -15.650299 0.532600 -0.517800 0.669500
-6.583588 -55.742500 -16.284210 0.331800 -0.870600 0.363300
-6.241699 -55.409904 -15.993225 0.507300 -0.708700 0.490300
-8.593094 -51.371498 -17.542999 -0.992700 0.114900 -0.037600
-7.710800 -50.513298 -16.792206 -0.023100 0.713100 0.700700
-6.238998 -51.739300 -17.833099 0.854600 0.359500 0.374700
-6.924088 -53.005798 -18.934113 0.020000 -0.536300 -0.843800
-6.085693 -52.104599 -18.146606 0.993200 -0.010700 -0.116300
-8.544891 -54.506302 -15.693024 -0.840700 -0.505600 -0.194000
-8.750397 -54.055099 -15.306000 -0.971800 -0.186200 0.145000
-8.594498 -53.624504 -14.932526 -0.862200 0.157000 0.481600
-8.167694 -53.209301 -14.569214 -0.594800 0.356100 0.720700
-7.725891 -53.058701 -14.434113 0.171600 0.462500 0.869900
-6.120590 -54.380699 -15.556427 0.839000 0.166900 0.518000
-6.939590 -55.828300 -16.815308 -0.171300 -0.855600 -0.488500
-6.497787 -55.677597 -16.680115 0.602500 -0.704600 -0.374800
-6.070999 -55.262497 -16.316925 0.889700 -0.433200 -0.143800
-5.962799 -54.785202 -15.903717 0.969200 -0.121100 0.214400
-2.749802 -57.938301 -18.162323 -0.417600 -0.811900 0.408000
-2.751999 -56.619301 -17.023926 -0.357200 -0.211500 0.909800
-2.942688 -57.003098 -17.357422 -0.547300 -0.477500 0.687400
-2.941788 -57.552597 -17.831726 -0.547600 -0.609600 0.573200
-2.303192 -58.105301 -18.301208 -0.078500 -0.946400 0.313300
-0.775299 -56.463997 -16.866913 0.079200 -0.187500 0.979100
-0.326492 -57.949997 -18.144226 0.344800 -0.878300 0.331100
-0.392395 -56.630699 -17.006317 0.378800 -0.303100 0.874500
-0.135788 -57.566200 -17.810822 0.534600 -0.617900 0.576600
-0.136688 -57.016602 -17.336426 0.533600 -0.463500 0.707400
-2.787399 -54.878799 -20.922302 -0.729800 -0.337500 -0.594500
-2.789688 -53.460701 -19.698303 -0.706100 0.522700 0.477700
-0.710999 -53.293400 -19.529816 0.196300 0.673600 0.712500
-0.238998 -54.891098 -20.903320 0.744200 -0.340200 -0.574800
-0.308395 -53.472702 -19.679810 0.828100 0.415000 0.376900
-2.407394 -58.054604 -18.759003 -0.183400 -0.853700 -0.487400
-2.916992 -57.846298 -18.585114 -0.727600 -0.628600 -0.274700
-3.136093 -57.364899 -18.172211 -0.966900 -0.252600 0.035800
-3.137192 -56.678802 -17.580109 -0.963400 -0.027200 0.266900
-2.919693 -56.199600 -17.164001 -0.610400 0.343500 0.713700
-0.664398 -56.004601 -16.969513 0.207800 0.461600 0.862400
-0.152100 -57.859604 -18.564514 0.601600 -0.717500 -0.351100
0.065399 -57.380402 -18.148407 0.964100 -0.261300 0.048200
0.064301 -56.694298 -17.556213 0.953800 -0.001000 0.300500
-0.227493 -56.212601 -17.143921 0.708400 0.269400 0.652400
-3.771790 -57.376503 -17.715210 0.298500 -0.876900 0.376800
-3.519699 -57.058098 -17.437500 0.506600 -0.680800 0.529100
-3.398102 -56.527802 -16.978424 0.540400 -0.558300 0.629500
-3.479996 -56.103897 -16.613525 0.460400 -0.314000 0.830300
-4.197891 -57.412399 -17.751221 -0.130900 -0.932400 0.337000
-5.169098 -55.399498 -16.025208 0.096700 -0.205800 0.973800
-5.539597 -55.453003 -16.075714 -0.286700 -0.261000 0.921800
-5.886993 -56.708099 -17.162903 -0.475400 -0.775100 0.416200
-5.847397 -55.753899 -16.338898 -0.512100 -0.401000 0.759600
-5.968994 -56.284103 -16.798004 -0.551800 -0.538300 0.637000
-3.696289 -54.350098 -20.543823 0.511700 -0.465700 -0.722000
-3.382599 -52.981800 -19.359222 0.854600 0.406800 0.322600
-5.920792 -53.647202 -19.963013 -0.896000 -0.203200 -0.394900
-5.548492 -52.297401 -18.793701 -0.447400 0.689900 0.569100
-3.657394 -57.351204 -18.145020 0.535200 -0.767800 -0.352300
-4.147491 -57.409302 -18.200897 -0.154300 -0.872700 -0.463200
-3.360596 -56.947998 -17.793610 0.918500 -0.390900 -0.060600
-3.208801 -56.286003 -17.220398 0.975300 -0.167000 0.144300
-3.293091 -55.762398 -16.769501 0.796000 0.200300 0.571100
-5.216492 -54.941704 -16.083527 0.110200 0.466000 0.877900
-6.070892 -56.588600 -17.514923 -0.799100 -0.563400 -0.209900
-6.155197 -56.065002 -17.063904 -0.977600 -0.118900 0.173700
-6.003387 -55.403000 -16.490814 -0.898000 0.116800 0.424300
-5.643097 -55.019798 -16.156006 -0.527700 0.363600 0.767700
9.390106 -53.898300 -14.562103 0.200900 -0.926400 0.318500
8.404510 -53.316101 -14.071106 -0.592500 -0.528300 0.608200
8.602203 -53.631699 -14.341217 -0.437600 -0.800600 0.409300
9.012802 -53.874298 -14.545807 -0.217600 -0.922600 0.318600
9.722900 -53.630798 -14.327301 0.463000 -0.753900 0.466000
9.209503 -51.736301 -12.698303 -0.474200 -0.341100 0.811700
10.527908 -52.051003 -12.954498 0.569700 -0.543700 0.616200
9.512299 -51.517403 -12.505798 -0.232400 -0.217200 0.948100
10.330307 -51.735298 -12.684418 0.406400 -0.314800 0.857800
9.919601 -51.492699 -12.479797 0.155900 -0.186900 0.969900
9.438812 -51.084301 -17.097198 0.257300 -0.515800 -0.817100
8.378998 -50.458302 -16.569305 -0.899200 -0.190900 -0.393600
9.199707 -50.647202 -13.631409 -0.796000 0.502800 0.336900
10.635208 -49.141602 -15.406708 0.993600 0.021000 -0.111300
9.521103 -50.411003 -13.443817 -0.058500 0.789900 0.610500
9.833511 -53.572098 -14.723022 0.811700 -0.546400 -0.206400
9.440598 -53.869499 -14.984314 0.306400 -0.834100 -0.458700
8.979202 -53.823898 -14.950317 -0.371800 -0.799100 -0.472500
8.466507 -53.521004 -14.694916 -0.746800 -0.594500 -0.298000
8.210007 -53.142601 -14.371307 -0.972600 -0.208700 0.102700
9.115311 -51.332298 -12.798309 -0.783900 0.271500 0.558400
10.738708 -51.761703 -13.150116 0.965800 -0.127400 0.225600
10.482300 -51.383400 -12.826508 0.708700 0.326300 0.625500
9.969604 -51.080502 -12.571106 0.331900 0.564800 0.755600
9.474106 -51.090401 -12.585327 -0.359100 0.496800 0.790100
8.830505 -54.382401 -14.931122 0.535900 -0.578900 0.614600
8.715302 -54.025803 -14.624725 0.470100 -0.382800 0.795300
8.372299 -53.690002 -14.338806 0.318100 -0.253900 0.913400
8.007401 -53.576302 -14.245026 -0.174500 -0.140100 0.974600
8.641998 -54.766602 -15.264923 0.446300 -0.772200 0.452300
6.613800 -54.730904 -15.257599 -0.468300 -0.341000 0.815100
6.466904 -55.074600 -15.556000 -0.547600 -0.512500 0.661400
7.248398 -55.921204 -16.277618 0.155800 -0.952100 0.263100
6.540512 -55.471703 -15.897919 -0.521400 -0.703700 0.482600
6.883408 -55.807602 -16.183807 -0.345600 -0.867300 0.358300
8.937805 -51.456100 -17.412201 0.993800 0.108400 -0.026100
8.052704 -50.589401 -16.674500 -0.006100 0.732300 0.681000
7.274109 -53.074203 -18.828125 -0.015300 -0.536000 -0.844100
6.432800 -52.165001 -18.053101 -0.990600 0.135300 -0.019800
9.051605 -54.141197 -15.173218 0.968200 -0.194200 0.157900
8.847610 -54.590401 -15.563324 0.838900 -0.512600 -0.182800
8.894409 -53.709099 -14.802124 0.857000 0.150000 0.493000
8.466202 -53.289803 -14.445221 0.587900 0.351400 0.728600
8.024002 -53.134800 -14.316620 -0.179000 0.463900 0.867600
6.422913 -54.441399 -15.462799 -0.844400 0.178300 0.505100
7.246506 -55.896904 -16.709503 0.171100 -0.857000 -0.486100
6.804306 -55.742004 -16.581024 -0.603300 -0.699600 -0.382800
6.376099 -55.322701 -16.223999 -0.891300 -0.425900 -0.155800
6.266403 -54.844398 -15.812500 -0.972800 -0.113800 0.201600
3.057098 -57.966301 -18.119019 0.403500 -0.815900 0.414100
3.247803 -57.582603 -17.785522 0.533000 -0.614900 0.581300
3.246902 -57.032997 -17.311218 0.532200 -0.482800 0.695500
3.055008 -56.647400 -16.980621 0.341500 -0.214900 0.915000
2.611008 -58.129097 -18.264618 0.064700 -0.947100 0.314300
1.077805 -56.472900 -16.853119 -0.095700 -0.186600 0.977800
0.695404 -56.635902 -16.998199 -0.394700 -0.299300 0.868700
0.633804 -57.954597 -18.137024 -0.358200 -0.874900 0.325900
0.441010 -57.019402 -17.332123 -0.548600 -0.458300 0.699300
0.441803 -57.569000 -17.806519 -0.549100 -0.612600 0.568500
3.153107 -54.896004 -20.868011 0.734800 -0.340600 -0.586500
3.150803 -53.477798 -19.644012 0.675200 0.555900 0.484900
0.604813 -54.883598 -20.887024 -0.740500 -0.331700 -0.584500
0.669510 -53.465797 -19.662506 -0.664900 0.579000 0.471900
3.231506 -57.875999 -18.539307 0.725900 -0.634400 -0.266000
2.722504 -58.079399 -18.720703 0.182800 -0.854400 -0.486500
3.449005 -57.396797 -18.123108 0.964100 -0.260900 0.048600
3.447906 -56.710602 -17.531006 0.959300 -0.035700 0.280100
3.228912 -56.229301 -17.118103 0.603700 0.336800 0.722600
0.972900 -56.012604 -16.957306 -0.214300 0.466900 0.858000
0.466599 -57.862602 -18.559906 -0.602600 -0.711700 -0.361100
0.247498 -57.381302 -18.147003 -0.966900 -0.252900 0.034500
0.246399 -56.695198 -17.554901 -0.957800 0.006800 0.287400
0.536713 -56.216301 -17.138214 -0.715200 0.273300 0.643300
4.077606 -57.414398 -17.656708 -0.312600 -0.873900 0.372200
3.781708 -56.139000 -16.559326 -0.475800 -0.309400 0.823300
3.701202 -56.562202 -16.925507 -0.555200 -0.553000 0.621300
3.824509 -57.093597 -17.382721 -0.521000 -0.675800 0.521400
4.503906 -57.454498 -17.686310 0.116800 -0.933600 0.338800
5.468704 -55.451004 -15.945923 -0.113300 -0.204800 0.972200
6.190811 -56.766502 -17.072906 0.461600 -0.779600 0.423200
5.839310 -55.508102 -15.990906 0.270300 -0.263700 0.926000
6.271301 -56.343300 -16.706726 0.536900 -0.543600 0.645200
6.148010 -55.811897 -16.249512 0.496700 -0.405900 0.767200
4.071106 -54.387703 -20.485901 -0.505600 -0.461000 -0.729300
3.752899 -53.016300 -19.306000 -0.855500 0.414600 0.310200
6.293304 -53.706299 -19.871918 0.899600 -0.211500 -0.382100
5.916702 -52.352901 -18.708221 0.445300 0.685900 0.575600
4.460312 -57.451004 -18.136719 0.152900 -0.874200 -0.460900
3.970001 -57.388100 -18.088104 -0.537100 -0.762700 -0.360200
3.671906 -56.982002 -17.741119 -0.921100 -0.382100 -0.074200
3.518005 -56.318604 -17.170319 -0.978900 -0.157700 0.129900
3.600601 -55.795799 -16.718109 -0.802400 0.207900 0.559400
5.521408 -54.993599 -16.003510 -0.118600 0.467000 0.876200
6.381104 -56.648804 -17.421997 0.796700 -0.570900 -0.198200
6.463699 -56.125999 -16.969818 0.973800 -0.128200 0.188100
6.309799 -55.462502 -16.399017 0.892700 0.108300 0.437400
5.948212 -55.075897 -16.069519 0.519800 0.358700 0.775400
-15.496002 -64.213303 42.414886 -0.052000 -0.998600 -0.000900
-15.441391 -63.171303 46.343475 -0.037200 -0.844300 0.534500
-17.385788 -63.069397 45.853577 -0.310700 -0.829100 0.464800
-18.809189 -62.994804 44.365875 -0.506200 -0.822000 0.261000
-19.330200 -62.967499 42.414886 -0.574500 -0.818500 -0.000100
-18.809189 -62.994804 40.467896 -0.503500 -0.822200 -0.265400
-17.385788 -63.069397 39.042480 -0.309400 -0.832400 -0.459800
-15.441391 -63.171303 38.520782 -0.044400 -0.846300 -0.530900
-13.496994 -63.273201 39.042480 0.220700 -0.860200 -0.459800
-12.073593 -63.347801 40.467896 0.414800 -0.870300 -0.265400
-11.552597 -63.375099 42.414886 0.485800 -0.874100 0.000000
-12.073593 -63.347801 44.362000 0.414800 -0.870300 0.265500
-13.496994 -63.273201 45.787384 0.223400 -0.860100 0.458700
-15.292191 -60.324501 49.159790 -0.025400 -0.480400 0.876700
-18.659988 -60.148003 48.244293 -0.467900 -0.454400 0.758000
-21.125397 -60.018799 45.752197 -0.785100 -0.436900 0.439100
-22.027802 -59.971504 42.414886 -0.900200 -0.435500 0.001100
-21.125397 -60.018799 39.042480 -0.782800 -0.442000 -0.438000
-18.659988 -60.148003 36.573700 -0.462600 -0.458800 -0.758600
-15.292191 -60.324501 35.670074 -0.025200 -0.481700 -0.876000
-11.924393 -60.500999 36.573700 0.412100 -0.504600 -0.758600
-9.459000 -60.630203 39.042480 0.732300 -0.521400 -0.438000
-8.556595 -60.677498 42.414886 0.849500 -0.527500 0.000000
-9.459000 -60.630203 45.787384 0.732300 -0.521400 0.438000
-11.924393 -60.500999 48.256073 0.412100 -0.504600 0.758600
-15.088394 -56.435699 50.203186 -0.013500 -0.258500 0.965900
-18.977188 -56.231903 49.159790 -0.502800 -0.234400 0.832000
-21.823990 -56.082703 46.211700 -0.851900 -0.210100 0.479700
-22.865997 -56.028099 42.408081 -0.978300 -0.207100 0.001600
-21.823990 -56.082703 38.520782 -0.848800 -0.214800 -0.483000
-18.977188 -56.231903 35.670074 -0.495800 -0.233200 -0.836500
-15.088394 -56.435699 34.626587 -0.013500 -0.258500 -0.965900
-11.199600 -56.639503 35.670074 0.468800 -0.283700 -0.836500
-8.352798 -56.788704 38.520782 0.821800 -0.302200 -0.483000
-7.310791 -56.843300 42.414886 0.951100 -0.309000 0.000000
-8.352798 -56.788704 46.309082 0.821800 -0.302200 0.483000
-11.199600 -56.639503 49.159790 0.468800 -0.283700 0.836500
15.565399 -64.205002 42.414886 0.069500 -0.997600 -0.000900
15.492599 -63.164200 46.345184 0.052200 -0.845200 0.531800
13.550308 -63.300003 45.787384 -0.209400 -0.864700 0.456500
12.128403 -63.399399 44.362000 -0.399500 -0.877400 0.265400
11.608002 -63.435799 42.414886 -0.470500 -0.882400 -0.000000
12.128403 -63.399399 40.467896 -0.399500 -0.877400 -0.265400
13.550308 -63.300003 39.042480 -0.205700 -0.863900 -0.459800
15.492599 -63.164200 38.520782 0.059100 -0.845400 -0.530900
17.434906 -63.028297 39.042480 0.323900 -0.826900 -0.459800
18.856812 -62.928902 40.467896 0.517800 -0.813300 -0.265400
19.377304 -62.892502 42.414886 0.588900 -0.808200 0.000200
18.856812 -62.928902 44.364990 0.521000 -0.812000 0.263100
17.434906 -63.028297 45.852081 0.328900 -0.823500 0.462300
15.293808 -60.320404 49.159790 0.034000 -0.477700 0.877900
11.929504 -60.555603 48.256073 -0.404200 -0.510900 0.758700
9.466812 -60.727798 45.787384 -0.723100 -0.534100 0.438000
8.565308 -60.790901 42.414886 -0.840200 -0.542300 0.000000
9.466812 -60.727798 39.042480 -0.723100 -0.534100 -0.438000
11.929504 -60.555603 36.573700 -0.403300 -0.511700 -0.758600
15.293808 -60.320404 35.670074 0.033600 -0.481200 -0.876000
18.658005 -60.085098 36.573700 0.470600 -0.450600 -0.758600
21.120804 -59.912903 39.042480 0.790400 -0.428300 -0.438000
22.022202 -59.849899 42.414886 0.907700 -0.419700 0.001700
21.120804 -59.912903 45.751099 0.792500 -0.425500 0.437000
18.658005 -60.085098 48.244781 0.475000 -0.447200 0.757900
15.022110 -56.435699 50.203186 0.018700 -0.258900 0.965700
11.137512 -56.707397 49.159790 -0.463700 -0.291900 0.836500
8.293701 -56.906204 46.309082 -0.816400 -0.316500 0.483000
7.252808 -56.979004 42.414886 -0.945500 -0.325600 0.000000
8.293701 -56.906204 38.520782 -0.816400 -0.316500 -0.483000
11.137512 -56.707397 35.670074 -0.463700 -0.291900 -0.836500
15.022110 -56.435699 34.626587 0.018100 -0.258200 -0.965900
18.906799 -56.164101 35.670074 0.499800 -0.224500 -0.836500
21.750504 -55.965202 38.520782 0.852500 -0.199800 -0.483100
22.791412 -55.892403 42.410400 0.981600 -0.190700 0.002300
21.750504 -55.965202 46.221985 0.856600 -0.194300 0.477900
18.906799 -56.164101 49.159790 0.503900 -0.224200 0.834200
