0.000000 41.299599 42.845886 0.000000 0.984700 -0.174100
-19.343498 -23.090200 -53.307312 0.123100 -0.892200 0.434600
0.000000 -72.449799 61.125992 -0.000000 -0.999500 0.031500
0.000000 35.516701 -22.433624 -0.000000 0.819400 0.573200
-0.084702 -64.232903 -22.418121 -0.002100 -0.203600 -0.979100
0.054802 -71.926804 13.217896 0.033100 -0.850100 0.525600
-0.109802 -74.281303 10.370300 0.176900 -0.884200 0.432300
0.172699 -74.652901 8.835602 0.088500 -0.964400 0.249300
0.000000 -71.126701 45.551880 -0.000000 -0.979600 -0.201000
-0.057602 -72.864403 -11.093018 0.000200 -0.998200 -0.060400
0.000000 26.314299 10.397186 0.000000 0.907900 -0.419300
0.000000 39.224602 71.007584 0.000000 0.912500 0.409100
-0.072800 -70.822304 -17.818207 -0.001100 -0.800000 -0.599900
0.000000 -68.974304 84.719681 -0.000000 -0.610200 0.792200
0.065697 -70.976204 15.360077 0.226700 -0.972500 0.054100
0.052002 -71.035103 15.932281 0.324200 -0.942500 -0.081100
0.000000 -48.962700 95.338486 -0.000000 -0.283700 0.958900
0.000000 -80.045403 18.595276 0.000000 -0.576300 -0.817200
-0.083099 -55.329399 -20.461304 -0.002200 0.115600 -0.993300
-0.085701 -43.131001 -20.463013 -0.002300 -0.273800 -0.961800
-0.034103 -36.674202 -34.294708 0.070500 -0.955800 -0.285600
-2.046600 -71.662300 22.779388 -0.242400 -0.241500 -0.939600
-0.057304 -36.806499 -24.781403 0.033500 -0.896400 -0.441900
0.176796 -72.953201 4.846100 0.059400 -0.770100 -0.635200
0.000000 -73.582603 40.871002 -0.000000 -0.781500 0.623900
0.055397 -73.720703 3.220398 0.108000 -0.925300 0.363700
-43.040298 -25.998800 23.667175 -0.975500 -0.202200 -0.087000
0.224197 -74.804398 8.010101 0.064300 -0.984400 -0.164000
-0.011299 -72.340904 0.510895 0.071500 -0.851200 -0.519900
0.000000 -75.155502 37.317200 -0.000000 -0.955900 0.293600
0.000000 -77.643402 27.836487 0.000000 -0.871200 0.490900
0.000000 -75.902298 33.103973 -0.000000 -0.968100 0.250700
0.000000 -71.429901 43.364380 -0.000000 -0.988500 0.151200
-0.000999 -75.813400 18.011597 -0.000900 -0.207400 -0.978300
0.000000 -72.117104 64.960892 -0.000000 -0.998000 0.063300
0.055496 -72.411102 4.266296 -0.033300 0.094400 -0.995000
0.000000 -76.076004 77.315094 -0.000000 -0.936400 0.351100
0.000000 -81.753899 22.887390 -0.000000 -0.987000 0.160600
0.000000 -71.717499 42.264801 -0.000000 -0.823900 0.566700
0.000000 -71.770302 47.549194 -0.000000 -0.947700 -0.319200
0.000000 -72.400398 50.910690 -0.000000 -0.999900 0.016300
-0.044601 -71.587601 -4.985413 0.016000 -0.995000 0.098500
0.022896 -71.878502 16.782898 0.037600 -0.494500 -0.868300
0.000000 19.260798 91.747482 0.000000 0.531000 0.847400
-0.163300 -73.623604 1.992798 0.088500 -0.938600 -0.333400
0.000000 29.561598 -13.073608 -0.000000 0.935000 0.354700
0.226799 -74.118202 6.479401 0.060800 -0.868300 -0.492200
0.000000 81.753799 -88.577301 -0.000000 0.997500 0.070300
-0.052002 -72.512604 -8.443817 0.000800 -0.969800 0.244000
0.000000 -42.062500 -88.577301 0.000000 -0.992100 0.125400
0.000000 -76.785301 73.446594 -0.000000 -0.895800 -0.444500
0.000000 -72.378403 56.378189 -0.000000 -1.000000 -0.005200
0.000000 -74.278603 39.359100 -0.000000 -0.912500 0.409100
0.000000 -8.269900 101.383087 0.000000 0.126400 0.992000
0.000000 -27.944500 -53.966705 0.000000 -1.000000 -0.000200
0.000000 -76.773399 30.470398 -0.000000 -0.953400 0.301900
0.000000 49.751602 -36.036926 -0.000000 0.635500 0.772100
-30.669403 -48.960300 47.932373 -0.910400 -0.403000 0.093300
-28.592499 -54.772301 53.310791 -0.920100 -0.290400 0.262800
-23.633003 -61.229401 56.605591 -0.693700 -0.475400 0.541000
-19.198402 -65.271904 58.182495 -0.645200 -0.707500 0.288300
-13.728600 -68.872398 58.354095 -0.487300 -0.863600 0.129400
-8.867401 -71.168503 57.461884 -0.247400 -0.958100 0.144300
-4.012901 -72.000198 56.564789 -0.048700 -0.989500 0.135900
-21.982101 -62.543900 33.939087 -0.449300 -0.848800 0.278600
-25.478600 -59.206902 36.517700 -0.562400 -0.769400 0.302900
-27.359703 -56.761497 38.372894 -0.683100 -0.678100 0.271200
-16.580002 -65.453697 33.141296 -0.384900 -0.874200 0.295900
-2.875801 -72.898399 -8.543304 -0.023600 -0.929700 0.367600
-7.545303 -71.789803 -9.459900 -0.493800 -0.791500 0.360200
-12.598701 -66.825798 -9.869507 -0.673400 -0.684200 0.280000
-17.196304 -63.246201 -4.132416 -0.481400 -0.872200 0.086700
-19.862305 -61.600800 1.236877 -0.627100 -0.778700 -0.020300
-18.782501 -61.763802 9.448486 -0.619900 -0.768300 0.159200
-17.588699 -61.964798 12.844879 -0.495500 -0.854600 -0.155200
-15.137604 -65.274704 18.553894 -0.326900 -0.899400 -0.290200
-11.208405 -68.436699 24.238800 -0.173100 -0.899100 -0.402100
-8.164703 -71.379204 27.020386 -0.418300 -0.903100 -0.097000
-28.188904 -52.911003 64.020981 -0.819500 -0.548700 -0.165100
-23.405899 -60.930099 72.669189 -0.725500 -0.688200 -0.000200
-15.590202 -66.900497 74.493393 -0.619500 -0.728400 -0.292600
-9.166100 -72.628799 73.630081 -0.477900 -0.692300 -0.540700
-3.950699 -75.127899 74.662384 -0.402100 -0.915100 0.029300
-11.879898 -67.429001 33.712280 -0.368700 -0.804200 0.466200
-7.996498 -67.794899 35.946381 -0.571300 -0.651000 0.499800
-4.920601 -69.736504 37.983093 -0.755400 -0.578300 0.308000
-2.373100 -73.355400 39.022186 -0.658600 -0.690900 0.298100
-24.936699 -61.649498 42.555603 -0.782800 -0.609400 -0.125800
-20.470299 -64.929100 45.553375 -0.524300 -0.834400 0.170000
-101.904007 46.632500 -88.577301 -0.655100 0.734500 0.176800
-117.950302 24.690798 -88.577301 -0.966000 0.086100 0.243800
-70.676697 -26.681601 -88.577301 -0.536400 -0.843200 0.036300
-36.106300 -44.222401 -88.577301 -0.365200 -0.915500 0.168800
-11.232300 -41.717800 -88.577301 0.401300 -0.913200 0.070700
-7.294701 -41.315399 -88.577301 0.004500 -0.993500 0.114100
-15.293404 -67.577301 46.601593 -0.282900 -0.897600 0.338000
-10.971405 -68.579399 45.291779 0.275500 -0.941600 0.193600
-8.423698 -66.428497 42.718475 0.583400 -0.775600 -0.241100
-4.345604 -68.656601 84.964783 -0.069200 -0.613100 0.787000
-5.510101 -50.566101 95.145081 -0.031200 -0.326300 0.944700
-8.913002 -10.308301 100.656891 -0.159300 0.078300 0.984100
-10.254204 -51.179100 94.281281 -0.311600 -0.315400 0.896300
-17.826004 -12.346601 98.660385 -0.239800 0.046200 0.969700
-34.673904 42.960304 -36.720520 -0.158800 0.488900 0.857800
-20.029503 -48.877998 -88.577301 0.170100 -0.971200 0.166700
-43.363800 -22.957100 25.681702 -0.986600 -0.119600 -0.111100
-2.916199 -27.820000 -53.966705 -0.109700 -0.993700 0.023000
-6.685104 -27.164600 -53.966705 -0.434300 -0.897700 0.074300
-9.323601 -25.100300 -54.080322 -0.574300 -0.801300 0.167400
-12.496704 -22.759201 -53.786713 -0.280600 -0.895700 0.345100
-36.315399 -29.018700 39.214874 -0.828900 0.191900 -0.525500
-32.755005 -25.769501 32.734375 -0.953500 -0.286100 0.094300
-41.574600 -23.323301 44.877502 -0.710700 -0.234400 -0.663300
-41.765999 -29.057901 42.072388 -0.685200 0.206000 -0.698700
-42.222801 -22.245300 40.366302 -0.761800 -0.647600 0.017200
-41.903503 -23.679201 35.570984 -0.657800 -0.753000 -0.016000
-41.163002 -24.061001 40.336792 -0.888600 -0.439700 -0.130500
-36.362099 -15.344001 7.969482 -0.999900 -0.011100 0.004400
-39.544403 -31.390301 37.931274 -0.970800 -0.011700 -0.239600
-42.866699 -17.241402 32.799194 -0.845100 -0.522300 0.114300
-42.653999 -19.513300 30.411194 -0.909500 -0.329000 0.254100
-42.803703 -25.423401 27.639099 -0.753000 -0.523900 0.398100
-36.252098 -27.582701 27.587799 -0.813000 -0.197900 0.547600
-43.467201 -18.766201 46.381287 -0.797900 -0.350500 -0.490400
-43.414200 -15.551500 38.568085 -0.810900 -0.583400 -0.046300
-17.196404 -62.445297 4.008087 -0.474100 -0.880100 0.025500
-2.884804 -73.245499 5.292480 -0.187900 -0.739500 -0.646400
-2.231499 -73.675201 3.337494 -0.064600 -0.937100 0.343100
-5.670799 -73.045502 4.192291 -0.285300 -0.848300 0.446000
-13.154999 -65.092400 7.650177 0.336700 -0.027500 0.941200
-10.424500 -69.486404 5.720886 -0.401700 -0.619800 0.674100
-5.731804 -72.292000 5.687500 -0.496000 -0.624700 -0.603000
-8.999199 -69.192497 6.653778 -0.663600 -0.540500 -0.517200
-13.154999 -65.092400 7.650177 -0.649300 -0.753900 0.099900
-10.449799 -69.823402 4.503784 -0.707700 -0.701100 -0.087100
-5.850502 -72.723000 2.540497 -0.446400 -0.836300 -0.318400
-2.229500 -73.605904 1.383301 -0.132400 -0.879800 -0.456500
-3.213303 -74.365898 7.026093 -0.209700 -0.874300 -0.437800
-5.943703 -73.112099 7.272797 -0.582900 -0.736100 -0.344200
-8.672005 -69.933197 7.468781 -0.734100 -0.656300 -0.174300
-4.826805 -70.099503 14.528595 -0.435800 -0.814600 0.382800
-1.691704 -72.113998 13.555389 0.016200 -0.854300 0.519600
-3.153801 -71.631302 13.352295 -0.415600 -0.762400 0.495900
-0.792404 -71.932304 13.198792 0.150900 -0.860800 0.486100
-1.901405 -70.498497 16.943573 -0.452800 -0.856100 -0.249200
-0.765900 -70.565804 16.350586 -0.292200 -0.948700 -0.121000
-1.736198 -71.306999 15.334991 -0.141400 -0.888600 0.436400
-0.782402 -71.463303 14.869873 0.100300 -0.928000 0.358900
-1.010605 -74.276901 10.375702 0.221400 -0.819600 0.528500
-1.900299 -74.808197 10.186096 0.043600 -0.904200 0.424800
-38.666100 -29.404202 44.648285 -0.246300 -0.552500 0.796300
-41.451904 -31.037500 47.231476 0.058100 -0.737100 0.673300
-43.616402 -30.733601 45.152588 -0.796500 -0.588200 0.140400
-36.515701 -18.784000 26.513702 -0.650400 0.681600 -0.335400
-38.036903 -22.294300 22.291199 -0.528800 0.504200 -0.682700
-42.784103 -19.967100 22.718597 -0.493300 0.517400 -0.699200
-44.519302 -19.175501 28.865082 -0.989000 -0.105700 0.103000
-38.329300 -30.617802 29.020874 -0.982600 0.135900 -0.126700
-39.131905 7.700699 -29.567108 -0.846600 -0.239600 0.475200
-37.655205 0.461500 -3.770905 -0.976000 0.189900 0.106700
-34.897598 -0.864101 19.009094 -0.975500 0.203200 0.084100
-35.546104 -0.619701 35.431274 -0.976100 0.214800 -0.032600
-7.324600 -69.754898 25.794281 -0.056000 -0.617200 -0.784800
-10.260399 -66.401100 21.734192 -0.147100 -0.911600 -0.383900
-13.729698 -65.209404 4.479797 -0.614100 -0.788800 0.026300
-28.264000 -55.102898 43.969482 -0.807800 -0.503400 -0.306700
-25.874802 -60.133598 46.273376 -0.648300 -0.672200 -0.357500
-44.600899 -26.468601 47.194702 -0.949600 -0.233800 0.208600
-44.525803 -21.524302 48.108185 -0.980500 0.027000 0.194500
-46.136703 -15.267301 38.447693 -0.956800 -0.290200 -0.015200
-45.225502 -17.270700 31.684875 -0.944800 -0.327600 -0.011400
-42.290604 -26.213402 20.383698 -0.573500 0.004200 -0.819200
-41.552498 -30.815300 20.789185 -0.509400 -0.638200 -0.577200
-42.276405 -32.072403 41.537384 -0.578600 -0.779100 -0.241200
-41.647903 -26.575300 49.686584 0.081000 -0.291600 0.953100
-42.588402 -19.566601 50.508179 -0.100400 0.253300 0.962200
-44.312302 -12.217101 39.102875 -0.309300 0.949700 0.048200
-43.499901 -14.796301 31.136688 -0.301200 0.865200 -0.400800
-37.883598 -25.001202 21.145691 -0.645200 0.155200 -0.748100
-37.815903 -29.337601 21.113190 -0.623500 -0.176000 -0.761800
-38.347603 -32.360802 41.939697 -0.678100 -0.721500 0.139700
-38.301498 -25.562201 46.392578 -0.336600 -0.111900 0.935000
-38.064598 -20.077101 46.033875 0.627100 0.247000 0.738700
-36.887802 -15.221801 39.803497 -0.989900 0.051500 -0.131900
-37.305099 -31.963699 25.157990 -0.784500 -0.617400 -0.058600
-37.551804 -16.826101 43.495392 -0.993400 0.100100 -0.056000
-37.149498 -20.280800 20.044891 -0.977600 0.209700 -0.015800
-35.645302 -12.573601 16.358002 -0.994400 0.102000 0.028600
-36.802101 -32.975601 58.859589 -0.972500 -0.232500 -0.010600
-37.593704 -30.448601 50.658783 -0.965400 -0.190800 0.177700
-27.462303 -23.919401 -35.966919 -0.259700 -0.960700 -0.097700
-28.753601 -26.435701 -17.509308 -0.464200 -0.866400 -0.184100
-6.395905 -34.042702 -21.030609 -0.215100 -0.740000 -0.637300
-10.041801 -34.168400 -21.196198 -0.401800 -0.642300 -0.652700
-15.337799 -30.101601 -20.781525 -0.674800 -0.556000 -0.485300
-18.582199 -24.525900 -22.556519 -0.371600 -0.860500 -0.348400
-37.717201 -15.608601 53.658493 -0.998100 0.024400 -0.057000
-9.028999 -66.635002 85.699387 -0.403600 -0.550400 0.730900
-13.617905 -53.540802 91.338089 -0.488800 -0.374600 0.787900
-2.871902 -75.062500 78.855789 -0.125800 -0.877300 0.463100
-3.621902 -72.965302 47.420898 0.127000 -0.886400 -0.445200
-7.312805 -72.690903 47.983978 -0.341400 -0.730500 -0.591400
-10.663399 -70.561302 49.496796 -0.521400 -0.563400 -0.640900
-17.724701 -67.783798 50.250580 -0.464500 -0.799000 -0.381900
-24.491699 -63.503700 50.346802 -0.577900 -0.717600 -0.388700
-25.554001 -58.817001 41.316376 -0.675300 -0.561200 -0.478600
-7.686401 -64.671898 41.990784 0.023100 -0.972600 0.231400
-8.852600 -65.949104 41.896301 -0.223800 -0.359800 -0.905800
-11.353004 -68.148300 43.990784 -0.221300 -0.578600 -0.785000
-15.438904 -67.013802 45.164093 -0.220400 -0.464900 -0.857500
-20.067703 -64.598801 44.187897 0.015400 -0.468400 -0.883400
-23.943199 -62.203697 41.750977 -0.033800 -0.525700 -0.850000
-33.850899 -43.823303 46.924988 -0.916200 -0.364400 0.166700
-30.010803 -52.222000 39.412781 -0.801700 -0.568300 0.185200
-33.754105 -48.489403 35.650299 -0.916600 -0.340200 0.210000
-35.139603 -43.327003 30.543884 -0.978600 -0.191400 -0.076200
-30.005600 -26.057800 0.558777 -0.747500 -0.517000 -0.417100
-31.288902 -34.692501 0.840088 -0.906100 -0.029300 -0.422000
-20.397301 -59.399902 13.348297 -0.737600 -0.628000 -0.248100
-18.355598 -63.109802 18.642090 -0.645400 -0.742700 -0.178400
-19.493004 -58.499802 10.169189 -0.855200 -0.517400 -0.031700
-22.337700 -58.111198 0.950989 -0.914600 -0.403800 -0.022600
-26.190201 -23.421200 -52.828003 -0.377800 -0.901400 0.211400
-14.197205 -63.350204 -3.068420 -0.490500 -0.859000 0.146700
-11.616905 -67.090797 -6.184601 -0.707800 -0.699600 0.098200
-7.124504 -70.821503 -5.437012 -0.450300 -0.880100 0.150700
-3.011803 -71.388298 -5.096619 -0.092500 -0.985100 0.145000
-30.987801 -40.017700 2.491486 -0.929900 -0.192000 -0.313800
-30.261200 -44.525803 3.679077 -0.942100 -0.279900 -0.184500
-2.831703 -36.330700 -34.277710 -0.268900 -0.926700 -0.262700
-3.436302 -42.630501 -20.180817 -0.218300 -0.220000 -0.950800
-3.396599 -54.983704 -20.166199 -0.278000 0.131100 -0.951600
-8.178902 -55.876404 -17.421600 -0.444700 0.214000 -0.869800
-16.167305 -49.631104 -12.529205 -0.513100 0.074500 -0.855100
-24.440804 -38.879101 -7.567413 -0.720000 -0.076100 -0.689800
-35.567398 -30.127102 11.931000 -0.934300 -0.230200 -0.272200
-37.527802 -33.859901 30.763092 -0.944500 -0.301500 -0.130600
-8.740799 -64.703903 42.319580 -0.989100 -0.070800 -0.128800
-8.065102 -66.024498 41.147003 0.024900 -0.941400 0.336300
-9.834099 -66.481003 40.384003 -0.260000 -0.878900 0.400000
-12.550003 -66.321098 38.875977 -0.257000 -0.737100 0.625000
-11.018402 -65.355301 45.500580 -0.513800 0.150700 -0.844600
-16.473305 -64.855598 38.699890 -0.191600 -0.613800 0.765900
-15.476501 -64.358803 46.062500 0.083700 0.137500 -0.987000
-20.541702 -63.400604 40.081696 -0.323300 -0.654900 0.683000
-23.982101 -60.274902 42.402496 0.673700 -0.071600 -0.735600
-26.218498 -59.069801 44.372894 -0.846000 -0.520000 -0.117800
-20.778603 -61.116798 45.130096 0.456900 0.119800 -0.881400
-36.155998 -41.159801 34.227478 -0.962800 -0.268700 -0.028600
-34.916801 -45.912601 28.427490 -0.973200 -0.169200 -0.155600
-31.950401 -50.493900 24.426697 -0.850700 -0.337600 -0.402900
-27.368103 -56.889801 22.329590 -0.708700 -0.585500 -0.393500
-22.341599 -58.790398 19.777283 -0.617700 -0.704500 -0.349400
-26.883904 -46.286800 -3.018219 -0.896700 -0.188700 -0.400400
-30.154602 -44.695999 11.096375 -0.927800 -0.370600 -0.042200
-29.668098 -46.076302 16.936584 -0.897300 -0.395100 -0.196900
-32.671402 -56.176300 30.170685 -0.827900 -0.560500 -0.018300
-26.787003 -56.002800 41.051575 -0.813000 -0.581300 -0.032900
-24.129005 -58.628403 38.940277 -0.555700 -0.818200 0.147700
-20.979805 -62.056999 34.897003 -0.480200 -0.808700 0.339700
-16.152802 -64.710098 34.110382 -0.334000 -0.904000 0.266800
-11.569199 -65.600304 34.813202 -0.306200 -0.873300 0.378900
-7.915199 -66.340797 37.175476 -0.559700 -0.615600 0.554800
-5.547203 -67.419800 39.236389 -0.741500 -0.403300 0.536200
-2.410004 -72.592804 40.570801 -0.606100 -0.596300 0.526300
-32.518105 -40.047001 11.073090 -0.916600 -0.366600 -0.159200
-21.776199 -62.580299 72.057785 -0.674600 -0.737600 0.028600
-19.987099 -64.709801 63.415787 -0.719800 -0.694000 0.013600
-19.683205 -68.598999 53.342087 -0.574900 -0.818200 -0.008600
-4.418304 -71.401802 71.937790 -0.339900 -0.939500 0.042000
-9.138802 -72.039001 61.943787 -0.211700 -0.975900 0.053800
-8.555405 -73.956299 51.544785 -0.248200 -0.967800 -0.042900
-7.404503 -71.176201 47.133881 -0.445000 -0.363100 -0.818600
-7.431801 -69.141998 46.607880 -0.457400 -0.439000 -0.773300
-7.716904 -68.144203 45.871399 -0.518500 -0.530300 -0.670800
-5.844604 -69.478897 45.947876 -0.536500 -0.563800 -0.627900
-9.625900 -60.076004 42.932678 -0.807000 -0.184100 -0.561100
-12.494202 -64.807503 17.117401 -0.343700 -0.921200 -0.182400
-2.354904 -74.293999 37.011993 -0.669700 -0.706900 0.227400
-2.523102 -70.693604 41.714874 -0.685000 -0.658700 0.311300
-6.934402 -64.881798 42.749573 -0.314100 -0.948600 -0.038100
-7.994804 -64.882401 44.553284 0.003100 -0.948600 -0.316600
-5.534698 -66.071701 42.149475 -0.603000 -0.722100 -0.339000
-5.428604 -65.508400 40.593903 -0.502800 -0.859900 0.088200
-3.997505 -70.942299 35.722382 -0.763400 -0.618300 0.186800
-22.701805 -54.248901 -1.518219 -0.722200 -0.690100 -0.047700
-23.682602 -53.125603 4.101776 -0.653000 -0.755500 0.052600
-23.799698 -53.814903 9.911591 -0.599900 -0.784300 -0.157800
-33.918304 -46.762001 40.286102 -0.902500 -0.408200 0.137700
-30.891502 -50.992901 43.987183 -0.889300 -0.453800 0.056400
-29.226105 -52.289101 55.281586 -0.909700 -0.396000 0.124800
-28.126701 -57.210899 34.666290 -0.646400 -0.686700 0.332600
-23.192703 -59.103203 41.385376 -0.530700 -0.714800 -0.455400
-22.962799 -56.158501 42.792175 0.889500 -0.457000 0.002000
-7.503304 -65.682503 38.699280 -0.084000 -0.980700 0.176300
-20.674400 -58.082199 39.992798 0.350600 -0.234300 0.906700
-37.136703 -14.155300 -53.782898 -0.526100 -0.742200 0.415200
-10.530403 -61.167702 40.524780 -0.514100 -0.184300 0.837700
-17.095901 -59.730904 39.821777 -0.070400 -0.232000 0.970200
-13.341400 -60.956001 39.849487 -0.166100 -0.226600 0.959700
-21.154404 -63.234001 46.913177 -0.511100 -0.744000 -0.430500
-15.204498 -66.115402 47.774902 -0.346800 -0.863900 -0.365300
-10.589905 -66.985001 46.662384 0.062500 -0.972300 -0.225100
-20.044098 -56.985603 45.252197 0.269000 -0.179000 -0.946400
-15.907600 -58.817299 45.617798 -0.082500 -0.126700 -0.988500
-11.998001 -59.893799 44.643402 -0.467400 -0.173600 -0.866900
-1.580704 -75.212700 18.950287 -0.503500 0.098600 -0.858400
-1.265701 -72.444099 17.956482 -0.764500 -0.368400 -0.528900
-3.642899 -69.611298 17.640991 -0.336300 -0.848000 -0.409600
-6.876999 -71.198799 17.202789 -0.124800 -0.320800 -0.938900
-5.836800 -71.464203 18.087280 0.643700 -0.270400 -0.715900
-3.939804 -75.314201 19.075287 0.144400 -0.188900 -0.971300
-2.676903 -70.868004 -17.817108 -0.058200 -0.750100 -0.658700
-3.699104 -64.014603 -22.249725 -0.248500 -0.207600 -0.946100
-7.726303 -73.084503 -11.832520 -0.445600 -0.895200 0.009900
-2.975105 -74.204903 -11.201721 0.077400 -0.996900 0.014900
-8.788498 -61.976303 -20.218109 -0.437700 -0.010100 -0.899100
-7.640404 -70.184601 -17.666199 -0.332200 -0.622800 -0.708300
-16.428299 -58.574600 -15.704620 -0.567500 0.045800 -0.822100
-22.411003 -54.736198 -8.005127 -0.868300 -0.371000 -0.329300
-19.514404 -59.253098 -12.263397 -0.866000 -0.326300 -0.378900
-13.945198 -66.142502 -15.209900 -0.720900 -0.510100 -0.469100
-9.981400 -66.850304 10.956787 -0.690200 -0.685200 0.232600
-5.395302 -70.919998 12.048401 -0.541800 -0.681300 0.492300
-3.655304 -73.808502 10.642395 -0.471900 -0.692600 0.545600
-9.486801 -68.204102 72.746094 -0.343700 -0.912300 0.222600
-15.181999 -66.270004 73.023788 -0.445500 -0.871500 0.204900
-24.919205 -56.994102 63.888382 -0.803600 -0.594600 -0.026500
-32.491302 -42.851200 53.481491 -0.929600 -0.300800 0.213000
-36.139099 -1.521700 49.254974 -0.978400 0.193700 -0.072300
-32.529602 7.490000 25.947388 -0.914000 0.391400 -0.107200
-29.769699 16.625799 -6.215515 -0.715800 0.594500 0.366500
-16.057503 27.962900 -10.351624 -0.536800 0.783100 0.314000
-23.484802 -59.301804 60.485794 -0.815400 -0.564800 0.126700
-14.302002 -69.617401 62.805984 -0.525400 -0.850300 0.030800
-4.164299 -72.052704 61.758789 -0.105700 -0.992900 0.053900
-8.140503 -67.494102 21.880402 -0.976200 -0.125200 -0.177100
-6.037605 -69.033699 25.338196 -0.805700 -0.591100 -0.037500
-4.526405 -73.545403 25.890503 -0.758300 -0.524200 0.387500
-4.838699 -76.591301 22.478577 -0.852800 -0.499400 0.152900
-4.665703 -68.774399 17.674286 -0.576500 -0.615300 -0.537600
-4.771500 -75.932602 19.525787 -0.605400 -0.518000 -0.604200
-5.288101 -72.014999 31.664581 -0.745600 -0.633400 0.207100
-7.919403 -70.320999 17.365295 -0.523800 0.021900 -0.851600
-7.683601 -73.339798 20.057983 -0.735200 -0.640900 -0.220600
-7.182304 -73.299698 23.101776 -0.673900 -0.697500 0.243800
-10.794403 -68.458199 21.732697 -0.884800 0.459800 -0.075000
-8.068405 -71.602303 25.270874 -0.526500 -0.330200 0.783400
-2.146103 -76.841103 27.538177 -0.640800 -0.665600 0.382600
-9.725502 -68.807304 24.068573 -0.613000 0.444000 0.653500
-9.058403 -69.038803 18.823792 -0.644400 0.453900 -0.615400
-29.907799 -54.114998 36.876099 -0.757800 -0.560000 0.334800
-17.056198 -65.086098 31.618378 -0.448700 -0.887900 0.101600
-16.158501 -65.716202 37.278198 -0.336600 -0.940900 0.038300
-13.816902 -68.184898 25.821777 -0.374200 -0.922300 -0.096800
-8.615204 -73.122803 80.381592 -0.344200 -0.841700 0.416000
-27.222305 -53.751503 16.167297 -0.774600 -0.589000 -0.230200
-22.731201 -55.549202 13.918793 -0.699600 -0.684500 -0.204900
-15.443298 -62.235504 12.856903 -0.375400 -0.920600 -0.107800
-8.698402 -42.534302 -19.377197 -0.352100 -0.210100 -0.912100
-12.798203 -26.191801 -35.526611 -0.771000 -0.570500 -0.283000
-6.811401 -34.490902 -34.191223 -0.554700 -0.794800 -0.246000
-15.340401 -37.745102 -16.548309 -0.636600 -0.266500 -0.723700
-2.124100 -71.828300 -0.202423 -0.162500 -0.911400 -0.378200
-16.714798 -62.425201 -10.326508 -0.771100 -0.636000 -0.030100
-12.840599 -67.978004 -11.837219 -0.735600 -0.661300 0.146900
-5.615303 -71.051102 -0.182922 -0.406900 -0.889700 -0.207200
-10.712898 -67.604401 1.878784 -0.720200 -0.677900 -0.147400
-20.383400 -60.170799 -4.714325 -0.855500 -0.430400 -0.287800
-8.077805 -69.249100 32.691803 -0.465000 -0.860200 0.209400
-9.258705 -60.390602 41.902374 -0.930900 -0.233900 0.280600
-6.116104 -68.768997 44.552399 -0.623300 -0.601100 -0.500100
-11.799698 -67.861000 30.888000 -0.379800 -0.907900 0.177400
-3.130005 -70.528099 43.344177 -0.489200 -0.811000 -0.320800
-2.485298 -72.438103 4.522400 -0.099600 0.089100 -0.991000
-27.452805 -51.657600 4.975586 -0.745100 -0.662100 -0.080300
-8.833504 -68.035301 5.860077 -0.264400 0.024200 -0.964100
-5.682503 -71.188499 4.973175 -0.129600 0.072600 -0.988900
-2.919098 -70.344299 15.984100 -0.427800 -0.835900 0.344000
-2.825699 -80.032204 18.977478 -0.497900 -0.581600 -0.643300
-2.539398 -81.028099 22.906982 -0.560800 -0.803300 0.200600
-10.230499 -70.776703 22.560394 -0.855800 -0.510700 0.082500
-3.603203 -75.015198 8.991699 -0.299800 -0.951000 0.076200
-10.792000 -67.749901 47.687286 -0.183100 -0.652000 -0.735700
-11.889603 -66.823502 37.690277 0.011500 -0.999900 -0.011500
-20.527901 -63.334999 38.660278 -0.657200 -0.750200 -0.072100
-21.582802 -56.601303 44.344696 0.602400 -0.239600 -0.761400
-20.775703 -65.268303 47.504700 -0.339500 -0.670600 -0.659500
-15.255302 -68.578804 48.255585 -0.272600 -0.740000 -0.614800
-26.639900 -61.432800 27.796387 -0.611100 -0.786300 -0.091300
-20.504204 -64.940704 26.243286 -0.476300 -0.861300 -0.177200
-33.630302 -46.341202 67.132782 -0.903700 -0.419300 -0.086400
-39.127899 -13.260201 64.751984 -0.998800 0.047500 0.009500
-34.177704 -51.333603 32.927094 -0.930200 -0.314000 0.190000
-23.718498 -61.349998 32.261902 -0.538800 -0.817700 0.202800
-8.461899 -69.340904 29.089478 -0.514100 -0.829300 0.219000
-2.253700 -75.298103 32.894775 -0.584100 -0.783000 0.214000
-3.881905 -73.912102 50.730988 0.158800 -0.987300 0.001500
-4.038803 -71.766304 45.857880 -0.200800 -0.740700 -0.641100
-9.955299 -70.177597 20.918976 -0.839500 -0.414200 -0.351600
-10.440605 -69.533401 48.604797 -0.401400 -0.505800 -0.763600
-26.098999 -53.220703 -1.222412 -0.740600 -0.662800 -0.110500
-8.919601 -69.746803 9.540375 -0.735600 -0.601200 0.312400
-22.271698 -30.634001 -10.669922 -0.685400 -0.504700 -0.525000
-35.871300 -19.643002 -6.399323 -0.912700 -0.403700 -0.063500
-28.945801 -58.263298 49.612976 -0.916700 -0.394600 -0.062100
-15.786804 37.108803 45.754089 -0.493800 0.860600 -0.124900
-27.409500 21.995600 43.011780 -0.854700 0.494100 -0.159100
-36.115898 -35.873501 26.488281 -0.955400 -0.257700 -0.143900
-33.269005 -41.238701 19.005585 -0.875700 -0.421000 -0.236400
-25.970200 -43.363300 -5.714417 -0.791200 -0.062400 -0.608400
-27.893600 -51.857002 10.834595 -0.787800 -0.607100 -0.103800
-6.273102 -73.573502 9.364288 -0.609100 -0.754200 0.245300
-12.693405 -72.151497 52.540894 -0.437600 -0.893500 -0.100700
-15.463905 -69.304298 80.485382 -0.579900 -0.762200 0.287800
-26.738998 -14.385000 96.475693 -0.498000 0.051300 0.865600
-17.189598 18.602499 90.712585 -0.317600 0.522700 0.791100
-17.485100 36.955696 69.138382 -0.315000 0.899700 0.302200
-12.853798 27.650000 11.403900 -0.445000 0.852600 -0.274000
-29.420799 31.864599 -27.084412 -0.362400 0.659600 0.658500
-15.482201 -19.471001 -39.860016 -0.290600 -0.951900 -0.097200
-16.980003 -61.911102 10.365692 -0.317900 -0.946500 0.055300
-23.914604 19.512800 14.135681 -0.732600 0.674200 0.093200
-33.900803 -35.617599 11.159302 -0.939500 -0.231000 -0.252900
-37.197403 -14.385601 -33.628510 -0.871500 -0.487000 0.058100
-37.252304 -22.431900 88.137589 -0.837800 -0.109500 0.534900
-32.409698 23.900198 66.072189 -0.851500 0.510900 0.118200
-26.292900 -64.431297 53.743286 -0.693400 -0.670200 0.264800
-31.456604 11.247599 83.923492 -0.767700 0.344900 0.540100
-43.325203 21.642099 -27.269714 -0.516300 0.128800 0.846700
-25.501900 -57.612701 80.126282 -0.749600 -0.518200 0.411900
-52.005501 11.212297 -35.153107 -0.390100 -0.510000 0.766600
-60.885605 27.561998 -32.092926 -0.383900 0.103500 0.917600
-2.199905 -76.069603 30.216492 -0.610700 -0.762400 0.213900
-5.026901 -72.188499 27.707581 -0.718900 -0.689200 0.090600
-43.990799 -28.385601 46.643982 -0.928600 -0.299900 0.218700
-42.979301 -30.709101 42.110992 -0.869100 0.096400 -0.485200
-42.266998 -22.956001 31.774292 -0.831100 -0.556000 -0.009700
-44.655098 -20.588301 34.625092 -0.956400 -0.218900 -0.193500
-45.549599 -19.352201 39.619202 -0.996100 -0.084900 0.024300
-44.502800 -20.554300 44.757202 -0.992600 -0.091900 0.079700
-38.101105 -30.861401 26.744385 -0.886200 -0.337400 0.317500
-41.673904 -29.628000 24.294281 -0.743600 -0.567800 0.353000
-106.867706 2.607698 -88.577301 -0.785100 -0.594800 0.172700
-47.807098 -1.867201 -48.056519 -0.482800 -0.630300 0.608000
-10.687904 81.577698 -101.383209 -0.071100 0.997500 0.000000
-35.204002 78.477005 -101.383209 -0.283800 0.958900 0.000000
-14.289200 -69.095001 50.113373 -0.332900 -0.849500 -0.409200
-8.988098 -71.626099 48.483490 -0.579100 -0.519100 -0.628700
-5.467400 -72.828102 47.445496 -0.208400 -0.820800 -0.531900
-10.624405 -73.053902 52.042892 -0.443200 -0.891000 -0.098300
-16.000603 -70.375198 52.941483 -0.440000 -0.894300 -0.081200
-22.101501 -66.515099 53.542694 -0.591300 -0.796600 0.125700
0.000000 -31.055201 -71.933807 0.000000 -0.866400 0.499400
0.000000 65.322899 -48.159698 0.000000 0.780000 0.625800
-45.510498 59.510002 -46.202026 -0.266300 0.746400 0.609900
-80.891205 36.087898 -48.537506 -0.610500 0.418600 0.672300
-88.628799 16.078897 -52.093811 -0.644600 -0.147500 0.750100
-82.199203 -1.710501 -58.048523 -0.459000 -0.536900 0.707800
-62.804794 -16.512701 -63.720520 -0.194500 -0.569000 0.799000
-22.835503 -31.099899 -64.607300 -0.284500 -0.695500 0.659800
-16.483002 -33.557701 -64.714325 0.082800 -0.757200 0.647900
-10.130501 -30.951702 -64.821198 0.106800 -0.810100 0.576500
-6.584305 -32.349998 -66.741699 0.104200 -0.856600 0.505300
-4.428001 -32.788002 -68.895599 0.281200 -0.835200 0.472700
-1.853500 -33.286201 -71.427399 0.573400 -0.648500 0.500600
-15.232605 -20.102400 -44.291504 -0.249200 -0.961400 0.116900
-11.069801 -25.114901 -42.222504 -0.752300 -0.635900 -0.172400
-6.757401 -30.302601 -41.521515 -0.537600 -0.778000 -0.325100
-2.883003 -31.549500 -41.568115 -0.190900 -0.892200 -0.409300
-0.026199 -31.783300 -41.577606 0.006400 -0.906400 -0.422400
0.000000 -39.134800 -77.337311 -0.000000 -0.871600 0.490100
0.000000 79.383400 -71.867126 0.000000 0.938500 0.345300
-57.299805 63.288704 -69.321808 -0.445500 0.833500 0.326900
-92.811401 46.657402 -70.806122 -0.588100 0.666200 0.458500
-107.897202 22.834200 -71.345215 -0.808600 0.059000 0.585300
-98.436401 0.686699 -72.273315 -0.712500 -0.548100 0.438100
-70.676697 -26.681601 -71.867126 -0.441800 -0.791500 0.422200
-32.006203 -39.956802 -73.181824 -0.219000 -0.794000 0.567100
-17.783600 -40.682999 -73.528412 0.117000 -0.834500 0.538400
-9.192299 -38.653503 -74.652313 0.256000 -0.861000 0.439400
-6.011902 -38.443100 -75.663513 0.101500 -0.911300 0.399000
-3.722504 -38.716301 -76.416321 0.034900 -0.903300 0.427500
-1.718300 -39.020302 -77.135620 0.016100 -0.888000 0.459500
-2.084404 -41.950203 -101.383209 -0.087900 -0.996100 0.001200
0.000000 -42.062500 -101.383209 0.000000 -1.000000 -0.000000
0.000000 81.753799 -101.383209 0.000000 1.000000 0.000000
-63.660095 64.742699 -101.383209 -0.431000 0.902300 -0.008200
-101.904007 46.632500 -101.383209 -0.637200 0.770700 0.000000
-117.950302 24.690798 -101.383209 -0.996500 0.083100 0.000000
-106.867706 2.607698 -101.383209 -0.779000 -0.627100 -0.000000
-70.676697 -26.681601 -101.383209 -0.543800 -0.839200 0.000000
-36.106300 -44.222401 -101.383209 -0.366900 -0.930200 0.000000
-20.029503 -48.877998 -101.383209 0.199300 -0.979900 0.000000
-11.232300 -41.717800 -101.383209 0.382500 -0.924000 0.000000
-7.294701 -41.315399 -101.383209 -0.009300 -1.000000 0.000000
-4.510605 -41.652100 -101.383209 -0.121100 -0.992600 -0.000200
-38.023499 -30.847301 22.194580 -0.254800 -0.858000 -0.446100
-29.740799 11.842001 9.736603 -0.851500 0.505500 0.139500
-36.281601 -0.436100 7.417175 -0.962400 0.242500 0.122100
-29.759201 13.222498 1.592896 -0.808700 0.572900 0.133500
-11.459702 18.821898 91.057587 -0.093800 0.533300 0.840700
-5.828300 39.358902 70.384491 -0.217200 0.911000 0.350600
-11.656700 36.381996 69.761490 -0.231600 0.898600 0.372600
-5.262299 39.902702 43.815277 -0.256000 0.956400 -0.140800
-10.524498 38.505798 44.784576 -0.283900 0.951400 -0.119700
-4.284599 26.915098 10.732788 0.195300 0.902900 -0.382900
-8.569199 28.848700 11.068298 0.046100 0.945400 -0.322500
-5.352501 30.716799 -12.166321 0.264900 0.918200 0.294600
-10.705002 32.347397 -11.258911 -0.143700 0.944300 0.296000
-5.954704 36.348900 -23.983826 -0.072600 0.805200 0.588500
-19.613899 34.106697 -25.534119 -0.264100 0.769900 0.581000
-9.300003 51.693901 -36.414398 -0.044300 0.619400 0.783800
-23.113602 45.995399 -36.441925 -0.198600 0.531600 0.823400
-11.230400 63.471397 -48.145111 -0.045200 0.772900 0.632900
-30.339500 62.264999 -45.941498 -0.127700 0.710800 0.691700
-10.687904 81.577698 -71.867126 0.036200 0.949800 0.310600
-35.204002 78.477005 -71.867126 -0.321100 0.905500 0.277400
-35.204002 78.477005 -88.577301 -0.304900 0.952100 0.021400
-10.687904 81.577698 -88.577301 -0.051100 0.998400 0.022600
-43.539398 -25.801800 44.950500 -0.738200 0.018900 -0.674300
-45.058304 -17.310001 45.318481 -0.982800 -0.170100 0.071800
-42.635399 -16.038300 48.251892 -0.102900 0.701700 0.705000
-2.485298 -72.438103 4.522400 0.098800 -0.098200 0.990300
0.055397 -72.411102 4.266296 0.033800 -0.102600 0.994100
-8.833504 -68.035301 5.860077 0.230400 -0.066800 0.970800
-5.682503 -71.188499 4.973175 0.125200 -0.090000 0.988000
0.000000 -71.924698 71.691284 -0.000000 -0.999600 0.028600
-14.399101 -47.131104 43.220703 -0.197800 -0.979500 -0.038200
0.000000 -45.307602 7.065887 -0.038300 0.102600 -0.994000
-13.291000 -45.283100 7.066498 0.000200 0.029500 0.999600
-2.259399 -45.306900 7.066101 -0.003000 0.097800 -0.995200
-9.906303 -45.293503 7.066193 0.026100 -0.014700 0.999600
-5.222900 -45.303902 7.066193 -0.003900 0.086600 -0.996200
-14.015503 -64.506599 7.651001 -0.571000 -0.815100 0.098000
19.343498 -23.090200 -53.307312 -0.123100 -0.892200 0.434500
2.046700 -71.662300 22.779388 0.257100 -0.231400 -0.938300
43.046600 -25.976002 23.489197 0.975300 -0.201300 -0.091200
30.669399 -48.960300 47.932373 0.910400 -0.403000 0.093300
28.592499 -54.772301 53.310791 0.920100 -0.290400 0.262800
23.632999 -61.229401 56.605591 0.693700 -0.475400 0.541000
19.198399 -65.271904 58.182495 0.645200 -0.707500 0.288300
13.728600 -68.872398 58.354095 0.487300 -0.863600 0.129400
8.867397 -71.168503 57.461884 0.247400 -0.958100 0.144300
4.012901 -72.000198 56.564789 0.048700 -0.989500 0.135900
21.982098 -62.543900 33.939178 0.449300 -0.848800 0.278600
25.478600 -59.206902 36.517700 0.562400 -0.769400 0.302900
27.359699 -56.761497 38.372894 0.683100 -0.678100 0.271200
16.579998 -65.453697 33.141296 0.384900 -0.874200 0.295900
2.771500 -72.896698 -8.555511 0.049300 -0.920900 0.386600
7.436398 -71.785301 -9.492310 0.493100 -0.759500 0.424300
12.517700 -66.357498 -9.979706 0.667200 -0.662200 0.341100
17.115398 -62.777901 -4.242615 0.460100 -0.882700 0.095800
19.781399 -61.132500 1.126678 0.627100 -0.778700 -0.020400
18.701599 -61.295502 9.338287 0.619900 -0.768300 0.159200
17.507797 -61.496498 12.734680 0.495500 -0.854700 -0.155200
15.056797 -64.806404 18.443695 0.331400 -0.885500 -0.325500
11.209400 -68.436302 24.238983 0.180600 -0.890600 -0.417300
8.164700 -71.379204 27.020386 0.418200 -0.903100 -0.097000
28.188900 -52.911003 64.020981 0.819500 -0.548700 -0.165100
23.405998 -60.930099 72.669189 0.725500 -0.688200 -0.000200
15.590199 -66.900497 74.493393 0.619500 -0.728400 -0.292600
9.166100 -72.628799 73.630081 0.477900 -0.692300 -0.540700
3.950699 -75.127899 74.662384 0.402100 -0.915100 0.029300
11.879898 -67.429001 33.712280 0.368700 -0.804200 0.466200
7.996498 -67.794899 35.946381 0.571300 -0.651000 0.499800
4.920601 -69.736504 37.983093 0.755400 -0.578300 0.308000
2.373100 -73.355400 39.022186 0.658600 -0.690900 0.298100
24.936699 -61.649498 42.555603 0.782800 -0.609400 -0.125800
20.470299 -64.929100 45.553375 0.524300 -0.834400 0.170000
101.903999 46.632500 -88.577301 0.655100 0.734500 0.176800
117.950302 24.690798 -88.577301 0.966000 0.086100 0.243800
70.676796 -26.681601 -88.577301 0.536400 -0.843200 0.036300
36.106297 -44.222401 -88.577301 0.365200 -0.915500 0.168800
11.232300 -41.717800 -88.577301 -0.401300 -0.913200 0.070700
7.294697 -41.315399 -88.577301 -0.004500 -0.993500 0.114100
15.293400 -67.577301 46.601593 0.282900 -0.897600 0.338000
10.971397 -68.579399 45.291779 -0.275500 -0.941600 0.193600
8.423698 -66.428497 42.718475 -0.583400 -0.775600 -0.241100
4.345596 -68.656601 84.964783 0.069200 -0.613100 0.787000
5.510101 -50.566101 95.145081 0.031200 -0.326300 0.944700
8.912998 -10.308301 100.656891 0.159300 0.078300 0.984100
10.254200 -51.179100 94.281281 0.311600 -0.315400 0.896300
17.826000 -12.346701 98.660385 0.239800 0.046200 0.969700
34.673897 42.960304 -36.720520 0.158800 0.488900 0.857800
20.029598 -48.877998 -88.577301 -0.170100 -0.971200 0.166700
43.375397 -22.941000 25.513580 0.986300 -0.118300 -0.114700
2.916199 -27.820000 -53.966705 0.109700 -0.993700 0.023200
6.685097 -27.164600 -53.966705 0.434600 -0.897400 0.075400
9.323700 -25.100300 -54.080322 0.574100 -0.801200 0.168800
12.496799 -22.759201 -53.786713 0.280000 -0.895500 0.345900
36.369598 -29.042400 39.316986 0.828400 0.186800 -0.528000
32.820297 -25.730900 32.696503 0.951400 -0.294500 0.090400
41.574600 -23.323301 44.877502 0.711600 -0.236000 -0.661700
41.766296 -29.061401 42.069977 0.681800 0.201700 -0.703200
42.227898 -22.282801 40.346985 0.762200 -0.646900 0.022000
41.927299 -23.720600 35.474274 0.654400 -0.756000 -0.017400
41.169598 -24.095201 40.311401 0.888300 -0.441600 -0.126400
36.317398 -15.341101 7.863373 0.999900 -0.012300 0.001100
39.584198 -31.420700 38.020203 0.969000 -0.028800 -0.245200
42.885796 -17.286600 32.717590 0.845900 -0.521800 0.110600
42.674698 -19.529400 30.285675 0.909000 -0.332200 0.251500
42.823399 -25.412001 27.470581 0.755300 -0.525000 0.392300
36.272999 -27.568901 27.449188 0.815000 -0.196500 0.545200
43.467197 -18.766201 46.381287 0.797700 -0.351200 -0.490300
43.419399 -15.606001 38.565094 0.814300 -0.578800 -0.043800
17.115398 -61.976997 3.897888 0.459200 -0.886800 0.052700
2.804001 -72.777199 5.182281 0.243700 -0.718900 -0.651000
2.150497 -73.206902 3.227173 0.183300 -0.923700 0.336400
5.589798 -72.577202 4.082001 0.285300 -0.848300 0.446000
13.074097 -64.624100 7.539978 -0.292900 -0.019900 0.955900
10.343498 -69.018097 5.610687 0.401700 -0.619800 0.674200
5.650902 -71.823700 5.577301 0.496100 -0.624700 -0.603000
8.918198 -68.724197 6.543579 0.663600 -0.540400 -0.517200
13.074097 -64.624100 7.539978 0.709500 -0.703400 -0.042800
10.368896 -69.355103 4.393585 0.707700 -0.701100 -0.087100
5.769699 -72.254700 2.430298 0.446400 -0.836300 -0.318400
2.148598 -73.137604 1.273102 0.211700 -0.858600 -0.466800
3.132401 -73.897598 6.915894 0.276100 -0.852800 -0.443400
5.862801 -72.643799 7.162476 0.582900 -0.736100 -0.344200
8.591099 -69.464897 7.358582 0.734100 -0.656300 -0.174300
4.745995 -69.631203 14.418274 0.434500 -0.835200 0.337100
1.610802 -71.645699 13.445190 0.250600 -0.840100 0.481000
3.072899 -71.163002 13.242096 0.415600 -0.762400 0.495900
0.876396 -71.916901 13.248993 0.088500 -0.840600 0.534300
1.820496 -70.030197 16.833374 0.412100 -0.856700 -0.310300
0.684998 -70.097504 16.240387 0.435100 -0.894200 -0.105700
1.655296 -70.838699 15.224792 0.157500 -0.872400 0.462600
0.701500 -70.995003 14.759674 0.128300 -0.882400 0.452700
0.929695 -73.808601 10.265503 0.012500 -0.833800 0.552000
1.819397 -74.339798 10.075897 -0.001400 -0.864500 0.502600
38.666100 -29.404202 44.648285 0.246200 -0.550900 0.797400
41.451996 -31.037500 47.231476 -0.057900 -0.736700 0.673800
43.616398 -30.733601 45.152588 0.796700 -0.587700 0.140600
36.526299 -18.779501 26.397278 0.648800 0.684500 -0.332500
38.035797 -22.284000 22.180786 0.521800 0.506400 -0.686600
42.783298 -19.944302 22.558990 0.488700 0.521500 -0.699400
44.536598 -19.182901 28.727783 0.989900 -0.102900 0.098000
38.359100 -30.602501 28.880798 0.983200 0.131000 -0.127200
39.057198 7.707699 -29.617798 0.845400 -0.243300 0.475500
37.628300 0.583899 -3.727509 0.975900 0.190700 0.106500
34.887997 -0.852600 18.987885 0.975800 0.202400 0.082900
35.546597 -0.636501 35.457001 0.976100 0.214700 -0.032800
7.324600 -69.754898 25.794281 0.056400 -0.614200 -0.787100
10.386097 -66.355301 21.756500 0.158500 -0.893300 -0.420700
13.648800 -64.741104 4.369476 0.614100 -0.788800 0.026300
28.264000 -55.102898 43.969482 0.807800 -0.503400 -0.306700
25.874798 -60.133598 46.273376 0.648300 -0.672200 -0.357500
44.600899 -26.468601 47.194702 0.949600 -0.233800 0.208600
44.525799 -21.524302 48.108185 0.980500 0.027000 0.194500
46.139297 -15.310301 38.450195 0.956400 -0.291600 -0.014100
45.243500 -17.311701 31.592773 0.944400 -0.328700 -0.011300
42.284096 -26.186501 20.206879 0.564700 0.005400 -0.825300
41.549999 -30.789200 20.608795 0.501300 -0.637100 -0.585500
42.276497 -32.072601 41.537292 0.580000 -0.777400 -0.243400
41.647896 -26.575300 49.686584 -0.081000 -0.291600 0.953100
42.588398 -19.566601 50.508179 0.100300 0.253400 0.962200
44.313599 -12.248001 39.112701 0.309200 0.949800 0.047800
43.515297 -14.836301 31.066803 0.302200 0.867800 -0.394400
37.879498 -24.998001 21.043793 0.637100 0.154700 -0.755100
37.813999 -29.331902 21.022888 0.616400 -0.179800 -0.766600
38.347496 -32.369102 41.949493 0.677600 -0.721900 0.140800
38.301498 -25.562201 46.392578 0.336600 -0.111900 0.935000
38.064697 -20.077200 46.033875 -0.627100 0.247600 0.738600
36.893799 -15.268101 39.800293 0.990100 0.052400 -0.130500
37.321400 -31.931400 25.123901 0.783300 -0.618800 -0.058800
37.552097 -16.834702 43.496002 0.993400 0.100200 -0.056100
37.139099 -20.284401 19.921173 0.977500 0.210000 -0.018900
35.623798 -12.576200 16.245697 0.994500 0.101600 0.026800
36.802197 -32.975601 58.859589 0.972500 -0.232500 -0.010600
37.593697 -30.448601 50.658783 0.965400 -0.190700 0.177800
27.388298 -23.914501 -36.002502 0.255200 -0.963300 -0.083000
28.672600 -25.967400 -17.619598 0.471200 -0.861800 -0.187600
6.315098 -33.574402 -21.140808 0.224800 -0.741800 -0.631800
9.960999 -33.700100 -21.306427 0.397700 -0.641100 -0.656300
15.256897 -29.633301 -20.891724 0.671500 -0.554900 -0.491100
18.501198 -24.057600 -22.666718 0.363700 -0.865300 -0.344900
37.717197 -15.608601 53.658493 0.998100 0.024400 -0.057000
9.028999 -66.635002 85.699387 0.403600 -0.550400 0.730900
13.617897 -53.540802 91.338089 0.488800 -0.374600 0.787900
2.871895 -75.062599 78.855789 0.125800 -0.877300 0.463100
3.621895 -72.965302 47.420898 -0.127000 -0.886400 -0.445200
7.312798 -72.691002 47.983978 0.341400 -0.730600 -0.591400
10.663399 -70.561302 49.496796 0.521400 -0.563400 -0.640900
17.724697 -67.783798 50.250580 0.464500 -0.799000 -0.381900
24.491699 -63.503700 50.346802 0.577900 -0.717600 -0.388700
25.553997 -58.817001 41.316376 0.675300 -0.561200 -0.478600
7.686398 -64.671898 41.990784 -0.023100 -0.972600 0.231400
8.852600 -65.949104 41.896301 0.223800 -0.359800 -0.905800
11.352997 -68.148300 43.990784 0.221300 -0.578600 -0.785000
15.438900 -67.013802 45.164093 0.220100 -0.380400 -0.898300
20.067699 -64.598801 44.187897 -0.015400 -0.468400 -0.883400
23.943199 -62.203697 41.750977 0.033800 -0.525700 -0.850000
33.850998 -43.823303 46.924988 0.916500 -0.364100 0.165600
30.010899 -52.222000 39.412781 0.801700 -0.568300 0.185200
33.754097 -48.489403 35.650299 0.917400 -0.336700 0.212100
35.103600 -43.226501 30.651978 0.978900 -0.188200 -0.079600
29.932198 -26.031502 0.451874 0.755400 -0.500200 -0.423300
31.209297 -34.664501 0.708099 0.903700 -0.030000 -0.427200
20.316399 -58.931602 13.238098 0.731600 -0.629300 -0.262200
18.274700 -62.641502 18.531891 0.621400 -0.750500 -0.224900
19.412098 -58.031502 10.058990 0.855200 -0.517400 -0.031700
22.256699 -57.642899 0.840698 0.911000 -0.412300 -0.007000
26.190197 -23.421200 -52.828003 0.378200 -0.901100 0.212100
14.116199 -62.881897 -3.178619 0.490500 -0.859000 0.146700
11.535999 -66.622498 -6.294800 0.691400 -0.716400 0.094100
7.032398 -70.028099 -5.467621 0.494800 -0.848000 0.190000
2.921997 -71.386497 -5.109497 0.192700 -0.960500 0.200600
30.913700 -39.993401 2.355377 0.928500 -0.191600 -0.318000
30.193199 -44.504898 3.545776 0.941400 -0.278500 -0.190100
2.750702 -35.862400 -34.387909 0.333200 -0.907100 -0.257300
3.266296 -42.625000 -20.196899 0.214500 -0.220900 -0.951400
3.231400 -54.981697 -20.180511 0.273800 0.131200 -0.952800
8.026100 -55.871597 -17.456604 0.440300 0.213800 -0.872000
16.032497 -49.594299 -12.619720 0.510500 0.072400 -0.856800
24.325100 -38.856003 -7.674408 0.717300 -0.075700 -0.692600
35.534397 -30.037300 11.734802 0.934000 -0.228800 -0.274400
37.589298 -33.764702 30.945892 0.941400 -0.311700 -0.129000
8.740799 -64.703903 42.319580 0.991600 -0.056700 -0.116300
8.065098 -66.024498 41.147003 -0.024900 -0.941400 0.336300
9.834099 -66.481003 40.384003 0.260000 -0.878900 0.400000
12.549999 -66.321098 38.875977 0.257000 -0.737100 0.625000
11.018497 -65.355301 45.500580 0.558200 0.204600 -0.804100
16.473297 -64.855598 38.699890 0.191600 -0.613800 0.765900
15.476498 -64.358902 47.129486 -0.090500 0.264800 -0.960100
20.541698 -63.400604 40.081696 0.323300 -0.654900 0.683000
23.982098 -60.274902 42.402496 -0.673700 -0.071600 -0.735600
26.218498 -59.069801 44.372894 0.846000 -0.520000 -0.117800
20.778698 -61.116798 45.130096 -0.536500 0.166300 -0.827300
36.113297 -41.080902 34.203979 0.962200 -0.270400 -0.031200
34.923100 -45.781303 28.911499 0.976000 -0.163100 -0.144400
31.869499 -50.025600 24.316498 0.857700 -0.324200 -0.399100
27.372799 -56.887703 22.314178 0.715300 -0.574800 -0.397300
22.341599 -58.790398 19.777283 0.604300 -0.700800 -0.379000
26.787998 -46.268002 -3.136414 0.895100 -0.188300 -0.404300
30.126099 -44.681801 10.989594 0.928200 -0.369500 -0.044200
29.620800 -46.134701 17.126892 0.894600 -0.400700 -0.197700
32.590500 -55.708000 30.060486 0.832300 -0.551800 -0.052300
26.787098 -56.002800 41.051575 0.813000 -0.581300 -0.032900
24.128998 -58.628403 38.940277 0.555700 -0.818200 0.147700
20.979797 -62.056999 34.897003 0.480200 -0.808700 0.339700
16.152798 -64.710098 34.110382 0.334000 -0.904000 0.266800
11.569199 -65.600304 34.813202 0.306200 -0.873300 0.378900
7.915199 -66.340797 37.175476 0.559700 -0.615600 0.554800
5.547195 -67.419800 39.236389 0.741500 -0.403300 0.536200
2.409996 -72.592804 40.570801 0.606100 -0.596300 0.526300
32.479298 -40.024803 10.929596 0.917600 -0.364700 -0.158100
21.776199 -62.580299 72.057785 0.674600 -0.737600 0.028600
19.987099 -64.709801 63.415787 0.719800 -0.694000 0.013600
19.683197 -68.598999 53.342087 0.574900 -0.818200 -0.008600
4.418297 -71.401802 71.937790 0.339900 -0.939500 0.042000
9.138798 -72.039001 61.943787 0.211700 -0.975900 0.053800
8.555397 -73.956299 51.544785 0.248200 -0.967800 -0.042900
7.404499 -71.176201 47.133881 0.445000 -0.363100 -0.818600
7.431797 -69.141998 46.607880 0.457400 -0.439000 -0.773300
7.716900 -68.144203 45.871399 0.518500 -0.530300 -0.670800
5.844597 -69.478897 45.947876 0.536500 -0.563800 -0.627900
9.625900 -60.076004 42.932678 0.846300 -0.200400 -0.493500
12.413300 -64.339203 17.007202 0.362100 -0.907500 -0.212800
2.354897 -74.293999 37.011993 0.669700 -0.706900 0.227400
2.523201 -70.693604 41.714874 0.685000 -0.658700 0.311300
6.934399 -64.881798 42.749573 0.314100 -0.948600 -0.038100
7.994797 -64.882401 44.553284 -0.003100 -0.948600 -0.316600
5.534698 -66.071701 42.149475 0.603000 -0.722100 -0.339000
5.428596 -65.508400 40.593903 0.502800 -0.859900 0.088200
3.997498 -70.942299 35.722382 0.763400 -0.618300 0.186800
22.712597 -54.402901 -1.213104 0.737400 -0.674100 -0.042700
23.601799 -52.657303 3.991486 0.575600 -0.807800 0.127000
23.718697 -53.346603 9.801392 0.568700 -0.808500 -0.151700
33.918297 -46.762001 40.286102 0.904200 -0.404800 0.136300
30.891499 -50.992901 43.987183 0.889300 -0.453800 0.056400
29.226097 -52.289101 55.281586 0.909700 -0.396000 0.124800
28.126698 -57.210899 34.666290 0.656500 -0.690900 0.302900
23.192699 -59.103203 41.385376 0.530700 -0.714800 -0.455400
22.962799 -56.158501 42.792175 -0.889500 -0.457000 0.002000
7.503300 -65.682503 38.699280 0.084000 -0.980700 0.176300
20.674397 -58.082199 39.992798 -0.350600 -0.234300 0.906700
37.136700 -14.155300 -53.782898 0.525600 -0.741500 0.416900
10.530399 -61.167702 40.524780 0.514100 -0.184300 0.837700
17.095898 -59.730904 39.821777 0.070400 -0.232000 0.970200
13.341400 -60.956001 39.849487 0.166100 -0.226600 0.959700
21.154400 -63.234001 46.913177 0.511100 -0.744000 -0.430500
15.204498 -66.115402 47.774902 0.346800 -0.863900 -0.365300
10.589897 -66.985001 46.662384 -0.062500 -0.972300 -0.225100
20.044197 -56.985603 46.076202 -0.424500 -0.176900 -0.888000
15.907700 -58.817299 46.551392 0.079500 -0.128500 -0.988500
11.998096 -59.893799 45.284790 0.540400 -0.161800 -0.825700
1.580299 -75.212303 18.951202 0.504500 0.098200 -0.857800
1.262001 -72.438797 17.965302 0.771900 -0.346300 -0.533100
3.804199 -69.512703 17.757477 0.297400 -0.795900 -0.527300
7.311897 -71.025497 17.390778 0.152100 -0.305000 -0.940100
6.020298 -71.372200 18.189301 -0.555500 -0.251100 -0.792700
3.938095 -75.314400 19.074280 -0.129200 -0.172500 -0.976500
2.531296 -70.866402 -17.828400 0.055800 -0.750100 -0.659000
3.530296 -64.012398 -22.265320 0.244500 -0.207400 -0.947200
7.607899 -73.079903 -11.865601 0.446200 -0.894900 0.008000
2.860100 -74.203201 -11.214325 -0.076700 -0.996900 0.015200
8.627197 -61.971100 -20.255707 0.433800 -0.009800 -0.900900
7.494999 -70.180000 -17.698914 0.329500 -0.622600 -0.709800
16.284397 -58.564804 -15.775299 0.561600 0.046200 -0.826100
22.298100 -54.722900 -8.101715 0.863900 -0.370700 -0.341000
19.312298 -59.075798 -12.523315 0.862400 -0.313500 -0.397500
13.807899 -66.134201 -15.269897 0.726800 -0.506900 -0.463400
9.900597 -66.382004 10.846497 0.690200 -0.685200 0.232600
5.314499 -70.451698 11.938080 0.541800 -0.681300 0.492300
3.574501 -73.340202 10.532196 0.471900 -0.692600 0.545600
9.486797 -68.204102 72.746094 0.343700 -0.912300 0.222600
15.181999 -66.270103 73.023788 0.445500 -0.871500 0.204900
24.919197 -56.994102 63.888382 0.803600 -0.594600 -0.026500
32.491299 -42.851200 53.481491 0.929600 -0.300800 0.213000
36.139198 -1.521700 49.254974 0.978400 0.193700 -0.072400
32.529499 7.488400 25.978577 0.914100 0.391200 -0.106700
29.753597 16.627600 -6.228424 0.715500 0.594700 0.366500
16.057499 27.962900 -10.351624 0.537000 0.782900 0.314100
23.484798 -59.301804 60.485794 0.815400 -0.564800 0.126700
14.301998 -69.617401 62.805984 0.525400 -0.850300 0.030800
4.164299 -72.052704 61.758789 0.105700 -0.992900 0.053900
8.246498 -67.450798 21.908600 0.984200 -0.120200 -0.129600
6.037598 -69.033699 25.338196 0.807600 -0.588700 -0.034100
4.526398 -73.545502 25.890503 0.758300 -0.524200 0.387500
4.838699 -76.591301 22.478577 0.852800 -0.499400 0.152800
4.991699 -68.615898 17.838989 0.535800 -0.565200 -0.627300
4.771202 -75.932701 19.525574 0.605200 -0.512900 -0.608900
5.288101 -72.014999 31.664581 0.745600 -0.633400 0.207100
8.608097 -70.087799 17.569397 0.550900 0.001300 -0.834600
7.715298 -73.325699 20.071991 0.723800 -0.658000 -0.207700
7.182297 -73.299698 23.101776 0.670900 -0.699100 0.247400
10.894997 -68.421204 21.751892 0.892300 0.451300 -0.013600
8.068398 -71.602402 25.270874 0.525100 -0.330400 0.784300
2.146095 -76.841103 27.538177 0.640800 -0.665600 0.382600
9.728497 -68.806099 24.069183 0.604400 0.434200 0.667900
9.615097 -68.850899 18.952179 0.687800 0.451500 -0.568400
29.907799 -54.114998 36.876099 0.757800 -0.560000 0.334800
17.056198 -65.086098 31.618286 0.448700 -0.887900 0.101600
16.158497 -65.716202 37.278198 0.336600 -0.940900 0.038300
13.816898 -68.184898 25.821777 0.376000 -0.920100 -0.110200
8.615200 -73.122803 80.381592 0.344200 -0.841700 0.416000
27.141399 -53.283203 16.057098 0.769600 -0.592200 -0.238800
22.650299 -55.080902 13.808594 0.700300 -0.677900 -0.223800
15.362400 -61.767204 12.746674 0.375400 -0.920600 -0.107800
8.532898 -42.505302 -19.425720 0.346100 -0.209200 -0.914600
12.717297 -25.723501 -35.636902 0.769100 -0.582000 -0.264100
6.730598 -34.022602 -34.301422 0.558400 -0.797500 -0.228400
15.205299 -37.489601 -16.713409 0.632600 -0.264700 -0.727800
2.043198 -71.360001 -0.312500 0.259500 -0.900000 -0.350100
16.633900 -61.956902 -10.436707 0.766700 -0.641900 -0.011500
12.719097 -67.970299 -11.892426 0.742500 -0.642000 0.191200
5.534401 -70.582802 -0.293121 0.406900 -0.881900 -0.237900
10.632000 -67.136101 1.768585 0.717100 -0.680000 -0.153100
20.272797 -60.150497 -4.709900 0.843100 -0.474900 -0.252200
8.077797 -69.249100 32.691803 0.465000 -0.860200 0.209400
9.258797 -60.390602 41.902374 0.930900 -0.233900 0.280600
6.116096 -68.768997 44.552399 0.623300 -0.601100 -0.500100
11.799698 -67.861000 30.888000 0.379800 -0.907900 0.177400
3.129997 -70.528099 43.344177 0.489200 -0.811000 -0.320800
2.404396 -71.969803 4.412201 0.066000 0.089400 -0.993800
27.423798 -51.691200 5.007477 0.712100 -0.699300 -0.062900
8.752598 -67.567001 5.749786 0.262100 0.026300 -0.964700
5.601601 -70.720200 4.862976 0.129600 0.072600 -0.988900
2.838196 -69.875999 15.873779 0.384200 -0.882700 0.270600
2.825699 -80.032204 18.977478 0.497900 -0.581500 -0.643400
2.539398 -81.028099 22.906982 0.560800 -0.803300 0.200600
10.254997 -70.766701 22.566589 0.848500 -0.519600 0.100700
3.522301 -74.546898 8.881500 0.344400 -0.934400 0.090800
10.792000 -67.749901 47.687286 0.183100 -0.652000 -0.735700
11.889599 -66.823502 37.690277 -0.011500 -0.999900 -0.011500
20.527897 -63.334999 38.660278 0.657200 -0.750200 -0.072100
21.582798 -56.601303 44.344696 -0.690100 -0.252700 -0.678200
20.775700 -65.268303 47.504700 0.339500 -0.670600 -0.659500
15.255299 -68.578804 48.255585 0.272600 -0.740000 -0.614800
26.639900 -61.432800 27.796387 0.626800 -0.775200 -0.077800
20.504200 -64.940704 26.243286 0.476300 -0.861300 -0.177200
33.630299 -46.341202 67.132782 0.903700 -0.419300 -0.086400
39.127899 -13.260201 64.751984 0.998800 0.047500 0.009500
34.177799 -51.333603 32.927094 0.928300 -0.327600 0.176200
23.718498 -61.349998 32.261902 0.547100 -0.812800 0.199800
8.461899 -69.340904 29.089478 0.514100 -0.829300 0.219000
2.253700 -75.298103 32.894775 0.584100 -0.783000 0.214000
3.881897 -73.912102 50.730988 -0.158800 -0.987300 0.001500
4.038795 -71.766304 45.857880 0.200800 -0.740700 -0.641100
10.102200 -70.122604 20.955292 0.850300 -0.441500 -0.286600
10.440598 -69.533401 48.604797 0.401400 -0.505800 -0.763600
26.014599 -53.205399 -1.334503 0.759900 -0.636300 -0.132800
8.838699 -69.278503 9.430176 0.735600 -0.601200 0.312400
22.147598 -30.610302 -10.760010 0.688300 -0.488600 -0.536300
35.790398 -19.174702 -6.509521 0.915800 -0.395800 -0.068200
28.945797 -58.263298 49.612976 0.916700 -0.394600 -0.062100
15.786797 37.108803 45.754089 0.493800 0.860600 -0.124900
27.409500 21.995600 43.011780 0.854700 0.494000 -0.159200
36.169800 -35.792500 26.698883 0.952400 -0.267100 -0.147100
33.099297 -41.286903 18.513489 0.874300 -0.429300 -0.226300
25.862000 -43.342102 -5.829407 0.788800 -0.062100 -0.611500
27.850800 -51.876400 11.117493 0.754300 -0.650500 -0.089000
6.192200 -73.105202 9.253998 0.609100 -0.754200 0.245300
12.693398 -72.151497 52.540894 0.437600 -0.893500 -0.100700
15.463898 -69.304398 80.485382 0.579900 -0.762200 0.287800
26.738998 -14.385000 96.475693 0.498000 0.051300 0.865600
17.189697 18.602499 90.712585 0.317600 0.522700 0.791200
17.485100 36.955696 69.138382 0.315000 0.899700 0.302200
12.853897 27.650000 11.403900 0.445000 0.852600 -0.274000
29.420799 31.864599 -27.084412 0.362400 0.659500 0.658600
15.482300 -19.471001 -39.860016 0.283000 -0.955500 -0.083500
16.898998 -61.442802 10.255402 0.295300 -0.955200 0.021200
23.914597 19.512800 14.135681 0.733200 0.673700 0.092500
33.867298 -35.475700 10.872375 0.939200 -0.229400 -0.255400
37.071598 -14.374300 -33.710327 0.869100 -0.490500 0.063600
37.252399 -22.431900 88.137589 0.837800 -0.109500 0.534900
32.409698 23.900198 66.072189 0.851500 0.510900 0.118200
26.292900 -64.431297 53.743286 0.693400 -0.670200 0.264800
31.456600 11.247599 83.923492 0.767700 0.344900 0.540100
43.325199 21.642099 -27.269714 0.515600 0.126600 0.847400
25.501900 -57.612701 80.126282 0.749600 -0.518200 0.411900
52.005501 11.212297 -35.153107 0.388300 -0.510700 0.767100
60.885696 27.561998 -32.092926 0.383900 0.103500 0.917600
2.199898 -76.069603 30.216492 0.610700 -0.762400 0.213900
5.027000 -72.188499 27.707581 0.718900 -0.689200 0.090600
43.990898 -28.385601 46.643982 0.928500 -0.300000 0.218700
42.979298 -30.709101 42.110992 0.867500 0.097100 -0.487800
42.292999 -22.971701 31.638794 0.831100 -0.555900 -0.014100
44.675098 -20.644100 34.536987 0.957200 -0.218700 -0.189800
45.552299 -19.389400 39.611084 0.996000 -0.085000 0.027000
44.502800 -20.554300 44.757202 0.992600 -0.090300 0.081300
38.123001 -30.807001 26.733978 0.904800 -0.301900 0.300400
41.684799 -29.606102 24.116180 0.748400 -0.565700 0.346200
106.867798 2.607698 -88.577301 0.785100 -0.594800 0.172700
47.807198 -1.867201 -48.056519 0.480600 -0.630300 0.609700
10.688000 81.577698 -101.383209 0.071100 0.997500 -0.000000
35.204098 78.477005 -101.383209 0.283800 0.958900 0.000000
14.289200 -69.095001 50.113373 0.332900 -0.849500 -0.409200
8.988098 -71.626099 48.483490 0.579100 -0.519100 -0.628700
5.467400 -72.828201 47.445496 0.208400 -0.820800 -0.531900
10.624397 -73.053902 52.042892 0.443200 -0.891000 -0.098300
16.000599 -70.375198 52.941483 0.440000 -0.894300 -0.081200
22.101498 -66.515198 53.542694 0.591300 -0.796600 0.125700
45.510597 59.510002 -46.202026 0.266300 0.746400 0.609900
80.891197 36.087898 -48.537506 0.610500 0.418600 0.672300
88.628799 16.078897 -52.093811 0.644600 -0.147500 0.750100
82.199196 -1.710501 -58.048523 0.459000 -0.536900 0.707800
62.804798 -16.512701 -63.720520 0.194500 -0.569000 0.799000
22.835499 -31.099899 -64.607300 0.284500 -0.695500 0.659800
16.482998 -33.557701 -64.714325 -0.082800 -0.757200 0.647900
10.130600 -30.951702 -64.821198 -0.106800 -0.810100 0.576500
6.584297 -32.349998 -66.741699 -0.104200 -0.856600 0.505300
4.428001 -32.788002 -68.895599 -0.281200 -0.835200 0.472700
1.853600 -33.286201 -71.427399 -0.573400 -0.648500 0.500600
15.232597 -20.102400 -44.291504 0.246500 -0.962000 0.117600
11.015598 -25.113501 -42.232025 0.751400 -0.641600 -0.154200
6.704800 -30.301800 -41.527313 0.541200 -0.784200 -0.303400
2.830696 -31.549202 -41.570618 0.192500 -0.900700 -0.389600
57.299797 63.288704 -69.321808 0.445500 0.833500 0.326900
92.811501 46.657402 -70.806122 0.588100 0.666200 0.458500
107.897202 22.834200 -71.345215 0.808600 0.059000 0.585300
98.436501 0.686699 -72.273315 0.712500 -0.548100 0.438100
70.676796 -26.681601 -71.867126 0.441800 -0.791500 0.422200
32.006199 -39.956802 -73.181824 0.219000 -0.794000 0.567100
17.783600 -40.682999 -73.528412 -0.117000 -0.834500 0.538400
9.192299 -38.653503 -74.652313 -0.256000 -0.861000 0.439400
6.011898 -38.443100 -75.663513 -0.101500 -0.911300 0.399000
3.722496 -38.716301 -76.416321 -0.034900 -0.903300 0.427500
1.718300 -39.020302 -77.135620 -0.016100 -0.888000 0.459500
2.084396 -41.950203 -101.383209 0.087900 -0.996100 0.001200
63.660099 64.742699 -101.383209 0.431000 0.902300 -0.008200
101.903999 46.632500 -101.383209 0.637200 0.770700 -0.000000
117.950302 24.690798 -101.383209 0.996500 0.083100 -0.000000
106.867798 2.607698 -101.383209 0.779000 -0.627100 -0.000000
70.676796 -26.681601 -101.383209 0.543800 -0.839200 0.000000
36.106297 -44.222401 -101.383209 0.366900 -0.930200 0.000000
20.029598 -48.877998 -101.383209 -0.199300 -0.979900 0.000000
11.232300 -41.717800 -101.383209 -0.382500 -0.924000 0.000000
7.294697 -41.315399 -101.383209 0.009300 -1.000000 0.000000
4.510696 -41.652100 -101.383209 0.121100 -0.992600 -0.000200
38.026897 -30.835701 22.114990 0.240000 -0.866000 -0.438600
29.723499 11.845598 9.710876 0.851700 0.505400 0.138300
36.252598 -0.384001 7.411591 0.962400 0.242200 0.122600
29.734600 13.226099 1.567200 0.808000 0.573700 0.134400
11.459797 18.821898 91.057495 0.093800 0.533300 0.840700
5.828400 39.358902 70.384491 0.217200 0.911000 0.350600
11.656700 36.381996 69.761490 0.231600 0.898600 0.372600
5.262299 39.902702 43.815277 0.256000 0.956400 -0.140800
10.524498 38.505798 44.784576 0.283900 0.951400 -0.119700
4.284599 26.915098 10.732788 -0.195300 0.902900 -0.382900
8.569298 28.848700 11.068298 -0.046100 0.945400 -0.322500
5.352501 30.716799 -12.166321 -0.264900 0.918200 0.294600
10.704998 32.347397 -11.258911 0.143700 0.944300 0.296000
5.954697 36.348900 -23.983826 0.072600 0.805200 0.588500
19.613899 34.106697 -25.534119 0.264100 0.769900 0.581000
9.299999 51.693901 -36.414398 0.044300 0.619400 0.783800
23.113598 45.995399 -36.441925 0.198600 0.531600 0.823400
11.230400 63.471397 -48.145111 0.045200 0.772900 0.632900
30.339497 62.264999 -45.941498 0.127700 0.710800 0.691700
10.688000 81.577698 -71.867126 -0.036200 0.949800 0.310600
35.204098 78.477005 -71.867126 0.321100 0.905500 0.277400
35.204098 78.477005 -88.577301 0.304900 0.952100 0.021400
10.688000 81.577698 -88.577301 0.051100 0.998400 0.022600
43.539497 -25.801800 44.950500 0.738300 0.019000 -0.674200
45.058296 -17.310001 45.318481 0.982900 -0.168000 0.075100
42.635498 -16.038300 48.251892 0.102600 0.702400 0.704300
2.404495 -71.969803 4.412201 -0.064000 -0.098900 0.993000
8.752598 -67.567001 5.749786 -0.230400 -0.066800 0.970800
5.601601 -70.720200 4.862976 -0.125200 -0.090000 0.988000
14.399097 -47.131104 43.220703 0.195700 -0.980600 -0.007500
13.934597 -62.772202 7.540802 -0.047500 0.021700 0.998600
2.178497 -44.838600 6.955902 -0.030400 0.097400 -0.994800
9.825397 -44.825203 6.955994 -0.047200 -0.048200 0.997700
5.141998 -44.835602 6.955994 0.003900 0.086600 -0.996200
13.934597 -62.772202 7.540802 0.780300 -0.625300 -0.013700
-4.359604 -68.408798 2.911896 0.150900 -0.391800 -0.907600
-6.201004 -65.587402 3.300476 -0.243100 0.562100 -0.790500
-4.021904 -68.035904 2.924774 0.467000 -0.124300 -0.875500
-6.602104 -65.927597 3.294800 -0.522800 0.361800 -0.771800
-6.812698 -66.600204 3.245178 -0.597400 0.140000 -0.789600
-3.854103 -66.794701 3.031097 0.485300 0.324700 -0.811800
-6.769905 -67.168800 3.188477 -0.542100 -0.215200 -0.812300
-5.757202 -65.581398 3.271698 0.119300 0.579900 -0.805900
-4.866798 -68.382103 2.947998 -0.240000 -0.396000 -0.886400
-4.227402 -68.744698 3.272095 0.380400 -0.859900 -0.340400
-4.812904 -68.735901 3.311676 -0.285100 -0.906800 -0.310400
-3.826302 -68.268600 3.290588 0.879700 -0.389500 -0.272900
-3.596298 -66.729599 3.420898 0.888500 0.397800 -0.228900
-5.760902 -65.323601 3.696991 0.229400 0.951400 -0.205600
-6.977501 -67.329903 3.587799 -0.847500 -0.471500 -0.243500
-7.010498 -66.630501 3.655975 -0.974900 0.143700 -0.170300
-6.747604 -65.790901 3.718079 -0.834600 0.528200 -0.156500
-6.274002 -65.352104 3.728302 -0.377900 0.904200 -0.199000
-4.303299 -68.611099 7.481201 0.444700 -0.891100 0.090800
-3.764000 -66.894302 7.633301 0.930000 0.358800 0.079700
-6.820305 -67.302803 7.279877 -0.922500 -0.370800 0.107100
-6.214798 -65.620300 7.428986 -0.323600 0.931600 0.165800
-3.211700 -69.262100 2.824097 -0.370400 -0.287100 -0.883400
-3.435898 -68.754997 2.868378 -0.519800 -0.021000 -0.854000
-3.435898 -68.030602 2.932190 -0.523500 0.178900 -0.833000
-3.211700 -67.523598 2.977173 -0.318000 0.537000 -0.781400
-2.688400 -69.479500 2.805695 -0.057100 -0.423300 -0.904200
-0.894501 -67.306602 3.000000 0.075600 0.590000 -0.803800
-0.445999 -67.524002 2.981476 0.358300 0.450000 -0.818000
-0.371300 -69.262497 2.828400 0.318500 -0.378300 -0.869100
-0.147102 -68.031097 2.937286 0.527200 0.204600 -0.824700
-0.147102 -68.755501 2.873474 0.524000 -0.027000 -0.851300
-3.153198 -69.439903 7.611084 -0.679500 -0.720900 0.136000
-3.153198 -67.588104 7.774292 -0.669300 0.726200 0.157100
-0.314598 -69.217804 7.635101 0.754900 -0.645600 0.115500
-0.372200 -67.724403 7.766602 0.699900 0.698100 0.151200
-3.412498 -69.522301 3.200378 -0.693600 -0.655300 -0.299100
-2.815498 -69.793701 3.177399 -0.157100 -0.937400 -0.310700
-3.668404 -68.889198 3.255676 -0.958500 -0.168000 -0.230300
-3.668404 -67.984901 3.335388 -0.957300 0.199400 -0.209200
-3.412498 -67.351898 3.391602 -0.592500 0.777600 -0.210400
-0.768700 -67.080902 3.419586 0.196100 0.960300 -0.198200
-0.171700 -69.522697 3.205383 0.579800 -0.761100 -0.290700
0.084099 -68.889702 3.261475 0.955800 -0.171800 -0.238500
0.084099 -67.985397 3.341187 0.947000 0.245800 -0.206900
-0.257004 -67.352303 3.396393 0.676300 0.704700 -0.214400
-9.977005 -61.957703 3.469391 -0.326600 -0.490200 -0.808100
-8.743904 -61.255699 3.592285 0.657400 0.024400 -0.753100
-9.020004 -61.702698 3.540680 0.395600 -0.410700 -0.821500
-11.034904 -58.889801 3.669586 -0.642200 0.202500 -0.739300
-9.774002 -58.268501 3.787201 0.495700 0.503200 -0.707800
-10.245003 -58.150299 3.772400 -0.161600 0.674600 -0.720300
-10.009102 -62.175598 7.726593 -0.385700 -0.918500 0.086800
-8.693901 -61.422600 7.794983 0.944700 -0.321000 0.066800
-9.430298 -58.726097 8.031403 0.895500 0.444700 0.019500
-11.113205 -58.985504 8.005890 -0.916100 0.396900 0.056300
-9.769005 -58.316498 8.066895 0.201800 0.974700 0.096200
-10.059601 -62.317497 4.027588 -0.429000 -0.870200 -0.242500
-8.872200 -61.968201 4.060181 0.585300 -0.777500 -0.230100
-8.518105 -61.434898 4.107697 0.972500 -0.140400 -0.186000
-11.268898 -58.823601 4.333496 -0.954500 0.274800 -0.115400
-10.272499 -57.922600 4.414398 -0.277400 0.956700 -0.087800
-9.695602 -58.032997 4.405579 0.630600 0.765100 -0.130600
-9.364700 -63.326904 3.472595 -0.565800 0.102700 -0.818100
-9.180702 -62.806198 3.518677 -0.475600 0.371100 -0.797500
-8.737000 -62.360298 3.558685 -0.281300 0.526000 -0.802600
-8.299698 -62.256699 3.568481 0.247600 0.586300 -0.771300
-9.202301 -63.947197 3.418182 -0.476900 -0.131400 -0.869100
-6.857803 -64.277802 3.392700 0.538300 0.266400 -0.799600
-8.189102 -65.615601 3.272797 -0.358200 -0.274200 -0.892400
-7.760498 -65.974304 3.309479 -0.083400 -0.467300 -0.880100
-6.879501 -65.424797 3.359192 0.508700 -0.193200 -0.839000
-7.323204 -65.870697 3.319275 0.272500 -0.372900 -0.887000
-9.443100 -63.413300 7.618500 -0.984000 0.130200 0.122000
-8.308601 -62.273399 7.720581 0.121500 0.980000 0.157800
-7.771698 -66.165100 7.378601 -0.102400 -0.984300 0.143900
-6.681305 -64.952797 7.487091 0.990000 -0.068800 0.122800
-9.616501 -63.320297 3.939880 -0.976100 0.086200 -0.199700
-9.445404 -64.036598 3.809479 -0.900800 -0.356200 -0.248300
-9.373199 -62.692703 3.995575 -0.816900 0.553600 -0.162000
-8.819000 -62.129997 3.978394 -0.496600 0.843200 -0.206000
-8.286705 -61.978302 3.992584 0.298200 0.930300 -0.213500
-8.289299 -65.940102 3.643585 -0.706000 -0.640500 -0.302000
-6.627304 -64.275902 3.860382 0.903900 0.392600 -0.169900
-7.786003 -66.334198 3.677277 -0.166900 -0.931800 -0.322300
-7.253700 -66.182404 3.691498 0.493700 -0.820700 -0.287500
-6.699600 -65.625702 3.741394 0.836000 -0.496200 -0.234400
-6.504501 -64.918800 3.803894 0.963300 -0.025600 -0.267200
10.001099 -61.960403 3.500183 0.329000 -0.490300 -0.807100
9.043999 -61.705101 3.568481 -0.393100 -0.410600 -0.822700
8.767799 -61.258102 3.619202 -0.655100 0.024600 -0.755200
9.798199 -58.271202 3.817291 -0.493400 0.503300 -0.709400
11.059299 -58.892799 3.703583 0.644600 0.202300 -0.737300
10.269199 -58.153099 3.803986 0.164000 0.674600 -0.719800
10.017197 -62.161400 7.758881 0.385500 -0.918100 0.092300
8.702000 -61.407997 7.823273 -0.949100 -0.303000 0.086500
11.121300 -58.971603 8.041595 0.915300 0.398500 0.058000
9.777100 -58.302200 8.098480 -0.370200 0.924300 0.093000
10.081799 -62.320198 4.058594 0.429300 -0.870900 -0.239100
8.894398 -61.970604 4.087585 -0.584700 -0.777900 -0.230400
8.540298 -61.437202 4.134003 -0.971800 -0.140800 -0.189000
11.291100 -58.826698 4.368195 0.955200 0.273700 -0.112700
10.294697 -57.925400 4.446075 0.278100 0.956400 -0.089000
9.717800 -58.035599 4.435486 -0.632300 0.764100 -0.127900
9.388397 -63.329399 3.501495 0.568400 0.102600 -0.816300
8.323399 -62.259003 3.594086 -0.245000 0.586400 -0.772100
8.760700 -62.362701 3.585693 0.284000 0.526000 -0.801700
9.204498 -62.808701 3.547089 0.478200 0.371000 -0.796000
9.225998 -63.949799 3.446594 0.479500 -0.131600 -0.867600
8.212799 -65.617798 3.298096 0.361000 -0.274400 -0.891300
6.881500 -64.279701 3.413879 -0.535700 0.266500 -0.801300
7.783997 -65.976402 3.333374 0.086100 -0.467400 -0.879900
7.346699 -65.872704 3.341888 -0.269800 -0.372800 -0.887800
6.903000 -65.426704 3.380493 -0.506100 -0.193000 -0.840600
9.470600 -63.413902 7.647675 0.984100 0.130400 0.120600
8.336098 -62.273697 7.746399 -0.098200 0.986600 0.130500
6.830898 -64.375702 7.558899 -0.911900 0.406800 0.054300
7.799198 -66.165298 7.402802 0.104300 -0.984000 0.144300
6.708797 -64.952698 7.507874 -0.971400 -0.222200 0.084000
9.467800 -64.039101 3.838593 0.901100 -0.356200 -0.247200
9.638699 -63.322899 3.969574 0.976200 0.086200 -0.198800
9.395397 -62.695198 4.024475 0.817100 0.553400 -0.161400
8.841400 -62.132401 4.005585 0.497100 0.843000 -0.205800
8.309097 -61.980598 4.018188 -0.298200 0.930200 -0.214000
8.311699 -65.942299 3.669189 0.706400 -0.640600 -0.301200
6.649498 -64.277702 3.880798 -0.903400 0.390900 -0.176500
7.808197 -66.336304 3.701294 0.166800 -0.931900 -0.321900
7.275898 -66.184402 3.713776 -0.493500 -0.820800 -0.287700
6.721798 -65.627602 3.761993 -0.835800 -0.496100 -0.235200
6.526699 -64.920601 3.823975 -0.963300 -0.025100 -0.267400
3.235802 -69.263000 2.833984 0.373100 -0.287200 -0.882200
3.235802 -67.524498 2.987183 0.320600 0.536900 -0.780300
3.459999 -68.031601 2.942780 0.526200 0.178800 -0.831400
3.459999 -68.756004 2.878998 0.522500 -0.021100 -0.852400
2.712601 -69.480202 2.814087 0.059800 -0.423300 -0.904000
0.918701 -67.306900 3.002686 -0.072900 0.590100 -0.804100
0.395500 -69.262604 2.829590 -0.315900 -0.378200 -0.870100
0.470200 -67.524101 2.982880 -0.355600 0.450000 -0.819100
0.171196 -68.755501 2.873901 -0.521400 -0.026900 -0.852900
0.171196 -68.031097 2.937775 -0.524600 0.204800 -0.826400
3.176498 -69.453804 7.619690 0.678500 -0.722200 0.134200
3.176498 -67.602104 7.782776 0.689400 0.711100 0.138100
0.814697 -67.548500 7.783875 -0.234200 0.966500 0.105300
0.411400 -69.228401 7.635284 -0.749800 -0.649600 0.125400
0.469101 -67.735100 7.766876 -0.831800 0.542600 0.117100
2.838402 -69.794502 3.186096 0.157200 -0.937200 -0.311400
3.435402 -69.523201 3.210876 0.694000 -0.655000 -0.299000
3.691200 -68.890198 3.267090 0.958800 -0.167900 -0.229000
3.691200 -67.985901 3.346802 0.957700 0.199400 -0.207500
3.435402 -67.352798 3.402100 0.592700 0.778000 -0.208400
0.791595 -67.081100 3.421875 -0.197100 0.959900 -0.199300
0.194595 -69.522804 3.205902 -0.582200 -0.760300 -0.288200
-0.061302 -68.889702 3.261292 -0.957200 -0.172400 -0.232400
-0.061302 -67.985397 3.340973 -0.948400 0.245700 -0.200300
0.279900 -67.352402 3.397278 -0.677900 0.704800 -0.209100
4.383698 -68.410004 2.925385 -0.148200 -0.391700 -0.908100
4.046097 -68.037003 2.937286 -0.464300 -0.124200 -0.876900
3.878296 -66.795799 3.042999 -0.482700 0.324900 -0.813300
4.890800 -68.383499 2.962982 0.242600 -0.396000 -0.885600
5.780899 -65.583000 3.289398 -0.116700 0.579900 -0.806300
6.224598 -65.589104 3.319580 0.245700 0.562100 -0.789800
6.793400 -67.170700 3.209503 0.544600 -0.215400 -0.810500
6.625698 -65.929398 3.315186 0.525400 0.361700 -0.770200
6.836300 -66.601997 3.266174 0.599900 0.139800 -0.787800
4.316696 -68.612297 7.494476 -0.444800 -0.891100 0.089800
3.777397 -66.895302 7.644897 -0.930100 0.359100 0.077600
6.833698 -67.304604 7.300873 0.922200 -0.370900 0.109300
6.228100 -65.622002 7.448181 0.323600 0.931400 0.166600
4.250298 -68.745804 3.285187 -0.379700 -0.859800 -0.341500
4.835602 -68.737297 3.326477 0.285800 -0.906900 -0.309600
3.849197 -68.269699 3.302399 -0.879000 -0.389300 -0.275300
3.619301 -66.730598 3.431976 -0.887800 0.398000 -0.231300
5.783401 -65.325203 3.714783 -0.228600 0.951400 -0.206200
6.999699 -67.331802 3.609283 0.848100 -0.471800 -0.241100
7.032700 -66.632401 3.677673 0.975400 0.143500 -0.167600
6.769798 -65.792702 3.738892 0.835200 0.528000 -0.154100
6.296398 -65.353798 3.747589 0.378700 0.904100 -0.197900
-9.268700 -65.969002 7.502777 -0.207100 -0.527100 0.824200
-8.891502 -65.939598 7.503693 0.211400 -0.523500 0.825400
-8.481201 -65.621902 7.516174 0.431200 -0.371300 0.822300
-8.284203 -65.206497 7.532776 0.585800 -0.034200 0.809700
-9.602104 -65.613899 7.517273 -0.469600 -0.300600 0.830200
-9.092400 -63.116501 7.617279 0.466800 0.238800 0.851500
-9.395805 -62.825798 7.629181 0.224700 0.420400 0.879100
-10.410301 -63.523903 7.601685 -0.576500 -0.042700 0.816000
-9.803101 -62.790802 7.630798 -0.163700 0.457200 0.874200
-10.213303 -63.108498 7.618286 -0.413900 0.287100 0.863900
-9.285301 -65.327003 3.767395 -0.253700 -0.911100 -0.325000
-8.226799 -64.507202 3.799683 0.984900 -0.130500 -0.113700
-10.485802 -62.755798 3.871490 -0.947800 0.317700 -0.028000
-9.391998 -61.683601 3.270477 0.309600 0.946500 0.091400
-9.315903 -66.209297 7.153992 -0.306600 -0.939100 0.155300
-9.709503 -65.814400 7.170074 -0.812600 -0.557400 0.170200
-8.854599 -66.151901 7.155975 0.371800 -0.919400 0.128600
-8.342499 -65.755302 7.171600 0.746500 -0.650200 0.141500
-8.086800 -65.257401 7.191498 0.970900 -0.099000 0.218300
-8.995705 -62.862503 7.288300 0.787100 0.526500 0.321300
-10.618401 -63.419502 7.266876 -0.968100 0.038800 0.247500
-10.362801 -62.921600 7.286774 -0.734500 0.593600 0.328700
-9.850601 -62.525002 7.302399 -0.301500 0.870200 0.389700
-9.355003 -62.541000 7.301392 0.348100 0.843100 0.409900
-8.708504 -66.576904 7.519897 -0.542800 -0.071200 0.836800
-7.886902 -65.517998 7.561981 0.166900 0.497200 0.851400
-8.251701 -65.665802 7.556274 -0.325800 0.369500 0.870300
-8.594002 -66.107002 7.538696 -0.477400 0.194900 0.856800
-8.519203 -67.085197 7.499390 -0.452800 -0.323400 0.830900
-6.491005 -67.050301 7.499481 0.460900 0.241000 0.854100
-7.123199 -68.617500 7.436890 -0.161700 -0.581600 0.797200
-6.343399 -67.504898 7.481201 0.540600 0.011200 0.841200
-6.758400 -68.469803 7.442596 0.339300 -0.455400 0.823100
-6.416100 -68.028503 7.460083 0.514900 -0.249700 0.820100
-8.801498 -65.831299 3.755798 -0.993500 0.067100 -0.091600
-7.918098 -64.692703 3.800995 -0.021600 0.994300 0.104700
-6.447701 -66.301003 3.735474 0.855500 0.514200 0.061400
-7.134399 -67.977104 3.668488 0.016400 -0.944900 -0.326800
-6.294899 -66.782104 3.715973 0.992300 -0.081300 -0.093700
-8.721802 -67.133202 7.154388 -0.839400 -0.516000 0.170800
-8.926804 -66.539101 7.178375 -0.969600 -0.055000 0.238600
-8.770401 -65.969704 7.201202 -0.859300 0.423100 0.287300
-8.343102 -65.418900 7.223083 -0.591100 0.727600 0.348100
-7.901100 -65.217102 7.230896 0.175800 0.903300 0.391300
-6.297302 -66.951202 7.160187 0.842000 0.452600 0.293600
-7.118004 -68.867302 7.083801 -0.170400 -0.973600 0.151900
-6.676102 -68.665604 7.091583 0.603500 -0.785100 0.139600
-6.248703 -68.114700 7.113373 0.891000 -0.429100 0.148700
-6.139900 -67.484001 7.138702 0.971500 0.038200 0.233900
-2.927299 -71.359299 7.303192 -0.409900 -0.381300 0.828600
-2.927902 -69.618401 7.373199 -0.349000 0.400900 0.847100
-3.119003 -70.126297 7.352875 -0.539300 0.054400 0.840300
-3.118805 -70.851700 7.323700 -0.539800 -0.120100 0.833200
-2.480804 -71.576797 7.294189 -0.070900 -0.545700 0.835000
-0.950905 -69.400200 7.380676 0.087800 0.462600 0.882200
-0.503899 -71.358498 7.301697 0.352200 -0.481500 0.802600
-0.568199 -69.617699 7.371674 0.387200 0.306900 0.869400
-0.312698 -70.850700 7.321991 0.542400 -0.125000 0.830800
-0.313004 -70.125298 7.351074 0.541600 0.077300 0.837100
-3.002998 -70.682701 3.239288 -0.732500 -0.633800 -0.248300
-3.003601 -68.810997 3.314484 -0.705300 0.706800 0.055200
-0.924599 -68.576302 3.322601 0.198100 0.970600 0.136500
-0.454498 -70.681900 3.237701 0.741600 -0.624500 -0.245100
-0.522202 -68.810104 3.312988 0.828700 0.559000 0.028800
-2.588799 -71.821899 6.905396 -0.182500 -0.971400 0.151600
-3.098305 -71.550400 6.916595 -0.726200 -0.662600 0.183100
-3.316803 -70.916603 6.942200 -0.965200 -0.174900 0.194400
-3.317101 -70.011002 6.978577 -0.961100 0.145300 0.234900
-3.098999 -69.376999 7.003876 -0.606800 0.713400 0.350500
-0.843300 -69.104599 7.013489 0.211900 0.898000 0.385700
-0.333199 -71.549500 6.914886 0.602800 -0.780400 0.166100
-0.115105 -70.915504 6.940186 0.965800 -0.175000 0.191200
-0.115402 -70.009903 6.976593 0.956100 0.185800 0.226800
-0.406700 -69.376099 7.002289 0.711900 0.616600 0.336100
-3.948799 -70.640800 7.313080 0.306200 -0.452000 0.837800
-3.696304 -70.218903 7.329895 0.514400 -0.203700 0.833000
-3.574104 -69.518204 7.358002 0.548300 -0.045400 0.835100
-3.655502 -68.959198 7.380493 0.468500 0.270800 0.840900
-4.375000 -70.691200 7.311401 -0.123200 -0.519900 0.845300
-5.343903 -68.040901 7.418488 0.105400 0.445000 0.889300
-5.714500 -68.113998 7.415802 -0.278100 0.369700 0.886600
-6.063400 -69.772903 7.349274 -0.467900 -0.347300 0.812700
-6.022598 -68.513100 7.399902 -0.504000 0.159300 0.848900
-6.144798 -69.213898 7.371796 -0.543900 -0.024500 0.838800
-3.911804 -70.032898 3.214996 0.508600 -0.814200 -0.280000
-3.596504 -68.224800 3.287476 0.854900 0.518800 -0.008800
-6.135498 -69.120102 3.253082 -0.897900 -0.404400 -0.174200
-5.761703 -67.335999 3.324585 -0.446800 0.894400 0.020200
-3.837898 -70.888702 6.959900 0.536600 -0.820500 0.197100
-4.328102 -70.968704 6.957001 -0.153100 -0.971300 0.182100
-3.540604 -70.354500 6.981201 0.920100 -0.344100 0.187100
-3.388100 -69.479698 7.016296 0.977300 -0.041400 0.207600
-3.471703 -68.789200 7.044098 0.799300 0.511900 0.314800
-5.394203 -67.718803 7.088287 0.114400 0.911100 0.396000
-6.250603 -69.898300 7.001282 -0.797600 -0.571200 0.193900
-6.334305 -69.207802 7.029083 -0.975500 0.015600 0.219200
-6.181702 -68.333000 7.064087 -0.895300 0.356000 0.267900
-5.820999 -67.824898 7.084290 -0.523700 0.762700 0.379500
9.217800 -65.962799 7.491394 0.208500 -0.526900 0.823900
8.232800 -65.201004 7.522583 -0.584800 -0.034600 0.810400
8.430099 -65.616302 7.505798 -0.430000 -0.371600 0.822800
8.840500 -65.933701 7.492798 -0.210100 -0.523700 0.825600
9.550900 -65.607399 7.505402 0.470700 -0.300300 0.829600
9.039700 -63.110397 7.606079 -0.466000 0.238500 0.852000
10.357800 -63.516899 7.588898 0.577400 -0.042300 0.815300
9.342800 -62.819504 7.617584 -0.223900 0.420200 0.879400
10.160500 -63.101601 7.605774 0.414700 0.287300 0.863400
9.750099 -62.784203 7.618774 0.164400 0.457400 0.874000
9.231400 -65.338402 3.755402 0.253800 -0.912500 -0.320900
8.172298 -64.519302 3.788879 -0.983800 -0.151100 -0.096400
9.021698 -61.999199 3.246674 -0.810800 0.575200 0.108200
10.430199 -62.766304 3.858002 0.948900 0.314000 -0.030600
9.343300 -61.695900 3.263184 -0.175400 0.972900 0.150700
9.658100 -65.807899 7.158203 0.813100 -0.556500 0.170800
9.264797 -66.203003 7.142578 0.307500 -0.938500 0.157200
8.803398 -66.146004 7.145081 -0.371100 -0.919300 0.131100
8.291100 -65.749702 7.161377 -0.745900 -0.650400 0.143800
8.035099 -65.251999 7.181488 -0.970600 -0.098900 0.219500
8.942497 -62.856499 7.277191 -0.785600 0.526200 0.325400
10.565498 -63.412399 7.253876 0.968200 0.040200 0.246800
10.309498 -62.914703 7.273987 0.734800 0.594400 0.326900
9.797199 -62.518402 7.290283 0.301100 0.871100 0.387900
9.301598 -62.534798 7.289886 -0.349200 0.843900 0.407300
8.657997 -66.571098 7.509186 0.543800 -0.070800 0.836200
8.543198 -66.101204 7.528198 0.478300 0.195200 0.856200
8.200600 -65.660202 7.546082 0.326600 0.369700 0.869900
7.835800 -65.512703 7.552277 -0.166200 0.497100 0.851600
8.468998 -67.079498 7.488892 0.454000 -0.323100 0.830400
6.440800 -67.045998 7.491486 -0.460100 0.240700 0.854600
6.293499 -67.500603 7.473297 -0.539700 0.010800 0.841800
7.073997 -68.612701 7.428192 0.163100 -0.581500 0.797000
6.366497 -68.024200 7.452301 -0.513800 -0.250100 0.820700
6.709099 -68.465202 7.434296 -0.338100 -0.455600 0.823500
8.730000 -65.825104 3.744995 0.992900 0.068100 -0.097300
7.845997 -64.687103 3.791290 -0.004900 0.997000 0.077300
7.064297 -67.972099 3.659790 -0.018900 -0.944900 -0.326800
6.224098 -66.777603 3.708282 -0.991500 0.094100 -0.090300
8.875900 -66.533104 7.167480 0.970400 -0.054200 0.235200
8.671299 -67.127403 7.143677 0.840300 -0.515400 0.168000
8.719200 -65.963799 7.190491 0.859900 0.423800 0.284400
8.291500 -65.413300 7.212891 0.591600 0.728200 0.346000
7.849400 -65.211800 7.221191 -0.174900 0.903200 0.392000
6.246696 -66.946999 7.152496 -0.841500 0.454400 0.292300
7.068600 -68.862503 7.074982 0.172100 -0.973400 0.151300
6.626598 -68.661102 7.083374 -0.602400 -0.785500 0.141600
6.198799 -68.110504 7.105774 -0.890100 -0.429800 0.151600
6.089699 -67.479904 7.131195 -0.970600 0.036900 0.237800
2.879898 -71.357399 7.299591 0.411200 -0.381000 0.828100
3.070999 -70.849602 7.319885 0.540800 -0.119700 0.832600
3.070801 -70.124199 7.349091 0.540200 0.054800 0.839700
2.879295 -69.616501 7.369598 0.349700 0.401100 0.846700
2.433495 -71.575203 7.291077 0.072300 -0.545700 0.834900
0.902199 -69.399597 7.379578 -0.087100 0.462600 0.882300
0.519699 -69.617302 7.371002 -0.386400 0.306700 0.869900
0.456398 -71.358200 7.301086 -0.350900 -0.481700 0.803000
0.264702 -70.125099 7.350800 -0.540600 0.076900 0.837700
0.264900 -70.850502 7.321594 -0.541400 -0.125400 0.831400
2.937798 -70.665398 3.236176 0.732100 -0.632100 -0.254000
2.937195 -68.793602 3.311401 0.675900 0.736500 0.027100
0.389297 -70.666298 3.237793 -0.743200 -0.623000 -0.244000
0.455795 -68.794502 3.312988 -0.664400 0.747200 0.015200
3.050499 -71.548401 6.912781 0.727200 -0.662400 0.179800
2.541298 -71.820198 6.902191 0.183700 -0.971600 0.149300
3.268600 -70.914398 6.938202 0.965900 -0.174400 0.191300
3.268295 -70.008804 6.974487 0.961600 0.145900 0.232400
3.049896 -69.375000 7.000092 0.607500 0.713000 0.350200
0.794098 -69.104004 7.012482 -0.210200 0.899600 0.382900
0.285500 -71.549301 6.914490 -0.601400 -0.781500 0.166100
0.067001 -70.915504 6.940094 -0.965200 -0.175900 0.193600
0.066696 -70.009903 6.976501 -0.955500 0.184700 0.229800
0.357498 -69.375900 7.001801 -0.711700 0.614700 0.340100
3.900902 -70.638199 7.308289 -0.304900 -0.452200 0.838200
3.606499 -68.956703 7.375977 -0.467700 0.270500 0.841400
3.525497 -69.515800 7.353577 -0.547300 -0.045800 0.835700
3.648102 -70.216400 7.325378 -0.513200 -0.204100 0.833600
4.327095 -70.688202 7.306000 0.124600 -0.519800 0.845100
5.294296 -68.037300 7.411896 -0.104600 0.444900 0.889400
6.014900 -69.768799 7.341888 0.469100 -0.347000 0.812100
5.664902 -68.110199 7.408691 0.278900 0.369900 0.886200
6.095997 -69.209702 7.364288 0.544900 -0.024100 0.838200
5.973297 -68.509102 7.392487 0.504900 0.159600 0.848300
3.855896 -70.030304 3.210175 -0.508700 -0.814500 -0.279000
3.539299 -68.222404 3.283081 -0.855300 0.518100 -0.007200
6.078999 -69.115997 3.245575 0.897800 -0.403800 -0.175900
5.703995 -67.332199 3.317474 0.445900 0.894900 0.019300
4.280098 -70.965797 6.951691 0.154100 -0.971200 0.181900
3.789795 -70.886101 6.955200 -0.535700 -0.820900 0.197900
3.492195 -70.352104 6.976898 -0.919600 -0.344800 0.188500
3.338997 -69.477501 7.012085 -0.977000 -0.042100 0.209100
3.422295 -68.786903 7.039795 -0.799200 0.511300 0.316000
5.344101 -67.715202 7.081696 -0.114400 0.911000 0.396200
6.201897 -69.894104 6.993591 0.798300 -0.570600 0.192700
6.285099 -69.203499 7.021301 0.975900 0.016200 0.217800
6.132000 -68.328804 7.056488 0.895400 0.356600 0.266500
5.770897 -67.820999 7.077179 0.523800 0.763100 0.378600
-15.496002 -64.213303 42.414886 -0.052300 -0.998600 0.000000
-15.441399 -63.171303 46.309082 -0.044400 -0.846300 0.530900
-17.385803 -63.069397 45.787384 -0.309400 -0.832400 0.459800
-18.809204 -62.994804 44.362000 -0.503500 -0.822200 0.265500
-19.330200 -62.967499 42.414886 -0.574500 -0.818500 0.000000
-18.809204 -62.994804 40.467896 -0.503500 -0.822200 -0.265400
-17.385803 -63.069397 39.042480 -0.309400 -0.832400 -0.459800
-15.441399 -63.171303 38.520782 -0.044400 -0.846300 -0.530900
-13.497002 -63.273201 39.042480 0.220700 -0.860200 -0.459800
-12.073601 -63.347801 40.467896 0.414800 -0.870300 -0.265400
-11.552605 -63.375099 42.414886 0.485800 -0.874100 0.000000
-12.073601 -63.347801 44.362000 0.414800 -0.870300 0.265500
-13.497002 -63.273201 45.787384 0.220700 -0.860200 0.459800
-15.292198 -60.324501 49.159790 -0.025200 -0.481700 0.876000
-18.660004 -60.148003 48.256073 -0.462600 -0.458800 0.758600
-21.125404 -60.018799 45.787384 -0.782800 -0.442000 0.438000
-22.027802 -59.971504 42.414886 -0.900000 -0.435800 -0.000000
-21.125404 -60.018799 39.042480 -0.782800 -0.442000 -0.438000
-18.660004 -60.148003 36.573700 -0.462600 -0.458800 -0.758600
-15.292198 -60.324501 35.670074 -0.025200 -0.481700 -0.876000
-11.924400 -60.500999 36.573700 0.412100 -0.504600 -0.758600
-9.459000 -60.630203 39.042480 0.732300 -0.521400 -0.438000
-8.556602 -60.677498 42.414886 0.849500 -0.527500 0.000000
-9.459000 -60.630203 45.787384 0.732300 -0.521400 0.438000
-11.924400 -60.500999 48.256073 0.412100 -0.504600 0.758600
-15.088402 -56.435699 50.203186 -0.013500 -0.258500 0.965900
-18.977203 -56.231903 49.159790 -0.495800 -0.233200 0.836500
-21.824005 -56.082703 46.309082 -0.848900 -0.214700 0.483000
-22.866005 -56.028099 42.414886 -0.978100 -0.207900 -0.000000
-21.824005 -56.082703 38.520782 -0.848900 -0.214700 -0.483000
-18.977203 -56.231903 35.670074 -0.495800 -0.233200 -0.836500
-15.088402 -56.435699 34.626587 -0.013500 -0.258500 -0.965900
-11.199600 -56.639503 35.670074 0.468800 -0.283700 -0.836500
-8.352798 -56.788704 38.520782 0.821800 -0.302200 -0.483000
-7.310799 -56.843300 42.414886 0.951100 -0.309000 0.000000
-8.352798 -56.788704 46.309082 0.821800 -0.302200 0.483000
-11.199600 -56.639503 49.159790 0.468800 -0.283700 0.836500
15.565399 -64.205002 42.414886 0.069800 -0.997600 0.000000
15.492599 -63.164200 46.309082 0.059100 -0.845400 0.530900
13.550297 -63.300003 45.787384 -0.205700 -0.863900 0.459800
12.128399 -63.399399 44.362000 -0.399500 -0.877400 0.265400
11.607899 -63.435799 42.414886 -0.470500 -0.882400 -0.000000
12.128399 -63.399399 40.467896 -0.399500 -0.877400 -0.265400
13.550297 -63.300003 39.042480 -0.205700 -0.863900 -0.459800
15.492599 -63.164200 38.520782 0.059100 -0.845400 -0.530900
17.434898 -63.028297 39.042480 0.323900 -0.826900 -0.459800
18.856800 -62.928902 40.467896 0.517800 -0.813300 -0.265400
19.377300 -62.892502 42.414886 0.588700 -0.808300 0.000000
18.856800 -62.928902 44.362000 0.517800 -0.813300 0.265500
17.434898 -63.028297 45.787384 0.323900 -0.826900 0.459800
15.293797 -60.320404 49.159790 0.033600 -0.481200 0.876000
11.929497 -60.555603 48.256073 -0.403300 -0.511700 0.758600
9.466797 -60.727798 45.787384 -0.723100 -0.534100 0.438000
8.565300 -60.790901 42.414886 -0.840200 -0.542300 0.000000
9.466797 -60.727798 39.042480 -0.723100 -0.534100 -0.438000
11.929497 -60.555603 36.573700 -0.403300 -0.511700 -0.758600
15.293797 -60.320404 35.670074 0.033600 -0.481200 -0.876000
18.657997 -60.085098 36.573700 0.470600 -0.450600 -0.758600
21.120697 -59.912903 39.042480 0.790400 -0.428200 -0.438000
22.022198 -59.849899 42.414886 0.907500 -0.420100 0.000000
21.120697 -59.912903 45.787384 0.790400 -0.428200 0.438000
18.657997 -60.085098 48.256073 0.470600 -0.450600 0.758600
15.022099 -56.435699 50.203186 0.018100 -0.258200 0.965900
11.137398 -56.707397 49.159790 -0.463700 -0.291900 0.836500
8.293697 -56.906204 46.309082 -0.816400 -0.316500 0.483000
7.252800 -56.979004 42.414886 -0.945500 -0.325600 0.000000
8.293697 -56.906204 38.520782 -0.816400 -0.316500 -0.483000
11.137497 -56.707397 35.670074 -0.463700 -0.291900 -0.836500
15.022099 -56.435699 34.626587 0.018100 -0.258200 -0.965900
18.906799 -56.164101 35.670074 0.499800 -0.224500 -0.836500
21.750500 -55.965202 38.520782 0.852500 -0.199800 -0.483000
22.791397 -55.892403 42.414886 0.981600 -0.190800 -0.000000
21.750500 -55.965202 46.309082 0.852500 -0.199800 0.483000
18.906799 -56.164101 49.159790 0.499800 -0.224500 0.836500
