0.000000 41.299599 42.845886 0.000000 0.984700 -0.174100
-19.343498 -23.090200 -53.307312 0.108400 -0.884900 0.453000
0.000000 -72.449799 59.341782 -0.000000 -0.999700 0.024800
0.000000 35.516701 -22.433624 -0.000000 0.819400 0.573200
-0.016499 -59.820702 -26.487701 -0.000400 -0.112000 -0.993700
0.021702 -71.608398 13.814789 -0.000900 -0.940100 0.340900
0.035900 -72.810799 11.237183 0.000500 -0.879200 0.476500
0.036201 -73.714203 9.785797 -0.003100 -0.903900 0.427800
0.000000 -71.126701 44.789490 -0.000000 -0.973700 -0.227900
-0.011700 -69.464699 -16.009613 0.000000 -0.988300 -0.152600
0.000000 26.314299 10.397186 0.000000 0.907900 -0.419300
0.000000 39.224602 71.007584 0.000000 0.912500 0.409100
-0.014400 -66.808502 -22.517303 -0.000200 -0.741100 -0.671400
0.000000 -68.974304 84.719681 0.000000 -0.610200 0.792200
0.005802 -70.849701 15.690277 -0.002100 -0.999400 0.035400
0.004700 -70.933800 16.190186 0.004400 -0.990700 -0.136100
0.000000 -48.962700 95.338486 -0.000000 -0.283700 0.958900
0.000000 -80.045502 18.595276 0.000000 -0.578900 -0.815400
-0.015999 -51.136002 -23.714600 -0.000400 0.208000 -0.978100
-0.016197 -39.039001 -22.567627 -0.000400 -0.219900 -0.975500
-0.006397 -35.093300 -34.862823 0.000000 -0.974100 -0.226300
-2.046700 -71.662300 23.153381 -0.244400 -0.216500 -0.945200
-0.010799 -34.137299 -25.816803 -0.000300 -0.906900 -0.421300
0.021900 -72.143402 6.757202 0.002200 -0.473100 -0.881000
0.000000 -73.582603 40.898773 0.000000 -0.768000 0.640500
-0.300999 -71.216499 1.056976 -0.099200 -0.780900 0.616700
-43.043098 -26.005701 22.950073 -0.975500 -0.193600 -0.104200
0.035103 -73.899399 9.321381 0.000800 -0.998100 -0.061300
-0.639198 -71.107803 -2.099609 -0.221900 -0.933600 -0.281200
0.000000 -75.155502 37.124390 0.000000 -0.961200 0.275700
0.000000 -77.643402 28.031586 -0.000000 -0.867600 0.497300
0.000000 -75.902298 32.908875 0.000000 -0.965000 0.262200
0.000000 -71.430000 43.032776 -0.000000 -0.981700 0.190500
0.000301 -75.811401 18.017181 0.000000 -0.190700 -0.981600
0.000000 -72.117104 63.804184 -0.000000 -0.998400 0.056100
0.014603 -70.597404 6.360687 -0.003100 0.030800 -0.999500
0.000000 -76.076004 77.315094 0.000000 -0.936500 0.350600
0.000000 -81.753899 22.987396 0.000000 -0.987100 0.159800
0.000000 -71.717499 42.119202 -0.000000 -0.783200 0.621800
0.000000 -71.770302 46.290802 0.000000 -0.918500 -0.395400
0.000000 -72.400398 48.667694 -0.000000 -0.999300 -0.036600
-0.009300 -69.544701 -9.882599 -0.014300 -0.989700 -0.142500
0.006500 -71.819801 16.929901 0.006600 -0.470000 -0.882600
0.000000 19.260798 91.747482 0.000000 0.531000 0.847400
-0.470398 -71.841301 -0.270416 -0.173400 -0.982900 0.062300
0.000000 29.561598 -13.073608 -0.000000 0.935000 0.354700
0.029202 -73.266098 7.734802 0.002200 -0.816200 -0.577800
0.000000 81.753799 -88.577301 -0.000000 0.997500 0.070300
-0.010700 -69.359703 -13.338898 0.000100 -0.999200 0.040600
0.000000 -42.062500 -88.577301 0.000000 -0.992100 0.125400
0.000000 -76.785301 73.411087 -0.000000 -0.902400 -0.431000
0.000000 -72.378403 53.292984 -0.000000 -1.000000 -0.002500
0.000000 -74.278603 39.384796 0.000000 -0.919900 0.392200
0.000000 -8.269900 101.383087 0.000000 0.126400 0.992000
0.000000 -27.944500 -53.966705 0.000000 -0.999100 0.042500
0.000000 -76.773399 30.470398 -0.000000 -0.946400 0.323000
0.000000 49.751602 -36.036926 -0.000000 0.635500 0.772100
-30.669399 -48.960300 47.983795 -0.919100 -0.381400 0.098800
-28.592499 -54.772301 55.817490 -0.902400 -0.284500 0.323600
-23.632999 -61.229401 57.644989 -0.581500 -0.399900 0.708500
-19.198399 -65.271904 59.016083 -0.607600 -0.709600 0.356700
-13.728600 -68.872299 58.359787 -0.452200 -0.883300 0.123300
-8.867397 -71.168503 56.656693 -0.224200 -0.964900 0.136400
-4.012897 -72.000198 54.107086 0.008400 -0.985400 0.169800
-21.982201 -62.543900 34.724976 -0.490700 -0.813200 0.313000
-25.478600 -59.206902 35.820496 -0.611000 -0.735400 0.292900
-27.359699 -56.761497 37.618988 -0.687700 -0.686500 0.236000
-16.579998 -65.453697 34.625580 -0.369500 -0.868800 0.329700
-2.834297 -69.733398 -13.478699 -0.044500 -0.978300 0.202400
-7.501999 -68.542702 -14.296814 -0.488900 -0.826000 0.280500
-12.553497 -63.739601 -13.969299 -0.665500 -0.730900 0.151100
-17.119400 -61.312904 -6.582123 -0.409300 -0.912400 -0.009200
-20.295300 -60.520798 -0.644897 -0.677700 -0.712800 -0.180400
-20.469101 -61.136299 8.950684 -0.556500 -0.830800 0.005600
-18.303299 -61.943001 15.567291 -0.524400 -0.845700 -0.098800
-15.407497 -65.228500 21.951080 -0.373500 -0.893800 -0.248000
-11.209000 -68.436501 27.738892 -0.233800 -0.912300 -0.336100
-8.164799 -71.379204 29.453186 -0.425800 -0.904800 0.005400
-28.188900 -52.911003 64.050491 -0.819200 -0.549000 -0.165500
-23.405998 -60.930099 72.669189 -0.725500 -0.688200 -0.000400
-15.590199 -66.900497 74.493393 -0.619500 -0.728400 -0.292600
-9.166100 -72.628799 73.630081 -0.484500 -0.693100 -0.533700
-3.950699 -75.127899 74.662384 -0.402000 -0.915100 0.030200
-11.879898 -67.429001 34.426697 -0.282300 -0.796400 0.534900
-7.996498 -67.794899 35.400574 -0.500500 -0.670400 0.547800
-4.920601 -69.736504 37.665680 -0.769400 -0.577000 0.274200
-2.373100 -73.355400 39.084991 -0.656700 -0.697200 0.287500
-24.936699 -61.649498 44.401703 -0.758100 -0.643800 0.104500
-20.470299 -64.929100 45.913086 -0.506700 -0.859000 0.072700
-101.903999 46.632500 -88.577301 -0.655100 0.734500 0.176800
-117.950302 24.690798 -88.577301 -0.966000 0.086100 0.243800
-70.676796 -26.681601 -88.577301 -0.536400 -0.843200 0.036300
-36.106300 -44.222401 -88.577301 -0.365200 -0.915500 0.168800
-11.232300 -41.717800 -88.577301 0.401300 -0.913200 0.070700
-7.294701 -41.315399 -88.577301 0.004500 -0.993500 0.114100
-15.293499 -67.577301 45.112274 -0.276800 -0.950100 0.143800
-10.971500 -68.579399 43.489777 0.243500 -0.969300 0.033500
-8.423698 -66.428497 42.722687 0.664100 -0.727600 -0.172300
-4.345600 -68.656601 84.964783 -0.069200 -0.613100 0.787000
-5.510201 -50.566101 95.145081 -0.031200 -0.326300 0.944700
-8.912998 -10.308301 100.656891 -0.159300 0.078300 0.984100
-10.254299 -51.179100 94.281281 -0.311600 -0.315400 0.896300
-17.826000 -12.346701 98.660385 -0.239800 0.046200 0.969700
-34.673897 42.960304 -36.720520 -0.158800 0.488900 0.857800
-20.029499 -48.877998 -88.577301 0.170100 -0.971200 0.166700
-43.368797 -23.132200 25.240387 -0.986900 -0.109300 -0.119000
-2.916199 -27.820000 -53.966705 -0.109600 -0.991800 0.066200
-6.685101 -27.164600 -53.966705 -0.431300 -0.894700 0.116300
-9.323700 -25.100300 -54.080322 -0.569700 -0.795500 0.206200
-12.496799 -22.759201 -53.786713 -0.263200 -0.892200 0.367000
-36.356899 -29.288502 39.165588 -0.836500 0.177700 -0.518300
-32.798401 -26.256601 32.336975 -0.960700 -0.262400 0.091000
-41.574600 -23.323301 44.877502 -0.712900 -0.238600 -0.659400
-41.766197 -29.065901 42.068176 -0.689500 0.200300 -0.696000
-42.225197 -22.367500 40.339386 -0.767000 -0.639900 0.046700
-41.913696 -24.173500 35.331177 -0.656400 -0.754400 0.002900
-41.166100 -24.210501 40.288391 -0.895100 -0.433500 -0.104000
-36.344002 -14.411301 8.109100 -0.999900 -0.010600 0.003100
-39.570702 -31.721500 37.770691 -0.975900 -0.066300 -0.208000
-42.875000 -17.681000 32.811798 -0.860100 -0.497400 0.113400
-42.662800 -19.952301 30.277893 -0.911600 -0.338700 0.232900
-42.811996 -25.741701 27.013794 -0.751400 -0.554400 0.357700
-36.260899 -27.894701 26.806580 -0.829900 -0.228300 0.509100
-43.467201 -18.766201 46.381287 -0.797400 -0.352000 -0.490200
-43.416801 -15.689800 38.592773 -0.816200 -0.577200 -0.026700
-17.340401 -62.087700 0.367096 -0.418000 -0.901500 -0.112500
-2.605198 -71.977303 7.065491 -0.187500 -0.547600 -0.815400
-2.201900 -71.009201 1.303375 -0.070200 -0.785900 0.614300
-4.959599 -71.107399 0.620697 -0.261800 -0.836100 0.482100
-12.868099 -64.975502 0.035187 -0.208700 -0.301000 0.930500
-9.486797 -69.082703 -0.527008 -0.584900 -0.630800 0.510000
-5.543499 -71.071304 7.492584 -0.383600 -0.479200 -0.789500
-9.985600 -67.944901 8.455475 -0.324900 -0.477600 -0.816300
-13.621300 -64.378502 6.524078 -0.625200 -0.772700 -0.110100
-9.305298 -69.554901 -1.653198 -0.584200 -0.804000 -0.111100
-4.969898 -71.541603 -0.936401 -0.215600 -0.976300 -0.020500
-2.074398 -71.605499 -0.130798 -0.080300 -0.994800 0.063200
-2.884701 -73.052597 8.174377 -0.244600 -0.826900 -0.506300
-6.029697 -71.814598 8.427185 -0.492700 -0.731500 -0.471300
-9.915298 -68.605598 9.202576 -0.624500 -0.723200 -0.294900
-5.203800 -69.861298 15.033783 -0.468400 -0.855700 0.220200
-1.703300 -71.817497 14.103302 0.010900 -0.913300 0.407100
-3.243000 -71.300903 13.962494 -0.448500 -0.817500 0.361200
-0.820499 -71.613998 13.807190 0.138300 -0.929700 0.341300
-1.951599 -70.422699 17.114685 -0.447900 -0.852800 -0.268800
-0.818398 -70.475204 16.571503 -0.286200 -0.947700 -0.141400
-1.781097 -71.184097 15.666077 -0.138900 -0.894200 0.425600
-0.827198 -71.322197 15.257690 0.093400 -0.939200 0.330500
-0.855000 -72.814102 11.240997 0.227100 -0.834300 0.502300
-1.674297 -73.365204 11.053375 0.047800 -0.879300 0.474000
-38.666100 -29.404202 44.648285 -0.246300 -0.550900 0.797400
-41.452000 -31.037500 47.231476 0.057900 -0.736400 0.674100
-43.616402 -30.733601 45.152588 -0.797000 -0.587400 0.140700
-36.520199 -19.005001 26.423981 -0.642800 0.701100 -0.308600
-38.036598 -22.204802 21.911377 -0.525300 0.560600 -0.640100
-42.783897 -19.916201 22.517975 -0.493300 0.566800 -0.659900
-44.526699 -19.539801 28.742279 -0.987300 -0.118400 0.106000
-38.342697 -31.028801 28.017487 -0.985800 0.115500 -0.122300
-39.101299 9.195299 -28.916321 -0.840500 -0.245200 0.483200
-37.643097 1.032900 -3.425598 -0.976700 0.186400 0.106100
-34.893501 -0.735201 19.449188 -0.975400 0.200900 0.091200
-35.546398 -0.639400 35.462891 -0.976200 0.214200 -0.032800
-7.324600 -69.754898 28.182495 -0.257300 -0.623400 -0.738400
-10.341400 -66.373100 23.539795 -0.277100 -0.916400 -0.289000
-12.670200 -63.314903 -1.288910 -0.659100 -0.636500 -0.400600
-28.264000 -55.102898 45.203674 -0.810600 -0.531300 -0.246100
-25.874798 -60.133598 47.484985 -0.655800 -0.686500 -0.314100
-44.600899 -26.468601 47.194702 -0.949600 -0.233800 0.208600
-44.525799 -21.524302 48.108185 -0.980500 0.027000 0.194500
-46.138100 -15.342701 38.462799 -0.962300 -0.271800 -0.011200
-45.233299 -17.682901 31.692596 -0.942100 -0.335200 -0.006900
-42.288200 -25.937000 19.640198 -0.572100 0.078100 -0.816500
-41.551800 -30.549601 19.623077 -0.507100 -0.583300 -0.634400
-42.276497 -32.072899 41.537079 -0.590300 -0.778800 -0.212100
-41.647900 -26.575300 49.686584 0.081000 -0.291600 0.953100
-42.588402 -19.566601 50.508179 -0.100300 0.253400 0.962200
-44.313000 -12.259300 39.119781 -0.303800 0.952400 0.026500
-43.506599 -15.174601 31.265778 -0.307500 0.864100 -0.398500
-37.882198 -24.803301 20.528290 -0.642600 0.222600 -0.733200
-37.815498 -29.112301 20.097382 -0.620700 -0.106600 -0.776700
-38.347298 -32.379303 41.940277 -0.667800 -0.726700 0.160900
-38.301498 -25.562201 46.392578 -0.336600 -0.111900 0.935000
-38.064697 -20.077101 46.033875 0.627100 0.247600 0.738600
-36.890598 -15.376001 39.833893 -0.989700 0.050500 -0.134200
-37.311798 -32.079903 23.937500 -0.774100 -0.624100 -0.106000
-37.551998 -16.835400 43.496277 -0.993400 0.099500 -0.057600
-37.145500 -20.028801 19.839691 -0.977200 0.212100 -0.003000
-35.636700 -12.171600 16.649292 -0.994300 0.102000 0.032100
-36.802200 -32.975601 58.859589 -0.972500 -0.232600 -0.010600
-37.593697 -30.448601 50.658783 -0.965400 -0.190700 0.177900
-27.432198 -22.277601 -36.196106 -0.321000 -0.946500 -0.033100
-28.715797 -24.341200 -17.970917 -0.473500 -0.864300 -0.169600
-3.417900 -33.655899 -25.622009 -0.249700 -0.872400 -0.420200
-8.002998 -32.327400 -24.993317 -0.516100 -0.699400 -0.494500
-13.717499 -27.978300 -23.956909 -0.697000 -0.558600 -0.449700
-16.760700 -22.271801 -25.760406 -0.427100 -0.855400 -0.293000
-37.717201 -15.608601 53.658493 -0.998100 0.024400 -0.057000
-9.028999 -66.635002 85.699387 -0.403600 -0.550400 0.730900
-13.618000 -53.540802 91.338089 -0.488800 -0.374600 0.787900
-2.871998 -75.062599 78.855789 -0.125800 -0.877300 0.463100
-3.621899 -72.965302 46.472595 0.073200 -0.850400 -0.521100
-7.312901 -72.691002 47.535583 -0.411300 -0.684700 -0.601700
-10.663399 -70.561302 48.284576 -0.423500 -0.585400 -0.691300
-17.724701 -67.783798 51.007690 -0.571500 -0.747300 -0.339000
-24.491699 -63.503700 52.853485 -0.597800 -0.718900 -0.354700
-25.554001 -58.817001 41.323883 -0.665800 -0.629800 -0.400200
-7.686501 -64.671898 41.990784 0.021700 -0.972300 0.232500
-8.852699 -65.949104 41.896301 -0.003400 -0.274000 -0.961700
-11.353001 -68.148300 42.488983 -0.130200 -0.507200 -0.851900
-15.438900 -67.013802 44.006500 -0.380300 -0.325900 -0.865500
-20.067699 -64.598801 44.640198 -0.173100 -0.377700 -0.909600
-23.943199 -62.203697 43.505981 -0.392000 -0.738800 -0.548200
-33.850998 -43.823303 46.924988 -0.917900 -0.362500 0.161600
-30.010899 -52.222000 39.286102 -0.798400 -0.577600 0.170000
-33.754097 -48.489403 35.650299 -0.915600 -0.346400 0.204400
-35.026901 -43.545502 29.828674 -0.982100 -0.178400 -0.059500
-29.975700 -24.361301 -0.026520 -0.747700 -0.491200 -0.446800
-31.256699 -32.713799 -0.554016 -0.906200 0.013200 -0.422600
-20.604797 -59.392502 16.050781 -0.788100 -0.607600 -0.098300
-18.419098 -63.101402 21.739197 -0.642500 -0.750200 -0.155900
-22.011997 -57.970497 9.942993 -0.921000 -0.380300 0.084500
-22.293098 -56.726501 -0.778809 -0.919700 -0.371400 -0.127600
-26.190201 -23.421200 -52.828003 -0.370800 -0.891700 0.259500
-13.987301 -61.215698 -5.665619 -0.451000 -0.892400 0.015400
-11.328197 -64.686203 -9.234009 -0.723000 -0.688900 -0.052700
-7.087997 -67.951202 -10.200500 -0.470900 -0.880700 -0.051100
-2.976299 -69.334702 -9.980011 -0.182500 -0.981800 -0.052000
-30.957998 -38.059101 0.551392 -0.929500 -0.161700 -0.331500
-30.233997 -42.615303 1.286774 -0.941700 -0.260700 -0.212600
-2.803898 -34.749802 -34.837616 -0.259300 -0.940700 -0.218900
-3.367397 -38.576302 -22.242401 -0.173200 -0.273200 -0.946300
-3.329998 -50.817703 -23.394409 -0.276300 0.219800 -0.935600
-8.117298 -51.958801 -20.752411 -0.443000 0.294400 -0.846800
-16.112801 -46.197201 -15.311127 -0.512200 0.154800 -0.844800
-24.393997 -36.048901 -9.341125 -0.719600 -0.008800 -0.694300
-35.553799 -29.215500 10.973175 -0.934200 -0.212700 -0.286400
-37.606201 -34.156101 30.317993 -0.940000 -0.319300 -0.120600
-8.740898 -64.703903 42.319580 -0.946700 -0.050500 -0.318300
-8.065201 -66.024399 41.144775 0.018800 -0.940700 0.338700
-9.834099 -66.480904 40.332581 -0.170200 -0.942000 0.289300
-12.549999 -66.321098 40.492279 -0.051300 -0.644300 0.763000
-11.018497 -65.355301 43.650391 -0.427200 0.188900 -0.884200
-16.473301 -64.855598 41.062378 -0.112700 -0.484600 0.867400
-15.476498 -64.358803 45.518402 -0.145700 0.235100 -0.961000
-20.541698 -63.400604 41.426880 -0.433800 -0.634100 0.640100
-23.982098 -60.274902 42.481689 0.367200 -0.512700 -0.776100
-26.218498 -59.069801 45.366302 -0.846700 -0.525000 -0.086800
-20.778698 -61.116798 46.230194 0.383600 0.158500 -0.909800
-35.993896 -41.392799 33.992401 -0.961500 -0.274100 -0.018900
-34.894199 -46.149803 27.170898 -0.971200 -0.173200 -0.163500
-31.954100 -50.553398 23.615784 -0.841000 -0.368200 -0.396300
-27.370098 -56.904099 21.856995 -0.667000 -0.621100 -0.411600
-22.341599 -58.790398 20.302490 -0.571100 -0.720400 -0.393500
-26.845398 -43.748100 -5.544098 -0.896200 -0.149500 -0.417800
-30.146698 -43.466103 8.668091 -0.928400 -0.362700 -0.080500
-29.687401 -45.651100 15.781097 -0.888100 -0.401400 -0.223900
-32.671398 -56.176300 30.170685 -0.825400 -0.563500 0.033900
-26.787098 -56.002800 40.994293 -0.812800 -0.582000 -0.023600
-24.128998 -58.628403 38.618500 -0.590000 -0.793800 0.147500
-20.979797 -62.056999 35.682800 -0.531500 -0.760700 0.372500
-16.152798 -64.710098 35.594574 -0.319400 -0.911900 0.257700
-11.569199 -65.600304 35.439392 -0.203500 -0.871600 0.445900
-7.915199 -66.340797 36.728699 -0.499700 -0.675100 0.542700
-5.547199 -67.419800 39.060486 -0.768800 -0.415400 0.486300
-2.410000 -72.592804 40.636780 -0.599200 -0.587100 0.544300
-32.502701 -38.840599 9.066803 -0.916700 -0.351000 -0.191000
-21.776299 -62.580299 72.057785 -0.674900 -0.737300 0.028700
-19.987099 -64.709801 63.458694 -0.720300 -0.693600 0.011500
-19.683201 -68.598900 55.116684 -0.560300 -0.822600 0.097100
-4.418301 -71.401802 71.793594 -0.343600 -0.938400 0.037100
-9.138798 -72.039001 61.549286 -0.202900 -0.976900 0.066500
-8.555401 -73.956299 50.954895 -0.219900 -0.975400 0.012000
-7.404499 -71.176201 46.787201 -0.445100 -0.356500 -0.821500
-7.431801 -69.141998 46.374084 -0.387800 -0.392800 -0.833800
-7.716900 -68.144203 45.740601 -0.421400 -0.518800 -0.743800
-5.844700 -69.478897 45.561890 -0.570000 -0.524700 -0.632300
-9.625900 -60.076004 42.932678 -0.684100 -0.140600 -0.715700
-13.047001 -64.695999 20.053986 -0.323600 -0.926900 -0.190400
-2.354900 -74.293999 36.855774 -0.672000 -0.708900 0.214300
-2.523197 -70.693604 41.667084 -0.676000 -0.658900 0.330000
-6.934399 -64.881798 42.755280 -0.320600 -0.946000 -0.047600
-7.994801 -64.882401 44.553680 0.000800 -0.926400 -0.376600
-5.534698 -66.071701 42.155701 -0.602600 -0.712700 -0.359100
-5.428600 -65.508400 40.617981 -0.501400 -0.863100 0.060600
-3.997498 -70.942299 35.403687 -0.754400 -0.613500 0.233500
-22.863701 -52.220802 -4.031921 -0.748300 -0.651900 -0.122900
-23.757198 -51.772701 2.203796 -0.749200 -0.658600 -0.069600
-23.696800 -52.788399 8.306976 -0.726900 -0.673700 -0.133300
-33.918297 -46.762001 40.286102 -0.905900 -0.401700 0.134200
-30.891499 -50.992901 44.213898 -0.885700 -0.460900 0.056700
-29.226101 -52.289101 57.055588 -0.915600 -0.376200 0.142200
-28.126698 -57.210899 33.766785 -0.640000 -0.660000 0.393500
-23.192699 -59.103203 41.395599 -0.499100 -0.759200 -0.417800
-22.962799 -56.158501 42.969574 0.875200 -0.446300 0.186400
-7.503300 -65.682503 38.466675 -0.095800 -0.982700 0.158500
-20.674400 -58.082199 41.343384 0.210800 -0.153000 0.965500
-37.136700 -14.155300 -53.782898 -0.513900 -0.730900 0.449100
-10.530399 -61.167702 40.524780 -0.373400 -0.133800 0.918000
-17.095898 -59.730904 41.306000 0.046500 -0.098300 0.994100
-13.341400 -60.956001 40.635376 0.088100 -0.093100 0.991800
-21.154400 -63.234001 48.782898 -0.389700 -0.698400 -0.600300
-15.204498 -66.115402 47.232178 -0.459500 -0.813500 -0.356600
-10.589897 -66.985001 45.503387 0.136500 -0.966900 -0.215500
-20.044201 -56.985703 46.029480 0.105500 -0.194000 -0.975300
-15.907700 -58.817299 45.073700 -0.310600 -0.088800 -0.946400
-11.998100 -59.893799 43.484375 -0.332800 -0.063300 -0.940900
-1.580601 -75.212402 18.951080 -0.509600 0.111600 -0.853100
-1.269199 -72.423004 18.008881 -0.751100 -0.360100 -0.553400
-3.763298 -69.517700 17.797089 -0.339000 -0.851200 -0.400800
-7.135998 -71.080902 17.446075 -0.171100 -0.323500 -0.930600
-5.952801 -71.395302 18.328583 0.617000 -0.247300 -0.747100
-3.939999 -75.313904 19.092377 0.127200 -0.174500 -0.976400
-2.618500 -66.852898 -22.525024 -0.057300 -0.685900 -0.725400
-3.631100 -59.617500 -26.306000 -0.246900 -0.119000 -0.961700
-7.679100 -69.612099 -16.779602 -0.445900 -0.892000 -0.073800
-2.929298 -70.788300 -16.247101 0.077100 -0.994000 -0.077400
-8.723598 -57.773697 -24.102997 -0.436200 0.073400 -0.896900
-7.582100 -66.184204 -22.320007 -0.331200 -0.554400 -0.763500
-16.370399 -54.801102 -19.306824 -0.570100 0.120000 -0.812700
-22.365700 -51.689400 -11.294708 -0.874100 -0.295700 -0.385300
-19.583000 -56.061600 -15.672424 -0.860500 -0.318300 -0.397900
-13.890198 -62.384003 -19.510712 -0.714400 -0.465700 -0.522200
-12.699699 -65.145203 13.513092 -0.601400 -0.796000 0.068100
-6.057198 -69.360397 12.862183 -0.548500 -0.759100 0.350500
-3.571301 -72.344604 11.504486 -0.443200 -0.739200 0.507000
-9.486797 -68.204102 72.746094 -0.339800 -0.915300 0.216300
-15.181999 -66.270103 73.023788 -0.445400 -0.871500 0.205200
-24.919201 -56.994102 63.904190 -0.802600 -0.596100 -0.022300
-32.491299 -42.851200 53.481491 -0.935200 -0.277100 0.220600
-36.139198 -1.521700 49.254974 -0.978400 0.193700 -0.072400
-32.529598 7.488600 25.981903 -0.913900 0.391300 -0.107900
-29.763100 16.916601 -5.913513 -0.709200 0.608400 0.356200
-16.057499 27.962900 -10.351624 -0.530400 0.787600 0.313500
-23.484798 -59.301804 60.548782 -0.807100 -0.562300 0.179900
-14.301998 -69.617401 62.806091 -0.523600 -0.851300 0.034100
-4.164299 -72.052704 60.402084 -0.098700 -0.994200 0.042100
-8.207699 -67.465302 23.039276 -0.986900 -0.056000 -0.151000
-6.037598 -69.033699 27.406403 -0.840500 -0.541400 -0.021600
-4.526501 -73.545502 27.020294 -0.701100 -0.604400 0.378500
-4.838799 -76.591301 22.843292 -0.850100 -0.513000 0.119200
-4.888298 -68.646904 17.871887 -0.569600 -0.662600 -0.486400
-4.771599 -75.932602 19.580200 -0.621700 -0.508900 -0.595300
-5.288097 -72.014999 32.382385 -0.704900 -0.659000 0.262300
-8.330898 -70.174599 17.666077 -0.600000 0.056200 -0.798100
-7.702900 -73.329399 20.683502 -0.743500 -0.644700 -0.177500
-7.182301 -73.299698 24.532288 -0.638000 -0.735800 0.227100
-10.856701 -68.436600 23.330292 -0.887400 0.460900 0.014000
-8.068398 -71.602402 27.486298 -0.468700 -0.358200 0.807500
-2.146099 -76.841103 27.746887 -0.605500 -0.684000 0.406900
-9.727200 -68.806602 25.990997 -0.645600 0.459900 0.609700
-9.401299 -68.924301 19.670685 -0.721100 0.491600 -0.488200
-29.907799 -54.114998 36.311279 -0.746100 -0.584700 0.318600
-17.056297 -65.086098 33.102600 -0.463300 -0.881500 0.091600
-16.158501 -65.716202 39.968781 -0.316000 -0.930800 0.183600
-13.816898 -68.184898 28.112091 -0.321500 -0.934100 -0.155200
-8.615200 -73.122803 80.381592 -0.344200 -0.841700 0.416000
-27.069298 -53.337601 14.991577 -0.733000 -0.629400 -0.258200
-22.710300 -55.504799 15.156403 -0.663500 -0.697900 -0.269600
-16.916298 -61.948402 14.242188 -0.377100 -0.921700 -0.091200
-8.631199 -38.570900 -21.434814 -0.389800 -0.244700 -0.887800
-12.768600 -24.565701 -35.810822 -0.768900 -0.600900 -0.218600
-6.783501 -32.910301 -34.702026 -0.579100 -0.789800 -0.202100
-15.283897 -34.456299 -18.060211 -0.674500 -0.249200 -0.694900
-1.773701 -70.913902 -1.998199 -0.067500 -0.951300 -0.300800
-16.729198 -59.354797 -14.024719 -0.760700 -0.641600 -0.098000
-12.792099 -64.524498 -16.320313 -0.730100 -0.682000 0.043600
-4.551300 -71.036903 -3.008606 -0.078700 -0.939700 -0.332900
-9.300999 -68.698204 -3.304016 -0.640000 -0.719000 -0.270900
-20.446198 -58.302200 -6.851410 -0.833200 -0.492600 -0.251200
-8.077801 -69.249100 33.133575 -0.441000 -0.848200 0.293500
-9.258801 -60.390602 41.902374 -0.930900 -0.233900 0.280600
-6.116100 -68.768997 44.351685 -0.632500 -0.573800 -0.520300
-11.799698 -67.861000 32.512482 -0.353500 -0.904700 0.237800
-3.129997 -70.528099 43.082977 -0.494300 -0.786700 -0.369800
-2.385799 -70.393097 6.292480 -0.066200 0.021200 -0.997600
-27.456497 -49.881699 2.042297 -0.774900 -0.616800 -0.138300
-9.990101 -66.845398 8.329590 -0.093500 -0.036700 -0.994900
-5.230999 -69.720497 6.885101 -0.225300 -0.011300 -0.974200
-3.042599 -70.203903 16.288696 -0.408300 -0.844700 0.346000
-2.825798 -80.032204 18.977478 -0.498600 -0.581700 -0.642700
-2.539497 -81.028099 23.002075 -0.556200 -0.808700 0.191500
-10.244598 -70.771004 23.888397 -0.848400 -0.526300 0.056800
-3.296898 -73.634003 10.207397 -0.292100 -0.941100 0.170500
-10.792000 -67.749802 46.523682 -0.149500 -0.659100 -0.737100
-11.889599 -66.823502 39.458893 0.047200 -0.989600 0.135600
-20.527901 -63.334999 40.333496 -0.650800 -0.756000 -0.070000
-21.582897 -56.601303 45.216492 0.655000 -0.280000 -0.701900
-20.775700 -65.268303 49.293396 -0.500200 -0.650800 -0.571200
-15.255299 -68.578804 47.714203 -0.395400 -0.695500 -0.600000
-26.639900 -61.432800 27.796387 -0.601900 -0.790100 -0.115700
-20.504200 -64.940704 26.512085 -0.417900 -0.869200 -0.264300
-33.630299 -46.341202 67.132782 -0.903600 -0.419500 -0.087000
-39.127899 -13.260201 64.751984 -0.998800 0.047500 0.009500
-34.177799 -51.333603 32.927094 -0.921600 -0.322000 0.216800
-23.718498 -61.349998 33.047791 -0.561800 -0.801600 0.204200
-8.461899 -69.340904 31.077087 -0.493100 -0.819000 0.293300
-2.253700 -75.298103 32.746979 -0.574200 -0.786900 0.226000
-3.882000 -73.912102 49.069489 0.150500 -0.988400 -0.022700
-4.038799 -71.766304 45.233582 -0.251100 -0.669700 -0.698900
-10.043098 -70.144897 21.902191 -0.878400 -0.401900 -0.258500
-10.440598 -69.533401 47.428192 -0.308000 -0.526600 -0.792300
-26.065399 -50.806999 -4.406219 -0.777500 -0.596200 -0.200100
-10.413097 -68.271698 10.001984 -0.668200 -0.731400 0.136300
-22.221199 -27.769300 -11.644714 -0.670600 -0.524000 -0.525000
-35.834900 -17.692400 -6.513519 -0.914000 -0.398100 -0.078400
-28.945801 -58.263298 52.119690 -0.925100 -0.379000 -0.024700
-15.786800 37.108803 45.754089 -0.493800 0.860600 -0.124900
-27.409500 21.995600 43.011780 -0.854700 0.494000 -0.159200
-36.168297 -36.021301 25.648895 -0.947500 -0.279100 -0.156100
-33.291901 -40.960300 17.645599 -0.884500 -0.396600 -0.245700
-25.926598 -40.616302 -7.940308 -0.790300 -0.002600 -0.612700
-27.893799 -50.728699 8.483276 -0.780300 -0.610100 -0.137200
-6.364700 -72.202599 10.515594 -0.514400 -0.804500 0.297000
-12.693398 -72.151497 51.750793 -0.440700 -0.894000 -0.080500
-15.463898 -69.304298 80.485382 -0.579900 -0.762200 0.287800
-26.738998 -14.385000 96.475693 -0.498000 0.051300 0.865600
-17.189697 18.602499 90.712585 -0.317600 0.522700 0.791100
-17.485100 36.955696 69.138382 -0.315000 0.899700 0.302200
-12.853901 27.650000 11.403900 -0.445000 0.852600 -0.274000
-29.420799 31.864599 -27.084412 -0.361900 0.662800 0.655500
-15.482300 -19.471001 -39.860016 -0.287400 -0.956600 -0.047900
-18.307598 -61.122498 8.987579 -0.281200 -0.958000 -0.057200
-23.914600 19.512800 14.135681 -0.723500 0.682400 0.103900
-33.886799 -34.592201 9.728699 -0.941800 -0.208900 -0.263300
-37.146099 -11.689900 -33.507599 -0.876200 -0.470700 0.103100
-37.252399 -22.431900 88.137589 -0.837800 -0.109500 0.534900
-32.409698 23.900198 66.072189 -0.851500 0.510900 0.118200
-26.292900 -64.431297 56.249985 -0.658400 -0.653700 0.373100
-31.456598 11.247599 83.923492 -0.767700 0.344900 0.540100
-43.325199 21.642099 -27.269714 -0.517100 0.126900 0.846500
-25.501999 -57.612701 80.126282 -0.749600 -0.518200 0.411900
-52.005501 11.212297 -35.153107 -0.380100 -0.517800 0.766400
-60.885700 27.561998 -32.092926 -0.383900 0.103500 0.917600
-2.199898 -76.069603 30.253387 -0.591200 -0.772200 0.232600
-5.027000 -72.188499 29.310303 -0.712100 -0.698000 0.075000
-43.990898 -28.385601 46.643982 -0.928500 -0.300000 0.218700
-42.979301 -30.709101 42.110992 -0.868000 0.099400 -0.486400
-42.278000 -23.471701 31.432800 -0.828600 -0.559600 -0.016000
-44.663898 -21.026501 34.510498 -0.959800 -0.218000 -0.177000
-45.551102 -19.425201 39.614899 -0.997100 -0.069700 0.029600
-44.502800 -20.554300 44.757202 -0.992600 -0.088700 0.082600
-38.109901 -31.109402 25.648102 -0.884600 -0.367400 0.287100
-41.678699 -29.676300 23.256195 -0.745600 -0.596300 0.297500
-106.867798 2.607698 -88.577301 -0.785100 -0.594800 0.172700
-47.807198 -1.867201 -48.056519 -0.465600 -0.636000 0.615500
-10.688000 81.577698 -101.383209 -0.071100 0.997500 0.000000
-35.204102 78.477005 -101.383209 -0.283800 0.958900 0.000000
-14.289200 -69.095001 49.393982 -0.403000 -0.832300 -0.380600
-8.988098 -71.626099 48.280090 -0.470500 -0.609600 -0.638000
-5.467400 -72.828201 46.744781 -0.281900 -0.764700 -0.579400
-10.624397 -73.053902 50.648788 -0.434600 -0.868800 -0.237300
-16.000599 -70.375198 52.456696 -0.491100 -0.858000 -0.150500
-22.101498 -66.515099 56.049393 -0.574400 -0.763400 0.295400
0.000000 -31.055201 -71.933807 0.000000 -0.866400 0.499400
0.000000 65.322899 -48.159698 0.000000 0.780000 0.625800
-45.510597 59.510002 -46.202026 -0.266300 0.746400 0.609900
-80.891197 36.087898 -48.537506 -0.610500 0.418600 0.672300
-88.628799 16.078897 -52.093811 -0.644600 -0.147500 0.750100
-82.199203 -1.710501 -58.048523 -0.459000 -0.536900 0.707800
-62.804798 -16.512701 -63.720520 -0.194500 -0.569000 0.799000
-22.835499 -31.099899 -64.607300 -0.284500 -0.695500 0.659800
-16.482998 -33.557701 -64.714325 0.082800 -0.757200 0.647900
-10.130600 -30.951702 -64.821198 0.106800 -0.810100 0.576500
-6.584297 -32.349998 -66.741699 0.104200 -0.856600 0.505300
-4.427998 -32.788002 -68.895599 0.281200 -0.835200 0.472700
-1.853600 -33.286201 -71.427399 0.573400 -0.648500 0.500600
-15.232597 -20.102400 -44.291504 -0.190600 -0.972900 0.130900
-11.047798 -23.908401 -42.409210 -0.721500 -0.681700 -0.121300
-6.736000 -29.113701 -41.802307 -0.552900 -0.786300 -0.275800
-2.861797 -30.361000 -41.870697 -0.196900 -0.912200 -0.359400
-0.004898 -30.595001 -41.883514 -0.000000 -0.924600 -0.381000
0.000000 -39.134800 -77.337311 -0.000000 -0.871600 0.490100
0.000000 79.383400 -71.867126 0.000000 0.938500 0.345300
-57.299797 63.288704 -69.321808 -0.445500 0.833500 0.326900
-92.811501 46.657402 -70.806122 -0.588100 0.666200 0.458500
-107.897202 22.834200 -71.345215 -0.808600 0.059000 0.585300
-98.436501 0.686699 -72.273315 -0.712500 -0.548100 0.438100
-70.676796 -26.681601 -71.867126 -0.441800 -0.791500 0.422200
-32.006199 -39.956802 -73.181824 -0.219000 -0.794000 0.567100
-17.783600 -40.682999 -73.528412 0.117000 -0.834500 0.538400
-9.192299 -38.653503 -74.652313 0.256000 -0.861000 0.439400
-6.011898 -38.443100 -75.663513 0.101500 -0.911300 0.399000
-3.722500 -38.716301 -76.416321 0.034900 -0.903300 0.427500
-1.718300 -39.020302 -77.135620 0.016100 -0.888000 0.459500
-2.084400 -41.950203 -101.383209 -0.087900 -0.996100 0.001200
0.000000 -42.062500 -101.383209 0.000000 -1.000000 -0.000000
0.000000 81.753799 -101.383209 0.000000 1.000000 0.000000
-63.660099 64.742699 -101.383209 -0.431000 0.902300 -0.008200
-101.903999 46.632500 -101.383209 -0.637200 0.770700 0.000000
-117.950302 24.690798 -101.383209 -0.996500 0.083100 0.000000
-106.867798 2.607698 -101.383209 -0.779000 -0.627100 -0.000000
-70.676796 -26.681601 -101.383209 -0.543800 -0.839200 0.000000
-36.106300 -44.222401 -101.383209 -0.366900 -0.930200 0.000000
-20.029499 -48.877998 -101.383209 0.199300 -0.979900 0.000000
-11.232300 -41.717800 -101.383209 0.382500 -0.924000 0.000000
-7.294701 -41.315399 -101.383209 -0.009300 -1.000000 0.000000
-4.510700 -41.652100 -101.383209 -0.121100 -0.992600 -0.000200
-38.025200 -30.709400 21.040100 -0.258600 -0.816700 -0.515800
-29.733601 12.117201 10.272186 -0.843100 0.513800 0.158600
-36.269299 0.107899 7.972900 -0.961200 0.245500 0.125900
-29.749100 13.649900 2.147186 -0.801400 0.583200 0.132800
-11.459801 18.821898 91.057587 -0.093800 0.533300 0.840700
-5.828400 39.358902 70.384491 -0.217200 0.911000 0.350600
-11.656700 36.381996 69.761490 -0.231600 0.898600 0.372600
-5.262299 39.902702 43.815277 -0.256000 0.956400 -0.140800
-10.524498 38.505798 44.784576 -0.283900 0.951400 -0.119700
-4.284599 26.915098 10.732788 0.195300 0.902900 -0.382900
-8.569298 28.848700 11.068298 0.046100 0.945400 -0.322500
-5.352501 30.716799 -12.166321 0.264900 0.918200 0.294600
-10.704998 32.347397 -11.258911 -0.143700 0.944300 0.296000
-5.954700 36.348900 -23.983826 -0.072600 0.805200 0.588500
-19.613899 34.106697 -25.534119 -0.264100 0.769900 0.581000
-9.299999 51.693901 -36.414398 -0.044300 0.619400 0.783800
-23.113598 45.995399 -36.441925 -0.198600 0.531600 0.823400
-11.230400 63.471397 -48.145111 -0.045200 0.772900 0.632900
-30.339500 62.264999 -45.941498 -0.127700 0.710800 0.691700
-10.688000 81.577698 -71.867126 0.036200 0.949800 0.310600
-35.204102 78.477005 -71.867126 -0.321100 0.905500 0.277400
-35.204102 78.477005 -88.577301 -0.304900 0.952100 0.021400
-10.688000 81.577698 -88.577301 -0.051100 0.998400 0.022600
-43.539497 -25.801800 44.950500 -0.738300 0.019000 -0.674200
-45.058296 -17.310001 45.318481 -0.982900 -0.166100 0.079300
-42.635498 -16.038300 48.251892 -0.102600 0.702700 0.704100
-2.287800 -70.110603 2.015991 -0.023700 -0.204000 0.978700
-0.210300 -70.273697 1.755676 -0.010200 -0.207900 0.978100
-9.494698 -68.152603 -0.170807 -0.341400 -0.238400 0.909200
-5.064800 -70.052803 1.586182 -0.276300 -0.200400 0.939900
0.000000 -71.924698 71.372681 -0.000000 -0.999700 0.025400
-14.399097 -47.131104 43.220703 -0.228600 -0.973500 0.000200
0.000000 -45.307602 7.065887 0.000000 0.027900 -0.999600
-13.291100 -45.283100 7.066498 -0.001000 -0.336300 0.941800
-2.259499 -45.306900 7.066101 0.000900 0.029400 -0.999600
-9.906399 -45.293503 7.066193 -0.012300 -0.317800 0.948100
-5.222900 -45.303902 7.066193 -0.007400 0.018300 -0.999800
-14.612099 -62.899399 2.156494 -0.464200 -0.870700 0.162300
19.343498 -23.090200 -53.307312 -0.108300 -0.884900 0.453000
2.046600 -71.662300 23.153381 0.245300 -0.214600 -0.945400
43.043999 -25.999901 22.917877 0.975500 -0.193400 -0.104900
30.669304 -48.960300 47.983795 0.919100 -0.381400 0.098800
28.592499 -54.772301 55.817490 0.902400 -0.284500 0.323600
23.633003 -61.229401 57.644989 0.581500 -0.399900 0.708500
19.198402 -65.271904 59.016083 0.607600 -0.709600 0.356700
13.728600 -68.872398 58.359787 0.452200 -0.883300 0.123300
8.867401 -71.168503 56.656693 0.224200 -0.964900 0.136400
4.012901 -72.000198 54.107086 -0.008400 -0.985400 0.169800
21.982101 -62.543900 34.724976 0.490700 -0.813200 0.313000
25.478600 -59.206902 35.820496 0.611000 -0.735400 0.292900
27.359703 -56.761497 37.618988 0.687700 -0.686500 0.236000
16.580002 -65.453697 34.625488 0.369500 -0.868800 0.329700
2.813004 -69.733002 -13.480927 0.044800 -0.978300 0.202400
7.479797 -68.541603 -14.302704 0.489800 -0.825400 0.280500
12.531799 -63.714897 -14.000214 0.663600 -0.730300 0.162400
17.040398 -61.320702 -6.620026 0.412800 -0.910800 -0.004700
20.087700 -60.445801 -1.041626 0.673700 -0.713700 -0.191800
20.397003 -60.987000 8.395294 0.572600 -0.819600 0.018100
18.339600 -61.874901 15.440002 0.524800 -0.844100 -0.109700
15.471901 -65.183304 21.906799 0.374700 -0.892900 -0.249600
11.209404 -68.436302 27.726593 0.234300 -0.912400 -0.335700
8.164703 -71.379204 29.453186 0.425700 -0.904800 0.005800
28.188904 -52.911003 64.050491 0.819200 -0.549000 -0.165500
23.405899 -60.930099 72.669189 0.725500 -0.688200 -0.000400
15.590103 -66.900497 74.493393 0.619500 -0.728400 -0.292600
9.166100 -72.628799 73.630081 0.484500 -0.693100 -0.533700
3.950699 -75.127899 74.662384 0.402000 -0.915100 0.030200
11.879799 -67.429001 34.426697 0.282300 -0.796400 0.534900
7.996498 -67.794998 35.400574 0.500500 -0.670400 0.547800
4.920601 -69.736504 37.665680 0.769400 -0.577000 0.274200
2.373001 -73.355400 39.084991 0.656700 -0.697200 0.287500
24.936699 -61.649498 44.401703 0.758100 -0.643800 0.104500
20.470299 -64.929100 45.913177 0.506700 -0.859000 0.072700
101.904007 46.632500 -88.577301 0.655100 0.734500 0.176800
117.950302 24.690798 -88.577301 0.966000 0.086100 0.243800
70.676697 -26.681601 -88.577301 0.536400 -0.843200 0.036300
36.106300 -44.222401 -88.577301 0.365200 -0.915500 0.168800
11.232300 -41.717800 -88.577301 -0.401300 -0.913200 0.070700
7.294701 -41.315399 -88.577301 -0.004500 -0.993500 0.114100
15.293404 -67.577301 45.112274 0.276800 -0.950100 0.143800
10.971397 -68.579399 43.489777 -0.243500 -0.969300 0.033500
8.423698 -66.428497 42.722687 -0.664100 -0.727600 -0.172300
4.345505 -68.656601 84.964783 0.069200 -0.613100 0.787000
5.510101 -50.566101 95.145081 0.031200 -0.326300 0.944700
8.913002 -10.308301 100.656891 0.159300 0.078300 0.984100
10.254204 -51.179100 94.281281 0.311600 -0.315400 0.896300
17.826004 -12.346701 98.660385 0.239800 0.046200 0.969700
34.673904 42.960304 -36.720520 0.158800 0.488900 0.857800
20.029503 -48.877998 -88.577301 -0.170100 -0.971200 0.166700
43.370705 -23.127701 25.209991 0.986800 -0.109100 -0.119600
2.916199 -27.820000 -53.966705 0.109700 -0.991800 0.066300
6.685104 -27.164600 -53.966705 0.431300 -0.894700 0.116500
9.323601 -25.100300 -54.080322 0.569700 -0.795500 0.206500
12.496704 -22.759201 -53.786713 0.263100 -0.892200 0.367200
36.367401 -29.294102 39.186584 0.836300 0.177000 -0.518900
32.810898 -26.249401 32.330902 0.960300 -0.264000 0.090200
41.574600 -23.323301 44.877502 0.713100 -0.238800 -0.659200
41.766197 -29.066502 42.067688 0.688900 0.199300 -0.696900
42.226105 -22.374100 40.335602 0.767100 -0.639800 0.047500
41.917999 -24.180101 35.313202 0.655900 -0.754900 0.002500
41.167198 -24.216501 40.283478 0.895100 -0.433800 -0.103300
36.335800 -14.409700 8.089783 0.999900 -0.010800 0.002500
39.577904 -31.728701 37.789093 0.975500 -0.070100 -0.208700
42.878502 -17.688501 32.796600 0.860200 -0.497400 0.112700
42.666603 -19.954000 30.254883 0.911500 -0.339200 0.232400
42.815399 -25.738100 26.983185 0.751800 -0.554600 0.356700
36.264404 -27.890900 26.781403 0.830200 -0.228000 0.508700
43.467201 -18.766201 46.381287 0.797300 -0.352100 -0.490200
43.417702 -15.699701 38.591797 0.816800 -0.576300 -0.026300
17.776001 -61.894897 0.428497 0.445300 -0.893300 -0.061000
2.630699 -71.981598 7.077881 0.200100 -0.550500 -0.810500
1.785004 -71.736900 1.114594 -0.025800 -0.821700 0.569400
4.634804 -71.563202 0.580383 0.296100 -0.825800 0.480000
12.663200 -65.431503 -0.340515 0.208400 -0.312400 0.926800
9.185898 -69.643997 -0.966400 0.593900 -0.636500 0.492000
5.556702 -71.084503 7.577576 0.403500 -0.479300 -0.779400
9.917999 -68.047897 8.814087 0.396100 -0.468300 -0.789800
13.277802 -63.617004 6.854675 0.567100 -0.810200 -0.148000
8.967300 -70.168098 -2.098999 0.575000 -0.812900 -0.092400
4.590797 -72.057800 -1.408020 0.229800 -0.972500 -0.037300
1.534500 -72.289803 -0.674500 -0.086800 -0.996100 -0.018000
2.910400 -73.057304 8.190399 0.256800 -0.823600 -0.505800
5.995102 -71.847603 8.592773 0.500500 -0.742700 -0.444800
9.859299 -68.653503 9.317200 0.645600 -0.679200 -0.349100
5.198502 -69.826698 15.183685 0.465000 -0.856500 0.223900
1.683800 -71.809502 14.144379 -0.025900 -0.913200 0.406700
3.211800 -71.280800 14.077087 0.441700 -0.819200 0.365800
0.839500 -71.607704 13.828186 -0.147500 -0.929500 0.338100
1.913399 -70.424103 17.130493 0.452200 -0.849800 -0.270800
0.800301 -70.477203 16.573395 0.291300 -0.947000 -0.135500
1.741203 -71.182602 15.690582 0.128100 -0.894500 0.428300
0.826401 -71.319504 15.269379 -0.100200 -0.939400 0.327800
0.914001 -72.813698 11.238892 -0.235700 -0.834000 0.498900
1.713600 -73.365997 11.056580 -0.057700 -0.877200 0.476600
38.666100 -29.404202 44.648285 0.246300 -0.550600 0.797600
41.451904 -31.037500 47.231476 -0.057800 -0.736300 0.674200
43.616302 -30.733601 45.152588 0.797000 -0.587300 0.140700
36.522102 -19.003101 26.402802 0.642600 0.701600 -0.308000
38.036301 -22.201900 21.891388 0.524100 0.561000 -0.640800
42.783699 -19.910501 22.489075 0.492500 0.567500 -0.659800
44.529800 -19.539900 28.717194 0.987400 -0.117900 0.105100
38.347801 -31.024799 27.992096 0.985800 0.114600 -0.122500
39.087898 9.196999 -28.925507 0.840200 -0.245900 0.483300
37.638298 1.054800 -3.416626 0.976700 0.186500 0.106100
34.891998 -0.732901 19.445374 0.975400 0.200700 0.090900
35.546501 -0.642700 35.467377 0.976200 0.214200 -0.032800
7.324600 -69.754898 28.182495 0.256300 -0.624300 -0.738000
10.368401 -66.359100 23.490601 0.279200 -0.915500 -0.289800
12.566902 -63.904099 -1.863312 0.701300 -0.609400 -0.370000
28.264000 -55.102898 45.203674 0.810600 -0.531300 -0.246100
25.874702 -60.133598 47.484985 0.655800 -0.686500 -0.314100
44.600899 -26.468601 47.194702 0.949600 -0.233800 0.208600
44.525803 -21.524302 48.108185 0.980500 0.027000 0.194500
46.138504 -15.350601 38.462891 0.962200 -0.272200 -0.011000
45.236603 -17.689501 31.675476 0.942100 -0.335400 -0.007000
42.286598 -25.930500 19.608185 0.570500 0.078400 -0.817600
41.550804 -30.543201 19.590485 0.505600 -0.583100 -0.635900
42.276398 -32.072899 41.537079 0.590600 -0.778500 -0.212500
41.647903 -26.575300 49.686584 -0.081000 -0.291600 0.953100
42.588402 -19.566601 50.508179 0.100300 0.253400 0.962200
44.313202 -12.265000 39.121277 0.303800 0.952400 0.026500
43.509399 -15.181301 31.252686 0.307700 0.864600 -0.397200
37.881104 -24.801800 20.509796 0.641100 0.222700 -0.734400
37.814598 -29.110401 20.080994 0.619400 -0.107200 -0.777700
38.347298 -32.380901 41.942291 0.667600 -0.726800 0.161300
38.301498 -25.562201 46.392578 0.336600 -0.111900 0.935000
38.064598 -20.077101 46.033875 -0.627000 0.247700 0.738600
36.891701 -15.384401 39.832886 0.989700 0.050600 -0.134000
37.314201 -32.073700 23.931702 0.773800 -0.624400 -0.106100
37.552002 -16.837002 43.496399 0.993400 0.099500 -0.057600
37.143501 -20.028301 19.817078 0.977200 0.212200 -0.003600
35.632797 -12.171000 16.628876 0.994300 0.101900 0.031800
36.802101 -32.975601 58.859589 0.972500 -0.232600 -0.010600
37.593704 -30.448601 50.658783 0.965400 -0.190700 0.178000
27.418404 -22.276402 -36.202515 0.322200 -0.946200 -0.030800
28.701302 -24.182201 -18.003815 0.479000 -0.861300 -0.169400
3.309204 -33.671402 -25.625427 0.247300 -0.872800 -0.420800
7.914803 -32.351501 -25.000702 0.514100 -0.700700 -0.494700
13.637901 -28.009102 -23.968018 0.696200 -0.559100 -0.450200
16.669304 -22.309502 -25.773926 0.433500 -0.852800 -0.291200
37.717201 -15.608601 53.658493 0.998100 0.024400 -0.057000
9.028900 -66.635002 85.699387 0.403600 -0.550400 0.730900
13.617905 -53.540802 91.338089 0.488800 -0.374600 0.787900
2.871902 -75.062599 78.855789 0.125800 -0.877300 0.463100
3.621902 -72.965302 46.472595 -0.073200 -0.850400 -0.521100
7.312798 -72.691002 47.535583 0.411300 -0.684700 -0.601700
10.663399 -70.561302 48.284576 0.423500 -0.585400 -0.691300
17.724701 -67.783798 51.007690 0.571500 -0.747300 -0.339000
24.491699 -63.503700 52.853485 0.597800 -0.718900 -0.354700
25.554001 -58.817001 41.323883 0.665800 -0.629800 -0.400200
7.686401 -64.671898 41.990784 -0.021700 -0.972300 0.232500
8.852600 -65.949104 41.896301 0.003400 -0.274000 -0.961700
11.353004 -68.148300 42.488983 0.130200 -0.507200 -0.851900
15.438904 -67.013802 44.006500 0.380300 -0.325900 -0.865500
20.067703 -64.598801 44.640198 0.173100 -0.377700 -0.909600
23.943199 -62.203697 43.505981 0.392000 -0.738800 -0.548200
33.850899 -43.823303 46.924988 0.917900 -0.362400 0.161400
30.010803 -52.222000 39.286102 0.798400 -0.577600 0.170000
33.754105 -48.489403 35.650299 0.915800 -0.345600 0.204600
35.018997 -43.528099 29.847687 0.982300 -0.177700 -0.060000
29.961998 -24.355501 -0.045715 0.748900 -0.487800 -0.448600
31.241501 -32.707500 -0.577698 0.905800 0.013100 -0.423600
20.624298 -59.362701 15.989594 0.787200 -0.607300 -0.107500
18.436302 -63.088303 21.741089 0.644500 -0.749100 -0.153000
21.980003 -57.808601 8.046600 0.919000 -0.392000 0.041800
22.273102 -56.676903 -0.851501 0.916000 -0.381700 -0.123200
26.190201 -23.421200 -52.828003 0.370800 -0.891700 0.259600
13.967201 -61.251602 -5.596924 0.462400 -0.886400 -0.023400
11.086700 -64.592499 -9.407715 0.718100 -0.693900 -0.052800
7.069000 -67.950104 -10.206024 0.482700 -0.871800 -0.083300
2.957603 -69.334198 -9.982300 0.184300 -0.979000 -0.087600
30.943604 -38.053398 0.526794 0.929200 -0.161600 -0.332300
30.220505 -42.610298 1.262787 0.941600 -0.260400 -0.213600
2.791100 -34.749599 -34.838226 0.259700 -0.940700 -0.218200
3.335197 -38.575100 -22.245209 0.172400 -0.273100 -0.946400
3.298103 -50.817200 -23.397003 0.275500 0.219800 -0.935800
8.087700 -51.957603 -20.758698 0.442200 0.294400 -0.847200
16.086800 -46.189701 -15.327301 0.511800 0.154400 -0.845100
24.371902 -36.043800 -9.360413 0.719100 -0.008700 -0.694800
35.547302 -29.197300 10.938293 0.934100 -0.212500 -0.286800
37.617401 -34.141701 30.352997 0.939400 -0.321000 -0.120200
8.740799 -64.703903 42.319580 0.946700 -0.050500 -0.318300
8.065102 -66.024498 41.144775 -0.018800 -0.940700 0.338700
9.834099 -66.481003 40.332581 0.170200 -0.942000 0.289300
12.550003 -66.321098 40.492279 0.051300 -0.644300 0.763000
11.018402 -65.355301 43.650391 0.427200 0.188900 -0.884200
16.473305 -64.855598 41.062378 0.112700 -0.484600 0.867400
15.476501 -64.358902 45.518402 0.145700 0.235200 -0.961000
20.541702 -63.400604 41.426880 0.433800 -0.634100 0.640100
23.982101 -60.274902 42.481689 -0.367200 -0.512700 -0.776100
26.218498 -59.069801 45.366302 0.846700 -0.525000 -0.086800
20.778603 -61.116798 46.230194 -0.383600 0.158500 -0.909800
35.985298 -41.377701 33.987000 0.961400 -0.274400 -0.019300
34.894302 -46.130501 27.259674 0.971500 -0.172200 -0.162600
31.956100 -50.549202 23.758087 0.842600 -0.366700 -0.394300
27.370705 -56.903603 21.854187 0.669300 -0.618800 -0.411300
22.341599 -58.790398 20.288086 0.572200 -0.719700 -0.393200
26.826599 -43.743599 -5.565399 0.895800 -0.149400 -0.418500
30.140404 -43.462700 8.648376 0.928500 -0.362500 -0.080700
29.678101 -45.662498 15.815582 0.888000 -0.402100 -0.223200
32.671402 -56.176300 30.170685 0.825800 -0.563100 0.030300
26.787003 -56.002800 40.994293 0.812800 -0.582000 -0.023600
24.128998 -58.628403 38.618500 0.590000 -0.793800 0.147500
20.979797 -62.056999 35.682800 0.531500 -0.760700 0.372500
16.152802 -64.710098 35.594574 0.319400 -0.911900 0.257700
11.569199 -65.600304 35.439392 0.203500 -0.871600 0.445900
7.915199 -66.340797 36.728699 0.499700 -0.675100 0.542700
5.547104 -67.419800 39.060486 0.768800 -0.415400 0.486300
2.410004 -72.592804 40.636780 0.599200 -0.587100 0.544300
32.494698 -38.835201 9.040894 0.916800 -0.350800 -0.190700
21.776199 -62.580299 72.057785 0.674900 -0.737300 0.028700
19.987099 -64.709801 63.458694 0.720300 -0.693600 0.011500
19.683205 -68.598999 55.116684 0.560300 -0.822600 0.097100
4.418304 -71.401802 71.793594 0.343600 -0.938400 0.037100
9.138802 -72.039001 61.549286 0.202900 -0.976900 0.066500
8.555298 -73.956299 50.954895 0.219900 -0.975400 0.012000
7.404503 -71.176201 46.787201 0.445100 -0.356500 -0.821500
7.431801 -69.141998 46.374084 0.388000 -0.392700 -0.833800
7.716904 -68.144203 45.740601 0.421700 -0.518900 -0.743600
5.844604 -69.478897 45.561890 0.570000 -0.524700 -0.632300
9.625801 -60.076004 42.932678 0.684100 -0.140600 -0.715700
13.149704 -64.623901 19.999390 0.322100 -0.925800 -0.198000
2.354904 -74.293999 36.855774 0.672000 -0.708900 0.214300
2.523102 -70.693604 41.667084 0.676000 -0.658900 0.330000
6.934402 -64.881798 42.755280 0.320600 -0.946000 -0.047600
7.994804 -64.882401 44.553680 -0.000800 -0.926400 -0.376600
5.534698 -66.071701 42.155701 0.602600 -0.712700 -0.359100
5.428604 -65.508400 40.617981 0.501400 -0.863100 0.060600
3.997498 -70.942299 35.403687 0.754400 -0.613500 0.233500
22.864403 -52.253899 -3.993317 0.750500 -0.649100 -0.124000
23.745499 -51.774498 2.213684 0.746900 -0.661600 -0.066800
23.679504 -52.780998 8.316589 0.723800 -0.677700 -0.129800
33.918304 -46.762001 40.286102 0.906200 -0.401000 0.133900
30.891502 -50.992901 44.213898 0.885700 -0.460900 0.056700
29.226105 -52.289101 57.055588 0.915600 -0.376200 0.142200
28.126701 -57.210899 33.766785 0.640000 -0.660000 0.393500
23.192703 -59.103203 41.395599 0.499100 -0.759200 -0.417800
22.962799 -56.158501 42.969574 -0.875200 -0.446300 0.186400
7.503304 -65.682503 38.466675 0.095800 -0.982700 0.158500
20.674400 -58.082199 41.343384 -0.210800 -0.153000 0.965500
37.136703 -14.155300 -53.782898 0.513800 -0.730700 0.449400
10.530403 -61.167702 40.524780 0.373400 -0.133800 0.918000
17.095901 -59.730904 41.306000 -0.046500 -0.098300 0.994100
13.341400 -60.956001 40.635376 -0.088100 -0.093100 0.991800
21.154404 -63.234001 48.782898 0.389700 -0.698400 -0.600300
15.204498 -66.115402 47.232178 0.459500 -0.813500 -0.356600
10.589897 -66.985001 45.503387 -0.136500 -0.967100 -0.214700
20.044098 -56.985603 46.029480 -0.105500 -0.194000 -0.975300
15.907600 -58.817299 45.073700 0.310600 -0.088800 -0.946400
11.998001 -59.893799 43.484375 0.332800 -0.063300 -0.940900
1.580299 -75.212204 18.951477 0.510000 0.112300 -0.852800
1.258900 -72.422897 18.012177 0.756000 -0.352600 -0.551500
3.743698 -69.512001 17.836182 0.342600 -0.849300 -0.401600
7.173904 -71.056404 17.500793 0.169600 -0.323700 -0.930800
5.961403 -71.386902 18.362885 -0.603600 -0.244500 -0.758900
3.937798 -75.314598 19.091797 -0.123500 -0.172000 -0.977300
2.589699 -66.852501 -22.527100 0.056800 -0.685900 -0.725500
3.598305 -59.616898 -26.308899 0.246200 -0.118900 -0.961900
7.655098 -69.611000 -16.785614 0.446000 -0.892000 -0.074100
2.905899 -70.787804 -16.249298 -0.077000 -0.994000 -0.077300
8.692200 -57.772499 -24.109802 0.435400 0.073500 -0.897200
7.553299 -66.183098 -22.325897 0.330600 -0.554400 -0.763800
16.342400 -54.798698 -19.319611 0.569400 0.119900 -0.813300
22.343498 -51.686100 -11.312225 0.873300 -0.295900 -0.387100
19.544098 -56.024803 -15.709808 0.859900 -0.315400 -0.401400
13.862999 -62.381897 -19.521515 0.714900 -0.465400 -0.521900
12.748299 -65.047897 13.361298 0.612500 -0.789800 0.033200
6.053398 -69.317802 13.079102 0.550200 -0.761200 0.343300
3.534904 -72.357101 11.567474 0.427300 -0.745000 0.512300
9.486801 -68.204102 72.746094 0.339800 -0.915300 0.216300
15.181999 -66.270103 73.023788 0.445400 -0.871500 0.205200
24.919205 -56.994102 63.904190 0.802600 -0.596100 -0.022300
32.491302 -42.851200 53.481491 0.935200 -0.277100 0.220600
36.139099 -1.521700 49.254974 0.978400 0.193700 -0.072500
32.529503 7.487999 25.987579 0.914000 0.391200 -0.107800
29.760201 16.917101 -5.915924 0.709100 0.608500 0.356200
16.057503 27.962900 -10.351624 0.530400 0.787600 0.313600
23.484802 -59.301804 60.548782 0.807100 -0.562300 0.179900
14.301903 -69.617401 62.806091 0.523600 -0.851300 0.034100
4.164299 -72.052704 60.402084 0.098700 -0.994200 0.042100
8.230301 -67.454597 23.025787 0.987800 -0.053400 -0.146400
6.037598 -69.033699 27.406403 0.839500 -0.542900 -0.020900
4.526398 -73.545502 27.020294 0.701100 -0.604400 0.378500
4.838699 -76.591301 22.843292 0.850100 -0.513000 0.119100
4.891197 -68.633499 17.923401 0.566100 -0.661700 -0.491500
4.771103 -75.932701 19.580078 0.622100 -0.506900 -0.596700
5.288101 -72.014999 32.382385 0.704900 -0.659000 0.262300
8.417603 -70.128304 17.700378 0.593600 0.052700 -0.803000
7.704704 -73.328400 20.687683 0.741100 -0.647200 -0.178300
7.182304 -73.299698 24.532288 0.637500 -0.736100 0.227600
10.881500 -68.424103 23.314484 0.888000 0.459200 0.023800
8.068298 -71.602402 27.486298 0.469300 -0.357200 0.807600
2.146103 -76.841103 27.746887 0.605500 -0.684000 0.406900
9.728401 -68.806099 25.975281 0.644800 0.459200 0.611100
9.491898 -68.876701 19.672974 0.723100 0.489700 -0.487200
29.907799 -54.114998 36.311279 0.746100 -0.584700 0.318600
17.056198 -65.086098 33.102600 0.463200 -0.881500 0.091600
16.158501 -65.716202 39.968781 0.316000 -0.930800 0.183600
13.816803 -68.184998 28.103973 0.321600 -0.934000 -0.155800
8.615204 -73.122803 80.381592 0.344200 -0.841700 0.416000
27.061600 -53.363201 15.117798 0.734000 -0.627000 -0.261000
22.722603 -55.536903 15.249878 0.662900 -0.696700 -0.274300
16.930603 -61.869102 14.092499 0.373300 -0.922600 -0.097400
8.599800 -38.565201 -21.443298 0.389300 -0.244100 -0.888200
12.754997 -24.565102 -35.813812 0.769300 -0.601100 -0.216600
6.770599 -32.910000 -34.703522 0.579700 -0.789800 -0.200500
15.258400 -34.408199 -18.087921 0.674100 -0.248900 -0.695400
1.172100 -71.526199 -2.467407 -0.149100 -0.937900 -0.313200
16.699104 -59.324203 -14.059998 0.761300 -0.641000 -0.097700
12.767700 -64.522598 -16.330322 0.731000 -0.680800 0.046800
4.134804 -71.586700 -3.466125 0.069500 -0.924800 -0.374200
8.956802 -69.349304 -3.765198 0.620900 -0.723400 -0.302100
20.424500 -58.297699 -6.856598 0.831500 -0.497000 -0.248400
8.077805 -69.249100 33.133575 0.441000 -0.848200 0.293500
9.258698 -60.390602 41.902374 0.930900 -0.233900 0.280600
6.116104 -68.768997 44.351685 0.632500 -0.573800 -0.520300
11.799698 -67.861000 32.512482 0.353600 -0.904700 0.237600
3.129997 -70.528099 43.082977 0.494300 -0.786700 -0.369800
2.413704 -70.390099 6.276703 0.086300 0.019200 -0.996100
27.449699 -49.889099 2.044098 0.774900 -0.616900 -0.137600
9.930901 -66.904198 8.501892 0.139400 -0.047900 -0.989100
5.310799 -69.694603 7.054199 0.265100 -0.018100 -0.964100
3.006798 -70.194504 16.348602 0.401400 -0.847000 0.348600
2.825699 -80.032204 18.977478 0.498600 -0.581700 -0.642700
2.539398 -81.028099 23.002075 0.556200 -0.808700 0.191500
10.252800 -70.767204 23.876373 0.846800 -0.528600 0.059700
3.296799 -73.642899 10.244781 0.287900 -0.942700 0.168500
10.791901 -67.749901 46.528198 0.149400 -0.659300 -0.736900
11.889603 -66.823502 39.458893 -0.047200 -0.989600 0.135600
20.527901 -63.334999 40.333496 0.650800 -0.756000 -0.070000
21.582802 -56.601303 45.216492 -0.655000 -0.280000 -0.701900
20.775703 -65.268303 49.293396 0.500200 -0.650800 -0.571200
15.255302 -68.578804 47.714203 0.395300 -0.695500 -0.600000
26.639900 -61.432800 27.796387 0.602800 -0.789400 -0.115800
20.504204 -64.940704 26.513977 0.418400 -0.869300 -0.263200
33.630302 -46.341202 67.132782 0.903600 -0.419500 -0.087000
39.127899 -13.260201 64.751984 0.998800 0.047500 0.009500
34.177704 -51.333603 32.927094 0.921700 -0.322500 0.215500
23.718498 -61.349998 33.047791 0.561800 -0.801600 0.204200
8.461899 -69.340904 31.077087 0.493200 -0.819100 0.293000
2.253700 -75.298103 32.746979 0.574200 -0.786900 0.226000
3.881905 -73.912102 49.069489 -0.150500 -0.988400 -0.022700
4.038803 -71.766304 45.233582 0.251100 -0.669700 -0.698900
10.078102 -70.127899 21.898895 0.877700 -0.408300 -0.251000
10.440598 -69.533401 47.428192 0.308100 -0.525900 -0.792800
26.048500 -50.803200 -4.426514 0.780200 -0.591600 -0.203300
10.383499 -68.294197 10.083679 0.704900 -0.702000 0.101700
22.197899 -27.764101 -11.660919 0.673200 -0.519000 -0.526700
35.819901 -17.606201 -6.529297 0.914100 -0.397500 -0.080000
28.945801 -58.263298 52.119690 0.925100 -0.379000 -0.024700
15.786804 37.108803 45.754089 0.493800 0.860600 -0.124900
27.409500 21.995600 43.011780 0.854800 0.494000 -0.159200
36.178001 -36.009399 25.687683 0.946900 -0.280900 -0.156700
33.259598 -40.959999 17.560394 0.883800 -0.399000 -0.244500
25.905701 -40.611401 -7.960999 0.789800 -0.002500 -0.613300
27.883499 -50.736401 8.525696 0.779500 -0.611200 -0.136900
6.276802 -72.244698 10.706177 0.500300 -0.806400 0.315400
12.693398 -72.151497 51.750793 0.440700 -0.894000 -0.080500
15.463898 -69.304398 80.485382 0.579900 -0.762200 0.287800
26.738998 -14.385000 96.475693 0.498000 0.051300 0.865600
17.189598 18.602499 90.712585 0.317600 0.522700 0.791200
17.485100 36.955696 69.138382 0.315000 0.899700 0.302200
12.853798 27.650000 11.403900 0.445000 0.852600 -0.274000
29.420799 31.864599 -27.084412 0.361900 0.662800 0.655500
15.482201 -19.471001 -39.860016 0.286200 -0.957000 -0.048100
18.235703 -61.016998 8.450989 0.256900 -0.964000 -0.068700
23.914604 19.512800 14.135681 0.723700 0.682300 0.103800
33.879997 -34.563801 9.677673 0.941700 -0.208700 -0.263800
37.123001 -11.687100 -33.522400 0.875500 -0.471700 0.104400
37.252304 -22.431900 88.137589 0.837800 -0.109500 0.534900
32.409698 23.900198 66.072189 0.851500 0.510900 0.118200
26.292900 -64.431297 56.249985 0.658400 -0.653700 0.373100
31.456604 11.247599 83.923492 0.767700 0.344900 0.540100
43.325203 21.642099 -27.269714 0.516900 0.126500 0.846600
25.501900 -57.612701 80.126282 0.749600 -0.518200 0.411900
52.005501 11.212297 -35.153107 0.379800 -0.517900 0.766500
60.885597 27.561998 -32.092926 0.383900 0.103500 0.917600
2.199898 -76.069603 30.253387 0.591200 -0.772200 0.232600
5.026901 -72.188499 29.310303 0.712100 -0.698000 0.075000
43.990799 -28.385601 46.643982 0.928500 -0.300000 0.218700
42.979301 -30.709101 42.110992 0.867700 0.099500 -0.487000
42.282600 -23.473301 31.407898 0.828600 -0.559600 -0.016900
44.667503 -21.035900 34.493988 0.959900 -0.218000 -0.176400
45.551498 -19.431900 39.613098 0.997100 -0.069800 0.030000
44.502800 -20.554300 44.757202 0.992600 -0.088400 0.082900
38.113403 -31.099400 25.646698 0.888100 -0.360800 0.284700
41.680298 -29.670700 23.223999 0.746400 -0.595900 0.296300
106.867706 2.607698 -88.577301 0.785100 -0.594800 0.172700
47.807098 -1.867201 -48.056519 0.465100 -0.636000 0.615800
10.687904 81.577698 -101.383209 0.071100 0.997500 -0.000000
35.204002 78.477005 -101.383209 0.283800 0.958900 0.000000
14.289200 -69.095001 49.393982 0.403000 -0.832300 -0.380600
8.988098 -71.626099 48.280090 0.470500 -0.609600 -0.638000
5.467400 -72.828201 46.744781 0.281900 -0.764700 -0.579400
10.624397 -73.053902 50.648682 0.434600 -0.868800 -0.237300
16.000603 -70.375198 52.456696 0.491100 -0.858000 -0.150500
22.101501 -66.515198 56.049393 0.574400 -0.763400 0.295400
45.510498 59.510002 -46.202026 0.266300 0.746400 0.609900
80.891205 36.087898 -48.537506 0.610500 0.418600 0.672300
88.628799 16.078897 -52.093811 0.644600 -0.147500 0.750100
82.199203 -1.710501 -58.048523 0.459000 -0.536900 0.707800
62.804802 -16.512701 -63.720520 0.194500 -0.569000 0.799000
22.835503 -31.099899 -64.607300 0.284500 -0.695500 0.659800
16.483002 -33.557701 -64.714325 -0.082800 -0.757200 0.647900
10.130501 -30.951702 -64.821198 -0.106800 -0.810100 0.576500
6.584297 -32.349998 -66.741699 -0.104200 -0.856600 0.505300
4.428001 -32.788002 -68.895599 -0.281200 -0.835200 0.472700
1.853500 -33.286201 -71.427399 -0.573400 -0.648500 0.500600
15.232597 -20.102400 -44.291504 0.190100 -0.973000 0.131000
11.037704 -23.908001 -42.410919 0.721200 -0.682100 -0.120900
6.726204 -29.113501 -41.803406 0.552900 -0.786400 -0.275500
2.851997 -30.360901 -41.871216 0.196800 -0.912200 -0.359300
57.299805 63.288704 -69.321808 0.445500 0.833500 0.326900
92.811401 46.657402 -70.806122 0.588100 0.666200 0.458500
107.897202 22.834200 -71.345215 0.808600 0.059000 0.585300
98.436401 0.686699 -72.273315 0.712500 -0.548100 0.438100
70.676697 -26.681601 -71.867126 0.441800 -0.791500 0.422200
32.006203 -39.956802 -73.181824 0.219000 -0.794000 0.567100
17.783600 -40.682999 -73.528412 -0.117000 -0.834500 0.538400
9.192299 -38.653503 -74.652313 -0.256000 -0.861000 0.439400
6.011902 -38.443100 -75.663513 -0.101500 -0.911300 0.399000
3.722504 -38.716301 -76.416321 -0.034900 -0.903300 0.427500
1.718300 -39.020302 -77.135620 -0.016100 -0.888000 0.459500
2.084404 -41.950203 -101.383209 0.087900 -0.996100 0.001200
63.660103 64.742699 -101.383209 0.431000 0.902300 -0.008200
101.904007 46.632500 -101.383209 0.637200 0.770700 -0.000000
117.950302 24.690798 -101.383209 0.996500 0.083100 -0.000000
106.867706 2.607698 -101.383209 0.779000 -0.627100 -0.000000
70.676697 -26.681601 -101.383209 0.543800 -0.839200 0.000000
36.106300 -44.222401 -101.383209 0.366900 -0.930200 0.000000
20.029503 -48.877998 -101.383209 -0.199300 -0.979900 0.000000
11.232300 -41.717800 -101.383209 -0.382500 -0.924000 0.000000
7.294701 -41.315399 -101.383209 0.009300 -1.000000 0.000000
4.510597 -41.652100 -101.383209 0.121100 -0.992600 -0.000200
38.025299 -30.706600 21.025787 0.255900 -0.818400 -0.514600
29.730698 12.118101 10.267487 0.843200 0.513800 0.158300
36.264099 0.117498 7.972290 0.961200 0.245500 0.126000
29.744804 13.650698 2.142487 0.801300 0.583400 0.133000
11.459702 18.821898 91.057495 0.093800 0.533300 0.840700
5.828300 39.358902 70.384491 0.217200 0.911000 0.350600
11.656700 36.381996 69.761490 0.231600 0.898600 0.372600
5.262299 39.902702 43.815277 0.256000 0.956400 -0.140800
10.524498 38.505798 44.784576 0.283900 0.951400 -0.119700
4.284599 26.915098 10.732788 -0.195300 0.902900 -0.382900
8.569199 28.848700 11.068298 -0.046100 0.945400 -0.322500
5.352501 30.716799 -12.166321 -0.264900 0.918200 0.294600
10.705002 32.347397 -11.258911 0.143700 0.944300 0.296000
5.954704 36.348900 -23.983826 0.072600 0.805200 0.588500
19.613899 34.106697 -25.534119 0.264100 0.769900 0.581000
9.300003 51.693901 -36.414398 0.044300 0.619400 0.783800
23.113602 45.995399 -36.441925 0.198600 0.531600 0.823400
11.230400 63.471397 -48.145111 0.045200 0.772900 0.632900
30.339500 62.264999 -45.941498 0.127700 0.710800 0.691700
10.687904 81.577698 -71.867126 -0.036200 0.949800 0.310600
35.204002 78.477005 -71.867126 0.321100 0.905500 0.277400
35.204002 78.477005 -88.577301 0.304900 0.952100 0.021400
10.687904 81.577698 -88.577301 0.051100 0.998400 0.022600
43.539398 -25.801800 44.950500 0.738300 0.019100 -0.674200
45.058304 -17.310001 45.318481 0.982900 -0.165700 0.079900
42.635399 -16.038300 48.251892 0.102500 0.702800 0.704000
1.970398 -70.712799 1.905396 0.022900 -0.203500 0.978800
9.231598 -68.711601 -0.609497 0.378200 -0.242200 0.893500
4.796600 -70.433098 1.555176 0.295300 -0.201100 0.934000
14.399101 -47.131104 43.220703 0.228600 -0.973500 0.000200
13.288902 -45.293800 7.077698 -0.003200 -0.345600 0.938400
2.259399 -45.306900 7.066101 -0.001100 0.029800 -0.999600
9.906303 -45.293503 7.066193 0.010200 -0.327500 0.944800
5.222900 -45.303902 7.066193 0.009800 0.014900 -0.999800
14.122398 -62.687599 1.848602 0.380800 -0.869700 0.313900
-4.359600 -68.408798 3.005981 0.150900 -0.391800 -0.907600
-6.201000 -65.587402 3.394501 -0.243100 0.562100 -0.790500
-4.021900 -68.035904 3.018890 0.467000 -0.124300 -0.875500
-6.602100 -65.927597 3.388885 -0.522800 0.361800 -0.771800
-6.812798 -66.600204 3.339203 -0.597400 0.140000 -0.789600
-3.854099 -66.794701 3.125183 0.485300 0.324700 -0.811800
-6.769897 -67.168800 3.282593 -0.542100 -0.215200 -0.812300
-5.757198 -65.581398 3.365692 0.119300 0.579900 -0.805900
-4.866798 -68.382103 3.041992 -0.240000 -0.396000 -0.886400
-4.227501 -68.744698 3.366180 0.380400 -0.859900 -0.340400
-4.812901 -68.735901 3.405701 -0.284700 -0.906800 -0.311000
-3.826298 -68.268600 3.384674 0.879700 -0.389500 -0.272900
-3.596397 -66.729599 3.514984 0.888500 0.397800 -0.228900
-5.760998 -65.323601 3.791077 0.229800 0.950900 -0.207200
-6.977501 -67.329903 3.681793 -0.847300 -0.471400 -0.244800
-7.010597 -66.630501 3.750092 -0.974500 0.143200 -0.172800
-6.747601 -65.790901 3.812073 -0.833900 0.528500 -0.159200
-6.274097 -65.352104 3.822296 -0.377900 0.903800 -0.200900
-4.303299 -68.611198 7.575287 0.417800 -0.904000 0.091200
-3.764000 -66.894302 7.727386 0.923400 0.375600 0.079000
-6.820297 -67.302803 7.625977 -0.929100 -0.355000 0.103400
-6.214798 -65.620300 7.736298 -0.349000 0.923700 0.157800
-3.211700 -69.262100 2.918091 -0.370400 -0.287100 -0.883400
-3.435898 -68.754997 2.962402 -0.519800 -0.021000 -0.854000
-3.435898 -68.030701 3.026276 -0.523500 0.178900 -0.833000
-3.211700 -67.523598 3.071289 -0.318000 0.537000 -0.781400
-2.688400 -69.479500 2.899780 -0.057100 -0.423300 -0.904200
-0.894501 -67.306602 3.093994 0.075600 0.590000 -0.803800
-0.446098 -67.524002 3.075500 0.358300 0.450000 -0.818000
-0.371300 -69.262497 2.922485 0.318500 -0.378300 -0.869100
-0.147099 -68.031097 3.031281 0.527200 0.204600 -0.824700
-0.147099 -68.755501 2.967499 0.524000 -0.027000 -0.851300
-3.153198 -69.439903 7.705200 -0.679500 -0.720900 0.136000
-3.153198 -67.588104 7.868286 -0.669300 0.726200 0.157100
-0.314598 -69.217804 7.729187 0.754900 -0.645600 0.115500
-0.372200 -67.724403 7.860596 0.699900 0.698100 0.151200
-3.412498 -69.522301 3.294403 -0.693600 -0.655300 -0.299100
-2.815498 -69.793701 3.271484 -0.157100 -0.937400 -0.310700
-3.668400 -68.889198 3.349792 -0.958500 -0.168000 -0.230300
-3.668400 -67.984901 3.429474 -0.957300 0.199400 -0.209200
-3.412498 -67.351898 3.485596 -0.592500 0.777600 -0.210400
-0.768700 -67.080902 3.513580 0.196100 0.960300 -0.198200
-0.171799 -69.522697 3.299500 0.579800 -0.761100 -0.290700
0.084103 -68.889702 3.355591 0.955800 -0.171800 -0.238500
0.084103 -67.985397 3.435303 0.947000 0.245800 -0.206900
-0.257000 -67.352303 3.490479 0.676300 0.704700 -0.214400
-9.976997 -61.957703 3.582397 -0.335200 -0.520100 -0.785600
-8.743900 -61.255699 3.686401 0.654600 0.020800 -0.755700
-9.020000 -61.702698 3.634796 0.385600 -0.420300 -0.821400
-11.034901 -58.889801 3.763702 -0.641300 0.200400 -0.740600
-9.773998 -58.268501 3.881195 0.495800 0.502000 -0.708600
-10.244999 -58.150299 3.866486 -0.161600 0.674600 -0.720300
-10.009098 -62.175598 8.900085 -0.420000 -0.904700 0.071500
-8.694000 -61.422600 8.458984 0.907000 -0.416300 0.062800
-9.430298 -58.726097 8.244476 0.901600 0.432300 0.016100
-11.113300 -58.985504 8.420074 -0.950900 0.305800 0.048000
-9.769100 -58.316498 8.242188 0.183000 0.978900 0.090500
-10.059601 -62.317497 4.233185 -0.435100 -0.874800 -0.213200
-8.872200 -61.968201 4.178802 0.578000 -0.782700 -0.230900
-8.518101 -61.434898 4.203979 0.970800 -0.143400 -0.192100
-11.268898 -58.823601 4.427490 -0.954400 0.274300 -0.117500
-10.272499 -57.922600 4.508484 -0.277000 0.956700 -0.089400
-9.695599 -58.032997 4.499573 0.630400 0.765100 -0.131300
-9.364700 -63.326904 3.605591 -0.606000 0.091300 -0.790200
-9.180798 -62.806198 3.634003 -0.504400 0.358300 -0.785600
-8.737000 -62.360298 3.655487 -0.294200 0.515600 -0.804800
-8.299698 -62.256699 3.662598 0.240400 0.584700 -0.774800
-9.202297 -63.947304 3.550995 -0.518200 -0.141900 -0.843400
-6.857800 -64.277802 3.486786 0.534200 0.267800 -0.801800
-8.189098 -65.615601 3.367676 -0.372000 -0.272300 -0.887400
-7.760498 -65.974304 3.403473 -0.084800 -0.468000 -0.879600
-6.879498 -65.424797 3.453278 0.508700 -0.193200 -0.839000
-7.323299 -65.870697 3.413300 0.272500 -0.372900 -0.887000
-9.443100 -63.413300 8.875183 -0.989600 0.101900 0.101000
-8.308701 -62.273399 8.446503 -0.008000 0.990400 0.138000
-7.771797 -66.165199 8.105774 -0.215800 -0.968900 0.121100
-6.681297 -64.952797 7.927094 0.990200 -0.085900 0.109900
-9.616501 -63.320297 4.158081 -0.981700 0.081000 -0.172200
-9.445400 -64.036499 4.017487 -0.909200 -0.356700 -0.214700
-9.373199 -62.692703 4.171082 -0.824200 0.545200 -0.153100
-8.819000 -62.129997 4.094177 -0.501100 0.839400 -0.210500
-8.286697 -61.978302 4.089294 0.295200 0.929400 -0.221500
-8.289299 -65.940102 3.756500 -0.712200 -0.638000 -0.292800
-6.627300 -64.275902 3.954376 0.903400 0.391800 -0.174000
-7.785999 -66.334198 3.773285 -0.168700 -0.930600 -0.324800
-7.253700 -66.182404 3.785492 0.492400 -0.819900 -0.292000
-6.699699 -65.625801 3.835388 0.835900 -0.494500 -0.238300
-6.504498 -64.918800 3.897980 0.962800 -0.025500 -0.269100
10.001099 -61.960403 3.632477 0.342400 -0.527400 -0.777500
9.043999 -61.705101 3.667084 -0.377000 -0.426400 -0.822200
8.767799 -61.258102 3.713287 -0.649800 0.017300 -0.759900
9.798103 -58.271202 3.911377 -0.493600 0.500900 -0.711000
11.059204 -58.892799 3.797699 0.642800 0.198200 -0.740000
10.269203 -58.153099 3.898102 0.164000 0.674600 -0.719800
10.017097 -62.161400 8.993774 0.423000 -0.903000 0.075600
8.702003 -61.407997 8.528381 -0.912600 -0.401000 0.079400
11.121300 -58.971603 8.499390 0.951900 0.302500 0.049100
9.777100 -58.302200 8.294891 -0.365600 0.926800 0.085700
10.081703 -62.320198 4.303589 0.436900 -0.876300 -0.203000
8.894402 -61.970604 4.225281 -0.575600 -0.785600 -0.226900
8.540298 -61.437202 4.237976 -0.970100 -0.145500 -0.194500
11.291100 -58.826698 4.462280 0.955100 0.272900 -0.115600
10.294601 -57.925400 4.540100 0.277700 0.956400 -0.090800
9.717697 -58.035599 4.529480 -0.631800 0.764200 -0.129600
9.388397 -63.329399 3.657776 0.619300 0.088400 -0.780100
8.323402 -62.259003 3.688995 -0.232000 0.586100 -0.776300
8.760704 -62.362701 3.690796 0.309200 0.514400 -0.799900
9.204399 -62.808701 3.680603 0.519600 0.355400 -0.776900
9.225998 -63.949799 3.601593 0.530700 -0.143600 -0.835300
8.212799 -65.617798 3.397003 0.383300 -0.270800 -0.883100
6.881500 -64.279701 3.507874 -0.528900 0.268900 -0.805000
7.784004 -65.976501 3.427490 0.092400 -0.468800 -0.878500
7.346703 -65.872803 3.435883 -0.269800 -0.372800 -0.887800
6.902901 -65.426704 3.474487 -0.506100 -0.193000 -0.840600
9.470505 -63.413902 8.966187 0.989700 0.102600 0.099400
8.336098 -62.273697 8.519073 0.035100 0.992800 0.114700
6.830902 -64.375702 8.052185 -0.909300 0.413300 0.049200
7.799202 -66.165298 8.153992 0.221500 -0.967700 0.120600
6.708801 -64.952698 7.968292 -0.968300 -0.238300 0.075400
9.467804 -64.039101 4.081482 0.910800 -0.356500 -0.207900
9.638603 -63.322899 4.225891 0.982800 0.080300 -0.166400
9.395302 -62.695198 4.232086 0.826000 0.543900 -0.147800
8.841400 -62.132401 4.139374 0.505000 0.838300 -0.205700
8.309097 -61.980598 4.122681 -0.293700 0.930000 -0.221200
8.311699 -65.942398 3.794189 0.715800 -0.637000 -0.286100
6.649498 -64.277702 3.974884 -0.902800 0.390700 -0.179800
7.808205 -66.336304 3.801697 0.171000 -0.931100 -0.322100
7.275803 -66.184402 3.807892 -0.491400 -0.820300 -0.292800
6.721802 -65.627602 3.856079 -0.835600 -0.494400 -0.239300
6.526703 -64.920601 3.918091 -0.962600 -0.025100 -0.269600
3.235802 -69.263000 2.928101 0.373100 -0.287200 -0.882200
3.235802 -67.524498 3.081177 0.320600 0.536900 -0.780300
3.459999 -68.031601 3.036896 0.526200 0.178800 -0.831400
3.459999 -68.756004 2.973083 0.522500 -0.021100 -0.852400
2.712601 -69.480202 2.908081 0.059800 -0.423300 -0.904000
0.918701 -67.306900 3.096802 -0.072900 0.590100 -0.804100
0.395401 -69.262604 2.923676 -0.315900 -0.378200 -0.870100
0.470200 -67.524101 3.076874 -0.355600 0.450000 -0.819100
0.171200 -68.755501 2.967987 -0.521400 -0.026900 -0.852900
0.171200 -68.031097 3.031799 -0.524600 0.204800 -0.826400
3.176399 -69.453804 7.713776 0.678500 -0.722200 0.134200
3.176399 -67.602104 7.876892 0.689400 0.711100 0.138100
0.814701 -67.548500 7.877991 -0.234200 0.966500 0.105300
0.411400 -69.228401 7.729401 -0.749800 -0.649600 0.125400
0.469002 -67.735100 7.860992 -0.831800 0.542600 0.117100
2.838402 -69.794502 3.280182 0.157200 -0.937200 -0.311400
3.435303 -69.523201 3.304993 0.694000 -0.655000 -0.299000
3.691200 -68.890198 3.361176 0.958800 -0.167900 -0.229000
3.691200 -67.985901 3.440796 0.957700 0.199400 -0.207500
3.435303 -67.352798 3.496185 0.592700 0.778000 -0.208400
0.791599 -67.081100 3.515991 -0.197100 0.959900 -0.199300
0.194599 -69.522804 3.299988 -0.582200 -0.760300 -0.288200
-0.061298 -68.889702 3.355377 -0.957200 -0.172400 -0.232400
-0.061298 -67.985397 3.434998 -0.948400 0.245700 -0.200300
0.279900 -67.352402 3.491302 -0.677900 0.704800 -0.209100
4.383698 -68.410004 3.019501 -0.148200 -0.391700 -0.908100
4.045998 -68.037003 3.031403 -0.464300 -0.124200 -0.876900
3.878304 -66.795799 3.137085 -0.482700 0.324900 -0.813300
4.890800 -68.383499 3.057098 0.242600 -0.396000 -0.885600
5.780899 -65.583000 3.383484 -0.116700 0.579900 -0.806300
6.224602 -65.589104 3.413574 0.245700 0.562100 -0.789800
6.793404 -67.170700 3.303497 0.544600 -0.215400 -0.810500
6.625603 -65.929504 3.409302 0.525400 0.361700 -0.770200
6.836205 -66.601997 3.360199 0.599900 0.139900 -0.787800
4.316605 -68.612297 7.588593 -0.417300 -0.904300 0.090200
3.777397 -66.895302 7.738983 -0.923200 0.376700 0.076900
6.833603 -67.304604 7.653076 0.929200 -0.354200 0.105400
6.228104 -65.622101 7.765198 0.349400 0.923500 0.158300
4.250298 -68.745804 3.379303 -0.379700 -0.859800 -0.341500
4.835602 -68.737297 3.420593 0.285300 -0.906800 -0.310200
3.849197 -68.269699 3.396484 -0.879000 -0.389300 -0.275300
3.619301 -66.730598 3.526093 -0.887800 0.398000 -0.231300
5.783302 -65.325203 3.808777 -0.229000 0.951000 -0.207800
6.999702 -67.331802 3.703278 0.847800 -0.471700 -0.242500
7.032700 -66.632401 3.771698 0.975000 0.142900 -0.170200
6.769798 -65.792801 3.832886 0.834400 0.528300 -0.157000
6.296303 -65.353798 3.841675 0.378600 0.903700 -0.200000
-9.253799 -64.316498 2.838074 -0.207200 -0.603700 0.769800
-8.876499 -64.287498 2.841797 0.210700 -0.598700 0.772800
-8.466198 -63.972504 2.884399 0.430100 -0.446200 0.784800
-8.269100 -63.560402 2.939697 0.585300 -0.109300 0.803400
-9.586998 -63.964104 2.888580 -0.470300 -0.378300 0.797400
-9.076900 -61.486702 3.215973 0.466200 0.159400 0.870200
-9.380199 -61.198204 3.254181 0.223700 0.338000 0.914200
-10.394897 -61.890404 3.163696 -0.578700 -0.116000 0.807300
-9.787498 -61.163300 3.258392 -0.165200 0.376200 0.911700
-10.197800 -61.478302 3.215790 -0.418000 0.212400 0.883300
-9.263599 -63.331299 -0.822723 -0.253300 -0.876900 -0.408400
-8.204899 -62.518402 -0.712799 0.980400 -0.137600 -0.140700
-10.463600 -60.779999 -0.483002 -0.945400 0.325900 -0.010900
-9.372498 -59.970200 -0.493927 0.258900 0.953600 0.153600
-9.300400 -64.523499 2.467773 -0.307100 -0.949300 0.066900
-9.693897 -64.131500 2.519775 -0.813100 -0.570800 0.114700
-8.839100 -64.466698 2.475983 0.371300 -0.927500 0.043600
-8.326900 -64.073402 2.529175 0.746100 -0.660800 0.082000
-8.071098 -63.579597 2.595398 0.970500 -0.119100 0.209800
-8.979599 -61.203400 2.912079 0.785900 0.501500 0.361700
-10.602398 -61.755302 2.836395 -0.969000 0.016300 0.246500
-10.346600 -61.261497 2.902679 -0.732100 0.570000 0.373100
-9.834400 -60.868202 2.955902 -0.304400 0.841200 0.446900
-9.338799 -60.884300 2.954285 0.348700 0.811600 0.468700
-8.693699 -64.923698 2.741302 -0.544300 -0.148100 0.825700
-7.871899 -63.873497 2.882599 0.165500 0.416200 0.894100
-8.236698 -64.019897 2.862579 -0.327200 0.287400 0.900200
-8.579201 -64.457504 2.803680 -0.478900 0.114900 0.870300
-8.504498 -65.428001 2.674103 -0.454300 -0.398700 0.796600
-6.476299 -65.394104 2.681000 0.459500 0.160700 0.873500
-7.108799 -66.948601 2.472382 -0.163300 -0.652900 0.739600
-6.328800 -65.845100 2.620789 0.539200 -0.067000 0.839500
-6.743999 -66.802200 2.492401 0.337800 -0.529800 0.778000
-6.401600 -66.364601 2.551300 0.513400 -0.324800 0.794300
-8.779900 -63.832603 -0.938110 -0.993400 0.075700 -0.086700
-7.896297 -62.703400 -0.786102 -0.021500 0.980300 0.196300
-6.426201 -64.299400 -0.997803 0.855500 0.505900 0.110300
-7.113197 -65.961998 -1.220825 0.016700 -0.910600 -0.412900
-6.273499 -64.776802 -1.061401 0.992400 -0.072700 -0.099100
-8.706497 -65.443802 2.325775 -0.839800 -0.529300 0.120900
-8.911400 -64.854301 2.404388 -0.970000 -0.076400 0.230800
-8.754898 -64.289497 2.480103 -0.859800 0.395000 0.323800
-8.327499 -63.743202 2.553589 -0.591600 0.692500 0.412900
-7.885498 -63.543198 2.580780 0.175400 0.863100 0.473600
-6.281998 -65.264099 2.352600 0.841600 0.423100 0.335600
-7.103100 -67.164703 2.097595 -0.170900 -0.983400 0.060800
-6.661098 -66.964699 2.124878 0.603000 -0.794900 0.067300
-6.233601 -66.418404 2.198395 0.890600 -0.441400 0.109800
-6.124699 -65.792801 2.282074 0.971100 0.015900 0.238100
-2.913399 -69.668304 1.962189 -0.411500 -0.456200 0.789000
-2.913601 -67.941299 2.193085 -0.350400 0.320900 0.879900
-3.104900 -68.445000 2.125580 -0.540800 -0.023400 0.840800
-3.104797 -69.164604 2.029297 -0.541300 -0.196500 0.817600
-2.466999 -69.884201 1.933899 -0.072500 -0.620600 0.780700
-0.936699 -67.725403 2.224274 0.086400 0.378900 0.921400
-0.489998 -69.668404 1.964996 0.350600 -0.553900 0.755200
-0.554001 -67.941299 2.195801 0.385800 0.224900 0.894800
-0.298698 -69.164703 2.032593 0.540900 -0.201600 0.816600
-0.298798 -68.445099 2.128784 0.540100 -0.000800 0.841600
-2.981701 -68.618202 -2.022125 -0.732300 -0.607800 -0.307200
-2.981998 -66.761299 -1.773804 -0.705200 0.698900 0.119200
-0.903000 -66.529198 -1.740417 0.198100 0.953700 0.226100
-0.433300 -68.618301 -2.019104 0.741900 -0.599400 -0.300600
-0.500599 -66.761398 -1.771027 0.828800 0.553600 0.081800
-2.574398 -70.092300 1.523773 -0.183000 -0.981200 0.060700
-3.083797 -69.822701 1.559174 -0.726800 -0.676400 0.119700
-3.302097 -69.193802 1.643097 -0.965600 -0.191700 0.175700
-3.302200 -68.295502 1.763184 -0.961500 0.123300 0.245700
-3.084000 -67.666603 1.847473 -0.607200 0.678100 0.414000
-0.828400 -67.397102 1.886078 0.211400 0.858300 0.467500
-0.318699 -69.822800 1.562500 0.602300 -0.792700 0.094100
-0.100498 -69.193901 1.646790 0.965400 -0.192400 0.175800
-0.100597 -68.295502 1.766876 0.955700 0.163600 0.244700
-0.391701 -67.666702 1.850586 0.711500 0.582500 0.393000
-3.934799 -68.953300 2.109375 0.304600 -0.527700 0.792900
-3.682198 -68.534798 2.165680 0.512900 -0.280200 0.811500
-3.559799 -67.839699 2.258698 0.546800 -0.122800 0.828200
-3.641098 -67.285103 2.332794 0.467200 0.191600 0.863200
-4.361000 -69.003098 2.102295 -0.124800 -0.595900 0.793300
-5.329300 -66.373497 2.452698 0.103900 0.360700 0.926900
-5.699898 -66.445900 2.442596 -0.279600 0.286100 0.916500
-6.049198 -68.091499 2.222198 -0.469500 -0.420800 0.776200
-6.008099 -66.841805 2.389282 -0.505500 0.080200 0.859100
-6.130501 -67.536903 2.296173 -0.545400 -0.101800 0.832000
-3.890400 -67.968498 -1.915009 0.508900 -0.785000 -0.353300
-3.574699 -66.174797 -1.674927 0.855000 0.517000 0.040800
-6.113899 -67.062103 -1.796417 -0.897700 -0.386100 -0.212400
-5.739700 -65.292297 -1.559418 -0.446600 0.888900 0.102100
-3.823299 -69.167503 1.734985 0.536100 -0.835400 0.121200
-4.313499 -69.246704 1.723785 -0.153700 -0.983900 0.091200
-3.525898 -68.637604 1.806183 0.919700 -0.360300 0.156100
-3.373199 -67.769897 1.922302 0.977000 -0.060900 0.204600
-3.456699 -67.084801 2.013794 0.798900 0.480200 0.362200
-5.378998 -66.022202 2.153595 0.113900 0.870500 0.478900
-6.235798 -68.184097 1.863678 -0.798100 -0.586300 0.138800
-6.319401 -67.499001 1.955200 -0.975900 -0.004400 0.218000
-6.166599 -66.631203 2.071289 -0.895700 0.330000 0.298100
-5.805698 -66.127304 2.139099 -0.524200 0.724500 0.447500
9.232803 -64.317001 2.863586 0.201700 -0.608300 0.767700
8.247902 -63.560898 2.958679 -0.589100 -0.109000 0.800700
8.445099 -63.973000 2.903900 -0.434700 -0.447300 0.781600
8.855499 -64.288002 2.862488 -0.217800 -0.603700 0.766900
9.565903 -63.964699 2.918976 0.467700 -0.381100 0.797500
9.055199 -61.487297 3.236877 -0.470300 0.160900 0.867700
10.373199 -61.890999 3.196899 0.578400 -0.112500 0.807900
9.358398 -61.198799 3.275787 -0.227300 0.340700 0.912300
10.176003 -61.479004 3.242493 0.417000 0.223200 0.881100
9.765701 -61.163902 3.280884 0.161400 0.381300 0.910300
9.253098 -63.349304 -0.803711 0.254100 -0.879000 -0.403500
8.194199 -62.536301 -0.696198 -0.978100 -0.163500 -0.128900
9.041000 -60.289497 -0.515198 -0.819000 0.558700 0.130500
10.452400 -60.798103 -0.461212 0.946100 0.323600 -0.010300
9.362801 -59.988403 -0.473816 -0.105200 0.973500 0.203100
9.673698 -64.132103 2.542694 0.812900 -0.570900 0.115000
9.280304 -64.524002 2.489197 0.306500 -0.949400 0.068300
8.819000 -64.467300 2.496277 -0.371600 -0.927300 0.044600
8.306702 -64.073898 2.548279 -0.746300 -0.660600 0.081700
8.050804 -63.580101 2.613983 -0.971000 -0.118400 0.207700
8.958603 -61.203903 2.932678 -0.785100 0.501500 0.363400
10.581604 -61.756004 2.861176 0.969500 0.017400 0.244300
10.325699 -61.262100 2.926483 0.731500 0.572200 0.370800
9.813400 -60.868797 2.978485 0.303100 0.842500 0.445300
9.317802 -60.884903 2.975800 -0.350600 0.813000 0.464900
8.672798 -64.924202 2.761292 0.542300 -0.148100 0.827000
8.558098 -64.458000 2.823486 0.476800 0.114800 0.871500
8.215599 -64.020401 2.881592 0.325100 0.287400 0.900900
7.850700 -63.873901 2.900696 -0.167600 0.416200 0.893700
8.483704 -65.428497 2.693573 0.452400 -0.398700 0.797700
6.455498 -65.394501 2.695801 -0.461600 0.160800 0.872400
6.307999 -65.845497 2.635376 -0.541200 -0.067000 0.838200
7.088402 -66.949104 2.488800 0.161500 -0.652900 0.740000
6.381004 -66.364998 2.565979 -0.515300 -0.324800 0.793100
6.723503 -66.802597 2.507874 -0.339700 -0.529800 0.777200
8.751602 -63.832802 -0.917816 0.993100 0.076400 -0.088900
7.867798 -62.703598 -0.767914 -0.004800 0.985600 0.169200
7.085503 -65.962204 -1.204407 -0.018500 -0.910600 -0.412900
6.245499 -64.776901 -1.046906 -0.991300 0.102400 -0.082900
8.891304 -64.854797 2.424896 0.970000 -0.076200 0.230900
8.686600 -65.444298 2.345795 0.839900 -0.529100 0.121000
8.734703 -64.290001 2.500183 0.859600 0.395300 0.323900
8.307098 -63.743698 2.572693 0.591200 0.692800 0.412900
7.864998 -63.543602 2.598999 -0.175300 0.863100 0.473600
6.262001 -65.264503 2.367096 -0.841900 0.425700 0.331700
7.083603 -67.165199 2.113892 0.171600 -0.983300 0.060800
6.641502 -66.965103 2.140198 -0.602900 -0.795000 0.067200
6.213898 -66.418800 2.212677 -0.890500 -0.441600 0.109600
6.104904 -65.793198 2.296173 -0.971000 0.015100 0.238500
2.893700 -69.668503 1.968903 0.409600 -0.456200 0.790000
3.084999 -69.164803 2.036499 0.539300 -0.196500 0.818800
3.084900 -68.445198 2.132690 0.538800 -0.023500 0.842100
2.893501 -67.941399 2.199799 0.348300 0.320800 0.880800
2.447304 -69.884399 1.939575 0.070700 -0.620600 0.780900
0.916500 -67.725502 2.226379 -0.088500 0.378900 0.921200
0.533901 -67.941399 2.197083 -0.387800 0.224900 0.893900
0.470303 -69.668404 1.966095 -0.352400 -0.553900 0.754300
0.278801 -68.445099 2.129395 -0.542100 -0.000800 0.840300
0.278900 -69.164703 2.033203 -0.542900 -0.201600 0.815300
2.959000 -68.603203 -2.013214 0.732400 -0.606100 -0.310200
2.958801 -66.746300 -1.764923 0.676000 0.730500 0.096400
0.410603 -68.603104 -2.016113 -0.742900 -0.597400 -0.301900
0.477402 -66.746201 -1.767822 -0.664200 0.742900 0.083100
3.065102 -69.822899 1.566284 0.726800 -0.676500 0.119000
2.555702 -70.092400 1.529694 0.183200 -0.981300 0.059000
3.283302 -69.194099 1.650574 0.965500 -0.191800 0.176000
3.283203 -68.295700 1.770782 0.961300 0.123300 0.246500
3.064804 -67.666801 1.854584 0.607000 0.677300 0.415700
0.809002 -67.397202 1.888000 -0.210700 0.860300 0.464200
0.299999 -69.822800 1.563202 -0.601900 -0.793200 0.092000
0.081600 -69.194000 1.647003 -0.965600 -0.192700 0.174800
0.081501 -68.295601 1.767090 -0.955900 0.163100 0.244200
0.372501 -67.666702 1.851501 -0.712100 0.580800 0.394400
3.914902 -68.953598 2.118500 -0.306500 -0.527700 0.792200
3.620903 -67.285400 2.341095 -0.469200 0.191600 0.862100
3.539703 -67.840004 2.266876 -0.548800 -0.122700 0.826900
3.662300 -68.535103 2.174103 -0.514800 -0.280200 0.810200
4.341103 -69.003403 2.112274 0.122900 -0.595900 0.793600
5.308899 -66.373802 2.464874 -0.106100 0.360700 0.926600
6.029099 -68.091805 2.236084 0.467600 -0.420900 0.777300
5.679398 -66.446304 2.455688 0.277400 0.286100 0.917200
6.110298 -67.537201 2.310303 0.543400 -0.101900 0.833300
5.987801 -66.842102 2.403076 0.503400 0.080100 0.860300
3.877304 -67.968704 -1.906097 -0.508400 -0.784900 -0.354100
3.561104 -66.175003 -1.666718 -0.855200 0.516900 0.039400
6.100601 -67.062500 -1.782410 0.898000 -0.386100 -0.211000
5.725899 -65.292702 -1.546204 0.446100 0.889000 0.102900
4.294701 -69.246902 1.733673 0.153500 -0.983900 0.091500
3.804398 -69.167702 1.743774 -0.536300 -0.835400 0.120100
3.506905 -68.637901 1.814301 -0.920000 -0.360300 0.154200
3.353905 -67.770103 1.930084 -0.977400 -0.060900 0.202600
3.437302 -67.084999 2.021790 -0.799600 0.480200 0.360600
5.359299 -66.022499 2.165985 -0.114900 0.870500 0.478600
6.216698 -68.184502 1.877991 0.797800 -0.586300 0.140500
6.300003 -67.499397 1.969696 0.975500 -0.004400 0.220000
6.147102 -66.631599 2.085480 0.895100 0.330000 0.299900
5.786102 -66.127602 2.152496 0.523300 0.724500 0.448600
-15.495998 -64.213303 42.414886 -0.052100 -0.998600 -0.000200
-15.441399 -63.171303 46.309082 -0.034400 -0.850600 0.524700
-17.385799 -63.069397 45.805786 -0.297700 -0.845000 0.444100
-18.809200 -62.994804 44.392181 -0.497800 -0.829800 0.252300
-19.330200 -62.967499 42.414886 -0.574100 -0.818800 -0.001300
-18.809200 -62.994804 40.467896 -0.503100 -0.822500 -0.265300
-17.385799 -63.069397 39.042480 -0.309400 -0.832400 -0.459800
-15.441399 -63.171303 38.520782 -0.044400 -0.846300 -0.530900
-13.496998 -63.273201 39.042480 0.220700 -0.860200 -0.459800
-12.073601 -63.347801 40.467896 0.414800 -0.870300 -0.265400
-11.552601 -63.375099 42.414886 0.485800 -0.874100 0.000000
-12.073601 -63.347801 44.362000 0.414800 -0.870300 0.265500
-13.496998 -63.273201 45.787384 0.220800 -0.860200 0.459700
-15.292198 -60.324501 49.162994 -0.001200 -0.476700 0.879100
-18.660000 -60.148003 48.538879 -0.426400 -0.443400 0.788400
-21.125500 -60.018799 46.169189 -0.778400 -0.439600 0.448200
-22.027798 -59.971504 42.444092 -0.898400 -0.439200 -0.007900
-21.125500 -60.018799 39.025482 -0.780300 -0.446900 -0.437400
-18.660000 -60.148003 36.573700 -0.461400 -0.459100 -0.759200
-15.292198 -60.324501 35.670074 -0.025200 -0.481700 -0.876000
-11.924400 -60.500999 36.573700 0.412100 -0.504600 -0.758600
-9.459000 -60.630203 39.042480 0.732300 -0.521400 -0.438000
-8.556599 -60.677498 42.414886 0.849500 -0.527500 0.000000
-9.459000 -60.630203 45.787384 0.732300 -0.521400 0.438000
-11.924400 -60.500999 48.256073 0.412400 -0.504500 0.758500
-15.088398 -56.435699 50.203186 -0.012300 -0.258000 0.966100
-18.977200 -56.231903 49.169281 -0.480400 -0.194700 0.855100
-21.823997 -56.082703 46.427979 -0.853500 -0.183800 0.487600
-22.865997 -56.028099 42.551300 -0.979400 -0.202000 0.006800
-21.823997 -56.082703 38.373199 -0.840800 -0.227400 -0.491300
-18.977200 -56.231903 35.670074 -0.488800 -0.238800 -0.839100
-15.088398 -56.435699 34.626587 -0.013500 -0.258500 -0.965900
-11.199600 -56.639503 35.670074 0.468800 -0.283700 -0.836500
-8.352798 -56.788704 38.520782 0.821800 -0.302200 -0.483000
-7.310799 -56.843300 42.414886 0.951100 -0.309000 0.000000
-8.352798 -56.788704 46.309082 0.821800 -0.302200 0.483000
-11.199600 -56.639503 49.159790 0.468800 -0.283700 0.836500
15.565399 -64.205002 42.414886 0.069500 -0.997600 -0.000300
15.492599 -63.164200 46.309082 0.056100 -0.846100 0.530100
13.550301 -63.300003 45.787384 -0.205700 -0.863900 0.459800
12.128403 -63.399399 44.362000 -0.399500 -0.877400 0.265400
11.607903 -63.435799 42.414886 -0.470500 -0.882400 -0.000000
12.128403 -63.399399 40.467773 -0.399500 -0.877400 -0.265400
13.550301 -63.300003 39.042480 -0.205700 -0.863900 -0.459800
15.492599 -63.164200 38.520782 0.059100 -0.845400 -0.530900
17.434898 -63.028297 39.042480 0.323400 -0.827100 -0.459700
18.856804 -62.928902 40.467773 0.517800 -0.813600 -0.264500
19.377197 -62.892502 42.414886 0.587100 -0.809500 -0.004000
18.856804 -62.928902 44.394989 0.510000 -0.821200 0.255900
17.434898 -63.028297 45.808685 0.310500 -0.835600 0.453200
15.293701 -60.320404 49.162994 0.003700 -0.488800 0.872400
11.929504 -60.555603 48.256073 -0.403600 -0.511800 0.758400
9.466698 -60.727798 45.787384 -0.723100 -0.534100 0.438000
8.565300 -60.790901 42.414886 -0.840200 -0.542300 0.000000
9.466698 -60.727798 39.042480 -0.723100 -0.534100 -0.438000
11.929504 -60.555603 36.573700 -0.403300 -0.511700 -0.758600
15.293701 -60.320404 35.670074 0.033600 -0.481200 -0.876000
18.657898 -60.085098 36.573700 0.466000 -0.453400 -0.759800
21.120705 -59.912903 39.023682 0.790400 -0.433500 -0.432800
22.022202 -59.849899 42.446686 0.908300 -0.418300 -0.006800
21.120705 -59.912903 46.151093 0.788600 -0.423000 0.446300
18.657898 -60.085098 48.530182 0.441500 -0.448500 0.777100
15.022102 -56.435699 50.203186 0.000600 -0.241700 0.970400
11.137398 -56.707397 49.159790 -0.463900 -0.291700 0.836500
8.293701 -56.906204 46.309082 -0.816400 -0.316500 0.483000
7.252800 -56.979004 42.414886 -0.945500 -0.325600 -0.000000
8.293701 -56.906204 38.520782 -0.816400 -0.316500 -0.483000
11.137398 -56.707397 35.670074 -0.463700 -0.291900 -0.836500
15.022102 -56.435699 34.626587 0.018100 -0.258200 -0.965900
18.906799 -56.164101 35.670074 0.489700 -0.225200 -0.842300
21.750504 -55.965202 38.380493 0.849100 -0.209200 -0.485000
22.791405 -55.892403 42.547302 0.981000 -0.194000 0.009600
21.750504 -55.965202 46.410889 0.859000 -0.175100 0.481100
18.906799 -56.164101 49.168091 0.498900 -0.169500 0.850000
