37.130295 28.399099 39.980499 0.883000 0.405300 -0.236700
-19.343399 -23.090200 -53.307312 0.028500 -0.821000 0.570200
-64.387207 -21.675501 61.424286 -0.879100 -0.472300 0.064000
5.650894 34.055801 -23.611603 0.038800 0.762100 0.646300
-45.664505 -37.771103 -22.419220 -0.019500 -0.311700 -0.950000
-58.669495 -33.389400 14.675385 -0.877500 -0.390100 0.278900
-59.380905 -34.765800 11.621277 -0.828000 -0.320100 0.460400
-60.060104 -35.560200 10.259186 -0.854200 -0.360700 0.374500
-61.671906 -24.931702 46.380096 -0.838500 -0.520800 -0.160500
-54.966705 -39.622601 -11.798309 -0.856000 -0.508800 -0.091600
21.562805 18.274401 8.600677 0.688900 0.516600 -0.508500
32.498505 34.439697 67.173294 0.758800 0.540600 0.363200
-52.117096 -40.054802 -18.208618 -0.597600 -0.526400 -0.604700
-63.698105 -14.110001 84.030289 -0.614000 -0.095200 0.783600
-58.299194 -32.420101 16.993591 -0.878700 -0.476400 0.032100
-58.454300 -32.298401 17.621979 -0.866400 -0.496500 -0.052700
-47.220306 -1.843300 93.582092 -0.344500 0.103300 0.933100
-66.795700 -35.952400 20.718994 -0.423500 -0.481100 -0.767500
-38.256607 -32.927803 -20.235901 0.258900 -0.156300 -0.953200
-27.583694 -26.987501 -19.804199 -0.095800 -0.327100 -0.940100
-16.906799 -31.726002 -31.990723 -0.553700 -0.822900 -0.127300
-60.830704 -29.159100 23.919403 -0.228700 -0.135200 -0.964100
-19.318604 -27.857500 -23.176819 0.083200 -0.872000 0.482300
-58.377106 -35.790901 6.411774 -0.480300 -0.488200 -0.728700
-63.356705 -27.281200 41.954773 -0.747300 -0.219500 0.627200
-58.789093 -35.505699 4.775085 -0.665800 -0.351400 0.658200
-40.192200 27.217600 11.815796 -0.597600 0.701600 -0.388200
-60.156097 -35.861500 9.445679 -0.863800 -0.499000 -0.069700
-58.325699 -35.059101 1.778778 -0.528400 -0.828500 -0.185300
-64.380203 -28.924900 38.585175 -0.867100 -0.385800 0.315000
-65.613602 -32.489201 29.538086 -0.812600 -0.295900 0.502100
-64.613800 -30.336502 34.552490 -0.873500 -0.402400 0.274100
-61.719208 -25.624100 44.283600 -0.881400 -0.437100 0.178900
-63.024796 -34.065002 20.010895 -0.092500 -0.348000 -0.932900
-64.478699 -20.557301 65.106491 -0.881000 -0.463600 0.094600
-56.968201 -35.223301 5.689392 0.221600 -0.169000 -0.960400
-69.182503 -19.371901 77.138489 -0.855700 -0.362100 0.369700
-68.721703 -35.700500 24.910278 -0.881100 -0.434000 0.187900
-61.861404 -26.037001 43.234192 -0.778700 -0.254200 0.573600
-62.435501 -24.741800 48.325500 -0.798700 -0.535000 -0.275400
-63.323502 -24.204500 51.584183 -0.877900 -0.476200 0.049500
-55.523300 -38.066803 -5.898315 -0.844700 -0.531000 -0.067100
-59.354507 -32.482201 18.582703 -0.399700 -0.470000 -0.787000
12.930298 30.032301 87.821594 0.380700 0.466800 0.798200
-59.235703 -35.714203 3.407379 -0.687400 -0.721300 -0.084400
12.022293 27.101698 -15.549713 0.394700 0.861800 0.318500
-59.475403 -35.961601 7.867279 -0.728100 -0.534200 -0.429400
0.000000 81.753799 -88.577301 -0.000000 0.997500 0.070300
-55.086395 -38.878101 -9.234497 -0.880900 -0.463700 0.094900
0.000000 -42.062500 -88.577301 0.000000 -0.992100 0.125400
-69.417603 -20.679300 73.436584 -0.740700 -0.541400 -0.397800
-63.850403 -22.827600 56.849182 -0.875900 -0.481700 0.028700
-63.815598 -27.993401 40.522095 -0.840600 -0.336100 0.424800
-12.160507 19.214998 98.030594 0.011700 0.308600 0.951100
0.000000 -27.944500 -53.966705 -0.006600 -0.997400 0.072000
-65.114197 -31.413002 32.045593 -0.865700 -0.382500 0.322900
0.000000 49.751602 -36.036926 0.006300 0.618200 0.786000
-56.930695 12.095301 39.736298 -0.791400 0.595100 -0.139600
-61.583298 8.901400 45.666901 -0.714200 0.699700 0.017300
-65.235199 2.453400 50.382080 -0.797500 0.490000 0.351900
-66.846497 -2.822701 53.221283 -0.952800 0.274600 0.129300
-67.442398 -9.107901 54.968384 -0.999300 0.027200 0.023700
-67.075607 -14.520700 55.484589 -0.970700 -0.216200 0.105300
-65.427994 -19.225601 55.944687 -0.903800 -0.400400 0.151300
-63.345306 -5.230101 29.037079 -0.983400 0.039600 0.177000
-62.325394 -0.043201 30.474274 -0.969500 0.179000 0.167500
-61.253708 3.176498 31.676300 -0.943200 0.316400 0.101700
-63.270905 -11.368900 29.809174 -0.977100 -0.022400 0.211700
-56.734100 -36.717800 -10.100708 -0.896400 -0.374200 0.237500
-57.822495 -32.441299 -12.198700 -0.979700 0.081900 0.182900
-56.272095 -25.988201 -13.266113 -0.977800 0.204600 -0.045500
-57.738205 -19.928902 -6.654999 -0.979100 -0.202000 0.024000
-58.323196 -15.566900 -2.928223 -0.959100 0.139000 -0.246800
-58.620102 -13.517700 3.513489 -0.998700 0.043000 -0.027000
-58.802094 -13.324401 8.920502 -0.979500 0.031200 -0.199200
-61.005402 -15.826801 15.813202 -0.904300 -0.256800 -0.341000
-62.465500 -19.541601 22.769379 -0.827700 -0.388400 -0.405100
-63.888306 -22.819801 26.360901 -0.978900 -0.106500 -0.174700
-60.831696 12.132601 56.026886 -0.850500 0.384100 -0.359300
-66.470505 6.420500 65.903595 -0.944900 0.279300 -0.170600
-68.203400 -2.562500 69.948792 -0.901000 0.097800 -0.422600
-70.111198 -10.930800 71.025787 -0.777900 -0.065900 -0.625000
-69.947701 -16.258001 73.496780 -0.994400 -0.094300 -0.048300
-62.845001 -16.126600 31.680603 -0.925100 0.040200 0.377700
-61.559402 -19.008900 34.881500 -0.889600 0.292500 0.350800
-62.015503 -22.018501 37.729889 -0.893500 0.434200 0.114500
-64.090805 -25.639000 39.532898 -0.945500 0.296400 0.134600
-64.813995 -0.163401 36.516602 -0.895800 0.336100 -0.290700
-65.813400 -4.920401 40.029602 -0.997100 0.039000 -0.064600
-101.903999 46.632500 -88.577301 -0.655100 0.734500 0.176800
-117.950302 24.690798 -88.577301 -0.966000 0.086100 0.243800
-70.676697 -26.681601 -88.577301 -0.536400 -0.843200 0.036300
-36.106201 -44.222401 -88.577301 -0.365200 -0.915500 0.168800
-11.232300 -41.717800 -88.577301 0.401300 -0.913200 0.070700
-7.294693 -41.315399 -88.577301 0.004500 -0.993500 0.114100
-65.776199 -10.343301 42.277679 -0.983200 -0.157200 0.092900
-64.517700 -14.710001 42.495087 -0.741200 -0.645000 0.186100
-61.239594 -16.301001 41.243591 -0.346500 -0.937500 -0.033000
-65.491196 -10.242801 83.095291 -0.648500 -0.039700 0.760200
-51.201996 1.970499 91.978683 -0.395100 0.105500 0.912600
-18.073196 25.547598 95.020294 -0.104700 0.417400 0.902700
-53.887802 5.448599 89.900894 -0.512800 0.334400 0.790700
-23.858994 31.562799 90.786484 -0.169400 0.466100 0.868300
-34.673904 42.960304 -36.720520 -0.155600 0.490200 0.857600
-20.029495 -48.877998 -88.577301 0.170100 -0.971200 0.166700
-38.009598 29.468699 13.763580 -0.525500 0.745100 -0.410700
-2.916199 -27.820000 -53.966705 -0.099700 -0.985900 0.134600
-6.685104 -27.164600 -53.966705 -0.394500 -0.907000 0.147400
-9.323593 -25.100300 -54.080322 -0.569300 -0.793100 0.216500
-12.496704 -22.759201 -53.786713 -0.261000 -0.888500 0.377400
-41.504105 24.194498 29.081085 -0.185300 0.659000 -0.728900
-36.431503 21.002298 23.430176 -0.698600 0.697100 -0.161300
-39.294205 32.815498 33.017487 -0.477800 0.319700 -0.818200
-44.135101 29.517099 30.455383 -0.078800 0.505500 -0.859200
-38.283905 32.703400 28.447296 -0.927200 0.345500 -0.144500
-39.145203 30.378099 23.819000 -0.969100 0.193100 -0.153300
-39.389801 30.919298 28.748291 -0.789200 0.518800 -0.328600
-28.603500 18.168699 1.435089 -0.488300 0.817100 -0.306400
-45.034103 25.346399 27.063599 -0.494300 0.739700 -0.456700
-33.660507 33.654198 20.856781 -0.856600 0.505800 -0.102000
-35.305893 31.748899 18.589386 -0.747800 0.663900 -0.004000
-40.164703 28.292200 15.718079 -0.870200 0.464800 0.163500
-38.953506 21.664999 17.394287 -0.629900 0.722500 0.285000
-36.342102 36.971497 33.806702 -0.634900 0.379100 -0.673200
-32.813202 36.475403 26.209381 -0.888000 0.399100 -0.228400
-58.305099 -17.712301 -1.404602 -0.992800 -0.028300 -0.116400
-59.503098 -33.402199 6.013977 -0.606400 -0.348500 -0.714700
-59.941299 -34.077801 4.268188 -0.715900 -0.111800 0.689200
-60.632202 -31.419201 3.203186 -0.806700 0.080800 0.585400
-58.528305 -20.946800 2.449493 -0.216900 0.113400 0.969600
-60.349106 -25.874601 2.096497 -0.841900 0.230000 0.488100
-60.071396 -30.395302 5.303375 -0.708200 -0.215600 -0.672300
-59.326706 -25.385201 3.682983 -0.548500 -0.323900 -0.770800
-57.025406 -21.417200 -1.158722 -0.984400 0.046100 -0.169800
-60.770508 -26.405201 1.022400 -0.975200 0.215600 -0.049800
-61.271194 -31.832001 1.687897 -0.994600 -0.083500 0.061900
-60.526199 -34.704903 2.813202 -0.828400 -0.558400 0.044800
-60.706802 -33.269699 7.517975 -0.842400 -0.324300 -0.430300
-61.090805 -29.974602 6.621277 -0.897200 -0.092900 -0.431700
-59.939896 -25.600901 4.575775 -0.917000 0.094600 -0.387400
-59.760696 -27.539301 14.401794 -0.997200 0.048500 0.057300
-59.718201 -31.929201 14.613373 -0.857900 -0.383500 0.341900
-59.964005 -30.361900 13.891083 -0.984000 0.067900 0.164600
-59.068207 -32.683800 14.422882 -0.786800 -0.519700 0.332900
-59.063202 -30.108801 18.140381 -0.925900 -0.105000 -0.363000
-58.495102 -31.266901 17.824280 -0.951000 -0.250600 -0.180900
-59.438004 -31.064602 16.512085 -0.921500 -0.227200 0.315100
-59.044601 -32.068401 16.265594 -0.819800 -0.491500 0.293700
-59.807297 -34.009399 11.391602 -0.679300 -0.494200 0.542500
-60.666199 -33.620399 11.024292 -0.821900 -0.345600 0.452700
-43.230606 27.391901 33.778381 -0.678300 0.141600 0.721000
-46.232498 29.594900 35.577576 -0.685500 -0.233900 0.689500
-46.778107 31.040998 32.987274 -0.904300 0.423000 -0.057500
-31.345901 25.671499 16.646393 0.433600 0.722200 -0.539000
-34.553299 23.989100 12.193481 0.372300 0.454400 -0.809300
-34.815201 29.455999 11.297089 0.339400 0.481400 -0.808100
-35.688507 33.111900 16.600677 -0.560800 0.805600 -0.191300
-42.788498 22.289099 18.142090 -0.319500 0.863500 -0.390200
-27.300201 16.746199 -32.084320 -0.719700 -0.361800 0.592500
-26.796494 20.308298 -6.285706 -0.723400 0.688800 -0.046800
-15.515503 29.991598 10.498688 -0.335500 0.881500 -0.332400
-15.644608 36.270302 24.799194 -0.271100 0.902500 -0.334800
-61.946594 -23.052200 25.349487 -0.487900 -0.445200 -0.750800
-59.983704 -19.867500 20.455383 -0.825800 -0.412300 -0.384700
-58.785995 -21.554501 0.017792 -0.964700 0.184900 -0.187300
-60.785095 6.132099 36.769073 -0.791100 0.360700 -0.494100
-64.298706 2.282499 39.795593 -0.858800 0.132800 -0.494700
-43.708008 34.427902 34.547180 -0.673100 0.738200 -0.044800
-39.430603 36.968102 35.280273 -0.457700 0.885900 -0.075400
-33.792099 38.890701 25.348083 -0.693300 0.672100 -0.260000
-34.667297 35.353699 19.150177 -0.732600 0.632100 -0.252300
-39.568497 25.518801 8.940399 -0.103500 0.294500 -0.950000
-43.207199 22.928301 9.274384 -0.696200 -0.006600 -0.717900
-46.959396 28.367800 29.908081 -0.938400 0.069500 -0.338500
-42.659302 32.516701 37.739197 -0.312600 0.030000 0.949400
-37.041794 36.879501 38.042877 0.078700 0.446500 0.891300
-30.302795 38.997696 26.363586 0.687300 0.721600 -0.083700
-31.623199 34.972900 19.094574 0.655800 0.559400 -0.507000
-36.613907 22.295900 11.026489 0.061800 0.408200 -0.910800
-40.243393 20.395201 10.726196 -0.265700 0.257900 -0.928900
-45.415802 25.017599 31.359283 -0.968800 0.247700 0.002400
-39.865799 29.366899 35.425995 -0.350000 0.462900 0.814400
-34.911301 31.712999 34.958801 0.438500 -0.223800 0.870500
-29.584198 31.451200 29.135193 -0.409000 0.816500 -0.407400
-42.882996 19.847799 14.586090 -0.898100 0.322400 -0.299000
-31.573196 32.206200 32.542084 -0.374600 0.868800 -0.323800
-32.274506 23.128401 10.612091 -0.149100 0.862200 -0.484100
-25.448105 23.400900 8.357697 -0.389500 0.837900 -0.382300
-46.902100 27.660601 48.083588 -0.660900 0.703300 -0.262000
-44.241104 27.490599 39.888702 -0.639700 0.764400 -0.080100
-28.704102 -11.624801 -37.148926 -0.679500 -0.559700 0.474300
-31.488693 -1.611401 -20.434601 -0.862800 -0.494600 0.104200
-22.628708 -19.706501 -23.361023 -0.756200 -0.424300 -0.498100
-24.676407 -16.108700 -23.753204 -0.692700 -0.007700 -0.721200
-23.325897 -11.114700 -24.054810 -0.745300 0.182700 -0.641200
-20.756393 -5.890800 -26.425903 -0.796600 -0.603900 -0.028900
-31.593002 35.472900 42.244080 -0.443100 0.836600 -0.322200
-65.999207 -5.150801 82.484192 -0.745500 0.257500 0.614700
-57.248306 6.406500 86.247894 -0.637300 0.427900 0.640900
-69.801102 -16.085602 77.821289 -0.874400 -0.200000 0.442000
-65.176300 -22.303001 47.275085 -0.672500 -0.643800 -0.365000
-66.730804 -18.927401 46.822784 -0.742000 -0.211700 -0.636100
-66.593796 -14.709501 47.313293 -0.675400 0.007600 -0.737400
-67.561401 -7.250401 46.060303 -0.880900 -0.088700 -0.464900
-67.007706 0.518799 44.201782 -0.862300 0.044000 -0.504500
-62.498505 1.406599 35.062683 -0.762200 0.178500 -0.622300
-59.280106 -16.258900 40.680298 -0.864600 -0.428800 0.261800
-60.939407 -15.915601 40.321075 -0.287900 -0.238900 -0.927400
-64.219696 -14.432201 41.414795 -0.498600 -0.310900 -0.809100
-65.240295 -10.226601 41.154877 -0.330500 -0.222100 -0.917300
-65.229294 -5.362600 39.114288 -0.232700 -0.434900 -0.869900
-64.751297 -1.465900 36.025574 -0.399200 -0.402900 -0.823600
-53.826797 16.986101 37.743286 -0.766400 0.637600 -0.078500
-58.628098 7.845900 31.816803 -0.894200 0.447300 -0.016500
-56.744293 11.845697 27.067780 -0.736200 0.675400 -0.042800
-52.591095 13.599398 21.619476 -0.596800 0.744000 -0.300600
-31.693604 7.304600 -5.201813 -0.708900 0.366600 -0.602500
-38.758896 6.413198 -6.632324 -0.196700 0.739100 -0.644300
-57.828201 -10.027301 9.259277 -0.883000 0.381800 -0.273200
-60.613403 -12.305301 15.216400 -0.941000 0.162900 -0.296600
-56.639297 -10.400301 3.073273 -0.826000 0.543200 -0.150300
-56.582794 -11.646101 -2.959320 -0.813100 0.525800 -0.249700
-26.190201 -23.421200 -52.828003 -0.324300 -0.797400 0.508900
-55.897903 -22.060200 -5.001007 -0.989900 -0.047400 -0.133500
-57.234604 -26.896400 -7.443024 -0.939700 0.219500 -0.262300
-57.433807 -31.441700 -8.180206 -0.986900 -0.037200 -0.157200
-56.729095 -35.497902 -6.794708 -0.927000 -0.353700 -0.124600
-43.253708 4.949900 -5.624603 -0.448000 0.685800 -0.573600
-46.976593 2.850698 -4.650116 -0.610000 0.649800 -0.453400
-18.885300 -29.924202 -32.214722 -0.762100 -0.625400 -0.167400
-28.773697 -23.906101 -20.397003 -0.156900 -0.180700 -0.970900
-39.563995 -29.907001 -20.829102 0.137400 0.094600 -0.986000
-43.032303 -25.735300 -19.499603 0.119500 0.293300 -0.948500
-42.152695 -14.902801 -16.707001 -0.014400 0.301200 -0.953400
-37.573700 -2.236301 -13.493713 -0.219600 0.464300 -0.858000
-38.647095 15.194899 2.909576 -0.502000 0.647000 -0.573900
-45.740707 20.641901 20.622101 -0.713400 0.605100 -0.353400
-59.837708 -15.305601 40.716583 -0.499000 0.755500 -0.424400
-60.559601 -16.801102 39.812195 -0.846900 -0.389200 0.362300
-61.716797 -15.723901 38.620483 -0.929000 -0.174700 0.326400
-62.789200 -13.531301 37.244202 -0.742800 0.039500 0.668400
-61.730301 -13.081501 42.528473 0.002400 0.287200 -0.957900
-63.339401 -9.562800 36.016876 -0.597400 0.090900 0.796800
-63.082199 -8.541800 42.511292 0.320100 -0.170400 -0.931900
-64.087097 -5.177900 35.905182 -0.805700 0.159300 0.570500
-63.144302 -0.343801 36.577698 0.316800 -0.777000 -0.543900
-63.338501 2.607599 37.837585 -0.845100 0.427400 -0.321200
-62.645508 -2.759800 40.088287 0.441400 -0.529700 -0.724300
-51.498901 16.409899 25.258179 -0.695300 0.670700 -0.258400
-54.425400 11.826300 18.953278 -0.563600 0.722800 -0.399900
-56.515808 6.386200 16.222473 -0.668600 0.443600 -0.596800
-59.745499 -0.981701 15.884583 -0.811800 0.192800 -0.551200
-58.810394 -6.663800 15.175079 -0.876400 0.089700 -0.473100
-45.834198 -2.244001 -10.281525 -0.488500 0.589600 -0.643200
-48.313705 4.431799 2.477386 -0.729200 0.602900 -0.323900
-50.937500 4.642000 9.551086 -0.745500 0.499900 -0.440800
-62.423798 5.873499 22.338776 -0.882900 0.424000 -0.201800
-60.586594 3.728899 34.383575 -0.889200 0.396000 -0.229200
-61.424698 -0.294601 33.148376 -0.993600 0.111000 0.021500
-62.542007 -5.599601 30.210785 -0.966700 0.091400 0.238900
-62.514801 -11.128700 30.831482 -0.969500 -0.078300 0.232100
-61.205902 -15.234200 32.762177 -0.937900 -0.038900 0.344700
-60.369507 -18.071501 36.037903 -0.858600 0.313400 0.405600
-60.405502 -20.065701 38.691498 -0.756300 0.563600 0.332100
-63.594604 -24.854700 40.988800 -0.860700 0.354600 0.365200
-45.355606 8.504099 2.047485 -0.679500 0.580100 -0.449100
-67.087906 4.104898 65.805588 -0.967100 0.220000 -0.127600
-67.248199 -0.581800 58.031982 -0.948700 0.275200 -0.155700
-69.507202 -5.222900 48.542297 -0.987000 0.088100 -0.134200
-66.630203 -14.755701 70.622086 -0.987700 -0.155100 -0.018600
-68.414001 -13.590700 59.757980 -0.960300 -0.277400 0.028300
-68.780800 -17.600901 49.963196 -0.960800 -0.266900 -0.074900
-65.361496 -18.335201 45.928375 -0.446100 -0.004800 -0.895000
-63.539001 -17.466501 45.345886 -0.523000 -0.019500 -0.852100
-62.725204 -16.931501 44.526794 -0.642000 0.013500 -0.766600
-63.020599 -19.127602 45.145386 -0.684200 0.023300 -0.728900
-56.259903 -12.185201 40.914581 -0.485500 0.449700 -0.749700
-59.300995 -17.657301 15.511475 -0.916300 -0.301500 -0.263700
-64.704102 -26.607500 37.633392 -0.957800 0.280300 0.064100
-62.097595 -23.561300 41.996399 -0.931100 0.337200 0.139200
-59.185608 -16.802301 41.618988 -0.975500 -0.201200 -0.088600
-59.865799 -15.460401 43.073090 -0.798200 -0.537400 -0.272100
-59.509094 -18.700600 41.454895 -0.883100 0.075400 -0.463200
-58.810104 -18.908001 39.965973 -0.999300 0.031700 -0.020300
-62.411606 -23.938801 35.839691 -0.920200 0.391400 -0.003000
-52.580399 -9.385601 -6.981110 -0.870700 0.369200 -0.325100
-52.872208 -6.880701 -1.282227 -0.923500 0.321800 -0.208900
-53.980698 -6.030400 4.826996 -0.943200 0.222800 -0.246500
-55.770798 13.971998 31.430481 -0.782000 0.614100 -0.106700
-58.422607 10.319899 35.945892 -0.822300 0.543800 -0.167800
-59.902298 11.119398 47.312073 -0.788100 0.605800 -0.109400
-61.638702 2.679199 27.916901 -0.939600 0.296600 0.170900
-61.643906 -0.698801 35.769287 -0.839400 -0.028400 -0.542800
-59.095398 0.873999 37.086273 0.013300 -0.952600 0.304100
-59.750702 -17.720800 37.593201 -0.918600 -0.353200 0.177600
-59.481598 -2.528601 35.624481 -0.106200 -0.160500 0.981300
-37.136703 -14.155300 -53.782898 -0.433600 -0.611500 0.661800
-57.402206 -12.550900 38.390900 -0.451600 0.555800 0.698000
-59.165695 -6.516701 35.912292 -0.196500 0.132500 0.971500
-58.473495 -10.254701 36.982788 -0.289100 0.299400 0.909300
-64.856094 -3.015400 41.776794 -0.824200 -0.080800 -0.560500
-64.664597 -9.186300 44.292389 -0.816000 -0.254300 -0.519100
-63.141693 -13.761600 44.482391 -0.821300 -0.519100 -0.236600
-58.691101 -1.362301 40.262695 0.064400 -0.548600 -0.833600
-58.384201 -5.628401 41.780975 -0.044800 -0.223800 -0.973600
-57.388596 -9.675900 41.922699 -0.230900 0.093700 -0.968500
-63.339706 -32.213200 20.475281 -0.070200 0.258300 -0.963500
-60.632401 -31.389702 19.471375 -0.641000 0.336500 -0.689900
-59.206497 -27.893101 18.285675 -0.848200 -0.261800 -0.460500
-62.099808 -25.804100 16.857574 -0.274200 -0.320500 -0.906700
-61.941299 -26.813400 18.211975 0.140700 -0.832300 -0.536100
-64.552795 -30.246502 19.969299 0.004700 -0.460400 -0.887700
-53.382599 -37.888401 -18.907715 -0.571800 -0.466300 -0.675000
-47.203598 -34.588200 -23.219421 -0.144300 -0.099400 -0.984500
-58.647797 -33.446503 -14.574921 -0.987800 -0.067700 -0.140100
-57.485107 -37.859600 -12.730713 -0.830700 -0.556700 0.001600
-48.158997 -28.857800 -22.560303 -0.069700 0.167900 -0.983300
-55.150406 -33.344398 -20.070923 -0.582300 -0.183600 -0.792000
-49.532700 -19.768600 -20.150208 -0.094500 0.326900 -0.940300
-50.261902 -11.164401 -14.213501 -0.580000 0.520400 -0.626700
-52.976105 -16.823200 -17.275116 -0.670400 0.447400 -0.591900
-55.008194 -25.505600 -19.261810 -0.701200 0.230000 -0.674800
-58.314499 -20.967001 5.986176 -0.973800 0.201400 -0.105700
-59.356201 -27.224800 11.113098 -0.966100 0.228400 0.120100
-60.711395 -31.349300 10.881195 -0.944400 0.166500 0.283500
-66.296097 -8.756500 69.939484 -0.983700 -0.093700 0.153400
-67.311707 -2.970001 68.621094 -0.994100 0.007100 0.107800
-62.856705 7.389200 56.909882 -0.897000 0.383300 -0.220000
-52.989197 17.948400 44.388092 -0.722800 0.690300 -0.032900
-18.063797 39.812798 37.948975 -0.283800 0.897300 -0.338000
-6.730499 34.885498 16.485474 -0.107300 0.901300 -0.419600
-15.630203 27.923098 -8.477600 -0.402000 0.845400 0.351600
-2.091599 31.901800 -12.907623 -0.154200 0.938700 0.308200
-63.863495 4.224400 54.093689 -0.891800 0.445900 -0.076600
-68.810204 -7.871301 59.128189 -0.995800 0.041000 -0.082000
-66.064194 -17.825600 60.908493 -0.925400 -0.374600 0.057200
-59.953705 -22.147800 21.215179 -0.546300 0.757200 -0.358000
-60.662598 -23.901701 25.229492 -0.895000 0.383800 -0.227200
-63.960098 -27.201500 26.317078 -0.855400 0.482600 0.188400
-66.435699 -29.254700 23.050476 -0.854700 0.515200 -0.063600
-58.965195 -26.461500 17.908203 -0.744800 -0.002300 -0.667300
-65.531799 -29.732601 20.202393 -0.686200 0.102200 -0.720200
-63.554398 -24.383101 31.623199 -0.927000 0.374300 0.021800
-61.856003 -24.271200 16.525391 -0.152800 0.251000 -0.955900
-64.680603 -25.863701 19.823486 -0.904900 0.245800 -0.347500
-64.717194 -25.547501 22.914001 -0.953400 0.290500 0.081600
-62.037704 -20.430302 20.397797 -0.029100 0.967400 -0.251500
-63.863800 -23.445200 24.709198 -0.615500 0.479300 0.625600
-65.891602 -30.374001 28.650787 -0.923400 0.314600 0.219800
-62.074600 -21.006901 23.012695 0.029400 0.885300 0.464100
-61.431198 -22.469501 17.723602 0.135200 0.690800 -0.710300
-59.985199 6.216000 29.465088 -0.881200 0.451800 0.139000
-63.020905 -11.172501 28.202789 -0.999700 -0.023900 0.008000
-63.836105 -10.514201 35.076691 -0.988600 -0.131500 0.072900
-63.631805 -16.833101 23.589600 -0.975100 -0.152700 -0.161000
-70.959000 -9.944000 77.691986 -0.941400 -0.011000 0.337100
-56.128708 -1.613901 10.023285 -0.863900 0.266700 -0.427300
-55.524399 -6.297701 9.315002 -0.896300 0.225500 -0.381900
-57.917206 -15.203501 7.461273 -0.980500 -0.137900 -0.140300
-31.307297 -19.356300 -20.991211 -0.256400 0.028300 -0.966200
-18.377594 -18.552700 -35.342712 -0.889600 0.132000 -0.437300
-20.945206 -26.302801 -32.539825 -0.934000 -0.295100 -0.201600
-30.774094 -12.396601 -19.260803 -0.404200 0.299000 -0.864400
-59.747894 -34.812099 0.958282 -0.645600 -0.753600 -0.123600
-54.524307 -20.384001 -14.713104 -0.920400 0.273500 -0.279500
-56.624802 -26.613701 -15.779999 -0.949000 0.276900 -0.150700
-60.865997 -32.252602 -0.371216 -0.927400 -0.230700 -0.294500
-60.003296 -26.130201 -1.048309 -0.903500 0.245400 -0.351500
-57.253906 -15.636501 -7.881897 -0.884900 0.317300 -0.340900
-62.547104 -20.452400 31.774384 -0.993900 0.030000 0.106600
-56.259705 -12.902401 40.030975 -0.671600 0.740400 0.029600
-62.386902 -18.907101 43.704987 -0.770500 0.110300 -0.627800
-62.903702 -17.107201 28.996582 -0.992300 -0.072500 0.100100
-62.401199 -22.564501 43.397888 -0.909200 -0.058500 -0.412200
-57.932800 -33.073601 5.102783 0.256700 -0.220100 -0.941100
-52.300705 -2.606100 -2.778625 -0.855600 0.394900 -0.334600
-58.289795 -24.899801 3.281189 0.372800 -0.347400 -0.860400
-58.536301 -30.253101 3.962891 0.278200 -0.242400 -0.929400
-59.255905 -29.284201 16.775085 -0.985700 0.028300 0.165900
-68.153404 -33.474899 20.332184 -0.680000 -0.021500 -0.732900
-69.283897 -33.212002 24.226685 -0.988200 0.135800 0.070600
-63.886993 -21.883301 21.477478 -0.864200 0.491100 -0.109700
-61.577805 -32.661800 9.412689 -0.984700 -0.155200 0.078600
-64.009598 -13.703100 45.441284 -0.584200 -0.343100 -0.735500
-62.827194 -14.555801 36.559082 -0.870100 -0.463900 0.166600
-63.913803 -5.431200 34.853577 -0.961800 0.172400 -0.212800
-58.988403 -0.110800 38.964783 0.149900 -0.811800 -0.564400
-66.519699 -4.163200 42.516174 -0.681800 -0.201500 -0.703200
-66.895508 -10.206901 44.824982 -0.715600 -0.280000 -0.640000
-63.952103 -2.315601 21.839874 -0.970000 0.108000 -0.217700
-63.980896 -9.547201 22.100586 -0.961500 -0.057600 -0.268700
-57.948105 20.640898 57.349289 -0.784600 0.536800 -0.310300
-31.307495 40.559097 52.472382 -0.429900 0.864900 -0.259100
-59.164505 10.155100 24.427887 -0.726800 0.685100 -0.047800
-62.949295 -3.616001 26.917877 -0.990700 0.110900 0.079000
-62.448593 -21.073801 28.205475 -0.990900 0.088500 0.101600
-65.125198 -28.203800 33.728973 -0.982700 0.168400 0.076600
-66.459198 -21.712000 50.425690 -0.790600 -0.607400 0.077200
-64.165604 -21.767101 45.617981 -0.679800 -0.347200 -0.646000
-63.065002 -22.115801 19.861603 -0.767200 0.437000 -0.469500
-65.498901 -14.626001 46.478973 -0.556100 -0.096300 -0.825500
-51.778793 -5.841001 -8.621399 -0.801800 0.411700 -0.433100
-60.011902 -24.756401 5.751892 -0.938200 0.345900 -0.013900
-29.289902 -1.544601 -15.219910 -0.816500 -0.167800 -0.552400
-30.385101 12.379999 -12.240601 -0.909300 0.352100 -0.222000
-64.439896 6.597300 42.128876 -0.771500 0.565600 -0.291200
25.729996 40.384697 38.707794 0.539700 0.782200 -0.311300
7.283096 42.210701 33.473480 0.053400 0.908500 -0.414500
-46.161697 17.396101 16.633301 -0.696700 0.574300 -0.429800
-48.362106 10.588800 9.976074 -0.701200 0.554300 -0.448400
-42.435104 -2.355501 -12.446899 -0.272200 0.530900 -0.802500
-54.197403 -1.260700 3.666779 -0.898200 0.333400 -0.286400
-61.777893 -29.161501 8.631073 -0.974400 0.163900 0.153800
-69.247803 -13.006101 49.756775 -0.979200 -0.086500 -0.183600
-70.849197 -2.326000 75.834488 -0.969900 0.193300 0.148100
-29.626007 37.530899 86.371490 -0.276100 0.659700 0.699000
4.358902 43.908897 82.257492 0.229400 0.715800 0.659500
22.459793 47.582504 60.781082 0.609900 0.772600 0.176600
14.988297 27.558298 7.415283 0.405500 0.795000 -0.451100
-28.002106 32.543198 -27.332703 -0.326500 0.681200 0.655200
-16.681396 -18.242001 -39.568207 -0.714900 -0.697900 0.043300
-57.522797 -15.326900 4.042480 -0.973600 -0.228500 -0.001400
5.936600 30.682798 7.647095 0.129100 0.990300 -0.050900
-42.326797 11.526999 2.172974 -0.514000 0.659900 -0.548000
-28.873505 3.983900 -37.589325 -0.860400 -0.166100 0.481800
-40.798203 40.420403 75.805481 -0.544000 0.785400 0.295200
4.293304 53.092003 54.283783 0.034900 0.990800 -0.130700
-69.008499 2.436199 47.023376 -0.940400 0.327200 0.092500
-8.129807 50.673599 72.157883 -0.113300 0.946000 0.303600
-40.090698 25.076097 -27.749817 -0.260300 -0.029600 0.965100
-65.295395 11.639700 72.414093 -0.848400 0.484200 0.214100
-52.005493 11.212297 -35.153107 -0.180800 -0.540000 0.822000
-60.885605 27.561998 -32.092926 -0.372400 0.092700 0.923400
-65.508408 -29.288900 31.189880 -0.977300 0.200600 0.068700
-63.188095 -25.674801 27.887787 -0.951700 0.295900 -0.081500
-45.045593 32.856499 34.244385 -0.722200 0.691200 -0.027200
-46.152603 29.757200 30.227081 -0.274000 0.655300 -0.704000
-38.310898 30.055601 19.967682 -0.878300 0.425900 -0.217400
-37.609100 33.983101 22.158203 -0.624800 0.656000 -0.423500
-37.209702 36.724800 26.756775 -0.536700 0.810000 -0.236300
-38.234802 36.577400 32.026276 -0.554200 0.812000 -0.183100
-42.546005 21.438200 15.951202 -0.760000 0.647200 0.059100
-42.778397 24.479601 12.642273 -0.897200 0.428400 0.107000
-106.867699 2.607698 -88.577301 -0.785100 -0.594800 0.172700
-47.807098 -1.867201 -48.056519 -0.198200 -0.623700 0.756100
-10.687897 81.577698 -101.383209 -0.071100 0.997500 0.000000
-35.203995 78.477005 -101.383209 -0.283800 0.958900 0.000000
-67.078400 -10.802801 46.889587 -0.860500 -0.230500 -0.454400
-66.636597 -16.882702 46.820587 -0.664900 0.080400 -0.742600
-65.927902 -20.679401 46.801483 -0.764400 -0.352000 -0.540200
-69.014297 -15.303501 49.859985 -0.979900 -0.080000 -0.183000
-69.289101 -9.272301 49.199677 -0.983000 -0.080000 -0.165500
-68.840202 -2.138700 48.019501 -0.989200 0.145900 -0.009900
0.000000 -31.055201 -71.933807 0.000000 -0.866400 0.499400
0.000000 65.322899 -48.159698 0.000000 0.780000 0.625800
-45.510498 59.510002 -46.202026 -0.266300 0.746400 0.609900
-80.891197 36.087898 -48.537506 -0.610500 0.418600 0.672300
-88.628799 16.078897 -52.093811 -0.644600 -0.147500 0.750100
-82.199203 -1.710501 -58.048523 -0.459000 -0.536900 0.707800
-62.804794 -16.512701 -63.720520 -0.194500 -0.569000 0.799000
-22.835495 -31.099899 -64.607300 -0.284500 -0.695500 0.659800
-16.483002 -33.557701 -64.714325 0.082800 -0.757200 0.647900
-10.130493 -30.951702 -64.821198 0.106800 -0.810100 0.576500
-6.584305 -32.349998 -66.741699 0.104200 -0.856600 0.505300
-4.427994 -32.788002 -68.895599 0.281200 -0.835200 0.472700
-1.853500 -33.286201 -71.427399 0.573400 -0.648500 0.500600
-15.554794 -19.814001 -44.215027 -0.356800 -0.913400 0.195800
-13.746399 -21.513700 -42.208099 -0.894800 -0.163200 -0.415600
-18.506104 -24.772501 -39.710419 -0.831900 -0.086900 -0.548000
-15.974106 -27.758801 -39.472809 -0.593600 -0.651200 -0.472900
-13.753296 -29.396900 -39.316010 -0.454000 -0.760100 -0.465000
0.000000 -39.134800 -77.337311 -0.000000 -0.871600 0.490100
0.000000 79.383400 -71.867126 0.000000 0.938500 0.345300
-57.299698 63.288704 -69.321808 -0.445500 0.833500 0.326900
-92.811401 46.657402 -70.806122 -0.588100 0.666200 0.458500
-107.897102 22.834200 -71.345215 -0.808600 0.059000 0.585300
-98.436401 0.686699 -72.273315 -0.712500 -0.548100 0.438100
-70.676697 -26.681601 -71.867126 -0.441800 -0.791500 0.422200
-32.006195 -39.956802 -73.181824 -0.219000 -0.794000 0.567100
-17.783600 -40.682999 -73.528412 0.117000 -0.834500 0.538400
-9.192307 -38.653503 -74.652313 0.256000 -0.861000 0.439400
-6.011795 -38.443100 -75.663513 0.101500 -0.911300 0.399000
-3.722504 -38.716301 -76.416321 0.034900 -0.903300 0.427500
-1.718307 -39.020302 -77.135620 0.016100 -0.888000 0.459500
-2.084396 -41.950203 -101.383209 -0.087900 -0.996100 0.001200
0.000000 -42.062500 -101.383209 0.000000 -1.000000 -0.000000
0.000000 81.753799 -101.383209 0.000000 1.000000 0.000000
-63.660095 64.742699 -101.383209 -0.431000 0.902300 -0.008200
-101.903999 46.632500 -101.383209 -0.637200 0.770700 0.000000
-117.950302 24.690798 -101.383209 -0.996500 0.083100 0.000000
-106.867699 2.607698 -101.383209 -0.779000 -0.627100 -0.000000
-70.676697 -26.681601 -101.383209 -0.543800 -0.839200 0.000000
-36.106201 -44.222401 -101.383209 -0.366900 -0.930200 0.000000
-20.029495 -48.877998 -101.383209 0.199300 -0.979900 0.000000
-11.232300 -41.717800 -101.383209 0.382500 -0.924000 0.000000
-7.294693 -41.315399 -101.383209 -0.009300 -1.000000 0.000000
-4.510605 -41.652100 -101.383209 -0.121100 -0.992600 -0.000200
-41.795700 20.221598 11.595581 -0.793900 -0.305100 -0.525900
-4.863602 29.533598 3.525787 -0.064300 0.967400 -0.244900
-19.468506 25.253698 1.568695 -0.420200 0.878300 -0.228200
-9.989502 27.623800 -2.369202 -0.280200 0.956700 0.078900
7.216003 39.283401 84.112183 0.339300 0.545100 0.766700
29.932892 39.248497 65.012482 0.661100 0.707800 0.248900
24.640396 42.562698 62.956696 0.641300 0.719500 0.266700
33.330200 32.394302 39.556274 0.722900 0.635800 -0.270600
29.530106 36.389496 39.131989 0.704100 0.658100 -0.266700
19.378204 21.444700 8.231293 0.791700 0.363200 -0.491100
17.806107 25.716101 7.772980 0.700400 0.534900 -0.472500
8.703705 30.105101 -14.956207 0.675700 0.736600 -0.029000
5.444107 33.837997 -14.359711 0.353700 0.935200 0.019200
-3.634308 36.094200 -24.451904 -0.014400 0.813800 0.580900
-17.674805 34.554703 -25.895203 -0.213100 0.750100 0.626000
-9.300003 51.693901 -36.414398 -0.045000 0.610600 0.790700
-23.113602 45.995399 -36.441925 -0.191800 0.524300 0.829600
-11.230301 63.471397 -48.145111 -0.045200 0.772900 0.632900
-30.339401 62.264999 -45.941498 -0.127700 0.710800 0.691700
-10.687897 81.577698 -71.867126 0.036200 0.949800 0.310600
-35.203995 78.477005 -71.867126 -0.321100 0.905500 0.277400
-35.203995 78.477005 -88.577301 -0.304900 0.952100 0.021400
-10.687897 81.577698 -88.577301 -0.051100 0.998400 0.022600
-42.399307 33.294998 32.646698 -0.263800 0.461300 -0.847100
-35.709305 38.743103 32.309082 -0.617200 0.765400 -0.182200
-33.746399 38.050201 35.738281 0.496900 0.599800 0.627200
-58.848694 -33.350300 4.803497 -0.250700 0.218400 0.943100
-57.828003 -35.005501 5.425873 -0.214800 0.153100 0.964600
-59.453903 -25.300600 2.732483 -0.246400 0.181400 0.952100
-59.530304 -30.630800 3.935974 -0.259400 0.224600 0.939300
-64.982407 -18.783001 71.582092 -0.878900 -0.473000 0.061300
-47.192200 -1.881901 39.480774 -0.945800 -0.321200 -0.048700
-35.125198 -22.215101 8.451477 0.226000 -0.176000 -0.958100
-41.347900 -11.123900 4.935181 -0.235900 0.170600 0.956700
-36.193298 -20.318701 7.850800 0.225400 -0.176400 -0.958200
-39.767807 -13.940401 5.826996 -0.239800 0.164800 0.956700
-37.586594 -17.837000 7.063873 0.236500 -0.177500 -0.955300
-57.972198 -18.982801 1.149902 -0.708800 -0.120400 0.695000
19.343506 -23.090200 -53.307312 -0.182600 -0.942700 0.279200
-58.902405 -32.600403 25.012299 0.005200 -0.561500 -0.827400
0.523697 -45.037102 34.648590 0.293900 -0.940200 0.172000
-28.034897 -39.472702 56.113388 0.066400 -0.935700 0.346500
-34.644196 -39.174500 60.934982 0.152700 -0.847400 0.508600
-42.968796 -37.283600 63.001892 -0.143900 -0.676400 0.722300
-48.758301 -35.103203 63.472992 -0.344900 -0.810300 0.473800
-54.507599 -32.191399 62.299393 -0.540200 -0.792200 0.283900
-58.720993 -29.430500 60.219681 -0.737600 -0.632200 0.237400
-61.647095 -25.973000 58.087585 -0.857900 -0.482300 0.177300
-42.634308 -42.191299 40.775299 -0.560100 -0.715900 0.416900
-38.320206 -42.883499 44.079590 -0.439600 -0.766700 0.467900
-35.476105 -42.826500 46.286102 -0.299500 -0.832300 0.466500
-47.649704 -39.246902 38.662781 -0.614400 -0.669600 0.417200
-54.072601 -41.466301 -8.597504 -0.854400 -0.449200 0.261300
-50.761703 -45.038700 -8.210602 -0.477100 -0.738200 0.477000
-42.950607 -46.345703 -7.602325 -0.219200 -0.729600 0.647800
-36.705307 -46.425598 -1.152100 -0.261900 -0.960300 0.095700
-35.054794 -47.830002 4.872192 0.002900 -0.991100 -0.133000
-36.366104 -47.964901 12.316589 -0.200900 -0.971900 0.123100
-41.529404 -44.261703 18.997589 -0.442900 -0.894200 0.064400
-46.441605 -41.889099 24.222290 -0.618100 -0.766300 -0.175200
-51.904404 -38.389099 28.755585 -0.665600 -0.676400 -0.315500
-56.195694 -36.548100 30.720703 -0.584800 -0.809700 0.048700
-34.272903 -35.264702 71.079483 -0.078400 -0.993800 0.078300
-44.417999 -32.934700 78.402191 -0.261300 -0.940600 0.216800
-53.514694 -28.776100 78.273788 -0.317300 -0.943900 -0.091800
-61.475098 -26.342800 75.920395 -0.327600 -0.869500 -0.369800
-66.225403 -22.900702 75.606491 -0.615600 -0.770300 0.166500
-51.652100 -36.101601 38.024384 -0.577700 -0.579800 0.574600
-54.025406 -32.454300 39.151581 -0.351300 -0.668100 0.655900
-57.379395 -30.292101 40.357391 -0.181800 -0.835900 0.517900
-61.854904 -29.629101 40.800079 -0.325000 -0.811100 0.486300
-41.319305 -42.092400 49.832489 -0.158800 -0.979100 0.127000
-46.526901 -39.339500 50.960587 -0.507400 -0.835000 0.212900
101.903992 46.632500 -88.577301 0.655100 0.734500 0.176800
117.950287 24.690798 -88.577301 0.966000 0.086100 0.243800
70.676788 -26.681601 -88.577301 0.536400 -0.843200 0.036300
36.106293 -44.222401 -88.577301 0.365200 -0.915500 0.168800
11.232300 -41.717800 -88.577301 -0.401300 -0.913200 0.070700
7.294693 -41.315399 -88.577301 -0.004500 -0.993500 0.114100
-51.367096 -36.057899 50.444275 -0.694700 -0.672000 0.256400
-54.180695 -33.157501 48.353699 -0.969900 -0.236800 0.056500
-53.302994 -30.464802 45.741699 -0.927000 0.098400 -0.362000
-61.397003 -17.549501 85.415787 -0.583300 -0.156000 0.797100
-46.010498 -7.294301 94.921082 -0.365700 0.053100 0.929200
-9.675598 10.561098 99.779785 0.045300 0.149600 0.987700
-44.226593 -11.793001 95.376495 -0.219200 -0.189500 0.957100
-7.063904 1.589800 100.305481 0.056600 0.062900 0.996400
34.673996 42.960304 -36.720520 0.156700 0.468600 0.869400
20.029602 -48.877998 -88.577301 -0.170100 -0.971200 0.166700
2.985092 -43.357201 36.789276 0.376900 -0.912500 0.158900
2.916199 -27.820000 -53.966705 0.107700 -0.990500 0.085700
6.685196 -27.164600 -53.966705 0.431900 -0.883300 0.182400
9.323700 -25.100300 -54.080322 0.561300 -0.789200 0.249200
12.496796 -22.759201 -53.786713 0.239600 -0.892700 0.381800
-7.192795 -36.947899 48.580902 0.602400 -0.745800 -0.284300
-5.462402 -34.171799 40.981995 0.208500 -0.912500 0.351900
-0.123795 -37.088699 55.217896 0.192900 -0.878500 -0.437100
-4.785202 -40.710201 52.757187 0.568100 -0.655900 -0.497100
1.488297 -38.304199 50.988190 -0.205500 -0.941800 0.266100
0.337601 -40.116203 46.165680 -0.353500 -0.914300 0.197900
-0.613998 -38.307602 50.721390 0.049200 -0.987700 0.148100
14.226807 -34.723400 15.532196 0.591600 -0.780200 0.203500
-7.661102 -41.166702 48.195587 0.399800 -0.915900 0.036300
6.726395 -38.454498 43.721802 -0.048500 -0.934500 0.352800
4.908798 -39.987701 41.315674 0.110100 -0.868900 0.482500
0.201294 -43.695099 38.508698 -0.164200 -0.804600 0.570700
-4.712296 -39.260803 36.669281 0.136500 -0.673200 0.726700
4.611496 -36.114899 57.017792 0.116200 -0.961900 -0.247300
8.074997 -36.537399 49.392578 -0.118200 -0.971000 0.207800
-38.534103 -47.009602 4.172699 -0.330700 -0.922100 -0.200800
-57.006104 -37.873199 7.365997 -0.450000 -0.630000 -0.633000
-57.419998 -37.281200 5.021393 -0.647000 -0.531100 0.547100
-55.187897 -39.459602 5.184998 -0.552700 -0.706300 0.442300
-45.225296 -42.724098 7.698700 -0.256800 0.045500 0.965400
-50.150803 -41.848198 5.696198 -0.349900 -0.846800 0.400600
-54.786697 -39.985001 8.120392 -0.432900 -0.757900 -0.488000
-49.859299 -42.246002 8.770782 -0.134000 -0.747200 -0.650900
-44.632599 -43.136600 9.426392 -0.288800 -0.956300 -0.045300
-50.454407 -41.928600 4.396790 -0.247300 -0.952700 -0.176900
-55.320496 -39.703201 3.467377 -0.542200 -0.826300 -0.152200
-57.866898 -37.413002 3.482086 -0.729200 -0.670400 -0.137100
-57.937897 -38.239300 9.016296 -0.632600 -0.705800 -0.319000
-55.356995 -40.436901 9.681488 -0.488200 -0.844800 -0.219200
-50.595703 -42.379700 9.572784 -0.279000 -0.941600 -0.188400
-54.752106 -36.798401 17.581390 -0.550900 -0.761600 0.341200
-58.106995 -34.834000 15.605988 -0.881000 -0.341300 0.327600
-56.872803 -36.001503 15.867889 -0.571500 -0.708500 0.413900
-58.279694 -34.102303 14.922974 -0.939600 -0.243900 0.240300
-57.221298 -33.454102 19.190094 -0.527600 -0.841900 -0.113500
-57.722504 -32.671303 18.250977 -0.693600 -0.720000 -0.021000
-57.759308 -34.105701 17.488373 -0.787700 -0.468300 0.400200
-58.257507 -33.490700 16.733276 -0.924200 -0.301300 0.234500
-58.962494 -35.527000 11.850800 -0.906600 -0.093400 0.411400
-59.045303 -36.538399 11.903992 -0.846300 -0.310000 0.433100
-6.800507 -37.622002 54.425690 -0.446200 -0.272300 0.852500
-7.177597 -40.103100 57.712585 -0.740000 -0.136600 0.658600
-5.683899 -42.296303 56.277985 -0.153400 -0.917000 0.368100
3.573395 -35.263599 35.796478 0.958800 -0.265000 -0.102500
2.234100 -39.138298 31.911377 0.810200 -0.381300 -0.445100
6.123001 -41.913902 33.711578 0.803900 -0.313300 -0.505500
6.299301 -41.745003 40.309601 0.343400 -0.859500 0.378600
-6.642395 -42.194801 38.565979 0.546900 -0.823900 0.148900
37.435394 -7.626401 -25.844727 0.905700 -0.361400 0.221400
33.678604 -18.490601 -1.589905 0.911500 -0.381100 0.154400
20.880905 -25.301601 26.961700 0.683600 -0.685400 0.250700
17.873596 -23.465000 43.768677 0.646500 -0.733900 0.208400
-55.045502 -35.368000 29.260773 -0.434300 -0.539300 -0.721400
-50.218002 -37.331100 26.043396 -0.688800 -0.660000 -0.300100
-44.656204 -43.046303 4.762085 -0.445500 -0.892600 -0.068600
-34.155594 -41.391502 51.861786 -0.030000 -0.997600 -0.062700
-39.920303 -41.223801 53.612488 -0.248000 -0.957300 -0.148600
-1.686203 -40.564903 58.363693 0.221600 -0.858600 0.462300
2.520401 -37.898300 59.056595 0.466100 -0.762800 0.448200
9.663605 -38.694801 49.986389 0.210700 -0.943600 0.255500
7.942795 -40.720802 43.270874 0.147700 -0.955200 0.256300
0.754196 -45.166100 31.177399 0.393700 -0.670200 -0.629100
-3.882401 -46.807098 31.302399 -0.225300 -0.867200 -0.444100
-7.127701 -42.716599 52.483292 -0.382900 -0.923300 -0.029100
-3.419693 -37.510803 59.978790 -0.388900 0.166200 0.906100
3.083801 -34.729301 60.784683 0.173200 0.277800 0.944900
11.436905 -35.515999 50.029999 0.974600 0.208700 0.081000
9.382996 -38.173103 42.286774 0.950900 0.051800 -0.305000
-0.055801 -40.640701 30.711182 0.541600 -0.644900 -0.539200
-4.196396 -42.834000 30.645782 0.238100 -0.779700 -0.579200
-9.286804 -39.458302 51.836594 -0.335200 -0.874000 0.351800
-3.779297 -35.033901 55.878693 -0.032900 -0.103100 0.994100
0.952194 -32.289600 55.284988 -0.152100 0.830700 0.535500
5.158203 -30.587002 48.833496 0.522100 -0.843700 0.124400
-7.676407 -42.858398 34.477478 -0.186600 -0.973200 0.134100
3.804398 -30.936001 52.594681 0.561100 -0.801500 0.206800
4.555893 -37.669300 29.310303 0.631700 -0.725100 0.274400
12.460999 -32.428699 24.705780 0.620100 -0.737000 0.268900
-12.228104 -34.219200 67.735580 0.255400 -0.932000 0.257300
-8.821304 -35.720100 59.963394 0.269900 -0.858700 0.435600
15.917099 -32.534401 -32.789307 -0.182000 -0.863500 -0.470300
10.426498 -37.193001 -13.435608 -0.029900 -0.977800 -0.207400
-18.734695 -24.801201 -22.518219 0.091600 -0.995800 -0.004800
-16.032700 -28.606501 -21.012024 -0.287700 -0.810000 -0.511000
-7.516006 -30.674702 -19.429199 0.000200 -0.929400 -0.369200
-1.435806 -29.794300 -20.773224 -0.059800 -0.959300 -0.276000
3.943207 -27.945501 62.384689 0.497200 -0.841600 0.210800
-57.492401 -20.332201 87.305481 -0.365300 -0.421100 0.830200
-44.417801 -16.490900 93.519684 -0.176800 -0.394000 0.902000
-67.095200 -20.914501 79.354889 -0.755900 -0.411500 0.509200
-61.763794 -28.392900 49.209198 -0.792200 -0.430300 -0.432800
-59.840805 -31.223400 50.727783 -0.420400 -0.785800 -0.453800
-56.547104 -32.639099 53.007492 -0.184100 -0.869200 -0.459000
-50.861694 -37.053101 55.525085 -0.443200 -0.869800 -0.216800
-43.932297 -40.662003 57.280090 -0.317800 -0.927700 -0.195900
-38.422302 -41.560303 48.708282 -0.125900 -0.956900 -0.261700
-52.038208 -29.183001 44.784790 -0.886400 -0.390000 0.249500
-52.598694 -30.800501 45.048279 -0.116100 -0.545600 -0.830000
-53.523193 -33.521301 47.477173 -0.320000 -0.629600 -0.707900
-50.694199 -36.185799 49.399078 -0.129000 -0.581700 -0.803100
-46.322098 -39.104801 49.830292 -0.255000 -0.395000 -0.882600
-42.192703 -41.724403 48.811096 -0.334000 -0.519300 -0.786600
-21.933304 -39.931503 55.819290 0.096300 -0.904100 0.416400
-30.352707 -42.614899 47.842285 -0.138900 -0.900700 0.411600
-24.942108 -44.909000 45.092102 0.114000 -0.882500 0.456400
-18.408005 -44.941299 39.275299 0.298500 -0.941100 0.158700
1.834198 -38.076900 7.537994 0.093800 -0.956000 -0.278000
-7.209396 -44.210300 8.751678 0.433800 -0.886900 -0.158600
-38.409103 -44.700901 20.371185 -0.119400 -0.984200 0.130900
-43.250107 -43.301102 25.096893 -0.318400 -0.946300 0.055800
-33.696198 -46.587898 14.282898 0.228600 -0.920700 0.316200
-31.110199 -46.882301 5.705475 0.250800 -0.967900 0.016500
26.190201 -23.421200 -52.828003 0.456200 -0.877800 0.145800
-40.096207 -44.038902 -0.807526 -0.424600 -0.897200 0.121700
-44.056900 -44.735703 -4.850616 -0.194900 -0.897100 0.396500
-50.761703 -43.345600 -4.411713 -0.437600 -0.843400 0.311700
-53.932495 -40.487400 -5.215210 -0.770300 -0.630900 0.092800
-13.308701 -46.425903 10.404999 0.295200 -0.953500 -0.060000
-18.269806 -47.814701 11.324890 0.215600 -0.974400 0.063000
-14.544205 -32.989502 -31.771027 -0.291700 -0.954100 0.067000
-25.563705 -29.507000 -18.638824 -0.025500 -0.521600 -0.852800
-36.440201 -35.480301 -19.064819 0.393100 -0.372400 -0.840700
-35.394897 -39.361301 -15.185913 0.528200 -0.455000 -0.716900
-26.794098 -41.988403 -8.179901 0.419300 -0.592200 -0.688100
-13.781998 -42.519501 -0.987610 0.349000 -0.807200 -0.476000
-4.353500 -43.292900 21.137085 0.316300 -0.948300 -0.027600
-9.797806 -42.224998 40.587677 0.170500 -0.975100 0.141600
-51.602295 -30.002602 45.384094 0.427700 -0.898300 0.100800
-52.960800 -30.361900 44.118896 -0.870400 -0.347200 0.349000
-52.451401 -32.259102 43.871796 -0.737100 -0.517100 0.435100
-50.964905 -34.633102 43.945801 -0.549900 -0.304600 0.777700
-51.348999 -31.608101 48.412201 0.469800 -0.546900 -0.693000
-47.818695 -37.261299 44.813477 -0.460700 -0.153100 0.874300
-48.500702 -34.564301 50.775589 0.277500 -0.094400 -0.956100
-44.733200 -39.717102 46.874298 -0.465400 -0.448000 0.763300
-40.548996 -40.667801 49.383881 -0.302400 0.328100 -0.894900
-38.636200 -41.476601 51.837982 -0.050700 -0.990300 0.129000
-43.068405 -37.697403 51.183884 0.008100 0.243600 -0.969900
-16.210495 -43.865303 43.145081 0.233200 -0.947000 0.221100
-21.274399 -46.694500 37.508301 0.311500 -0.946600 0.083100
-26.422806 -47.262703 33.571381 0.131300 -0.977700 -0.164000
-33.956299 -47.003799 30.494385 -0.150600 -0.972800 -0.175900
-37.760803 -44.229301 27.105286 -0.301000 -0.943200 -0.140900
-20.407898 -47.275501 3.935303 0.304700 -0.940500 -0.150200
-19.820999 -46.219299 18.498199 0.093500 -0.961000 0.260200
-21.431198 -44.235100 24.466583 0.121300 -0.988800 0.086900
-31.641693 -49.060699 39.784973 -0.102300 -0.967300 0.231900
-35.348602 -41.311302 48.687592 -0.123200 -0.971000 0.205000
-38.690994 -40.865501 46.033081 -0.470100 -0.823300 0.318200
-42.775497 -40.875301 41.413788 -0.525400 -0.696300 0.489000
-47.296005 -38.288300 39.456879 -0.659600 -0.631400 0.407700
-50.305695 -34.686901 38.940002 -0.639100 -0.572100 0.514000
-52.912003 -31.380301 40.264496 -0.331300 -0.627600 0.704500
-55.179108 -29.392801 41.653595 -0.057700 -0.683100 0.728000
-61.323898 -28.906900 42.275696 -0.289700 -0.664500 0.688900
-14.429794 -45.903099 19.182373 0.123000 -0.979400 0.160200
-46.570999 -32.510101 77.433884 -0.331500 -0.914300 0.232600
-48.416901 -34.188499 68.704895 -0.270500 -0.935200 0.228700
-50.962296 -38.318604 59.052887 -0.445400 -0.878500 0.172800
-62.467300 -22.184801 72.981491 -0.667500 -0.726600 0.162900
-59.803696 -28.956902 64.637985 -0.760900 -0.633300 0.141300
-60.720200 -31.986000 54.531693 -0.726900 -0.684300 0.057600
-58.385101 -30.785301 49.882294 -0.026800 -0.753100 -0.657300
-56.536896 -29.962502 49.314392 -0.092000 -0.788700 -0.607900
-55.454605 -29.906799 48.647583 -0.153500 -0.858300 -0.489700
-57.514008 -28.954901 48.266388 -0.178700 -0.878800 -0.442500
-47.190704 -28.370300 46.054688 0.274800 -0.907100 -0.318800
-46.919006 -39.932899 22.822876 -0.683500 -0.720600 -0.116300
-62.485397 -30.567101 38.890900 -0.326800 -0.845800 0.421700
-59.720398 -27.803801 43.343689 -0.285700 -0.814500 0.505000
-52.652206 -28.461901 45.321899 -0.679600 -0.729300 0.079100
-52.333405 -28.903000 47.342285 -0.801100 -0.532200 -0.273700
-54.294403 -28.006701 44.410400 -0.314900 -0.938600 -0.141200
-53.695404 -28.035702 42.864777 -0.525500 -0.813800 0.248200
-58.645203 -30.660202 37.974274 -0.201000 -0.892100 0.404600
-29.002701 -46.412399 4.248901 -0.450900 -0.878800 0.156200
-28.066498 -45.198898 9.948395 -0.415300 -0.890800 0.184400
-29.114594 -44.739998 15.528778 -0.245800 -0.969100 0.018700
-23.813904 -43.058800 49.542480 0.056300 -0.920500 0.386700
-29.317505 -41.621700 52.441681 0.015600 -0.951500 0.307100
-32.366302 -38.021801 62.918488 0.069000 -0.923900 0.376400
-35.138504 -44.613503 42.936279 -0.330600 -0.790200 0.516100
-39.792404 -39.695400 48.153992 -0.352800 -0.896800 -0.267000
-37.460495 -37.736000 49.348175 -0.823600 0.541000 -0.170300
-52.681305 -30.337002 41.599884 -0.835300 -0.501800 0.224800
-40.002701 -37.290901 46.664398 -0.433100 0.422800 0.796100
37.136703 -14.155300 -53.782898 0.534200 -0.751200 0.387700
-47.480804 -30.256901 44.013977 0.013500 -0.274200 0.961600
-43.058502 -35.262100 45.041382 -0.248800 0.225700 0.941900
-45.903595 -32.687202 44.106995 -0.152400 0.055300 0.986800
-44.925095 -38.584801 53.072983 -0.381400 -0.871000 -0.309600
-50.339294 -34.751503 52.411484 -0.524700 -0.774200 -0.354000
-53.164200 -31.567699 50.137299 -0.808400 -0.542100 -0.229400
-39.806000 -35.064899 50.965988 -0.189000 -0.096300 -0.977200
-43.396500 -32.375801 50.275482 0.042700 -0.380000 -0.924000
-46.084396 -29.849602 48.329590 0.189400 -0.656400 -0.730200
-61.850601 -34.870602 21.320282 0.406800 -0.596400 -0.692000
-59.437698 -33.531002 20.151001 0.076500 -0.958500 -0.274600
-55.625504 -34.423100 20.382996 -0.575900 -0.765800 -0.286100
-55.270294 -38.242901 20.862976 -0.157200 -0.503700 -0.849500
-56.278198 -37.063499 21.474274 -0.440400 0.198900 -0.875500
-60.840607 -36.874302 22.069275 -0.139400 -0.204300 -0.968900
-50.927902 -42.267700 -17.521301 -0.518000 -0.562300 -0.644600
-43.796402 -40.667000 -21.295013 0.088000 -0.513900 -0.853300
-51.420807 -46.340302 -10.493011 -0.567500 -0.817600 0.097300
-54.735001 -42.765999 -11.177399 -0.903300 -0.427200 -0.039400
-39.951004 -43.501801 -17.924316 0.341100 -0.564900 -0.751300
-48.017105 -46.070999 -16.042023 -0.270400 -0.740000 -0.615800
-34.115295 -47.275002 -11.442200 0.413800 -0.695700 -0.587100
-29.190704 -48.757900 -2.312225 -0.163100 -0.985900 -0.037400
-32.680496 -47.964401 -7.820313 0.039300 -0.997600 -0.057000
-41.928299 -48.841702 -11.874023 0.011800 -0.975800 -0.218200
-46.517899 -42.575302 13.153778 -0.342300 -0.918700 0.196900
-53.504196 -38.101101 14.985291 -0.422700 -0.803400 0.419300
-57.274597 -37.632801 12.749298 -0.511600 -0.662200 0.547400
-57.357895 -24.707800 75.005386 -0.659900 -0.671600 0.336900
-53.007706 -28.497301 76.728088 -0.574400 -0.742000 0.345700
-39.378403 -34.510399 70.216583 -0.140000 -0.967800 0.209100
-22.376801 -36.682999 61.738190 0.153000 -0.872800 0.463500
15.985596 -20.952200 57.246994 0.637900 -0.747600 0.184900
24.861206 -18.911701 33.290894 0.814200 -0.572700 0.095700
35.331604 1.108799 -6.527222 0.883100 0.223500 0.412600
26.945297 19.445498 -12.843597 0.840700 0.461400 0.283400
-41.736801 -35.263302 66.634384 -0.123500 -0.925200 0.358800
-55.335297 -31.918800 66.765289 -0.500700 -0.842500 0.198600
-62.140701 -24.827600 63.132187 -0.825800 -0.552400 0.113700
-52.198807 -36.026501 25.655090 0.376600 -0.910400 0.171400
-54.974197 -34.053402 28.453491 -0.135100 -0.969900 0.202800
-59.695404 -34.812302 28.734192 -0.140900 -0.792500 0.593400
-61.876801 -37.390602 25.634277 -0.051300 -0.918600 0.391800
-54.294495 -35.007401 20.676575 -0.247400 -0.895200 -0.370800
-61.036301 -37.755901 22.749481 -0.122300 -0.909100 -0.398200
-58.572098 -33.274601 34.446991 -0.224600 -0.879300 0.419900
-53.864899 -38.834602 21.273987 0.353900 -0.672600 -0.649900
-57.412003 -38.862301 23.945679 -0.226300 -0.972900 0.046600
-57.950302 -37.623901 26.749176 -0.321900 -0.837500 0.441600
-51.788300 -38.750198 26.250977 0.816200 -0.533800 0.221200
-56.261993 -37.011398 29.017700 -0.120500 -0.404300 0.906700
-63.869598 -33.982601 29.796783 -0.319700 -0.762900 0.562000
-52.909195 -37.364201 28.209076 0.600700 -0.132100 0.788500
-52.468506 -38.666000 23.006073 0.794500 -0.504600 -0.337800
-31.806793 -44.071503 45.435577 -0.167200 -0.822400 0.543700
-46.951004 -39.851200 37.310699 -0.576900 -0.778400 0.247600
-48.612106 -37.683300 43.705200 -0.672300 -0.696000 0.252200
-50.613907 -40.065002 30.967682 -0.622700 -0.781500 0.038400
-62.841995 -24.429800 82.292389 -0.617100 -0.589800 0.520900
-29.106903 -46.788300 23.292480 -0.031300 -0.999400 -0.017900
-33.740097 -44.633202 21.262695 -0.169300 -0.980600 -0.099100
-42.000000 -43.653099 16.747192 -0.516100 -0.853800 0.068700
-22.966293 -33.733002 -16.501923 0.063500 -0.625800 -0.777400
2.235397 -29.168701 -33.324707 0.446900 -0.894100 0.030100
-10.428497 -33.728699 -31.465027 0.060100 -0.984500 0.164800
-13.797699 -36.574600 -12.340515 0.204800 -0.839600 -0.503100
-57.151794 -36.612099 1.771179 -0.731400 -0.620100 -0.283600
-37.086899 -47.229301 -6.803497 -0.107400 -0.956000 0.273000
-44.578598 -48.105499 -8.976227 -0.186100 -0.858000 0.478800
-54.799805 -38.928802 1.358002 -0.587700 -0.801800 -0.108100
-49.166794 -41.174400 2.430389 -0.253500 -0.967000 -0.024600
-31.991302 -46.507301 -0.895416 -0.864100 -0.209100 0.457800
-54.936401 -34.034500 36.087891 -0.555800 -0.751800 0.354900
-47.536407 -28.470200 44.975098 0.205500 -0.824800 0.526700
-56.624496 -29.190800 46.970886 -0.183300 -0.937800 -0.295000
-51.786301 -36.947502 35.297485 -0.634500 -0.711100 0.302900
-59.452301 -27.827301 45.069275 -0.448300 -0.881100 -0.151000
-55.649704 -37.154099 6.345184 0.175200 -0.057000 -0.982900
-26.240097 -48.690399 11.779999 -0.422800 -0.893400 0.151800
-48.820099 -41.723000 8.464996 0.270300 -0.219200 -0.937500
-53.532104 -39.524300 6.312286 0.171700 -0.022500 -0.984900
-56.361008 -34.580502 18.520477 -0.597100 -0.685600 0.416500
-65.491104 -38.226101 21.841095 -0.210900 -0.858700 -0.467000
-66.891296 -37.481903 25.582794 -0.459800 -0.807200 0.370100
-54.228500 -39.126801 26.964203 -0.065200 -0.935500 0.347300
-58.411407 -38.381599 11.121979 -0.708700 -0.669100 0.223700
-53.841797 -31.848900 51.204086 -0.411700 -0.651000 -0.637700
-51.625198 -34.547100 42.907990 -0.893300 -0.422500 0.153500
-44.572998 -39.947201 45.815399 -0.344800 -0.928700 0.136900
-38.653702 -36.400600 50.489899 -0.417700 0.201100 -0.886100
-46.945496 -39.095802 53.610184 -0.361900 -0.772400 -0.521900
-52.522400 -35.857399 52.971191 -0.458800 -0.738300 -0.494400
-38.852798 -47.108398 36.065277 -0.397100 -0.911700 0.105700
-44.662399 -44.023201 33.049683 -0.512800 -0.858400 -0.014400
-26.262497 -35.905800 75.307587 0.066900 -0.982800 0.172300
5.557693 -25.231201 73.366287 0.511200 -0.814500 0.274200
-26.963196 -47.312000 42.678497 0.144500 -0.882100 0.448200
-40.602402 -43.496601 39.583282 -0.483000 -0.795100 0.366700
-54.475998 -35.301701 32.723999 -0.506500 -0.775800 0.376100
-63.001801 -31.993301 34.932495 -0.432400 -0.813700 0.388500
-62.801697 -28.239201 52.498581 -0.940300 -0.340400 -0.007600
-60.360397 -28.558001 47.774689 -0.490500 -0.684900 -0.538800
-53.569305 -39.113201 25.305481 0.037200 -0.999300 -0.006100
-55.662003 -32.180901 52.054184 -0.178000 -0.771200 -0.611200
-27.217300 -49.660599 5.250885 -0.341500 -0.936000 0.084700
-50.295898 -42.440701 10.986481 -0.258100 -0.932600 0.252400
-6.372208 -37.029999 -4.595520 0.181600 -0.916400 -0.356800
15.258698 -37.414402 -0.010712 0.422800 -0.905100 0.045200
-37.167999 -42.072601 57.585693 0.092200 -0.975800 0.198300
40.603897 13.840498 47.137787 0.998400 -0.038500 -0.040800
33.107605 -3.876101 48.109894 0.854800 -0.517800 0.034600
-11.781906 -43.234200 35.924194 0.246600 -0.960100 0.131900
-15.769806 -44.010902 26.903076 -0.065200 -0.997500 -0.026800
-17.652695 -45.643501 1.149994 0.384300 -0.843400 -0.375500
-26.452103 -47.301601 17.600403 -0.244000 -0.965100 0.095400
-55.639008 -40.438301 11.952393 -0.478800 -0.789400 0.384100
-57.288498 -34.348900 56.534882 -0.566900 -0.822200 0.050000
-56.279495 -28.327400 84.092087 -0.423600 -0.781700 0.457700
-4.433304 -7.428600 100.649887 0.193100 -0.177700 0.964900
20.554504 15.005899 91.436691 0.528700 0.181800 0.829100
38.933792 18.182798 70.117981 0.906700 0.242900 0.344800
31.086197 10.162600 11.677185 0.933800 0.200800 -0.296000
30.094101 30.908998 -27.260315 0.377500 0.573100 0.727400
13.696396 -20.802502 -39.569214 -0.231400 -0.923900 -0.304700
-37.804901 -46.437500 11.853485 -0.574000 -0.818300 -0.031800
32.240601 -5.108000 17.788879 0.989300 -0.099000 0.107400
-9.711807 -44.827702 19.768494 0.254100 -0.966400 0.039900
24.365494 -32.394699 -27.515106 0.540200 -0.828800 -0.145700
-5.700104 -22.216400 95.697891 0.245300 -0.623300 0.742500
34.828903 -1.402300 71.590286 0.837100 -0.440800 0.323900
-44.236099 -41.773201 61.063492 -0.287200 -0.838700 0.462700
21.507706 -2.218102 88.955383 0.610000 -0.344700 0.713500
44.499100 17.501299 -27.688904 0.557700 0.137100 0.818700
-41.268204 -31.239700 86.031891 -0.142200 -0.776100 0.614300
52.005600 11.212297 -35.153107 0.543200 -0.441500 0.714200
60.885712 27.561998 -32.092926 0.374400 0.109300 0.920800
-63.435699 -32.987900 32.364594 -0.401900 -0.826200 0.394800
-58.451797 -34.127201 30.572083 -0.274400 -0.912800 0.302400
-3.598602 -41.110500 57.735092 0.152700 -0.870100 0.468700
-5.658707 -42.509003 53.177689 0.544200 -0.803500 -0.241200
1.525894 -41.050201 42.494690 -0.099300 -0.969500 0.223900
4.459305 -41.136703 45.976501 0.278400 -0.956200 0.090600
5.695297 -39.873600 51.077682 0.402300 -0.866000 0.297000
3.694397 -38.250401 55.790283 0.381500 -0.856600 0.347500
-6.603302 -42.622704 36.290375 0.087600 -0.846700 0.524900
-3.447098 -45.573799 34.806580 -0.197700 -0.835700 0.512400
106.867798 2.607698 -88.577301 0.785100 -0.594800 0.172700
47.807205 -1.867201 -48.056519 0.522100 -0.661400 0.538500
10.688004 81.577698 -101.383209 0.071100 0.997500 -0.000000
35.204102 78.477005 -101.383209 0.283800 0.958900 0.000000
-53.615494 -34.829002 54.519882 -0.546800 -0.790300 -0.276600
-58.168304 -31.995501 51.620193 -0.119300 -0.893300 -0.433400
-60.776596 -29.872400 49.721100 -0.568100 -0.702400 -0.428900
-59.004303 -33.167500 55.533295 -0.562300 -0.825200 0.053700
-54.213806 -36.176003 57.743790 -0.568400 -0.819800 0.069500
-48.016800 -39.300499 59.821487 -0.432100 -0.848400 0.305900
45.510605 59.510002 -46.202026 0.266300 0.746400 0.609900
80.891205 36.087898 -48.537506 0.610500 0.418600 0.672300
88.628815 16.078897 -52.093811 0.644600 -0.147500 0.750100
82.199188 -1.710501 -58.048523 0.459000 -0.536900 0.707800
62.804810 -16.512701 -63.720520 0.194500 -0.569000 0.799000
22.835495 -31.099899 -64.607300 0.284500 -0.695500 0.659800
16.483002 -33.557701 -64.714325 -0.082800 -0.757200 0.647900
10.130600 -30.951702 -64.821198 -0.106800 -0.810100 0.576500
6.584305 -32.349998 -66.741699 -0.104200 -0.856600 0.505300
4.427994 -32.788002 -68.895599 -0.281200 -0.835200 0.472700
1.853592 -33.286201 -71.427399 -0.573400 -0.648500 0.500600
14.725403 -20.474001 -44.208618 -0.144400 -0.988000 -0.054100
5.709900 -26.463600 -41.030609 0.491300 -0.871000 0.007700
-7.382797 -31.566101 -39.019623 0.048400 -0.967600 -0.247800
-11.292206 -30.650002 -39.172302 -0.295300 -0.868400 -0.398300
57.299805 63.288704 -69.321808 0.445500 0.833500 0.326900
92.811493 46.657402 -70.806122 0.588100 0.666200 0.458500
107.897186 22.834200 -71.345215 0.808600 0.059000 0.585300
98.436493 0.686699 -72.273315 0.712500 -0.548100 0.438100
70.676788 -26.681601 -71.867126 0.441800 -0.791500 0.422200
32.006195 -39.956802 -73.181824 0.219000 -0.794000 0.567100
17.783600 -40.682999 -73.528412 -0.117000 -0.834500 0.538400
9.192398 -38.653503 -74.652313 -0.256000 -0.861000 0.439400
6.011902 -38.443100 -75.663513 -0.101500 -0.911300 0.399000
3.722504 -38.716301 -76.416321 -0.034900 -0.903300 0.427500
1.718399 -39.020302 -77.135620 -0.016100 -0.888000 0.459500
2.084396 -41.950203 -101.383209 0.087900 -0.996100 0.001200
63.660095 64.742699 -101.383209 0.431000 0.902300 -0.008200
101.903992 46.632500 -101.383209 0.637200 0.770700 -0.000000
117.950287 24.690798 -101.383209 0.996500 0.083100 -0.000000
106.867798 2.607698 -101.383209 0.779000 -0.627100 -0.000000
70.676788 -26.681601 -101.383209 0.543800 -0.839200 0.000000
36.106293 -44.222401 -101.383209 0.366900 -0.930200 0.000000
20.029602 -48.877998 -101.383209 -0.199300 -0.979900 0.000000
11.232300 -41.717800 -101.383209 -0.382500 -0.924000 0.000000
7.294693 -41.315399 -101.383209 0.009300 -1.000000 0.000000
4.510696 -41.652100 -101.383209 0.121100 -0.992600 -0.000200
-5.760803 -43.548901 31.756287 -0.551900 -0.727800 -0.406900
30.464996 -13.168100 14.792297 0.924100 -0.311600 0.221400
27.002502 -23.822300 13.342499 0.803800 -0.560500 0.199600
33.120697 -8.027501 4.282501 0.984200 0.010900 0.176700
18.013092 20.014700 90.231583 0.427600 0.387500 0.816700
35.424194 29.448500 68.124786 0.865700 0.342700 0.364900
35.623093 22.962900 69.181290 0.859500 0.330100 0.390300
38.288101 23.546198 42.366302 0.971600 0.190200 -0.140800
39.445999 18.693399 44.751984 0.978300 0.178700 -0.104700
24.854401 15.745600 9.586700 0.558300 0.691900 -0.457700
28.785004 14.449099 10.426300 0.626100 0.690300 -0.362700
18.358704 25.921301 -14.938812 0.103200 0.855400 0.507600
24.769501 24.908499 -14.348999 0.666700 0.714900 0.210700
7.579498 35.644302 -24.335510 -0.029000 0.622200 0.782300
20.593994 33.202599 -25.768005 0.264700 0.694200 0.669300
9.300003 51.693901 -36.414398 0.041700 0.608300 0.792600
23.113602 45.995399 -36.441925 0.195600 0.518800 0.832200
11.230392 63.471397 -48.145111 0.045200 0.772900 0.632900
30.339493 62.264999 -45.941498 0.127700 0.710800 0.691700
10.688004 81.577698 -71.867126 -0.036200 0.949800 0.310600
35.204102 78.477005 -71.867126 0.321100 0.905500 0.277400
35.204102 78.477005 -88.577301 0.304900 0.952100 0.021400
10.688004 81.577698 -88.577301 0.051100 0.998400 0.022600
-1.377701 -39.913002 55.896286 0.431800 -0.780000 -0.452900
6.743393 -37.018700 56.369781 0.309400 -0.886600 0.343900
6.423599 -33.637802 58.505188 0.593800 0.427300 0.681800
-56.451904 -36.805199 5.846100 -0.171400 0.063800 0.983100
-49.444305 -41.316200 6.544586 -0.162900 -0.043500 0.985700
-54.246201 -38.928001 6.237976 -0.143500 -0.012400 0.989600
-33.625702 -26.092800 47.169678 -0.768100 -0.638200 0.052000
-28.750397 -33.376900 12.015289 -0.319600 0.129900 0.938600
-34.052002 -24.114101 9.052887 0.225700 -0.175100 -0.958300
-30.344101 -30.568501 11.083893 -0.304700 0.123100 0.944500
-32.632706 -26.609701 9.841400 0.236100 -0.152700 -0.959700
-43.521805 -43.849098 9.931274 -0.468900 -0.216900 0.856200
-57.084198 -30.616402 4.057495 -0.181600 -0.541900 -0.820600
-55.517807 -27.615900 3.844879 0.457100 0.276800 -0.845200
-56.599701 -30.718000 4.147583 0.198500 -0.671100 -0.714300
-56.004395 -27.443501 3.743774 0.147900 0.420500 -0.895200
-56.688095 -27.601900 3.662476 -0.079800 0.372100 -0.924700
-55.443405 -30.236200 4.252899 0.594300 -0.454900 -0.663200
-57.160599 -27.925301 3.638580 -0.362900 0.149400 -0.919800
-55.300598 -27.993301 3.935486 0.644900 -0.023200 -0.763900
-57.303406 -30.168201 3.955994 -0.371500 -0.209900 -0.904400
-57.352402 -30.798901 4.451080 -0.540400 -0.817900 -0.197300
-57.624496 -30.292601 4.332581 -0.898100 -0.273500 -0.344500
-56.748001 -30.902802 4.559875 0.100300 -0.994800 -0.014800
-55.303894 -30.324200 4.694885 0.790000 -0.613000 0.003400
-55.118896 -27.760101 4.335388 0.962400 0.212800 -0.168900
-57.439499 -27.728401 3.973083 -0.788200 0.425200 -0.444900
-56.848907 -27.347500 4.006500 -0.316300 0.846000 -0.429200
-55.995407 -27.149801 4.108002 0.085400 0.916300 -0.391400
-55.388702 -27.334600 4.229492 0.634300 0.702300 -0.323000
-57.691498 -29.619101 8.480103 -0.580500 -0.779200 0.236300
-55.947998 -29.209801 8.712677 0.744600 -0.589600 0.312900
-57.710403 -26.924801 7.569977 -0.770200 0.624200 -0.130700
-55.965607 -26.588402 7.818573 0.647400 0.761000 0.041800
-57.282608 -32.013401 4.308197 -0.337900 -0.047300 -0.940000
-56.948196 -31.570202 4.273895 -0.177900 0.213500 -0.960600
-56.319702 -31.206301 4.310974 -0.006600 0.317900 -0.948100
-55.774200 -31.139999 4.397095 0.398900 0.330000 -0.855500
-57.224808 -32.562302 4.437592 -0.307600 -0.381300 -0.871800
-54.494797 -32.978100 5.030273 0.633000 0.019000 -0.773900
-54.472107 -33.464203 5.139587 0.644900 -0.289500 -0.707300
-55.945297 -34.400402 5.070801 -0.094700 -0.666700 -0.739300
-54.771301 -33.970200 5.194000 0.510100 -0.551000 -0.660400
-55.399796 -34.334099 5.156891 0.308200 -0.666300 -0.679000
-57.889008 -30.951601 8.940277 -0.965500 0.259000 -0.026100
-56.282394 -30.021301 9.034882 0.305500 0.950800 -0.051900
-56.359497 -33.225403 9.713776 -0.221700 -0.915900 0.334600
-55.091003 -32.426701 9.774597 0.926400 -0.215300 0.308900
-57.642807 -31.875500 4.625793 -0.871200 0.193600 -0.451200
-57.597107 -32.513500 4.772186 -0.864500 -0.395900 -0.309600
-57.214005 -31.342400 4.589478 -0.575800 0.667600 -0.472100
-56.429398 -30.888100 4.635681 -0.255300 0.848300 -0.463800
-55.759705 -30.785101 4.736694 0.423400 0.819100 -0.387100
-54.279602 -32.870602 5.460388 0.953800 0.246900 -0.170900
-56.117004 -34.598999 5.495880 -0.364900 -0.925700 -0.099500
-55.447296 -34.495903 5.596893 0.323500 -0.945700 0.031300
-54.662704 -34.041599 5.643097 0.682200 -0.729800 0.045200
-54.274094 -33.436901 5.583893 0.957600 -0.283700 -0.049700
-54.132401 -22.655602 2.876984 -0.502700 -0.162900 -0.849000
-52.948593 -23.324301 3.300873 0.406300 -0.729200 -0.550600
-53.465195 -23.319801 3.192474 -0.091500 -0.735200 -0.671700
-51.962006 -20.242401 2.683777 -0.051300 0.452400 -0.890300
-50.835297 -20.974600 3.112701 0.745200 -0.351900 -0.566300
-50.952103 -20.525501 2.968781 0.587100 0.279900 -0.759600
-54.763794 -21.669401 6.975891 -0.995400 -0.095300 0.011500
-53.491104 -22.396301 7.367493 0.157000 -0.931700 0.327400
-51.498306 -20.422701 7.307587 0.809600 -0.534300 0.242900
-52.516006 -19.138901 6.842377 -0.089400 0.974900 -0.203700
-51.302505 -19.932301 7.237488 0.939700 0.322600 0.113600
-54.542404 -22.619501 3.404602 -0.940500 -0.118000 -0.318700
-53.680099 -23.441700 3.741302 -0.382700 -0.923000 -0.039100
-53.050705 -23.471401 3.863586 0.353600 -0.931500 0.085300
-52.080505 -19.848001 3.258484 -0.197300 0.905700 -0.375300
-50.829605 -20.232601 3.572083 0.716600 0.670800 -0.190900
-50.653702 -20.772800 3.721283 0.980600 -0.195300 0.016800
-55.044205 -23.827200 3.089691 -0.094800 0.320600 -0.942500
-54.505905 -23.720201 3.165680 0.180900 0.378800 -0.907600
-53.910004 -23.869101 3.307678 0.408700 0.288700 -0.865800
-53.614197 -24.184502 3.430298 0.707600 -0.119300 -0.696500
-55.505997 -24.275400 3.101593 -0.253000 0.120600 -0.959900
-54.688705 -26.411600 3.714203 0.566900 -0.524400 -0.635300
-56.476303 -25.965000 3.288391 -0.320000 -0.053600 -0.945900
-56.592499 -26.488401 3.450287 -0.361000 -0.374300 -0.854200
-55.700806 -26.952702 3.714874 0.154100 -0.730100 -0.665700
-56.296707 -26.803801 3.572876 -0.109800 -0.629800 -0.768900
-55.570999 -22.766800 7.064575 -0.361600 0.920300 -0.149600
-54.047806 -23.147501 7.427399 0.900300 0.408000 0.151400
-57.171494 -25.553801 7.372681 -0.925200 -0.350800 0.144500
-55.606201 -25.861101 7.727386 0.393800 -0.834700 0.385000
-55.203796 -23.495602 3.472382 -0.364300 0.812100 -0.455800
-55.737900 -24.016100 3.416595 -0.711700 0.524200 -0.467600
-54.544601 -23.384800 3.569794 0.116600 0.912200 -0.392800
-53.788803 -23.584600 3.682190 0.525600 0.771100 -0.359400
-53.406403 -23.955700 3.832886 0.977100 0.142900 -0.157400
-56.844894 -25.943901 3.629700 -0.863800 0.210400 -0.457800
-54.625198 -26.487600 4.226074 0.786800 -0.613800 0.064500
-56.956604 -26.548000 3.809784 -0.863100 -0.387900 -0.323500
-56.574295 -26.919001 3.960480 -0.458000 -0.881200 -0.117400
-55.830399 -27.104900 4.137695 -0.017600 -0.999700 0.014100
-55.125107 -26.913700 4.226196 0.458000 -0.888900 0.000800
-44.726501 -39.444901 8.240784 -0.194100 -0.713800 -0.672900
-44.960403 -38.500603 8.042389 -0.462900 -0.072300 -0.883500
-44.703796 -38.041000 8.002502 -0.211600 0.373800 -0.903000
-41.620499 -37.422802 8.367493 0.279600 0.479300 -0.831900
-41.559799 -38.810101 8.615692 0.554600 -0.629000 -0.544800
-41.293701 -37.765503 8.476501 0.740300 0.006300 -0.672200
-45.320404 -38.490799 12.353485 -0.632200 -0.742000 0.222800
-45.286102 -37.007103 12.038879 -0.721300 0.673900 -0.159900
-42.032898 -37.816101 12.812897 0.774700 -0.563600 0.286800
-42.085205 -36.350201 12.486176 0.626300 0.778500 -0.040500
-45.059601 -39.546001 8.812286 -0.537100 -0.839100 -0.086300
-45.315399 -38.372601 8.511292 -0.934100 0.060300 -0.351800
-45.019394 -37.807098 8.443481 -0.562300 0.702100 -0.436800
-41.459000 -38.807098 9.315491 0.701100 -0.699700 0.137200
-41.146301 -37.516998 9.093994 0.978100 0.203400 -0.043700
-41.513596 -37.087601 8.933502 0.384600 0.866700 -0.317800
-46.214996 -39.587200 8.124573 0.439200 -0.632600 -0.637900
-45.787796 -38.154400 7.893402 0.475600 0.294700 -0.828800
-45.671906 -38.574001 8.005493 0.674800 -0.186400 -0.714000
-45.849899 -39.171001 8.101776 0.630000 -0.422700 -0.651500
-46.829697 -39.762299 8.049286 0.197300 -0.683200 -0.703100
-48.754105 -39.748901 7.691986 0.018600 -0.658000 -0.752800
-48.220108 -37.957901 7.402985 0.061200 0.378200 -0.923700
-49.273895 -39.551903 7.623688 -0.281200 -0.516700 -0.808700
-49.389908 -39.132301 7.511597 -0.365100 -0.174100 -0.914500
-49.211899 -38.535301 7.415192 -0.323600 0.122700 -0.938200
-46.664597 -38.660698 12.142700 0.565800 -0.734600 0.374500
-46.209503 -37.134602 11.896393 0.805400 0.589100 0.066200
-48.742203 -36.925701 11.384796 -0.078500 0.975600 -0.204900
-49.838806 -38.638500 11.553375 -0.827700 -0.524300 0.200000
-49.300201 -37.112999 11.322601 -0.660700 0.730900 -0.171000
-46.833298 -39.910599 8.494476 0.137000 -0.990500 0.014500
-46.138199 -39.677399 8.641998 0.555300 -0.829000 0.066200
-45.708206 -39.157600 8.608795 0.886100 -0.461400 0.044100
-45.473999 -38.426300 8.423676 0.993500 -0.064400 -0.093900
-45.592896 -37.902702 8.288574 0.696200 0.644000 -0.317100
-49.029007 -39.895203 8.086792 -0.198600 -0.976800 -0.079900
-48.374298 -37.645302 7.790680 -0.065400 0.903100 -0.424300
-49.614700 -39.653099 7.996582 -0.706000 -0.668400 -0.234100
-49.733597 -39.129501 7.861389 -0.923100 -0.051300 -0.381100
-49.511398 -38.384201 7.741089 -0.805100 0.405600 -0.432900
-48.989899 -37.864998 7.724884 -0.449100 0.731000 -0.513800
-54.246994 -37.431702 6.039276 0.012200 -0.672100 -0.740400
-52.738693 -36.558300 6.128082 0.699500 -0.206600 -0.684100
-53.072998 -37.001503 6.162384 0.487600 -0.564200 -0.666300
-53.701508 -37.365501 6.125397 0.312700 -0.662400 -0.680700
-54.681900 -37.101200 5.887695 -0.252600 -0.479500 -0.840400
-53.641098 -34.501900 5.517090 0.563100 0.143800 -0.813800
-55.584305 -35.044701 5.276703 -0.393400 -0.133600 -0.909600
-54.040802 -34.234200 5.385590 0.308700 0.310500 -0.899000
-55.249893 -34.601601 5.242401 -0.184000 0.212300 -0.959700
-54.621506 -34.237602 5.279388 0.014900 0.332900 -0.942900
-54.920303 -36.277599 10.638977 -0.326700 -0.883800 0.334800
-53.313705 -35.347301 10.733673 0.934200 -0.203500 0.293100
-54.379395 -33.335800 10.102295 0.726200 0.687400 0.006300
-56.026901 -33.840900 9.908203 -0.935100 0.349700 -0.057500
-54.704102 -33.139000 9.999878 0.072000 0.989200 -0.127600
-54.935196 -37.264900 6.290192 -0.716200 -0.660100 -0.226400
-54.418701 -37.630302 6.464294 -0.217200 -0.972800 -0.080500
-53.749100 -37.527298 6.565399 0.327400 -0.944000 0.041100
-52.964401 -37.073002 6.611603 0.646600 -0.761200 0.049100
-52.535599 -36.539902 6.575195 0.981900 -0.176700 -0.068700
-53.544998 -34.181801 5.879303 0.768300 0.577000 -0.277000
-55.944504 -34.906799 5.594299 -0.911800 0.052200 -0.407400
-55.515808 -34.373802 5.557892 -0.578800 0.663800 -0.473600
-54.731094 -33.919403 5.604095 -0.211500 0.865300 -0.454500
-54.021301 -33.888100 5.728088 0.319200 0.856200 -0.406100
-52.967804 -37.964203 6.404999 -0.322400 -0.290500 -0.900900
-52.801193 -37.498199 6.313690 -0.239900 0.111500 -0.964400
-51.802902 -36.734501 6.328888 0.138600 0.358600 -0.923100
-52.709396 -38.368401 6.575684 -0.144300 -0.615500 -0.774800
-49.868301 -37.689903 7.033295 0.533800 0.175200 -0.827300
-49.667694 -38.058201 7.181000 0.687200 -0.133900 -0.714000
-50.774796 -39.323799 7.280090 0.148800 -0.763900 -0.628000
-49.776596 -38.560001 7.295288 0.641400 -0.460400 -0.613700
-50.261993 -39.072403 7.326996 0.483900 -0.634000 -0.603300
-53.633102 -36.863201 10.794403 -0.999500 -0.031700 -0.002200
-52.397400 -35.547501 10.737396 -0.131200 0.973800 -0.185800
-51.281998 -38.399498 11.235901 0.098500 -0.926200 0.364000
-50.107300 -37.045300 11.159302 0.952100 0.217000 0.215400
-53.360901 -37.923401 6.727173 -0.898300 -0.179100 -0.401300
-53.081802 -38.401100 6.922974 -0.629300 -0.753300 -0.191300
-53.134308 -37.353203 6.620575 -0.727800 0.483200 -0.486700
-51.906708 -36.388199 6.632202 -0.046300 0.879700 -0.473200
-49.683701 -37.461700 7.434875 0.746800 0.597700 -0.291700
-50.858902 -39.474701 7.725677 0.010100 -0.999900 0.010100
-50.237198 -39.149300 7.776794 0.601900 -0.793000 0.094200
-49.631195 -38.509701 7.737183 0.871500 -0.487000 0.056700
-49.470398 -37.898602 7.604401 0.990500 0.066500 -0.120000
-56.322403 -24.423801 3.865387 -0.687700 0.091200 0.720200
-56.119507 -24.726200 3.968475 -0.487800 -0.258600 0.833800
-55.652802 -24.910501 4.101196 -0.251800 -0.368400 0.894900
-55.202499 -24.866301 4.183990 0.115400 -0.333700 0.935600
-56.173599 -23.964201 3.801788 -0.615700 0.425500 0.663200
-53.783600 -23.131001 4.118683 0.289500 -0.089100 0.953000
-53.676102 -22.729200 4.058502 0.328500 0.210500 0.920700
-54.754807 -22.229000 3.736481 -0.440000 0.640400 0.629500
-53.837708 -22.369101 3.951996 0.178500 0.554200 0.813000
-54.304398 -22.184700 3.819275 -0.085200 0.677800 0.730300
-55.170502 -24.901402 0.286285 -0.857200 -0.309600 -0.411500
-53.966293 -25.377100 0.628784 0.357500 -0.923600 0.138100
-53.522003 -22.593201 0.150696 -0.155200 0.948300 -0.276800
-52.221497 -23.127401 0.263580 0.948900 0.264200 0.172700
-56.496704 -24.579102 3.508881 -0.984000 -0.174800 0.035800
-56.341995 -24.048801 3.431976 -0.893400 0.443200 -0.072900
-56.230103 -24.937901 3.636475 -0.643200 -0.741000 0.192700
-55.647598 -25.168100 3.802185 -0.235400 -0.919500 0.314600
-55.098602 -25.131500 3.906586 0.335900 -0.817800 0.467300
-53.464706 -23.157600 3.836395 0.780400 -0.329000 0.531700
-54.708206 -22.074800 3.361786 -0.461900 0.886700 -0.020100
-54.159103 -22.038200 3.466187 0.123200 0.983300 0.134100
-53.576599 -22.268400 3.631989 0.557600 0.771200 0.307200
-53.357101 -22.693100 3.763489 0.837300 0.214300 0.503000
-56.588806 -25.192801 4.011780 -0.452300 0.602400 0.657700
-55.290298 -25.348501 4.308197 0.372400 0.291200 0.881200
-55.589294 -25.116501 4.199890 0.026700 0.646000 0.762900
-56.130295 -25.051701 4.076385 -0.194000 0.683900 0.703300
-56.937195 -25.608801 4.025696 -0.627700 0.400200 0.667600
-55.952301 -27.296200 4.571075 0.288200 -0.082500 0.954000
-57.599197 -27.556400 4.288574 -0.709300 0.020100 0.704600
-56.274200 -27.649900 4.577789 0.128400 -0.266400 0.955300
-57.300293 -27.788401 4.397003 -0.368100 -0.332800 0.868200
-56.759308 -27.853300 4.520477 -0.106600 -0.378900 0.919300
-55.378204 -25.560902 0.387878 -0.394700 0.848500 -0.352500
-53.982101 -25.728300 0.706573 0.835400 0.534400 0.128400
-54.674500 -27.776901 0.983978 0.838800 -0.450400 0.305900
-56.440796 -28.046400 0.679077 -0.759200 -0.553800 -0.342000
-55.016800 -28.148401 0.990173 0.411700 -0.894700 0.173200
-57.018600 -25.537102 3.637573 -0.870300 0.486400 -0.078000
-56.603607 -25.064600 3.625702 -0.542500 0.839400 -0.032300
-56.039795 -24.908401 3.708679 -0.083900 0.994600 0.060300
-55.364304 -24.989401 3.862885 0.296700 0.933600 0.201000
-54.982605 -25.259001 3.995789 0.803100 0.385600 0.454200
-55.720505 -27.483301 4.299774 0.741500 -0.419400 0.523700
-57.756500 -27.761301 3.941589 -0.949200 -0.307200 0.067800
-57.374695 -28.030901 4.074493 -0.419500 -0.866700 0.269900
-56.699295 -28.111900 4.228699 0.023200 -0.929600 0.367700
-56.105103 -27.884800 4.303375 0.452600 -0.746900 0.487100
-57.981003 -32.473301 5.193481 -0.657400 0.335000 0.675000
-56.482498 -31.593401 5.319092 0.046800 0.676100 0.735400
-57.009705 -31.689301 5.231293 -0.342300 0.662600 0.666200
-57.634094 -32.055901 5.178894 -0.492700 0.574800 0.653300
-57.958008 -32.958500 5.297302 -0.641500 -0.030200 0.766500
-55.363800 -33.145100 5.864075 0.300300 0.347200 0.888400
-56.839401 -34.510201 5.842194 -0.381400 -0.361000 0.851000
-55.370895 -33.576702 5.950775 0.308100 0.015500 0.951200
-56.312195 -34.414402 5.930084 0.012800 -0.337700 0.941200
-55.687805 -34.047699 5.982391 0.186800 -0.235300 0.953800
-56.773804 -32.955299 1.283295 -0.854500 0.247200 -0.456900
-55.162598 -32.009201 1.418396 0.272200 0.955700 -0.112400
-53.981796 -33.638401 1.991791 0.913100 0.345000 0.217100
-55.573303 -35.097301 1.965485 -0.153000 -0.986500 -0.058000
-53.993698 -34.094803 2.082581 0.870300 -0.412800 0.268800
-58.158707 -33.073799 4.885681 -0.953000 -0.296000 0.064400
-58.164795 -32.508400 4.768982 -0.946100 0.321200 -0.040800
-57.722000 -32.004501 4.756287 -0.637400 0.766600 -0.077700
-56.942505 -31.546801 4.821686 -0.364200 0.930900 -0.026800
-56.294006 -31.409801 4.925873 0.276600 0.940200 0.198700
-54.997498 -33.168400 5.549286 0.816400 0.351400 0.458300
-56.862198 -34.832401 5.509186 -0.420000 -0.858100 0.295400
-56.213806 -34.695400 5.613373 0.271900 -0.857200 0.437300
-55.434204 -34.237701 5.678680 0.574600 -0.662200 0.481100
-55.025696 -33.672699 5.646576 0.815700 -0.219400 0.535300
-57.840195 -31.255901 4.953094 -0.383100 -0.300000 0.873600
-57.358002 -31.255001 5.051178 -0.069000 -0.352800 0.933100
-56.697205 -31.003700 5.134491 0.083900 -0.302300 0.949500
-56.254303 -30.652901 5.153076 0.319800 -0.077000 0.944400
-58.084106 -30.923000 4.835388 -0.645400 0.028800 0.763300
-56.258606 -28.769600 4.767578 0.292000 0.325200 0.899400
-56.496002 -28.495100 4.663086 0.046700 0.609600 0.791400
-58.088394 -29.039700 4.449799 -0.652700 0.397200 0.645200
-56.984695 -28.437700 4.551788 -0.236100 0.686800 0.687400
-57.645508 -28.688900 4.468384 -0.412600 0.626900 0.660800
-56.634003 -31.874001 1.037903 -0.421700 -0.892400 -0.160500
-54.928894 -31.225700 1.252991 0.853800 -0.462900 0.238300
-56.895004 -29.543501 0.508698 -0.745300 0.516200 -0.422100
-55.182999 -28.956501 0.737701 0.562300 0.824000 -0.070400
-57.945908 -31.548700 4.634491 -0.490900 -0.815600 0.306200
-58.245605 -31.177002 4.497498 -0.944000 -0.314000 0.101700
-57.346100 -31.528801 4.752686 0.104400 -0.903600 0.415400
-56.521103 -31.215099 4.856689 0.390600 -0.797000 0.460700
-55.966003 -30.795900 4.884186 0.769400 -0.349500 0.534600
-55.949600 -28.639101 4.446991 0.780200 0.442100 0.442500
-58.229202 -29.020100 4.060303 -0.902200 0.428900 -0.046400
-57.674103 -28.601002 4.087799 -0.481100 0.875200 -0.050100
-56.849106 -28.287300 4.191803 -0.155900 0.987300 0.029700
-56.241806 -28.333900 4.325073 0.353800 0.901200 0.250400
-47.613800 -39.961601 8.813873 -0.491900 -0.258100 0.831500
-47.421600 -38.748802 8.605286 -0.436100 0.650200 0.622200
-47.686295 -39.124401 8.628082 -0.657500 0.355400 0.664300
-47.766296 -39.629799 8.714996 -0.686400 0.095700 0.720900
-47.151001 -40.062202 8.928802 -0.172800 -0.364800 0.914900
-45.241898 -38.371002 8.972382 -0.149900 0.694900 0.703300
-44.971298 -39.684402 9.295776 0.103500 -0.329500 0.938500
-44.848801 -38.478798 9.074493 0.117200 0.587500 0.800700
-44.706696 -39.308800 9.272980 0.305100 -0.018700 0.952100
-44.626602 -38.803398 9.186096 0.333000 0.278400 0.900900
-46.462708 -40.473400 5.241577 -0.620300 -0.735900 -0.271500
-46.256195 -39.169300 5.017273 -0.589300 0.717200 -0.371900
-43.823898 -38.766300 5.169495 0.095700 0.988500 -0.116800
-43.684006 -40.181900 5.748291 0.732700 -0.641400 0.227500
-43.411407 -38.882900 5.279297 0.777600 0.617800 0.117100
-47.218399 -40.327103 8.616486 -0.127600 -0.922700 0.363900
-47.743698 -40.196098 8.482574 -0.694700 -0.690200 0.202400
-47.911804 -39.779400 8.363281 -0.993200 -0.116100 -0.004200
-47.811905 -39.148499 8.254700 -0.938400 0.335200 -0.083500
-47.503906 -38.681900 8.222198 -0.578100 0.814300 -0.052400
-45.014297 -38.234600 8.638184 0.039800 0.992600 0.114300
-44.728806 -39.879799 9.032379 0.450800 -0.740400 0.498700
-44.420898 -39.413200 8.999878 0.814000 -0.248200 0.525200
-44.320908 -38.782303 8.891388 0.844300 0.261500 0.467800
-44.568298 -38.373901 8.757477 0.509500 0.801500 0.313000
-48.407806 -39.789299 8.660492 0.059600 -0.310900 0.948600
-48.057297 -39.455399 8.663696 0.256200 -0.119400 0.959200
-47.838898 -38.944603 8.603882 0.334000 0.097700 0.937500
-47.883698 -38.563400 8.516876 0.215500 0.571200 0.792000
-48.934402 -39.887199 8.573181 -0.200600 -0.361900 0.910400
-49.860504 -38.165199 8.032684 -0.145700 0.691600 0.707400
-50.321198 -38.271000 7.960388 -0.380500 0.641600 0.666100
-50.911194 -39.488998 8.088989 -0.556300 -0.252900 0.791600
-50.737595 -38.597000 7.942200 -0.591200 0.485700 0.643900
-50.955994 -39.107803 8.001984 -0.687300 0.236600 0.686800
-47.119293 -40.295898 5.080902 0.542100 -0.821900 0.175000
-46.555801 -38.977798 4.926483 0.850000 0.515800 0.106500
-49.751907 -39.980202 4.479889 -0.775800 -0.524100 -0.351400
-49.119095 -38.670403 4.341278 -0.370500 0.860500 -0.349800
-48.217102 -40.027702 8.391174 0.371800 -0.791500 0.485000
-48.825104 -40.155899 8.293488 -0.078700 -0.925700 0.369900
-47.800797 -39.608398 8.390381 0.726500 -0.450700 0.518700
-47.528198 -38.970703 8.315674 0.854300 -0.060700 0.516200
-47.562805 -38.497200 8.211975 0.637900 0.680400 0.360800
-49.811203 -38.026501 7.657593 -0.049100 0.996300 0.070900
-51.073395 -39.685101 7.739197 -0.787800 -0.595100 0.159100
-51.108093 -39.211700 7.635376 -0.987800 0.147100 -0.051700
-50.835495 -38.574001 7.560699 -0.816200 0.567700 -0.107300
-50.343994 -38.163700 7.576996 -0.463200 0.885700 -0.030200
-55.245300 -37.354202 6.747986 -0.270600 -0.355100 0.894800
-54.718201 -37.258400 6.835785 0.016300 -0.333400 0.942600
-54.093796 -36.891800 6.888184 0.166300 -0.244800 0.955200
-53.746796 -36.474300 6.873596 0.375900 0.088900 0.922400
-55.643005 -37.089001 6.612793 -0.574000 -0.150600 0.804900
-54.490799 -34.702702 6.360077 0.217900 0.494200 0.841600
-54.858398 -34.491001 6.241974 -0.056300 0.665700 0.744100
-56.386993 -35.317299 6.099274 -0.712600 0.229900 0.662800
-55.415695 -34.533302 6.136993 -0.323000 0.674300 0.664100
-56.039993 -34.899902 6.084686 -0.497700 0.573100 0.651000
-53.962006 -37.940701 2.874573 -0.162700 -0.984200 -0.069300
-52.350906 -36.994701 3.009674 0.952600 -0.196600 0.232100
-55.162598 -35.798801 2.192474 -0.850800 0.262400 -0.455200
-53.519806 -34.909000 2.345490 0.333000 0.932700 -0.138500
-55.268204 -37.676399 6.414886 -0.261300 -0.901100 0.346000
-55.742004 -37.385601 6.259003 -0.780400 -0.604400 0.160400
-54.619797 -37.539501 6.519073 0.272400 -0.857000 0.437500
-53.840195 -37.081699 6.584503 0.541600 -0.685500 0.486600
-53.397400 -36.577900 6.571777 0.847900 -0.080600 0.524000
-54.226196 -34.544601 5.987579 0.619500 0.706300 0.342400
-56.570801 -35.352402 5.674774 -0.987700 0.153600 -0.027600
-56.128006 -34.848499 5.662079 -0.638100 0.765900 -0.078500
-55.348495 -34.390800 5.727478 -0.326600 0.944700 -0.028900
-54.665695 -34.315002 5.851074 0.143300 0.977100 0.157200
-54.142303 -37.853500 7.054291 -0.671000 0.213600 0.710000
-52.833298 -36.756599 7.096985 -0.121300 0.710000 0.693700
-53.352798 -36.970901 7.034973 -0.432200 0.618500 0.656200
-53.898193 -37.427902 7.017181 -0.553100 0.510900 0.658000
-53.984695 -38.237099 7.164795 -0.528700 -0.179500 0.829600
-51.247101 -37.710999 7.615173 0.193100 0.501700 0.843200
-52.398605 -39.191502 7.682983 -0.211200 -0.390400 0.896100
-51.135406 -38.059402 7.709076 0.309100 0.141400 0.940500
-51.879105 -38.977203 7.745087 0.100300 -0.288200 0.952300
-51.333694 -38.520103 7.762878 0.239100 -0.161100 0.957500
-52.974808 -38.402702 3.117279 -0.900900 -0.037300 -0.432400
-51.567307 -37.223301 3.163177 0.047900 0.974600 -0.219000
-51.141098 -39.809700 3.778290 0.100700 -0.993200 0.057900
-49.781799 -38.593300 3.806885 0.983000 0.073600 0.168300
-54.190399 -38.412201 6.801788 -0.799200 -0.572200 0.183900
-54.352707 -37.959801 6.676300 -0.996100 0.085700 0.019300
-54.033096 -37.439800 6.635284 -0.762300 0.642600 -0.076800
-53.352097 -36.869202 6.657501 -0.530100 0.845600 -0.062200
-52.718399 -36.590302 6.729675 0.016400 0.994100 0.107000
-50.891006 -37.664501 7.321503 0.672400 0.634400 0.381300
-52.363098 -39.486401 7.393585 -0.150300 -0.912500 0.380600
-51.729294 -39.207500 7.465790 0.438300 -0.764900 0.472000
-51.048401 -38.636902 7.487976 0.687800 -0.517800 0.508800
-50.781204 -38.076801 7.428101 0.847300 0.020700 0.530700
-62.599503 -9.367001 38.988190 -0.899900 -0.435700 0.019700
-62.049606 -7.939200 42.718201 -0.815600 -0.236600 0.528000
-62.824203 -6.386001 41.693085 -0.921200 -0.024800 0.388300
-63.286896 -5.509601 39.937775 -0.984300 0.094700 0.149000
-63.313904 -5.545101 37.922485 -0.988000 0.089800 -0.125800
-62.897903 -6.482800 36.187286 -0.931300 -0.038000 -0.362300
-62.150406 -8.071501 35.197083 -0.829400 -0.254600 -0.497300
-61.271606 -9.885501 35.217194 -0.709500 -0.501900 -0.494600
-60.497101 -11.438701 36.242188 -0.603900 -0.713700 -0.354900
-60.034302 -12.315001 37.997589 -0.540900 -0.833100 -0.115500
-60.007294 -12.279601 40.012787 -0.537200 -0.828300 0.159200
-60.423294 -11.341901 41.748077 -0.593900 -0.700500 0.395800
-61.170807 -9.753201 42.738281 -0.695800 -0.483900 0.530800
-59.769104 -5.984701 45.407501 -0.521500 0.008700 0.853200
-61.110703 -3.294401 43.631989 -0.695800 0.358100 0.622600
-61.912201 -1.776600 40.591675 -0.799900 0.555300 0.227700
-61.959000 -1.838001 37.101074 -0.806000 0.547300 -0.225600
-61.238495 -3.462101 34.095703 -0.712400 0.336400 -0.615900
-59.943695 -6.213800 32.380585 -0.544200 -0.021000 -0.838700
-58.421600 -9.355700 32.415375 -0.346500 -0.429100 -0.834200
-57.080002 -12.046000 34.190887 -0.172300 -0.778500 -0.603600
-56.278397 -13.563900 37.231201 -0.068200 -0.975600 -0.208700
-56.231705 -13.502501 40.721680 -0.062100 -0.967600 0.244600
-56.952194 -11.878401 43.727173 -0.155700 -0.756700 0.635000
-58.246994 -9.126700 45.442291 -0.323900 -0.399300 0.857700
-56.369095 -4.027201 46.335602 -0.329400 0.128600 0.935400
-57.918198 -0.920700 44.285492 -0.521500 0.513900 0.681100
-58.843796 0.831900 40.774780 -0.636300 0.731300 0.245700
-58.897797 0.761000 36.744293 -0.643000 0.722500 -0.254100
-58.065796 -1.114300 33.273895 -0.539800 0.489900 -0.684600
-56.570694 -4.291700 31.293396 -0.354400 0.095800 -0.930200
-54.813095 -7.919701 31.333679 -0.136400 -0.354200 -0.925200
-53.264008 -11.026200 33.383789 0.055700 -0.739400 -0.670900
-52.338501 -12.778901 36.894501 0.170500 -0.956800 -0.235500
-52.284393 -12.708001 40.924988 0.177200 -0.948000 0.264400
-53.116394 -10.832601 44.395386 0.074000 -0.715400 0.694800
-54.611496 -7.655201 46.375793 -0.111400 -0.321300 0.940400
-47.959702 -35.476601 47.281189 -0.841400 -0.537900 0.052300
-47.470703 -33.942299 50.977081 -0.766100 -0.323100 0.555600
-48.452606 -32.505001 49.960602 -0.899900 -0.127200 0.417000
-49.067200 -31.713501 48.211578 -0.983700 -0.019300 0.178600
-49.149796 -31.780001 46.198578 -0.995000 -0.028300 -0.095800
-48.678207 -32.686600 44.461090 -0.930700 -0.151900 -0.332700
-47.778900 -34.190498 43.464600 -0.808100 -0.357000 -0.468600
-46.692703 -35.888500 43.476196 -0.660000 -0.588500 -0.467000
-45.710800 -37.325802 44.492676 -0.526100 -0.784400 -0.328400
-45.096207 -38.117302 46.241699 -0.442400 -0.892300 -0.090000
-45.013596 -38.050800 48.254700 -0.431100 -0.883200 0.184500
-45.485199 -37.144100 49.992188 -0.495400 -0.759600 0.421300
-46.384598 -35.640301 50.988693 -0.618000 -0.554600 0.557200
-45.356796 -31.696602 53.573593 -0.493400 -0.040500 0.868900
-47.057602 -29.207100 51.812988 -0.714200 0.282800 0.640200
-48.122101 -27.836300 48.783600 -0.852500 0.460800 0.246800
-48.265106 -27.951500 45.296997 -0.871100 0.445900 -0.206000
-47.448303 -29.521801 42.287598 -0.765000 0.241900 -0.596900
-45.890594 -32.126503 40.561584 -0.562700 -0.096400 -0.821000
-44.009308 -35.067600 40.581573 -0.318300 -0.478300 -0.818400
-42.308594 -37.557098 42.342194 -0.097500 -0.801700 -0.589800
-41.244095 -38.928001 45.371582 0.040800 -0.979700 -0.196300
-41.101105 -38.812801 48.858185 0.059400 -0.964700 0.256500
-41.917801 -37.242500 51.867691 -0.046700 -0.760800 0.647300
-43.475601 -34.637802 53.593582 -0.249000 -0.422500 0.871500
-42.184494 -29.341400 54.374985 -0.314300 0.102200 0.943800
-44.148300 -26.466801 52.341995 -0.557800 0.458700 0.691700
-45.377502 -24.883900 48.843903 -0.710300 0.655000 0.257800
-45.542603 -25.016901 44.817993 -0.730800 0.638500 -0.241500
-44.599503 -26.830101 41.342896 -0.613800 0.413600 -0.672400
-42.800797 -29.837801 39.349976 -0.390700 0.040600 -0.919600
-40.628494 -33.233902 39.372986 -0.121300 -0.380600 -0.916800
-38.664597 -36.108501 41.405975 0.122300 -0.737100 -0.664600
-37.435501 -37.691399 44.904083 0.274700 -0.933400 -0.230800
-37.270294 -37.558403 48.929993 0.295200 -0.916900 0.268500
-38.213501 -35.745201 52.405090 0.178200 -0.692000 0.699500
-40.012100 -32.737503 54.398087 -0.044800 -0.319000 0.946700
