22.963226 38.437897 40.462891 0.578800 0.782800 -0.228600
-19.343475 -23.090200 -53.307312 0.059200 -0.849500 0.524200
-43.094086 -53.080399 63.569794 -0.568900 -0.819000 0.075300
3.263000 35.010796 -23.098419 0.057600 0.798800 0.598800
-28.869598 -53.513901 -22.667206 0.011500 -0.223900 -0.974500
-38.209290 -57.883698 15.526398 -0.577200 -0.759400 0.300100
-38.592194 -59.231003 12.392487 -0.546700 -0.686400 0.479500
-38.993378 -60.153801 10.999481 -0.561400 -0.730300 0.389100
-40.954193 -53.774902 48.102386 -0.536900 -0.829200 -0.155600
-35.140289 -60.030998 -11.668610 -0.550000 -0.830900 -0.084700
13.352417 24.163698 8.972595 0.429400 0.766100 -0.478300
19.273621 39.955002 68.417694 0.480300 0.797800 0.364500
-33.139374 -58.717201 -18.276825 -0.370300 -0.697000 -0.614000
-43.232178 -47.518501 86.759995 -0.416400 -0.411500 0.810800
-38.025696 -57.003700 17.905884 -0.568200 -0.821500 0.047700
-38.140900 -57.005798 18.553192 -0.559800 -0.827700 -0.040100
-32.846100 -29.833702 96.382980 -0.246300 -0.123700 0.961300
-43.598785 -64.201500 21.825073 -0.253500 -0.568000 -0.783000
-24.145386 -46.022701 -20.507324 0.191600 0.040100 -0.980700
-17.264282 -35.972702 -20.189423 -0.052700 -0.287200 -0.956400
-9.930786 -34.708302 -33.074921 -0.322600 -0.927500 -0.188600
-40.901093 -55.684502 25.311676 -0.255400 -0.160600 -0.953400
-11.721985 -32.805500 -23.947815 0.234000 -0.971100 -0.046800
-37.801575 -59.347702 7.043274 -0.290200 -0.602500 -0.743400
-41.927185 -56.332001 43.579376 -0.498300 -0.571700 0.651700
-38.275696 -59.417000 5.421295 -0.389500 -0.619900 0.681200
-48.655884 4.674000 17.993103 -0.893600 0.376900 -0.243700
-39.033173 -60.411499 10.165588 -0.555800 -0.828700 -0.065600
-38.285675 -58.940598 2.342377 -0.282900 -0.926000 -0.249800
-42.500793 -58.033401 40.132690 -0.567600 -0.753100 0.332700
-43.063385 -61.166504 30.862274 -0.537300 -0.660800 0.524100
-42.547577 -59.130402 35.997101 -0.570700 -0.768000 0.290800
-40.930573 -54.274902 45.951385 -0.573400 -0.796200 0.193200
-41.147491 -60.783600 21.057373 -0.035700 -0.290300 -0.956300
-43.247986 -52.367401 67.349380 -0.570900 -0.814100 0.106700
-36.872192 -58.160698 6.293976 0.167000 0.009500 -0.985900
-46.593292 -54.210800 79.747284 -0.561700 -0.730400 0.388700
-44.949585 -65.115997 26.147095 -0.573400 -0.793900 0.202400
-40.995300 -54.637497 44.876190 -0.517300 -0.613200 0.597000
-41.497101 -54.075897 50.106903 -0.508300 -0.816500 -0.274000
-42.153992 -54.209404 53.460587 -0.567800 -0.821000 0.060300
-35.648895 -59.282501 -5.608826 -0.537500 -0.839500 -0.079400
-38.745178 -57.636002 19.549591 -0.238500 -0.547200 -0.802300
6.114807 25.900499 89.818893 0.225100 0.534000 0.815000
-38.693787 -59.854698 4.052795 -0.439800 -0.897400 -0.035000
6.907318 28.850199 -14.464417 0.222500 0.914800 0.337000
-38.550598 -60.090004 8.542694 -0.458400 -0.775000 -0.435000
0.000000 81.753799 -88.577301 -0.000000 0.997500 0.070300
-35.282501 -59.590004 -9.036713 -0.570700 -0.814100 0.106900
0.000000 -42.062500 -88.577301 0.000000 -0.992100 0.125400
-46.649597 -55.237503 75.951187 -0.467700 -0.788100 -0.400200
-42.629700 -53.565300 58.869095 -0.565900 -0.823600 0.039000
-42.186371 -57.077904 42.114288 -0.553300 -0.704100 0.445000
-10.338287 4.347099 100.567490 -0.017000 0.217600 0.975900
0.000000 -27.944500 -53.966705 -0.007900 -0.999600 0.025800
-42.805786 -60.148903 33.429901 -0.566900 -0.750000 0.340700
0.000000 49.751602 -36.036926 0.003800 0.627600 0.778500
-53.739380 -18.194700 45.236694 -0.982500 0.185600 -0.015900
-55.809784 -23.517500 51.101883 -0.941800 0.303100 0.145600
-55.697876 -31.213800 55.332794 -0.885900 0.056700 0.460300
-54.494995 -36.827599 57.684891 -0.955100 -0.190200 0.227200
-52.068176 -42.814598 58.770187 -0.899900 -0.424700 0.098800
-49.306183 -47.511398 58.661285 -0.758200 -0.634300 0.150900
-45.720001 -50.999802 58.481888 -0.612500 -0.771700 0.171400
-53.066101 -35.809700 33.192993 -0.873800 -0.416600 0.251000
-54.270996 -30.822701 35.113190 -0.923600 -0.285500 0.255800
-54.592682 -27.551001 36.580597 -0.967900 -0.146800 0.203700
-50.216980 -41.301701 33.279297 -0.836900 -0.471400 0.278100
-37.797882 -58.344002 -9.539124 -0.607700 -0.750700 0.259200
-40.883881 -54.879097 -11.070801 -0.890300 -0.371300 0.263700
-42.367798 -48.179802 -11.700714 -0.970800 -0.224300 0.085000
-45.370697 -43.130302 -5.114502 -0.833200 -0.552200 0.029100
-47.574188 -39.902500 -0.781311 -0.942100 -0.246400 -0.227500
-48.391693 -38.911301 6.011902 -0.932100 -0.361900 0.013100
-47.773193 -39.681602 12.038879 -0.912100 -0.392300 -0.119400
-47.849487 -43.351799 18.750092 -0.736500 -0.608300 -0.295700
-46.711273 -47.764099 25.345398 -0.613800 -0.690200 -0.383300
-46.131897 -51.561501 28.648895 -0.845500 -0.521600 -0.114000
-55.381195 -20.983900 61.672287 -0.967500 -0.014500 -0.252500
-56.776489 -29.254400 71.244385 -0.984200 -0.162700 -0.070100
-53.917480 -38.307899 74.393982 -0.894000 -0.288200 -0.343000
-51.821594 -46.695503 74.681183 -0.735400 -0.365700 -0.570500
-49.056274 -51.536003 76.534393 -0.850300 -0.526000 0.013800
-47.535889 -45.477203 34.581573 -0.799200 -0.403300 0.445700
-44.760986 -47.683403 37.345398 -0.881400 -0.160600 0.444200
-43.522491 -50.759499 39.871674 -0.974000 -0.020400 0.225800
-43.577698 -55.036301 41.411896 -0.957500 -0.167900 0.234400
-55.749481 -32.443001 41.269897 -0.979000 -0.082100 -0.186500
-54.152588 -37.364502 44.302673 -0.913200 -0.407300 0.012400
-101.903992 46.632500 -88.577301 -0.655100 0.734500 0.176800
-117.950287 24.690798 -88.577301 -0.966000 0.086100 0.243800
-70.676788 -26.681601 -88.577301 -0.536400 -0.843200 0.036300
-36.106293 -44.222401 -88.577301 -0.365200 -0.915500 0.168800
-11.232300 -41.717800 -88.577301 0.401300 -0.913200 0.070700
-7.294800 -41.315399 -88.577301 0.004500 -0.993500 0.114100
-51.482971 -42.332100 45.933502 -0.796700 -0.586500 0.146000
-48.419678 -45.677101 45.578674 -0.356200 -0.919300 0.167300
-44.941772 -45.545700 43.926300 0.099000 -0.988900 -0.110500
-46.634399 -44.810902 86.387283 -0.474200 -0.375900 0.796200
-38.251373 -28.109301 95.500183 -0.294700 -0.143000 0.944800
-18.730286 7.546000 98.705994 -0.174000 0.265700 0.948200
-42.408173 -26.072901 94.016388 -0.513900 0.016400 0.857700
-27.008881 10.599298 95.587784 -0.256900 0.282500 0.924200
-34.673981 42.960304 -36.720520 -0.157500 0.491700 0.856400
-20.029572 -48.877998 -88.577301 0.170100 -0.971200 0.166700
-47.471893 7.521900 20.015289 -0.852600 0.449600 -0.266400
-2.916290 -27.820000 -53.966705 -0.105800 -0.991900 0.070100
-6.685181 -27.164600 -53.966705 -0.415100 -0.904600 0.097100
-9.323700 -25.100300 -54.080322 -0.571500 -0.796700 0.196600
-12.496796 -22.759201 -53.786713 -0.268900 -0.892600 0.361800
-46.462799 0.206299 34.902679 -0.535800 0.553200 -0.637800
-41.192383 -0.004101 28.589600 -0.946600 0.320800 -0.031000
-47.880981 8.621799 39.574097 -0.659200 0.125300 -0.741500
-51.038574 3.682499 37.022583 -0.388500 0.470700 -0.792200
-47.450684 9.276100 34.958191 -0.994500 -0.097400 -0.038300
-47.723480 7.122599 30.177185 -0.965500 -0.253500 -0.059500
-47.618896 7.170099 35.140778 -0.968600 0.128500 -0.212800
-36.012177 5.180899 4.913483 -0.843700 0.516900 -0.144800
-50.347778 -0.176300 33.241577 -0.812400 0.472200 -0.342100
-44.610199 12.695398 27.203400 -0.997100 0.074800 0.016500
-45.500000 10.414299 24.864075 -0.958300 0.257400 0.123800
-48.639374 5.345699 21.990082 -0.959800 0.012300 0.280500
-44.471191 -0.116600 22.832397 -0.846900 0.341100 0.408000
-46.984772 13.597498 40.598999 -0.808800 0.098300 -0.579900
-44.485291 15.236700 32.757874 -0.992600 -0.026600 -0.118300
-46.334595 -42.342598 0.672089 -0.874200 -0.474300 -0.104100
-39.899872 -57.696800 6.979187 -0.461400 -0.536800 -0.706300
-39.859772 -58.445801 5.274475 -0.553100 -0.458700 0.695500
-41.724701 -56.264503 4.474182 -0.745700 -0.343000 0.571300
-44.556396 -45.915100 4.416992 -0.176600 -0.044900 0.983300
-43.967072 -51.116901 3.730591 -0.854900 -0.205600 0.476300
-41.819397 -55.231201 6.622589 -0.605800 -0.469100 -0.642600
-43.547180 -50.294899 5.492188 -0.409600 -0.482500 -0.774200
-43.718079 -45.368401 0.985077 -0.917600 -0.372000 -0.140300
-44.098480 -51.710201 2.605896 -0.966800 -0.242700 -0.079600
-42.076294 -56.817398 2.923492 -0.854900 -0.518500 0.018000
-40.117401 -59.193504 3.808075 -0.599200 -0.800200 0.025900
-40.871582 -58.219704 8.565674 -0.651700 -0.640400 -0.406300
-42.778198 -55.402100 8.043396 -0.800700 -0.462400 -0.380900
-43.930176 -50.823601 6.386902 -0.890900 -0.307700 -0.334200
-41.804291 -53.169098 15.960083 -0.900700 -0.410800 0.141600
-39.789093 -57.047600 15.695099 -0.555500 -0.749100 0.360900
-40.789795 -55.722801 15.160583 -0.884000 -0.397600 0.246000
-38.903900 -57.417000 15.379181 -0.435700 -0.836700 0.331800
-39.581696 -55.362198 19.349396 -0.819100 -0.489100 -0.299900
-38.605072 -56.117897 18.869080 -0.758400 -0.637600 -0.135500
-39.691101 -56.274803 17.655579 -0.682700 -0.636900 0.358100
-38.931183 -56.977402 17.273987 -0.480900 -0.823700 0.300300
-39.329895 -58.732597 12.273895 -0.329100 -0.780600 0.531400
-40.306396 -58.747101 12.007599 -0.531400 -0.706500 0.467500
-48.921783 1.972799 40.017975 -0.585100 -0.225200 0.779100
-52.359894 2.474600 42.260590 -0.429900 -0.561100 0.707400
-53.775482 3.691000 39.890900 -0.998200 -0.024000 0.054800
-39.598572 7.062099 21.932800 -0.059000 0.883600 -0.464500
-42.283081 4.537100 17.530396 -0.007900 0.645600 -0.763600
-44.956573 9.265499 17.284790 -0.016200 0.642700 -0.766000
-46.666901 11.594099 23.068481 -0.879300 0.474200 -0.044400
-48.061279 -1.345400 23.924988 -0.718300 0.642700 -0.266300
-33.352692 15.042299 -30.805817 -0.743800 -0.326500 0.583300
-33.152771 13.069700 -4.874115 -0.862600 0.505000 0.029600
-27.928772 19.307100 14.799103 -0.713000 0.693000 -0.106700
-29.254700 22.845598 30.090698 -0.675400 0.712100 -0.191900
-44.414185 -50.832703 27.480286 -0.324900 -0.566100 -0.757600
-44.627380 -46.796799 22.836090 -0.600600 -0.712700 -0.362500
-44.521698 -46.418900 1.929688 -0.946200 -0.297600 -0.127300
-54.893890 -25.042000 41.919586 -0.919500 0.000100 -0.393000
-55.991394 -30.247801 44.751678 -0.880000 -0.233400 -0.413700
-52.348785 7.982599 41.586884 -0.929100 0.359900 0.085300
-49.568481 12.114401 42.282898 -0.805400 0.590100 0.055600
-46.515900 17.009199 32.239990 -0.942700 0.306000 -0.133200
-46.447601 13.872698 25.770996 -0.959700 0.251200 -0.125700
-47.730072 3.731899 14.879181 -0.345100 0.277200 -0.896700
-49.755188 -0.329000 15.220703 -0.698900 -0.275400 -0.660100
-53.113281 1.429399 36.558197 -0.904000 -0.337900 -0.262100
-50.212372 6.537100 44.465576 -0.183800 -0.175900 0.967100
-47.086578 12.922400 44.838989 -0.024600 0.374500 0.926900
-43.337677 18.599699 33.005981 0.286300 0.956700 -0.053200
-43.576172 14.907400 25.451202 0.279400 0.829400 -0.483800
-43.512482 2.160900 16.345276 -0.290800 0.450500 -0.844100
-45.886292 -1.278700 16.145386 -0.483500 0.164700 -0.859700
-50.101593 -0.960800 37.515076 -0.973200 -0.208700 0.096200
-46.602692 5.131599 41.624695 -0.422600 0.202300 0.883500
-43.270081 9.472700 41.060486 0.587900 -0.060700 0.806600
-39.069092 12.008799 34.873291 -0.769900 0.575400 -0.276000
-47.488800 -3.320601 20.136383 -0.978900 -0.092900 -0.182200
-40.786072 11.566500 38.477386 -0.752200 0.628300 -0.198500
-40.156097 5.179100 15.610596 -0.632300 0.731100 -0.256300
-34.495178 9.428799 12.612885 -0.771100 0.613800 -0.169500
-50.686188 -0.376101 54.494186 -0.927500 0.348600 -0.134700
-49.171173 1.204899 46.159302 -0.914800 0.400600 0.050800
-29.355499 -16.217501 -36.555725 -0.545200 -0.791100 0.277200
-32.933990 -11.564800 -18.901306 -0.722500 -0.690300 -0.039100
-16.417877 -27.038601 -22.799927 -0.593800 -0.621500 -0.511100
-19.799988 -24.531900 -22.925598 -0.704400 -0.330200 -0.628300
-21.570679 -19.095402 -22.789124 -0.825400 -0.132000 -0.548800
-21.395477 -12.883201 -24.888306 -0.629000 -0.762300 -0.152600
-41.135193 13.829901 48.455078 -0.798800 0.568900 -0.195500
-49.392090 -40.457100 86.377090 -0.707700 -0.144700 0.691600
-46.238983 -26.481901 90.743286 -0.683000 0.053900 0.728400
-48.509796 -51.602303 80.829681 -0.641300 -0.599000 0.479500
-45.129791 -53.058701 49.531586 -0.358200 -0.851100 -0.383800
-48.048676 -50.714600 49.566101 -0.640700 -0.479000 -0.600100
-49.722595 -46.924400 50.505402 -0.689100 -0.246900 -0.681300
-54.002197 -40.623100 50.151794 -0.799000 -0.442800 -0.406900
-57.130798 -33.324402 49.121979 -0.845200 -0.313500 -0.432900
-54.540283 -29.910301 39.833374 -0.828400 -0.140900 -0.542100
-43.277771 -44.593601 43.230774 -0.552600 -0.786700 0.275100
-44.948181 -45.006599 43.032379 -0.257100 -0.280700 -0.924700
-48.398773 -45.224602 44.516693 -0.399900 -0.447000 -0.800200
-51.184296 -41.914001 44.794403 -0.301300 -0.285500 -0.909800
-53.541779 -37.436901 43.304596 -0.115300 -0.434500 -0.893300
-55.177490 -33.543999 40.635773 -0.272500 -0.483600 -0.831800
-53.346680 -12.312201 43.573090 -0.971900 0.229800 0.051000
-54.286591 -22.220901 37.042389 -0.995200 -0.000400 0.097400
-54.903381 -17.497101 32.637177 -0.960500 0.263700 0.089000
-52.632782 -13.476400 26.847992 -0.898400 0.399000 -0.183600
-35.025299 -6.494401 -2.193298 -0.863800 -0.005000 -0.503800
-40.762695 -11.393401 -2.854309 -0.643800 0.534800 -0.547300
-48.296997 -36.315601 12.664001 -0.986900 -0.035600 -0.157100
-49.099396 -39.985703 18.518188 -0.945000 -0.254100 -0.206000
-47.893280 -35.281002 5.942474 -0.985500 0.163300 -0.045700
-47.494995 -35.594398 -0.470306 -0.967300 0.166600 -0.191200
-26.190186 -23.421200 -52.828003 -0.336300 -0.848100 0.409500
-42.792694 -44.525902 -3.683014 -0.877800 -0.477800 -0.035100
-42.251373 -49.294899 -6.558502 -0.974000 -0.201100 -0.104500
-40.519592 -54.079201 -7.005615 -0.890200 -0.452100 -0.056800
-37.953278 -57.472298 -6.128326 -0.691900 -0.718400 -0.072000
-43.765778 -15.207101 -1.565125 -0.799700 0.393300 -0.453700
-45.913696 -18.988602 -0.513519 -0.892700 0.308700 -0.328300
-12.401398 -33.446602 -33.174225 -0.575500 -0.795300 -0.190400
-19.759094 -33.704903 -20.355713 -0.174900 -0.153300 -0.972600
-26.704193 -43.875099 -20.669220 -0.030800 0.210500 -0.977100
-31.475800 -41.795403 -18.642517 -0.130600 0.376700 -0.917100
-35.148071 -31.915701 -14.750122 -0.260400 0.313400 -0.913200
-36.464874 -18.540701 -10.566711 -0.519200 0.337800 -0.785000
-43.278473 -4.321901 7.604584 -0.841900 0.335300 -0.422900
-49.533691 -4.184401 26.344879 -0.939300 0.248900 -0.236100
-44.189178 -43.995598 43.411682 -0.824700 0.478400 -0.301700
-44.278778 -45.592598 42.403198 -0.542800 -0.750100 0.377700
-45.918579 -45.071404 41.423798 -0.714200 -0.593200 0.371600
-47.993286 -43.505402 40.377686 -0.603400 -0.341500 0.720600
-46.646484 -42.979202 45.588776 -0.232900 0.320400 -0.918200
-50.365479 -40.131699 39.636292 -0.481800 -0.239000 0.843100
-49.846375 -39.535103 46.167877 0.254200 0.052900 -0.965700
-52.969574 -36.548801 40.060883 -0.723200 -0.256300 0.641300
-54.175171 -31.860401 41.189880 0.561700 -0.515200 -0.647400
-55.500793 -29.398701 42.776794 -0.977300 0.024000 -0.210400
-52.270996 -34.023499 44.368774 0.543600 -0.226900 -0.808100
-52.536499 -10.704700 30.644775 -0.942100 0.305900 -0.137200
-53.760193 -15.874801 24.346588 -0.874100 0.394900 -0.282900
-53.535675 -21.546400 21.269501 -0.859800 0.129900 -0.493900
-53.217590 -29.540901 20.360382 -0.872800 -0.156600 -0.462200
-49.970276 -34.142403 18.965881 -0.874600 -0.281600 -0.394600
-43.277374 -22.673801 -6.731506 -0.777000 0.335800 -0.532400
-46.929993 -18.686001 6.827393 -0.956200 0.220000 -0.193100
-48.401794 -19.923401 13.850800 -0.935300 0.142400 -0.324000
-57.880798 -25.053101 27.704773 -0.996000 -0.003800 -0.089600
-53.933075 -26.938601 39.276703 -0.992400 -0.029800 -0.119400
-53.053894 -30.820101 37.671295 -0.931800 -0.347200 0.105300
-52.054596 -35.857101 34.257874 -0.874600 -0.367100 0.316800
-49.532288 -40.816399 34.264374 -0.803400 -0.519200 0.291600
-46.343872 -44.019100 35.633087 -0.779700 -0.477300 0.405300
-43.980591 -46.391098 38.508484 -0.856700 -0.131700 0.498600
-42.835571 -48.360802 40.922791 -0.883800 0.142100 0.445800
-43.314301 -54.210800 42.905273 -0.881300 -0.093200 0.463200
-46.208191 -13.635801 6.621277 -0.924700 0.218400 -0.311800
-56.321381 -31.589302 70.937683 -0.973000 -0.228400 -0.032400
-55.290100 -35.326900 62.728790 -0.984000 -0.169000 -0.055500
-56.344391 -39.850201 52.975586 -0.933600 -0.354500 -0.051900
-47.085693 -48.521400 73.609482 -0.814400 -0.579300 0.036000
-50.421783 -47.563499 63.096588 -0.730900 -0.679200 0.067100
-50.101288 -50.656799 52.973190 -0.747600 -0.663200 -0.034100
-47.189880 -49.514301 48.645386 -0.497200 -0.144900 -0.855500
-46.013184 -47.885300 48.031403 -0.554400 -0.195300 -0.809000
-45.615875 -46.989899 47.219299 -0.665200 -0.224700 -0.712000
-44.844696 -49.121300 47.612885 -0.702800 -0.237400 -0.670600
-42.347900 -39.624298 43.691589 -0.715300 0.233200 -0.658700
-45.581177 -44.215401 18.129974 -0.718600 -0.659600 -0.220100
-43.914978 -56.049004 39.466980 -0.969400 -0.183100 0.163600
-42.433472 -52.453800 43.937775 -0.962100 -0.125300 0.242300
-42.848297 -45.098000 44.094879 -0.791200 -0.610300 -0.039300
-43.878479 -44.301800 45.732788 -0.506400 -0.818600 -0.271000
-42.321899 -46.924698 43.747284 -0.872800 -0.297500 -0.387000
-41.777100 -46.698303 42.197876 -0.906900 -0.417700 0.055600
-43.247192 -52.524300 37.815796 -0.992300 -0.062700 0.106500
-45.243378 -31.852699 -4.079926 -0.975300 -0.094300 -0.200000
-46.093689 -30.134901 1.824097 -0.984500 -0.128200 -0.119600
-46.995880 -30.248100 7.934998 -0.965400 -0.193100 -0.175100
-54.473389 -15.453300 37.125000 -0.980900 0.193200 0.024100
-54.720398 -20.195501 41.392273 -0.990700 0.127900 -0.047200
-55.098480 -20.895700 52.854584 -0.980800 0.194600 0.015100
-55.144775 -27.918600 32.827087 -0.948200 -0.167400 0.270000
-52.773987 -31.451900 40.241089 -0.797300 -0.365200 -0.480500
-51.043396 -28.995401 41.534790 0.464600 -0.863600 0.195900
-43.406281 -45.904099 40.044098 -0.643400 -0.737900 0.203800
-50.059998 -32.106003 39.740173 0.087300 -0.255500 0.962900
-37.136688 -14.155300 -53.782898 -0.480200 -0.665300 0.571700
-43.492279 -40.295101 41.232300 -0.567100 0.247300 0.785600
-47.994873 -35.540001 39.565002 -0.122900 -0.034000 0.991800
-45.615173 -38.634102 40.165894 -0.285800 0.077500 0.955200
-53.937073 -35.352600 46.174500 -0.762800 -0.404000 -0.504900
-50.771301 -40.935902 47.977295 -0.674700 -0.557800 -0.483500
-47.383789 -44.346703 47.553284 -0.531000 -0.815000 -0.232100
-49.340271 -31.018402 44.408875 0.203500 -0.405300 -0.891200
-47.021301 -34.785599 45.423676 -0.052300 -0.155400 -0.986500
-44.340973 -37.958500 45.047974 -0.357000 0.044200 -0.933100
-42.187897 -59.303802 21.743774 -0.286000 0.262300 -0.921600
-40.255096 -57.291702 20.642578 -0.798700 0.056800 -0.599000
-40.672272 -53.469498 19.745789 -0.692200 -0.589100 -0.416900
-44.346191 -52.823898 18.756287 -0.206500 -0.352600 -0.912700
-43.590088 -53.728600 19.984375 0.429900 -0.645800 -0.631000
-44.190186 -58.059799 21.545685 0.106800 -0.351200 -0.930200
-35.297791 -57.305702 -18.640625 -0.381600 -0.627200 -0.678900
-31.729584 -51.311798 -22.999725 -0.196900 -0.088200 -0.976500
-41.448090 -55.988098 -13.477020 -0.866600 -0.493400 -0.074800
-38.264801 -59.524704 -12.217224 -0.495800 -0.868500 0.000600
-35.021973 -46.673000 -21.648407 -0.247600 0.183500 -0.951300
-39.000488 -53.968201 -19.167206 -0.528400 -0.372100 -0.763100
-39.962799 -39.341900 -18.162323 -0.335100 0.309400 -0.890000
-43.715485 -32.387703 -11.280121 -0.838900 0.216300 -0.499500
-43.724701 -38.221802 -14.888824 -0.856300 0.156700 -0.492200
-42.223297 -46.967800 -17.515106 -0.807700 -0.057700 -0.586800
-44.465881 -46.081398 8.187500 -0.966800 -0.254900 -0.019600
-41.978699 -52.504501 12.692688 -0.945600 -0.242700 0.216700
-41.367798 -56.740097 12.107788 -0.881300 -0.298800 0.366000
-49.499390 -42.976898 73.566986 -0.818200 -0.534100 0.213000
-53.094788 -38.184502 72.968491 -0.876900 -0.445800 0.179600
-55.003082 -26.178600 62.173584 -0.992800 -0.045300 -0.111100
-52.267487 -11.517900 50.205383 -0.951000 0.294100 0.095400
-31.470673 24.040598 43.694794 -0.685300 0.695500 -0.215800
-21.567200 26.446898 20.926575 -0.533800 0.800000 -0.273800
-22.515900 24.272699 -7.301605 -0.555700 0.765600 0.324100
-8.397980 30.972200 -11.717926 -0.316800 0.897700 0.306100
-54.831085 -29.265600 59.107285 -0.999300 0.003400 0.037500
-53.357391 -42.598999 63.128494 -0.914800 -0.403800 -0.004700
-46.337494 -50.363998 63.602295 -0.653800 -0.752100 0.082600
-43.513000 -48.866901 23.336700 -0.861200 0.452700 -0.231100
-42.910583 -51.007500 27.175293 -0.992000 -0.044400 -0.117900
-44.277100 -55.498199 28.129883 -0.952800 0.034900 0.301600
-45.953491 -58.221703 24.845276 -0.995200 0.081000 0.055300
-41.138672 -52.068501 19.511383 -0.739500 -0.292700 -0.606200
-45.261688 -58.055099 21.904083 -0.739000 -0.170500 -0.651800
-44.549896 -53.153702 33.669891 -0.988100 -0.082700 0.129700
-44.850891 -51.335098 18.575989 -0.360900 0.214800 -0.907500
-46.248199 -54.201698 21.889679 -0.955000 -0.165100 -0.246300
-46.064880 -54.137398 24.992584 -0.967700 -0.173600 0.182500
-46.216095 -48.213600 22.864777 -0.478000 0.866900 -0.141500
-46.023193 -51.999199 26.941193 -0.687800 0.110500 0.717400
-44.340576 -59.346199 30.234802 -0.936100 -0.147400 0.319200
-45.692078 -48.912003 25.397491 -0.308700 0.772800 0.554500
-45.114685 -49.607201 19.939178 -0.267800 0.721600 -0.638400
-55.047882 -24.126600 34.630402 -0.967900 -0.000800 0.251200
-50.263000 -40.908501 31.690399 -0.879600 -0.469300 0.077600
-50.497375 -41.140400 38.635773 -0.815100 -0.564700 0.129400
-48.846497 -45.925003 26.540100 -0.820300 -0.562000 -0.105700
-52.252777 -46.635399 81.459290 -0.795900 -0.453500 0.401100
-50.439789 -27.809601 13.876190 -0.938400 -0.105500 -0.329000
-47.884674 -31.935001 12.927673 -0.938900 -0.170000 -0.299200
-46.391571 -40.844700 10.278076 -0.844700 -0.529300 -0.079100
-24.109100 -30.710201 -20.270416 -0.333200 -0.035600 -0.942200
-16.601593 -21.641901 -35.416199 -0.924500 -0.220700 -0.310900
-15.457092 -30.396702 -33.289398 -0.815000 -0.547400 -0.190200
-27.005371 -23.893801 -17.934906 -0.584600 0.118500 -0.802600
-39.389893 -58.853500 1.957886 -0.373500 -0.903400 -0.210700
-43.339783 -42.280899 -12.637207 -0.977300 -0.127500 -0.169400
-42.781891 -48.909698 -14.068207 -0.987700 -0.154500 -0.025000
-41.469299 -56.875999 0.857788 -0.759200 -0.593200 -0.267700
-43.474274 -50.986301 0.553284 -0.945200 -0.193800 -0.262800
-46.608276 -38.878101 -5.909698 -0.953800 -0.015200 -0.300000
-45.360596 -49.207500 34.178284 -0.886900 -0.425200 0.180800
-42.133301 -40.205502 42.736877 -0.920200 0.357600 0.159200
-44.540375 -48.545799 46.163300 -0.806500 -0.205200 -0.554500
-47.462799 -46.200699 31.817474 -0.841200 -0.515500 0.163000
-42.982391 -51.793503 45.458588 -0.831500 -0.432000 -0.349300
-38.741486 -56.637901 6.006195 0.225900 -0.022400 -0.973900
-47.914490 -26.345701 1.083496 -0.974700 -0.060100 -0.215200
-42.868774 -49.373001 5.090973 0.388400 -0.083300 -0.917700
-40.656677 -54.332603 5.189789 0.256600 -0.032600 -0.966000
-40.286682 -54.631897 18.096802 -0.867300 -0.432400 0.246700
-45.940491 -62.574402 21.811676 -0.679900 -0.275200 -0.679700
-46.620880 -63.103401 25.783203 -0.932300 -0.326000 0.156400
-47.098694 -50.404800 23.909973 -0.998200 0.058700 0.010700
-41.714874 -58.196503 10.568176 -0.798800 -0.588100 0.126500
-48.074097 -44.746300 48.573090 -0.453600 -0.519000 -0.724500
-47.655273 -44.390701 39.588776 -0.552800 -0.814200 0.177200
-52.823486 -36.627701 38.978180 -0.957100 -0.262800 -0.122500
-50.302185 -29.949800 43.281189 0.425800 -0.619500 -0.659400
-54.831879 -37.169701 46.901978 -0.599100 -0.438500 -0.669900
-52.251099 -42.879898 48.554596 -0.587600 -0.527800 -0.613400
-55.704498 -33.007000 26.421997 -0.936700 -0.323600 -0.133700
-52.525574 -39.485802 25.888977 -0.862200 -0.464100 -0.203200
-56.396179 -12.193001 63.708389 -0.970200 0.147900 -0.192000
-41.951385 17.817801 59.132187 -0.792300 0.595900 -0.130900
-56.618286 -19.913900 30.009796 -0.954600 0.286600 0.081600
-53.662689 -34.053001 31.240692 -0.922600 -0.349900 0.162200
-45.405701 -49.481800 30.565002 -0.910400 -0.371400 0.182100
-44.033173 -57.403099 35.451691 -0.941100 -0.294900 0.165500
-46.174683 -53.314102 52.812485 -0.429200 -0.900700 0.067100
-44.652679 -52.018898 47.874573 -0.526800 -0.571300 -0.629400
-46.456573 -50.144302 22.220581 -0.931500 0.076800 -0.355600
-48.878174 -46.304501 49.608276 -0.547200 -0.280400 -0.788700
-46.768677 -28.688702 -5.042725 -0.956500 -0.034900 -0.289800
-44.273682 -50.185600 7.646881 -0.989600 -0.123900 0.073400
-29.742493 -13.729501 -12.918121 -0.776500 -0.272000 -0.568400
-36.495697 0.236700 -9.210999 -0.991300 0.031200 -0.127600
-57.746399 -26.617300 47.548492 -0.969000 0.178200 -0.170800
7.396027 44.106400 41.341400 0.097800 0.965500 -0.241300
-10.441498 37.821999 37.687500 -0.404000 0.863200 -0.302700
-48.992096 -7.045300 22.090790 -0.920500 0.261100 -0.290800
-48.765991 -13.684301 14.913300 -0.925300 0.165700 -0.341200
-40.509979 -21.039101 -9.152618 -0.583700 0.382300 -0.716400
-49.335297 -26.133801 7.485596 -0.976500 -0.081900 -0.199300
-43.534790 -55.133003 10.164581 -0.922600 -0.308500 0.231400
-52.558197 -46.754898 53.306595 -0.855600 -0.503400 -0.120700
-55.710571 -39.670303 80.445984 -0.932500 -0.271600 0.238200
-35.270691 13.631201 92.283188 -0.456200 0.418500 0.785300
-8.249084 34.805099 86.446182 -0.034800 0.697500 0.715800
3.830017 47.603104 64.249695 0.224500 0.950300 0.215700
3.109222 30.895998 8.815491 0.025400 0.928000 -0.371800
-28.657990 32.325699 -27.213501 -0.339700 0.686500 0.642900
-16.224274 -18.846701 -39.685608 -0.580200 -0.813900 0.029600
-46.617493 -40.132698 6.313477 -0.774000 -0.633200 0.004000
-8.340271 29.721598 10.321686 -0.307800 0.950300 0.046200
-44.907501 -9.460601 6.821381 -0.842200 0.353500 -0.407200
-34.534393 -1.550301 -35.663818 -0.905700 -0.262900 0.332700
-47.697388 11.904100 82.934280 -0.796200 0.437300 0.418200
-15.518280 44.812401 59.727692 -0.418800 0.907800 -0.023400
-59.435089 -32.696602 52.274292 -0.971300 -0.135400 0.195600
-23.497375 35.913498 78.080093 -0.481800 0.772900 0.413000
-41.687775 23.754698 -27.495697 -0.363400 -0.003100 0.931600
-57.280701 -24.504101 78.186081 -0.944400 0.037800 0.326700
-52.005585 11.212297 -35.153107 -0.222700 -0.545200 0.808200
-60.885681 27.561998 -32.092926 -0.378700 0.097100 0.920400
-44.186890 -58.374702 32.843292 -0.951300 -0.263100 0.160800
-44.080872 -53.894897 29.798584 -0.987400 -0.156800 0.020600
-52.885498 6.002499 41.210999 -0.950200 0.294900 0.101200
-52.968079 3.008499 36.968475 -0.612100 0.508600 -0.605600
-47.276001 7.462900 26.263580 -0.994500 0.000800 -0.104700
-48.125885 11.134699 28.815277 -0.893100 0.333200 -0.302400
-48.450897 13.454699 33.645996 -0.860800 0.497600 -0.106500
-48.700989 12.516199 38.927673 -0.871300 0.488000 -0.052300
-47.726685 -1.848301 21.641602 -0.955000 0.231400 0.185500
-49.650299 0.987999 18.708984 -0.973700 -0.030900 0.225700
-106.867783 2.607698 -88.577301 -0.785100 -0.594800 0.172700
-47.807190 -1.867201 -48.056519 -0.310100 -0.631200 0.710900
-10.687988 81.577698 -101.383209 -0.071100 0.997500 0.000000
-35.204071 78.477005 -101.383209 -0.283800 0.958900 0.000000
-51.917786 -43.629501 50.549103 -0.717400 -0.560700 -0.413500
-48.862671 -48.848900 49.781586 -0.712300 -0.177000 -0.679200
-46.566284 -51.916000 49.294678 -0.588100 -0.620400 -0.518800
-51.329681 -48.705902 53.139893 -0.859000 -0.497900 -0.119300
-54.297485 -43.407001 53.167084 -0.859800 -0.500400 -0.101700
-57.163391 -36.766701 52.747589 -0.946900 -0.312100 0.077800
0.000000 -31.055201 -71.933807 0.000000 -0.866400 0.499400
0.000000 65.322899 -48.159698 0.000000 0.780000 0.625800
-45.510590 59.510002 -46.202026 -0.266300 0.746400 0.609900
-80.891190 36.087898 -48.537506 -0.610500 0.418600 0.672300
-88.628891 16.078897 -52.093811 -0.644600 -0.147500 0.750100
-82.199280 -1.710501 -58.048523 -0.459000 -0.536900 0.707800
-62.804901 -16.512701 -63.720520 -0.194500 -0.569000 0.799000
-22.835571 -31.099899 -64.607300 -0.284500 -0.695500 0.659800
-16.483093 -33.557701 -64.714325 0.082800 -0.757200 0.647900
-10.130585 -30.951702 -64.821198 0.106800 -0.810100 0.576500
-6.584381 -32.349998 -66.741699 0.104200 -0.856600 0.505300
-4.428101 -32.788002 -68.895599 0.281200 -0.835200 0.472700
-1.853577 -33.286201 -71.427399 0.573400 -0.648500 0.500600
-15.429779 -19.958200 -44.246216 -0.327000 -0.931800 0.157700
-12.878601 -22.809900 -42.235626 -0.880800 -0.371800 -0.293100
-13.770386 -27.544300 -40.533325 -0.797000 -0.409600 -0.443800
-10.513977 -29.903202 -40.444824 -0.447400 -0.784100 -0.430100
-7.900696 -30.996502 -40.378204 -0.278900 -0.858600 -0.430200
0.000000 -39.134800 -77.337311 -0.000000 -0.871600 0.490100
0.000000 79.383400 -71.867126 0.000000 0.938500 0.345300
-57.299774 63.288704 -69.321808 -0.445500 0.833500 0.326900
-92.811493 46.657402 -70.806122 -0.588100 0.666200 0.458500
-107.897186 22.834200 -71.345215 -0.808600 0.059000 0.585300
-98.436493 0.686699 -72.273315 -0.712500 -0.548100 0.438100
-70.676788 -26.681601 -71.867126 -0.441800 -0.791500 0.422200
-32.006195 -39.956802 -73.181824 -0.219000 -0.794000 0.567100
-17.783600 -40.682999 -73.528412 0.117000 -0.834500 0.538400
-9.192383 -38.653503 -74.652313 0.256000 -0.861000 0.439400
-6.011871 -38.443100 -75.663513 0.101500 -0.911300 0.399000
-3.722473 -38.716301 -76.416321 0.034900 -0.903300 0.427500
-1.718384 -39.020302 -77.135620 0.016100 -0.888000 0.459500
-2.084381 -41.950203 -101.383209 -0.087900 -0.996100 0.001200
0.000000 -42.062500 -101.383209 0.000000 -1.000000 -0.000000
0.000000 81.753799 -101.383209 0.000000 1.000000 0.000000
-63.660095 64.742699 -101.383209 -0.431000 0.902300 -0.008200
-101.903992 46.632500 -101.383209 -0.637200 0.770700 0.000000
-117.950287 24.690798 -101.383209 -0.996500 0.083100 0.000000
-106.867783 2.607698 -101.383209 -0.779000 -0.627100 -0.000000
-70.676788 -26.681601 -101.383209 -0.543800 -0.839200 0.000000
-36.106293 -44.222401 -101.383209 -0.366900 -0.930200 0.000000
-20.029572 -48.877998 -101.383209 0.199300 -0.979900 0.000000
-11.232300 -41.717800 -101.383209 0.382500 -0.924000 0.000000
-7.294800 -41.315399 -101.383209 -0.009300 -1.000000 0.000000
-4.510681 -41.652100 -101.383209 -0.121100 -0.992600 -0.000200
-47.055878 -2.252800 17.119873 -0.639500 -0.590200 -0.492600
-17.716278 25.192900 6.453400 -0.480600 0.876900 -0.007700
-29.672699 16.531698 4.596100 -0.734300 0.678400 -0.025200
-19.891388 23.784300 -0.418213 -0.536100 0.838700 0.095800
-3.461090 31.836901 87.570389 0.150200 0.587300 0.795300
14.630127 43.237305 66.989090 0.306800 0.910700 0.276600
8.224609 43.959198 65.697693 0.286000 0.911100 0.296900
17.774109 40.327400 40.755676 0.340200 0.912300 -0.227900
12.585022 42.216896 41.048492 0.312800 0.925000 -0.215800
9.957001 26.511698 8.933380 0.590600 0.666200 -0.455400
6.932007 30.104498 8.839203 0.451800 0.789100 -0.416200
2.601807 31.160101 -13.709503 0.496200 0.857600 0.135700
-1.683594 34.094200 -12.950897 0.139300 0.972200 0.188200
-4.633484 36.335396 -24.244415 -0.027300 0.828800 0.558900
-18.545471 34.467201 -25.727905 -0.234100 0.771100 0.592100
-9.299988 51.693901 -36.414398 -0.044900 0.615900 0.786600
-23.113586 45.995399 -36.441925 -0.195500 0.529200 0.825600
-11.230377 63.471397 -48.145111 -0.045200 0.772900 0.632900
-30.339478 62.264999 -45.941498 -0.127700 0.710800 0.691700
-10.687988 81.577698 -71.867126 0.036200 0.949800 0.310600
-35.204071 78.477005 -71.867126 -0.321100 0.905500 0.277400
-35.204071 78.477005 -88.577301 -0.304900 0.952100 0.021400
-10.687988 81.577698 -88.577301 -0.051100 0.998400 0.022600
-50.901093 7.683800 39.483795 -0.533900 0.349200 -0.770100
-47.368774 15.559500 39.263092 -0.906900 0.418200 -0.052000
-44.925385 15.593901 42.444489 0.250800 0.715800 0.651700
-39.226593 -57.328499 5.832001 -0.190800 0.001800 0.981600
-37.582275 -58.500198 6.033081 -0.125500 -0.045300 0.991100
-43.418976 -50.245499 4.418579 -0.233200 0.011100 0.972400
-41.100800 -55.117699 5.264801 -0.248800 0.039300 0.967800
-43.739990 -51.438400 73.999893 -0.568700 -0.819400 0.072400
-38.952484 -26.282200 42.744873 -0.707500 -0.706600 -0.015100
-22.841980 -36.957500 8.885376 0.170500 0.007600 -0.985300
-33.689972 -29.590601 7.060791 -0.187900 -0.033900 0.981600
-24.694275 -35.702499 8.574402 0.170200 0.007200 -0.985400
-30.932281 -31.464802 7.523773 -0.188200 -0.035600 0.981500
-27.118286 -34.057201 8.166382 0.181400 0.011900 -0.983300
-45.234375 -43.783302 3.338684 -0.481000 -0.467300 0.741800
19.343414 -23.090200 -53.307312 -0.168200 -0.925000 0.340800
-37.547485 -57.962097 25.877899 0.157700 -0.442900 -0.882600
21.939026 -43.126602 29.787476 0.693900 -0.718400 0.049800
-3.484894 -52.325699 53.721786 0.509300 -0.827600 0.236000
-8.958496 -55.337204 59.012482 0.565900 -0.720800 0.400100
-16.973083 -57.514297 61.871185 0.250800 -0.715300 0.652300
-23.036682 -58.192902 62.996384 0.102200 -0.908300 0.405700
-29.572601 -58.092804 62.568390 -0.101400 -0.967000 0.233600
-34.776184 -57.379601 61.114594 -0.352900 -0.909600 0.219300
-39.144379 -55.465599 59.592087 -0.532700 -0.825900 0.184900
-17.046387 -60.273003 39.274689 -0.137500 -0.916700 0.375300
-12.521973 -59.177002 42.162201 -0.002000 -0.911400 0.411500
-9.761383 -57.998802 44.150085 0.151400 -0.907100 0.392800
-23.049072 -59.753098 37.866394 -0.206200 -0.899800 0.384600
-33.170197 -61.486198 -8.762604 -0.534600 -0.800300 0.271500
-28.606995 -63.215202 -9.010620 -0.065700 -0.907600 0.414600
-21.281677 -61.456497 -8.814026 0.165900 -0.867700 0.468600
-15.674591 -60.108803 -2.172424 0.007000 -0.997500 0.070100
-12.985779 -60.708900 3.530884 0.306700 -0.939700 -0.151400
-13.402374 -61.200104 10.972290 0.151600 -0.985200 0.080000
-17.624786 -60.177299 17.377594 -0.012500 -0.999800 0.015000
-22.452301 -60.610298 23.174377 -0.235400 -0.947800 -0.215000
-28.343689 -60.238602 28.447174 -0.332100 -0.880200 -0.339100
-32.753296 -60.647804 30.907776 -0.160200 -0.987100 0.001700
-9.191101 -52.354401 69.471085 0.375400 -0.926500 -0.025700
-18.423798 -55.302101 77.719986 0.204700 -0.970100 0.130600
-28.371582 -55.657700 78.707184 0.121100 -0.977700 -0.171600
-36.802094 -56.896202 77.217194 0.047700 -0.897600 -0.438300
-42.582672 -55.932602 77.627380 -0.191500 -0.973500 0.125000
-28.069672 -58.697998 37.868286 -0.195000 -0.813600 0.547800
-31.657990 -56.582397 39.557800 0.054700 -0.796400 0.602300
-35.459595 -56.235504 41.233093 0.263800 -0.861000 0.434800
-39.689178 -57.677200 42.068481 0.121700 -0.900900 0.416600
-14.888397 -60.194298 48.168976 0.302700 -0.952600 0.029900
-20.610077 -60.145302 49.966095 -0.061400 -0.985800 0.156200
101.903900 46.632500 -88.577301 0.655100 0.734500 0.176800
117.950226 24.690798 -88.577301 0.966000 0.086100 0.243800
70.676727 -26.681601 -88.577301 0.536400 -0.843200 0.036300
36.106201 -44.222401 -88.577301 0.365200 -0.915500 0.168800
11.232300 -41.717800 -88.577301 -0.401300 -0.913200 0.070700
7.294708 -41.315399 -88.577301 -0.004500 -0.993500 0.114100
-26.423401 -59.351700 50.164581 -0.295000 -0.927200 0.230700
-30.441986 -57.886902 48.614075 -0.754100 -0.649100 0.100200
-31.138672 -54.920097 46.256775 -0.910500 -0.303300 -0.281000
-39.513794 -49.647003 87.589584 -0.360800 -0.452900 0.815300
-29.222473 -34.241402 97.024689 -0.243600 -0.177700 0.953400
-4.125488 -2.373001 101.171982 0.086900 0.088500 0.992300
-25.605774 -37.484600 96.853394 -0.003400 -0.330300 0.943900
2.200623 -9.238701 100.519592 0.136100 0.015600 0.990600
34.673920 42.960304 -36.720520 0.158000 0.477700 0.864200
20.029510 -48.877998 -88.577301 -0.170100 -0.971200 0.166700
23.646210 -40.660698 31.911896 0.753400 -0.656800 0.032400
2.916199 -27.820000 -53.966705 0.106700 -0.993400 0.041800
6.685120 -27.164600 -53.966705 0.437900 -0.889500 0.130300
9.323608 -25.100300 -54.080322 0.568700 -0.796100 0.206900
12.496704 -22.759201 -53.786713 0.259700 -0.894200 0.364500
13.130707 -40.251602 45.021576 0.831900 -0.376600 -0.407700
12.588226 -36.496902 37.668976 0.625000 -0.744800 0.233900
20.242706 -37.645203 51.076385 0.507900 -0.668100 -0.543700
17.398407 -42.798901 48.576874 0.738100 -0.297800 -0.605400
21.732422 -37.728001 46.633301 0.260500 -0.949400 0.175300
20.954315 -39.540501 41.737091 0.109300 -0.986500 0.121700
19.829926 -38.654602 46.520599 0.494600 -0.868400 0.035000
26.518311 -29.095402 12.103302 0.855400 -0.504800 0.115600
14.517426 -44.194099 44.213074 0.772400 -0.629300 -0.086000
25.640900 -35.037300 39.034576 0.407000 -0.878200 0.251400
24.417419 -37.063900 36.614899 0.534100 -0.757400 0.375500
21.529999 -42.291901 33.765991 0.272100 -0.827800 0.490600
14.980225 -40.428902 32.791992 0.502500 -0.585100 0.636600
24.240021 -34.775803 52.624893 0.497800 -0.789400 -0.359200
26.645905 -33.098301 44.768890 0.344600 -0.932500 0.108000
-16.180695 -60.860901 2.783783 0.019300 -0.970100 -0.242100
-35.559174 -60.650803 7.679688 -0.188300 -0.723800 -0.663800
-36.305573 -60.449402 5.429688 -0.297900 -0.742700 0.599700
-33.352081 -61.448700 5.354584 -0.158500 -0.856000 0.492100
-22.806885 -60.110298 7.013702 -0.159700 -0.105900 0.981500
-27.754272 -61.488602 5.447174 0.073700 -0.901700 0.425900
-32.578888 -61.570297 8.065674 -0.100700 -0.840500 -0.532300
-27.167389 -61.437698 8.162994 0.141500 -0.705400 -0.694500
-22.058899 -60.034698 8.503296 0.136800 -0.988000 -0.071800
-28.095093 -61.738701 4.195282 0.166100 -0.974400 -0.151500
-33.501801 -61.801903 3.681000 -0.148000 -0.984100 -0.097700
-36.772095 -60.841202 3.946899 -0.386500 -0.919700 -0.069500
-36.051300 -61.503502 9.342285 -0.282900 -0.893900 -0.347800
-32.718689 -62.320900 9.613098 -0.080800 -0.959500 -0.269800
-27.697388 -61.912903 9.014496 0.143100 -0.960500 -0.238600
-32.850800 -59.324104 17.765076 -0.114200 -0.949100 0.293600
-36.957397 -58.973297 16.256775 -0.593200 -0.722400 0.355300
-35.306274 -59.467499 16.306976 -0.145100 -0.915300 0.375800
-37.517700 -58.357803 15.669281 -0.699100 -0.656600 0.283200
-36.343384 -57.579201 19.894287 -0.108600 -0.980200 -0.165600
-37.248291 -57.048203 19.084686 -0.300600 -0.952600 -0.047300
-36.740997 -58.290001 18.176575 -0.446400 -0.797400 0.406100
-37.548492 -57.919998 17.529175 -0.660700 -0.699900 0.271400
-37.858185 -59.735703 12.511993 -0.720000 -0.517300 0.462500
-37.479095 -60.675903 12.463593 -0.569000 -0.684600 0.455600
14.436127 -41.057503 50.715591 -0.181300 -0.498900 0.847500
15.562927 -43.655998 53.728882 -0.524600 -0.496600 0.691500
17.693909 -44.848301 51.957993 0.307700 -0.910800 0.275400
20.424713 -33.222099 31.827087 0.958900 0.182300 -0.217400
20.389404 -37.152599 27.713776 0.825100 0.060400 -0.561800
25.374603 -37.910000 28.860779 0.789800 0.108700 -0.603700
26.311523 -37.946098 35.325897 0.729000 -0.635600 0.254100
14.782104 -44.017101 34.480194 0.875600 -0.482800 0.013500
40.259399 -0.683401 -27.634613 0.913700 -0.254400 0.316800
37.147705 -10.536901 -2.696411 0.980300 -0.137100 0.142000
30.468109 -16.989700 23.286285 0.921600 -0.340600 0.186400
28.998199 -16.692101 39.923401 0.923400 -0.372800 0.091800
-32.412201 -58.984100 29.506775 -0.232200 -0.627700 -0.743000
-27.612671 -58.358704 25.752777 -0.358200 -0.876400 -0.321800
-22.583282 -60.192902 4.115173 0.011600 -0.996900 -0.078400
-8.580780 -56.496101 49.739288 0.404100 -0.898900 -0.169500
-13.593292 -59.042999 51.910294 0.182300 -0.954900 -0.234400
20.733826 -41.652298 53.926392 0.627000 -0.697000 0.348000
23.391022 -37.436901 54.601593 0.801300 -0.501100 0.326900
29.076324 -34.350201 45.005890 0.631200 -0.763900 0.134300
27.668915 -36.483700 38.250885 0.581700 -0.801500 0.138300
21.738220 -43.001202 26.361481 0.574200 -0.374100 -0.728300
18.400726 -46.459900 26.597473 0.128900 -0.844700 -0.519600
16.160400 -45.618801 48.254578 0.060800 -0.992900 -0.102300
18.031525 -39.811600 55.988083 -0.316600 -0.085700 0.944700
22.698303 -34.472900 56.621689 0.139800 0.262900 0.954700
29.266205 -30.724501 45.269684 0.786200 0.617200 0.032200
27.718201 -33.509003 37.453979 0.783900 0.494500 -0.375500
18.874817 -39.412003 26.514282 0.704300 -0.296000 -0.645200
16.231720 -43.085602 26.443573 0.491800 -0.549400 -0.675400
12.732117 -43.637100 48.127289 0.125500 -0.952000 0.279300
16.157715 -37.493000 52.221390 0.128900 -0.172300 0.976600
19.102325 -32.888302 51.591690 -0.439400 0.637300 0.633100
21.370422 -29.061001 45.078674 0.851200 -0.524900 -0.000000
13.675323 -44.812302 30.435089 0.284500 -0.957700 0.042300
20.744415 -30.226700 48.866974 0.875400 -0.477300 0.076400
21.363312 -34.894100 25.253174 0.910200 -0.382700 0.158200
25.411499 -27.148001 21.013275 0.888300 -0.427700 0.167400
9.617401 -41.332100 64.676086 0.666000 -0.733700 0.134300
12.429413 -40.631901 56.560089 0.667100 -0.673700 0.318000
22.043823 -29.437801 -34.383301 -0.008500 -0.948800 -0.315800
19.679810 -33.569099 -15.508026 0.188900 -0.959600 -0.208700
-10.646179 -30.324100 -22.533722 0.292000 -0.921900 -0.254600
-6.347198 -32.666702 -21.776398 0.012000 -0.853200 -0.521500
1.866608 -31.864300 -20.743713 0.323500 -0.852700 -0.410200
7.246216 -28.487600 -22.388824 0.193100 -0.936000 -0.294300
20.667816 -28.144402 58.890091 0.836600 -0.541800 0.080600
-34.597290 -50.505203 88.874985 -0.046300 -0.593900 0.803200
-23.924683 -41.636902 94.510895 0.117900 -0.490100 0.863700
-43.803894 -54.798401 81.624191 -0.435200 -0.739000 0.514300
-39.194977 -57.089401 50.533691 -0.566300 -0.709800 -0.418900
-36.065887 -58.852798 51.589294 -0.081200 -0.858900 -0.505600
-32.249695 -58.791298 53.455582 0.165400 -0.827200 -0.537100
-24.958588 -60.348404 55.055588 -0.037800 -0.959700 -0.278300
-16.998871 -60.580399 55.897995 0.101800 -0.956600 -0.273000
-12.667786 -58.348602 46.903290 0.278100 -0.892400 -0.355300
-30.682892 -53.147598 45.357300 -0.590400 -0.761100 0.268700
-30.442383 -54.858398 45.481598 0.041700 -0.483700 -0.874200
-29.795898 -57.859001 47.657684 -0.089300 -0.658000 -0.747700
-25.886292 -59.095497 49.065796 0.049100 -0.523500 -0.850600
-20.659088 -59.769600 48.856598 -0.154200 -0.408100 -0.899800
-15.944489 -60.189598 47.259979 -0.159100 -0.560600 -0.812600
2.121216 -49.983803 52.938492 0.529600 -0.790600 0.307300
-5.111084 -55.619102 45.345276 0.318400 -0.892600 0.319200
0.405701 -55.060997 41.975800 0.539700 -0.766900 0.347200
5.250305 -52.056301 36.027679 0.699500 -0.712500 0.054700
15.930725 -36.071201 4.328400 0.419000 -0.835300 -0.355900
11.193909 -44.704700 5.066803 0.756900 -0.586300 -0.288800
-14.497284 -59.270599 18.466095 0.336800 -0.940000 0.055500
-18.889679 -60.502502 23.655090 0.137600 -0.990100 -0.026100
-11.016998 -59.006699 12.730774 0.583100 -0.783100 0.216200
-9.453094 -58.394203 3.970276 0.615600 -0.786200 -0.054300
26.190125 -23.421200 -52.828003 0.427200 -0.895200 0.127000
-19.028687 -58.646004 -1.737213 -0.074800 -0.993000 0.091700
-22.782898 -60.660103 -5.540497 0.227500 -0.937400 0.263600
-28.918579 -61.956299 -5.058899 -0.024700 -0.981800 0.188500
-33.090698 -60.774002 -5.312317 -0.399200 -0.915800 0.043300
7.239899 -49.130402 6.704376 0.674500 -0.714500 -0.185600
3.708008 -52.492500 7.734894 0.627900 -0.775900 -0.060900
-7.226685 -35.331402 -32.963501 -0.032500 -0.998000 -0.053800
-14.245972 -37.404800 -19.448700 0.126800 -0.405500 -0.905300
-21.272797 -47.563004 -19.757813 0.419700 -0.099300 -0.902200
-18.196472 -50.812103 -16.414215 0.591000 -0.120200 -0.797700
-8.660675 -49.798698 -10.355011 0.560300 -0.287600 -0.776700
3.787811 -45.121399 -4.117310 0.617700 -0.524600 -0.585900
15.156921 -43.008202 17.014374 0.678500 -0.720800 -0.141700
12.220001 -45.742001 36.731781 0.601200 -0.798800 0.021200
-29.866486 -53.723000 45.829895 0.787000 -0.616200 -0.029600
-31.063385 -54.568100 44.634583 -0.583700 -0.722400 0.370800
-29.804474 -56.015404 44.144501 -0.380500 -0.819800 0.427900
-27.428986 -57.471901 43.849884 -0.268000 -0.569200 0.777300
-28.591675 -55.241302 48.637177 0.580000 -0.231600 -0.781000
-23.372498 -58.464401 44.193878 -0.244000 -0.400500 0.883200
-24.486786 -56.758400 50.449677 0.180100 0.103200 -0.978200
-19.310089 -59.409103 45.744080 -0.131400 -0.658300 0.741200
-14.878296 -58.549400 47.824890 -0.515300 0.216300 -0.829300
-12.539490 -58.576401 50.030579 0.404300 -0.914300 0.022900
-18.223297 -57.147400 50.117493 -0.209900 0.284900 -0.935300
7.057800 -50.384499 39.913086 0.641500 -0.759100 0.110600
3.527405 -54.566597 34.057587 0.702900 -0.710600 -0.031400
-1.191193 -57.062599 30.404877 0.525600 -0.807800 -0.266900
-8.367584 -60.000404 27.927002 0.268800 -0.925600 -0.266500
-13.361572 -59.005600 25.147003 0.129400 -0.966500 -0.221800
0.755005 -52.457901 0.609985 0.671000 -0.688300 -0.275800
2.500824 -52.194000 15.106903 0.547900 -0.829700 0.107000
0.684418 -52.148300 21.617188 0.538500 -0.841000 -0.052700
-4.345795 -61.412102 36.743774 0.359800 -0.923800 0.131100
-10.040100 -56.749100 46.687775 0.339800 -0.934600 0.105500
-13.516296 -57.672600 44.346985 -0.021300 -0.965600 0.259100
-17.677399 -59.204803 40.062195 -0.107000 -0.888400 0.446400
-23.064484 -58.792404 38.733276 -0.264300 -0.885300 0.382600
-27.386780 -56.894104 38.833893 -0.260000 -0.830300 0.493000
-31.010773 -55.199699 40.698273 0.060300 -0.754500 0.653500
-33.745972 -54.534103 42.457489 0.331200 -0.683100 0.650900
-39.365295 -56.892799 43.572083 0.111900 -0.767800 0.630900
7.162628 -49.609398 15.467987 0.557800 -0.830000 0.004600
-20.639099 -55.823402 76.962387 0.132400 -0.979100 0.154200
-22.539398 -57.570000 68.258591 0.195500 -0.970100 0.143700
-24.091675 -61.754997 58.421188 0.008300 -0.994200 0.107100
-39.845886 -53.438400 74.831894 -0.257400 -0.957500 0.130000
-35.446991 -57.733803 65.624893 -0.384100 -0.914700 0.125600
-36.082489 -60.177803 55.340088 -0.340900 -0.939500 0.034600
-35.056976 -57.754601 50.693985 0.232100 -0.640200 -0.732400
-33.835480 -56.155899 50.087585 0.195200 -0.704300 -0.682500
-32.971100 -55.577797 49.354279 0.184400 -0.801700 -0.568600
-35.267792 -55.625603 49.229889 0.176300 -0.834500 -0.522100
-26.574982 -50.336601 46.354675 0.607000 -0.664800 -0.435400
-23.892975 -58.979004 22.036102 -0.306900 -0.940000 -0.149200
-40.056274 -58.669701 40.118500 0.128000 -0.928400 0.348900
-38.299072 -55.261803 44.635895 0.160300 -0.887600 0.431900
-31.485687 -52.815002 46.013275 -0.276600 -0.959800 0.047600
-30.778290 -53.199001 47.944702 -0.511500 -0.815200 -0.271800
-33.252777 -53.084099 45.278473 0.115400 -0.968600 -0.220200
-32.881775 -52.739700 43.699799 -0.082900 -0.977300 0.194800
-36.696991 -56.973000 38.921783 0.258500 -0.912200 0.317700
-7.284790 -56.223701 1.809174 0.130800 -0.989700 0.058900
-6.490295 -55.291397 7.673584 0.128900 -0.986800 0.098400
-7.268097 -55.575500 13.509003 0.218400 -0.975100 -0.037700
1.104706 -53.199902 46.509003 0.496900 -0.821700 0.278900
-4.101776 -54.573799 49.938873 0.466600 -0.861800 0.198900
-7.208893 -53.420502 60.940384 0.509900 -0.817800 0.266800
-9.056580 -59.219902 40.608673 0.110900 -0.886700 0.448800
-14.770691 -57.262299 46.657593 0.049000 -0.940000 -0.337600
-13.416901 -54.550003 47.887787 -0.990900 0.125000 -0.049800
-31.111481 -54.254303 42.119995 -0.498600 -0.836300 0.228200
-16.183075 -55.113899 45.460083 -0.481100 0.130600 0.866900
37.136627 -14.155300 -53.782898 0.540000 -0.759700 0.362400
-26.237274 -52.014099 44.145691 0.241700 -0.302000 0.922200
-19.981689 -54.565498 44.294800 -0.213700 0.027700 0.976500
-23.753998 -53.481400 43.856995 -0.048000 -0.084100 0.995300
-19.273773 -58.894600 52.027191 0.007300 -0.927100 -0.374900
-25.857391 -57.856499 52.183792 -0.167900 -0.901900 -0.397900
-30.031281 -56.131798 50.483185 -0.508600 -0.830200 -0.228400
-16.496185 -53.324902 49.954376 -0.237200 -0.106000 -0.965700
-20.955200 -52.488701 49.824677 0.099900 -0.258700 -0.960800
-24.681091 -51.310799 48.367401 0.374000 -0.452300 -0.809600
-39.597992 -61.062698 22.182098 0.545800 -0.303600 -0.781000
-38.171600 -58.709404 20.996094 0.459000 -0.801300 -0.383600
-34.351471 -57.800697 20.855103 -0.205700 -0.922200 -0.327400
-32.298981 -61.072197 20.891083 -0.014200 -0.462300 -0.886600
-33.647888 -60.520798 21.695679 -0.577700 0.037900 -0.815400
-37.732971 -62.446404 22.631775 -0.143300 -0.180800 -0.973000
-31.029877 -60.203697 -17.924408 -0.288100 -0.690700 -0.663300
-25.805481 -55.334297 -22.005707 0.207100 -0.362500 -0.908700
-28.882477 -64.520203 -11.368408 -0.135800 -0.989600 0.047800
-33.483276 -62.771400 -11.414825 -0.622000 -0.782700 -0.020600
-20.750580 -56.363304 -19.253601 0.466600 -0.301400 -0.831500
-26.597687 -62.389801 -17.085999 0.013900 -0.740300 -0.672100
-13.156281 -57.543602 -13.664124 0.597200 -0.353200 -0.720100
-7.078583 -57.264297 -5.132324 0.446000 -0.875900 -0.184400
-11.230988 -58.701500 -10.031219 0.586600 -0.764600 -0.266900
-19.480896 -62.410004 -13.698822 0.388900 -0.851100 -0.352700
-23.616272 -60.424904 12.260986 0.108500 -0.984500 0.137900
-31.463287 -59.743500 14.969177 0.027100 -0.933300 0.358100
-35.315796 -60.897903 13.074677 -0.098100 -0.856300 0.507100
-33.954376 -53.534500 76.191681 -0.255000 -0.916600 0.308100
-28.217682 -55.080101 77.168884 -0.146900 -0.941700 0.302800
-14.170685 -53.910500 69.067886 0.323900 -0.939500 0.111200
0.972412 -47.676399 59.194489 0.572200 -0.740400 0.352600
27.746613 -16.177601 53.693283 0.917800 -0.393300 0.055200
32.063629 -9.079600 29.628876 0.985300 -0.170600 -0.004200
34.162628 8.312899 -6.524109 0.819800 0.406200 0.403700
22.663208 23.786699 -11.821503 0.715100 0.631600 0.299500
-16.349182 -55.401100 65.604782 0.336900 -0.904000 0.263100
-29.922272 -58.515198 67.085388 -0.053800 -0.988600 0.140700
-39.513885 -54.998299 64.754395 -0.480600 -0.869800 0.111800
-29.994873 -58.056099 25.654388 0.755400 -0.653900 0.041200
-33.017395 -57.726601 28.845703 0.328700 -0.938700 0.104400
-36.860199 -60.535500 29.382202 0.289800 -0.809000 0.511400
-38.024780 -63.606598 26.183990 0.402100 -0.868000 0.291300
-32.872101 -57.739799 20.985382 0.130700 -0.884700 -0.447400
-37.443085 -63.365402 23.223389 0.245900 -0.838500 -0.486300
-35.884888 -59.038704 35.132874 0.233600 -0.912400 0.336000
-30.738983 -60.995201 21.131683 0.537100 -0.396100 -0.744800
-33.590698 -62.806297 24.026703 0.231800 -0.971600 -0.046800
-34.296082 -62.130402 26.979675 0.131100 -0.920200 0.368900
-28.365875 -60.341499 25.916595 0.986800 -0.125800 0.101900
-32.802490 -60.978203 29.173401 0.173200 -0.474300 0.863100
-40.823975 -61.734497 30.828583 0.113900 -0.860500 0.496500
-29.751282 -59.738304 28.090576 0.682800 0.098800 0.723900
-29.373993 -60.343300 22.761688 0.891200 -0.071000 -0.448000
-6.041199 -57.410103 42.904785 0.273800 -0.844200 0.460800
-22.314789 -59.889900 36.409302 -0.144300 -0.968700 0.201800
-24.020172 -59.122704 43.106293 -0.265000 -0.938300 0.222300
-26.206390 -61.301399 30.362793 -0.207500 -0.978200 -0.002700
-38.135986 -56.223000 83.842789 -0.231800 -0.836600 0.496300
-5.451477 -57.513000 20.886780 0.367100 -0.922300 -0.120500
-10.461273 -57.236702 19.174774 0.252800 -0.954800 -0.156100
-18.621185 -59.671799 15.299774 -0.119600 -0.992400 0.028500
-9.891876 -40.190399 -17.957916 0.256400 -0.466500 -0.846500
7.278900 -28.300600 -34.421112 0.596800 -0.799200 -0.071900
-2.921082 -34.962700 -32.779114 0.288300 -0.957400 0.016000
-0.875885 -39.529202 -14.427917 0.477300 -0.627400 -0.615300
-36.597382 -59.889801 2.201599 -0.422800 -0.858500 -0.290200
-15.468201 -59.885704 -8.584625 0.319700 -0.941500 0.106300
-21.836884 -63.131401 -10.553497 0.239700 -0.920200 0.309500
-33.523499 -60.996002 1.580780 -0.199500 -0.963200 -0.180400
-27.406281 -60.616600 2.179077 0.190500 -0.975900 -0.106700
-11.250488 -58.719398 -2.269409 0.567300 -0.792900 -0.222600
-32.124481 -58.197098 36.413086 -0.124900 -0.942700 0.309500
-26.961975 -50.509201 45.298492 0.605100 -0.678300 0.416800
-34.518677 -55.352203 47.855499 0.214900 -0.898800 -0.382100
-28.127899 -59.332199 35.082001 -0.218900 -0.938200 0.268100
-37.853699 -55.276703 46.324493 -0.029900 -0.976400 -0.214000
-34.776184 -59.334099 6.650696 0.074100 0.089000 -0.993300
-2.880096 -56.832703 8.637390 0.151400 -0.987500 0.044200
-26.487671 -60.496201 7.821289 0.245600 -0.028600 -0.969000
-31.880798 -60.459404 6.230774 0.055900 0.117100 -0.991500
-35.158386 -58.146698 19.048279 -0.179000 -0.907000 0.381200
-41.310272 -65.719101 22.593475 0.136000 -0.829300 -0.542000
-42.459778 -65.929504 26.485687 -0.013400 -0.950100 0.311500
-30.294678 -61.818199 26.758698 0.392100 -0.886500 0.245500
-36.181671 -61.977203 11.453278 -0.307500 -0.930400 0.199600
-30.390472 -56.756401 51.558884 -0.153600 -0.722700 -0.673800
-28.173187 -57.622299 42.878174 -0.593200 -0.786800 0.170400
-19.186676 -59.472603 44.657501 0.116000 -0.991500 0.058700
-14.936798 -53.968704 49.252502 -0.561200 0.050800 -0.826100
-20.789093 -60.290398 52.649887 -0.042800 -0.816300 -0.576000
-27.253876 -59.857002 52.775192 -0.140900 -0.831100 -0.538000
-12.052582 -62.653702 33.792297 0.058300 -0.997700 0.033500
-18.927673 -62.304298 31.561676 -0.081800 -0.994100 -0.071400
-1.289886 -49.619202 73.012695 0.510700 -0.857800 0.058100
22.163208 -25.726400 69.957581 0.844400 -0.515600 0.145500
-0.614899 -57.949203 39.465576 0.567300 -0.751400 0.337100
-14.797882 -60.448601 37.802673 -0.039800 -0.949500 0.311300
-31.540100 -58.898804 32.906097 -0.068100 -0.943500 0.324400
-40.340271 -59.911201 36.075287 0.015900 -0.944800 0.327100
-39.813690 -57.634201 53.886490 -0.689400 -0.724000 0.023100
-38.034790 -56.513504 48.991974 -0.197800 -0.794800 -0.573800
-29.900696 -61.398300 25.069092 0.471300 -0.873700 -0.120800
-31.770386 -57.923599 52.496780 0.110500 -0.727100 -0.677600
-4.063873 -57.685303 2.123383 0.201300 -0.979400 -0.018200
-27.277100 -61.886604 10.405090 0.205000 -0.960000 0.190500
7.352417 -37.037498 -7.453003 0.450800 -0.768300 -0.454300
26.552826 -31.538799 -3.043121 0.681600 -0.731600 -0.011000
-10.316101 -58.830200 55.556686 0.533100 -0.842000 0.082800
33.264008 26.537798 45.708984 0.903200 0.417200 -0.100500
34.471527 7.318800 45.270691 0.993900 -0.085200 -0.069800
10.360016 -47.136600 32.129395 0.649500 -0.760300 0.002300
6.031799 -49.776501 23.581696 0.443700 -0.888600 -0.116300
2.095825 -49.648102 -2.134521 0.676600 -0.546100 -0.493900
-3.197479 -56.483902 14.782074 0.268100 -0.963400 0.000300
-32.694885 -62.595100 11.883179 -0.031200 -0.942700 0.332300
-31.758972 -60.881004 56.818390 -0.138600 -0.990300 0.000400
-30.371490 -56.879601 84.724289 0.017700 -0.917000 0.398600
8.543518 -16.125801 99.680984 0.359800 -0.135800 0.923100
19.917725 15.675299 91.201889 0.485600 0.344000 0.803600
32.480927 28.144499 69.087189 0.740700 0.599700 0.302800
25.477905 19.676100 10.988190 0.790600 0.535500 -0.297000
29.851715 31.364698 -27.191925 0.375900 0.615000 0.693200
14.547699 -20.319901 -39.714722 -0.026100 -0.979800 -0.198200
-15.332397 -60.258598 10.692291 -0.227400 -0.973500 -0.022700
31.998901 6.263199 15.551575 0.957200 0.275400 0.089400
10.872009 -46.673000 15.876373 0.660400 -0.745000 -0.094000
32.574524 -25.229900 -30.510498 0.713100 -0.696500 -0.080500
13.343903 -29.552900 93.240692 0.576600 -0.495000 0.649900
37.588013 8.744598 68.694290 0.976400 -0.039800 0.212200
-16.351776 -61.957199 59.548584 0.164900 -0.907000 0.387500
28.047119 0.906500 86.782990 0.776100 -0.081500 0.625300
44.210022 19.378401 -27.546722 0.552400 0.168700 0.816300
-15.493500 -52.884499 85.241592 0.283800 -0.796400 0.534100
52.005524 11.212297 -35.153107 0.520300 -0.447500 0.727300
60.885620 27.561998 -32.092926 0.379000 0.107200 0.919200
-40.582092 -60.822899 33.451874 0.049400 -0.942800 0.329800
-35.843781 -59.489204 31.189392 0.190500 -0.956800 0.219500
19.197418 -42.953499 53.381683 0.571300 -0.738500 0.358100
17.457428 -44.821899 48.859375 0.810400 -0.457100 -0.366600
22.006317 -39.598999 37.909485 0.363600 -0.923400 0.123200
25.054321 -38.592800 41.139282 0.678300 -0.734000 -0.035300
26.181122 -37.250000 46.245483 0.772500 -0.611800 0.170300
24.220825 -37.009602 51.240082 0.755600 -0.616000 0.222900
14.741425 -44.235298 32.177002 0.509300 -0.749400 0.423200
18.674225 -45.364502 30.158203 0.248400 -0.865900 0.434300
106.867706 2.607698 -88.577301 0.785100 -0.594800 0.172700
47.807129 -1.867201 -48.056519 0.529300 -0.647100 0.548800
10.687927 81.577698 -101.383209 0.071100 0.997500 -0.000000
35.204010 78.477005 -101.383209 0.283800 0.958900 0.000000
-28.503601 -59.531601 54.502380 -0.171800 -0.931200 -0.321400
-34.134888 -58.851501 52.268295 0.236600 -0.821400 -0.519000
-37.607483 -58.000504 50.807281 -0.246700 -0.852300 -0.461200
-33.920685 -60.529404 56.079285 -0.132800 -0.991100 0.003400
-28.079071 -61.213600 57.593887 -0.138800 -0.990100 0.020000
-20.948090 -61.362801 58.862289 0.022100 -0.970200 0.241400
45.510529 59.510002 -46.202026 0.266300 0.746400 0.609900
80.891113 36.087898 -48.537506 0.610500 0.418600 0.672300
88.628815 16.078897 -52.093811 0.644600 -0.147500 0.750100
82.199219 -1.710501 -58.048523 0.459000 -0.536900 0.707800
62.804810 -16.512701 -63.720520 0.194500 -0.569000 0.799000
22.835510 -31.099899 -64.607300 0.284500 -0.695500 0.659800
16.483002 -33.557701 -64.714325 -0.082800 -0.757200 0.647900
10.130524 -30.951702 -64.821198 -0.106800 -0.810100 0.576500
6.584320 -32.349998 -66.741699 -0.104200 -0.856600 0.505300
4.428009 -32.788002 -68.895599 -0.281200 -0.835200 0.472700
1.853516 -33.286201 -71.427399 -0.573400 -0.648500 0.500600
14.966827 -20.339800 -44.250000 0.021200 -0.999300 0.030700
8.310425 -25.979200 -41.641113 0.599800 -0.797700 -0.061600
-1.065887 -31.641701 -40.227905 0.253600 -0.933200 -0.254600
-5.143372 -31.648800 -40.311218 -0.093300 -0.920900 -0.378500
57.299713 63.288704 -69.321808 0.445500 0.833500 0.326900
92.811401 46.657402 -70.806122 0.588100 0.666200 0.458500
107.897125 22.834200 -71.345215 0.808600 0.059000 0.585300
98.436401 0.686699 -72.273315 0.712500 -0.548100 0.438100
70.676727 -26.681601 -71.867126 0.441800 -0.791500 0.422200
32.006226 -39.956802 -73.181824 0.219000 -0.794000 0.567100
17.783600 -40.682999 -73.528412 -0.117000 -0.834500 0.538400
9.192322 -38.653503 -74.652313 -0.256000 -0.861000 0.439400
6.011810 -38.443100 -75.663513 -0.101500 -0.911300 0.399000
3.722504 -38.716301 -76.416321 -0.034900 -0.903300 0.427500
1.718323 -39.020302 -77.135620 -0.016100 -0.888000 0.459500
2.084320 -41.950203 -101.383209 0.087900 -0.996100 0.001200
63.660126 64.742699 -101.383209 0.431000 0.902300 -0.008200
101.903900 46.632500 -101.383209 0.637200 0.770700 -0.000000
117.950226 24.690798 -101.383209 0.996500 0.083100 -0.000000
106.867706 2.607698 -101.383209 0.779000 -0.627100 -0.000000
70.676727 -26.681601 -101.383209 0.543800 -0.839200 0.000000
36.106201 -44.222401 -101.383209 0.366900 -0.930200 0.000000
20.029510 -48.877998 -101.383209 -0.199300 -0.979900 0.000000
11.232300 -41.717800 -101.383209 -0.382500 -0.924000 0.000000
7.294708 -41.315399 -101.383209 0.009300 -1.000000 0.000000
4.510620 -41.652100 -101.383209 0.121100 -0.992600 -0.000200
15.331512 -44.436501 27.547699 -0.219900 -0.875200 -0.430900
33.486023 -2.480900 12.211700 0.980000 0.054100 0.191600
34.001923 -14.913601 10.563080 0.958400 -0.228100 0.171600
34.101807 1.475399 2.856476 0.954600 0.265000 0.136100
15.316803 19.083700 90.740891 0.303800 0.483000 0.821200
24.180420 36.751099 68.601593 0.662600 0.669000 0.336700
27.325226 30.986799 68.922684 0.665400 0.653400 0.361000
26.396820 34.471199 42.211578 0.764400 0.624200 -0.161700
29.830414 30.504499 43.960297 0.781100 0.610400 -0.131600
17.452728 22.847498 9.622498 0.250000 0.867900 -0.429200
21.912109 22.853598 10.189575 0.358500 0.864900 -0.351400
12.941101 28.747599 -13.746613 -0.049300 0.905900 0.420500
19.035828 28.952700 -13.044525 0.412000 0.852500 0.321700
6.908203 36.043396 -24.185303 0.058100 0.733600 0.677100
20.214905 33.652901 -25.673004 0.275200 0.738900 0.615000
9.299927 51.693901 -36.414398 0.042900 0.614000 0.788200
23.113525 45.995399 -36.441925 0.197300 0.525200 0.827800
11.230316 63.471397 -48.145111 0.045200 0.772900 0.632900
30.339417 62.264999 -45.941498 0.127700 0.710800 0.691700
10.687927 81.577698 -71.867126 -0.036200 0.949800 0.310600
35.204010 78.477005 -71.867126 0.321100 0.905500 0.277400
35.204010 78.477005 -88.577301 0.304900 0.952100 0.021400
10.687927 81.577698 -88.577301 0.051100 0.998400 0.022600
20.442200 -40.769901 51.529694 0.675900 -0.472300 -0.565800
26.463318 -34.584499 51.729187 0.704100 -0.674800 0.221200
24.936615 -31.853802 54.240189 0.419200 0.601800 0.679800
-35.572174 -59.560600 6.183502 -0.095300 -0.070300 0.993000
-27.278687 -60.687698 6.246277 -0.051700 -0.141900 0.988500
-32.648071 -60.519302 6.325073 -0.051000 -0.112100 0.992400
-15.358398 -42.306503 46.728577 -0.398500 -0.916400 0.037100
-11.894684 -44.325302 10.741180 -0.224600 -0.074200 0.971600
-20.986084 -38.212502 9.196777 0.170200 0.007700 -0.985400
-14.657288 -42.456299 10.245300 -0.212600 -0.074100 0.974300
-18.544281 -39.858200 9.604584 0.170200 0.031000 -0.984900
-20.614777 -60.336800 9.003387 -0.273500 -0.612800 0.741400
-39.179596 -53.995003 5.191193 -0.017200 -0.510300 -0.859800
-39.124878 -50.604000 5.196381 0.189800 0.507300 -0.840600
-38.692871 -53.874603 5.234283 0.390400 -0.462400 -0.796100
-39.645782 -50.661400 5.150299 -0.154500 0.500300 -0.851900
-40.194794 -51.103401 5.101685 -0.339600 0.357200 -0.870100
-37.861877 -52.934303 5.307800 0.654000 -0.095800 -0.750400
-40.476685 -51.601700 5.076782 -0.493500 0.031600 -0.869200
-38.755371 -50.849300 5.228973 0.498200 0.318500 -0.806500
-39.583191 -53.686699 5.155579 -0.341700 -0.293800 -0.892700
-39.293701 -54.303703 5.580688 -0.145000 -0.958300 -0.246300
-39.771973 -53.966202 5.538483 -0.719500 -0.623200 -0.306500
-38.696991 -54.133102 5.633484 0.524500 -0.841300 -0.131100
-37.648590 -52.979500 5.726288 0.973700 -0.193200 -0.121100
-38.650391 -50.586300 5.638000 0.745100 0.631800 -0.213700
-40.773682 -51.573101 5.450073 -0.939700 0.055700 -0.337400
-40.410675 -50.971298 5.482300 -0.702100 0.641200 -0.309700
-39.725281 -50.419502 5.542877 -0.370700 0.881100 -0.293600
-39.089691 -50.320702 5.599091 0.220300 0.931600 -0.289100
-39.655975 -53.669601 9.728790 -0.148400 -0.970400 0.190700
-38.255371 -52.539398 9.878082 0.958100 -0.213100 0.191600
-40.959198 -51.215401 9.123688 -0.975400 0.220500 -0.005300
-39.523499 -50.150703 9.280701 0.247700 0.965700 0.078100
-38.714478 -55.346100 5.300781 -0.387200 -0.131300 -0.912600
-38.614990 -54.798904 5.291199 -0.361500 0.174200 -0.916000
-38.210388 -54.195503 5.322388 -0.253200 0.343100 -0.904500
-37.743591 -53.897804 5.375580 0.113400 0.529400 -0.840800
-38.407288 -55.818199 5.364594 -0.205800 -0.420100 -0.883800
-35.724274 -55.006004 5.708984 0.467900 0.351500 -0.810900
-35.478271 -55.436501 5.762390 0.621500 0.077300 -0.779600
-36.388000 -56.926399 5.697998 0.124300 -0.588100 -0.799200
-35.516571 -56.025299 5.782379 0.621500 -0.219400 -0.752100
-35.921173 -56.628700 5.751190 0.490000 -0.411300 -0.768600
-39.194672 -54.976700 10.052979 -0.977200 -0.199600 0.072400
-38.160492 -53.434101 10.132690 -0.151000 0.988000 0.030800
-36.745392 -56.370697 10.459595 0.242600 -0.938100 0.247200
-35.958588 -55.094604 10.515778 0.955300 0.202400 0.215600
-39.059998 -55.405304 5.656799 -0.912700 -0.187600 -0.363000
-38.722595 -55.963501 5.728577 -0.631900 -0.719600 -0.287800
-38.916077 -54.735603 5.648193 -0.859900 0.368700 -0.353100
-38.410980 -53.982300 5.687073 -0.652700 0.672800 -0.348200
-37.847900 -53.597298 5.750183 -0.026200 0.945500 -0.324500
-35.530792 -54.842201 6.131592 0.722300 0.658500 -0.211300
-36.405579 -57.208397 6.109985 0.069900 -0.982300 -0.173800
-35.842499 -56.823402 6.173096 0.707100 -0.700600 -0.096200
-35.337372 -56.070000 6.211975 0.933600 -0.348300 -0.084600
-35.263184 -55.352898 6.191498 0.972400 0.179100 -0.149700
-40.177887 -45.496498 4.681000 -0.473000 -0.314200 -0.823100
-38.780975 -45.590801 4.942200 0.619700 -0.432000 -0.655300
-39.255798 -45.810902 4.872589 0.164800 -0.652200 -0.739900
-39.324890 -42.360100 4.597290 -0.345500 0.439300 -0.829200
-37.950500 -42.536903 4.860687 0.754400 0.057200 -0.654000
-38.268097 -42.179298 4.775696 0.314000 0.562600 -0.764800
-40.707672 -45.170403 8.898193 -0.844000 -0.531300 0.073000
-39.209900 -45.274700 9.114594 0.586200 -0.782200 0.211000
-38.306976 -42.618698 9.127594 0.983800 -0.130100 0.123500
-39.830475 -41.898701 8.881073 -0.530800 0.842800 -0.088500
-38.355682 -42.089100 9.097900 0.708800 0.700900 0.080100
-40.499176 -45.682701 5.237701 -0.822600 -0.505200 -0.260900
-39.331390 -46.052101 5.418793 0.059700 -0.991900 -0.112400
-38.743500 -45.804901 5.491302 0.733800 -0.678000 -0.043300
-39.538391 -42.099403 5.218903 -0.616100 0.744100 -0.258400
-38.218872 -41.903099 5.397003 0.322500 0.931600 -0.167500
-37.807983 -42.315903 5.472900 0.961600 0.263800 -0.075800
-40.451996 -46.963501 4.829285 -0.332300 0.305700 -0.892300
-40.010498 -46.632103 4.877380 -0.108300 0.478700 -0.871300
-39.397888 -46.507500 4.958679 0.139100 0.497600 -0.856200
-38.981873 -46.664501 5.024292 0.603800 0.256400 -0.754800
-40.665497 -47.570702 4.825287 -0.387500 0.057700 -0.920100
-38.929474 -49.150200 5.138977 0.663300 -0.171900 -0.728400
-40.767273 -49.524101 4.895203 -0.369100 -0.128500 -0.920400
-40.622589 -50.053600 5.006592 -0.254500 -0.439000 -0.861700
-39.593994 -50.085899 5.153473 0.382300 -0.538100 -0.751200
-40.206482 -50.210503 5.072296 0.091300 -0.560000 -0.823400
-40.935272 -46.516300 8.924103 -0.743300 0.668600 -0.021200
-39.369385 -46.197800 9.131897 0.640500 0.756900 0.129700
-41.103180 -49.738403 9.039490 -0.654200 -0.736600 0.171700
-39.532898 -49.335098 9.244202 0.761200 -0.593500 0.261500
-40.696289 -46.764503 5.256500 -0.733000 0.591200 -0.336400
-40.950073 -47.464100 5.182800 -0.917600 0.179700 -0.354600
-40.146393 -46.376999 5.317596 -0.341200 0.891600 -0.297700
-39.372192 -46.224300 5.352386 0.089100 0.946600 -0.309700
-38.851379 -46.394001 5.433380 0.790300 0.575300 -0.211100
-41.066193 -49.692902 5.262573 -0.914300 -0.168900 -0.368200
-38.781372 -49.223301 5.633484 0.978100 -0.199300 -0.060400
-40.880096 -50.293503 5.382874 -0.635700 -0.710900 -0.300800
-40.359283 -50.463203 5.463898 -0.034600 -0.983100 -0.179900
-39.594574 -50.307602 5.565277 0.424800 -0.900300 -0.094400
-39.039886 -49.827202 5.622986 0.798600 -0.587700 -0.129900
-23.814301 -56.611603 7.475189 0.063900 -0.679000 -0.731400
-24.459900 -55.861198 7.399078 -0.481200 -0.213300 -0.850300
-24.437500 -55.333801 7.391388 -0.455300 0.298200 -0.838900
-21.919281 -53.426300 7.598083 -0.055800 0.607500 -0.792400
-21.227997 -54.652603 7.687500 0.708500 -0.276600 -0.649200
-21.465271 -53.592804 7.644775 0.580700 0.381500 -0.719200
-24.295074 -56.298302 11.699890 -0.212400 -0.959500 0.185200
-24.951691 -54.939201 11.548401 -0.956900 0.288600 -0.032400
-21.609100 -54.255302 11.991577 0.970500 -0.174700 0.166400
-22.336273 -52.949902 11.832275 0.211800 0.977300 -0.000000
-24.001801 -56.888702 8.054688 -0.120200 -0.983000 -0.138800
-24.779083 -55.937004 7.903687 -0.899000 -0.341200 -0.274500
-24.771301 -55.295700 7.877075 -0.859100 0.403200 -0.315300
-21.059998 -54.651100 8.374176 0.947700 -0.319100 0.008500
-21.372772 -53.346001 8.273590 0.777500 0.622200 -0.091800
-21.906891 -53.116901 8.188202 -0.073900 0.966000 -0.247700
-25.091675 -57.397202 7.452087 0.596700 -0.325400 -0.733600
-25.366272 -55.913002 7.349182 0.200300 0.530500 -0.823700
-25.065979 -56.242699 7.405884 0.602200 0.183000 -0.777100
-24.951599 -56.861099 7.448792 0.673000 -0.051900 -0.737800
-25.571198 -57.823700 7.402679 0.395800 -0.474500 -0.786300
-27.332794 -58.649597 7.189301 0.219900 -0.528700 -0.819800
-27.675995 -56.794304 7.060577 -0.216400 0.425600 -0.878600
-27.890381 -58.702103 7.180695 -0.115700 -0.533300 -0.838000
-28.190674 -58.372498 7.123993 -0.352900 -0.258300 -0.899300
-28.305084 -57.754097 7.081177 -0.448900 0.026500 -0.893200
-25.442383 -57.037704 11.569580 0.869300 -0.426500 0.249700
-25.734894 -55.456802 11.459900 0.466700 0.881500 0.072000
-28.141998 -56.370598 11.158875 -0.521500 0.848400 -0.090400
-28.348175 -58.400002 11.217377 -0.484800 -0.851300 0.200600
-28.564178 -56.783302 11.117096 -0.929200 0.367300 -0.041500
-25.458679 -57.986900 7.828003 0.558600 -0.822800 -0.104200
-24.924774 -57.477501 7.949585 0.866400 -0.495100 -0.065500
-24.773499 -56.819298 7.942596 0.997300 -0.017700 -0.071100
-24.906891 -56.050102 7.822388 0.903000 0.393600 -0.172100
-25.258087 -55.627403 7.754486 0.301700 0.906900 -0.294100
-27.468689 -58.929199 7.584381 0.242800 -0.954700 -0.172000
-27.906586 -56.610199 7.490387 -0.503000 0.804100 -0.316800
-28.107178 -58.969604 7.563873 -0.362400 -0.896600 -0.254300
-28.458496 -58.546997 7.496002 -0.843500 -0.433800 -0.316700
-28.601288 -57.774902 7.442474 -0.944800 0.029800 -0.326400
-28.366272 -57.077400 7.445587 -0.779600 0.484700 -0.396700
-33.433472 -58.933304 6.202484 0.221800 -0.545000 -0.808600
-32.462585 -57.485001 6.277283 0.636400 0.174100 -0.751400
-32.562073 -58.032204 6.286774 0.606500 -0.240900 -0.757700
-32.966675 -58.635597 6.255676 0.492200 -0.405700 -0.770200
-33.983490 -58.823204 6.119995 -0.110100 -0.485200 -0.867500
-34.239075 -56.014801 5.962585 0.346200 0.434100 -0.831700
-35.759979 -57.353004 5.805176 -0.395300 -0.235100 -0.887900
-34.727783 -55.946304 5.890503 0.036600 0.474500 -0.879500
-35.660492 -56.805801 5.795685 -0.366200 0.170300 -0.914800
-35.255890 -56.202301 5.826874 -0.240000 0.365800 -0.899200
-34.017487 -58.509300 10.937683 0.134900 -0.956500 0.258500
-32.983276 -56.966698 11.017395 0.955200 0.217400 0.200600
-34.888000 -55.608299 10.689392 0.346100 0.937700 0.029100
-36.156586 -56.783401 10.560699 -0.993500 -0.103000 0.049000
-35.275391 -55.571503 10.632996 -0.384600 0.922800 -0.023200
-34.091583 -59.109200 6.519379 -0.374200 -0.894400 -0.245000
-33.451080 -59.215302 6.614502 0.224300 -0.959400 -0.170900
-32.888000 -58.830299 6.677582 0.710900 -0.697900 -0.086600
-32.382874 -58.076904 6.716492 0.916100 -0.392600 -0.081600
-32.238892 -57.407204 6.707886 0.944900 0.286600 -0.158500
-34.252777 -55.710304 6.349792 0.400000 0.876800 -0.266800
-36.105499 -57.412201 6.161285 -0.881800 -0.334700 -0.332100
-35.961487 -56.742500 6.152679 -0.861100 0.364100 -0.354800
-35.456482 -55.989204 6.191589 -0.620000 0.707000 -0.340300
-34.823486 -55.651604 6.266602 -0.137600 0.933300 -0.331700
-32.018097 -58.859497 6.414093 -0.262200 -0.343900 -0.901700
-32.084473 -58.363304 6.362701 -0.372400 0.055700 -0.926400
-31.528381 -57.236404 6.389282 -0.138800 0.442800 -0.885800
-31.590973 -59.115501 6.520294 0.053500 -0.562300 -0.825200
-29.304688 -57.268799 6.842773 0.304800 0.449800 -0.839500
-28.947388 -57.517204 6.934174 0.590100 0.235400 -0.772200
-29.367279 -59.147903 6.973785 0.396600 -0.573100 -0.717100
-28.811096 -58.021004 7.000397 0.704100 -0.082900 -0.705300
-29.015198 -58.697304 7.010681 0.641000 -0.308900 -0.702600
-32.595581 -58.465500 10.934387 -0.877100 -0.475600 0.066700
-32.078400 -56.735199 10.932800 -0.565600 0.821900 -0.067800
-29.775482 -58.812004 11.033295 0.535800 -0.805900 0.252100
-29.331696 -57.073502 11.020996 0.777800 0.605600 0.168400
-32.349792 -59.020500 6.766388 -0.767600 -0.535400 -0.352400
-31.868988 -59.334404 6.887878 -0.251900 -0.940800 -0.226700
-32.410278 -58.403404 6.707001 -0.916100 0.137200 -0.376800
-31.738495 -56.994102 6.735474 -0.481300 0.795000 -0.369200
-29.194672 -57.009201 7.252594 0.370000 0.886600 -0.277700
-29.325287 -59.349602 7.404999 0.449200 -0.887800 -0.100400
-28.908173 -58.784500 7.446381 0.895300 -0.443900 -0.037200
-28.653473 -57.940201 7.433502 0.997000 -0.047900 -0.060300
-28.793488 -57.314499 7.357300 0.840000 0.510700 -0.183300
-41.241089 -48.119003 5.625183 -0.571100 -0.274100 0.773800
-40.915771 -48.304600 5.679596 -0.226500 -0.504000 0.833500
-40.403900 -48.268898 5.757202 0.039000 -0.500400 0.864900
-40.012482 -48.033203 5.811493 0.355700 -0.307700 0.882500
-41.317474 -47.638298 5.601898 -0.660200 0.060000 0.748700
-39.517181 -45.846298 5.834503 0.405400 -0.012800 0.914000
-39.604584 -45.435902 5.811188 0.305000 0.274000 0.912100
-40.822174 -45.451401 5.624878 -0.601800 0.332500 0.726200
-39.918884 -45.180099 5.756775 0.008200 0.520400 0.853900
-40.430786 -45.215801 5.679199 -0.290500 0.518000 0.804500
-40.411499 -47.792801 1.941376 -0.674800 -0.632700 -0.379900
-39.090576 -47.700500 2.141693 0.739800 -0.672700 0.009700
-39.970978 -44.987503 1.941101 -0.586100 0.794500 -0.159100
-38.564575 -44.889099 1.900299 0.749300 0.649000 0.131600
-41.368774 -48.312000 5.267395 -0.796200 -0.598700 0.087500
-41.472473 -47.764702 5.238281 -0.999200 0.000100 0.041000
-40.959198 -48.521103 5.335175 -0.226100 -0.961500 0.156200
-40.320099 -48.476402 5.432098 0.229600 -0.946200 0.228000
-39.834991 -48.204903 5.499878 0.711500 -0.609800 0.349100
-39.253296 -45.708603 5.528687 0.900400 0.020900 0.434500
-40.890900 -45.268402 5.266998 -0.803300 0.585200 0.110800
-40.405792 -44.996803 5.334900 -0.306600 0.923100 0.231900
-39.766693 -44.952202 5.431702 0.193300 0.917000 0.348900
-39.369598 -45.241402 5.499573 0.709300 0.532700 0.461500
-41.124298 -48.933701 5.705200 -0.592800 0.291300 0.750800
-39.864990 -48.510803 5.888000 0.304200 0.368200 0.878500
-40.245575 -48.430603 5.827789 -0.173100 0.537600 0.825200
-40.770294 -48.606800 5.751587 -0.393200 0.476600 0.786300
-41.250580 -49.461502 5.698578 -0.659300 0.031800 0.751200
-39.570099 -50.561401 5.982788 0.401500 -0.007600 0.915800
-40.955688 -51.512001 5.793396 -0.560900 -0.346200 0.752000
-39.700897 -51.021301 5.973877 0.340000 -0.243200 0.908500
-40.575073 -51.592201 5.853699 -0.083300 -0.518900 0.850800
-40.050385 -51.416100 5.929901 0.175800 -0.446300 0.877400
-40.295593 -48.480598 1.984802 -0.764400 0.603200 -0.227700
-38.941589 -48.026001 2.181396 0.524500 0.842100 0.125500
-38.627777 -50.181000 2.281586 0.980100 -0.046400 0.193100
-40.118378 -51.192001 2.077576 -0.472400 -0.811100 -0.344800
-38.768982 -50.666000 2.271698 0.779400 -0.625000 0.043700
-41.398682 -49.408401 5.327698 -0.998000 0.049300 0.039000
-41.237579 -48.800499 5.337677 -0.855700 0.507800 0.099400
-40.794281 -48.414299 5.396301 -0.504600 0.845400 0.175000
-40.139191 -48.194302 5.491394 -0.122600 0.952100 0.280200
-39.665497 -48.272598 5.565887 0.598200 0.673400 0.434500
-39.312073 -50.606499 5.676483 0.904500 -0.076600 0.419500
-41.045288 -51.742302 5.438293 -0.703400 -0.703400 0.102200
-40.571594 -51.820602 5.512787 0.037300 -0.978500 0.202800
-39.916473 -51.600601 5.607880 0.470600 -0.842900 0.260800
-39.478180 -51.137001 5.663879 0.786700 -0.495600 0.368200
-39.034485 -56.127403 6.178375 -0.656300 -0.040200 0.753400
-38.070892 -54.680099 6.291077 -0.171500 0.575300 0.799800
-38.508698 -54.995804 6.231598 -0.520300 0.393600 0.757900
-38.910187 -55.598801 6.184692 -0.617200 0.248800 0.746400
-38.789185 -56.556602 6.226379 -0.471300 -0.364800 0.803000
-36.330780 -55.598999 6.580078 0.216100 0.385400 0.897100
-37.048981 -57.475502 6.515381 -0.084800 -0.548800 0.831600
-36.137695 -55.992798 6.619202 0.375900 0.088900 0.922400
-36.611298 -57.159798 6.574799 0.266600 -0.357600 0.895000
-36.209778 -56.556801 6.621796 0.378200 -0.189200 0.906200
-38.191284 -55.758499 2.161896 -0.922000 -0.131900 -0.364000
-37.155273 -54.202400 2.283081 -0.189700 0.981500 -0.026200
-35.322601 -55.164497 2.587280 0.687000 0.702100 0.187100
-36.103394 -57.176201 2.516174 0.290100 -0.944400 -0.154700
-35.122375 -55.582802 2.628082 0.987400 0.003800 0.158200
-38.964172 -56.722099 5.820282 -0.712100 -0.694900 0.100300
-39.231201 -56.212898 5.767090 -0.988900 -0.134500 0.063300
-39.059174 -55.564499 5.777802 -0.913500 0.403400 0.053200
-38.557892 -54.811600 5.836395 -0.736400 0.668900 0.101900
-38.028198 -54.406097 5.907776 -0.143700 0.949200 0.280100
-36.029785 -55.435104 6.238983 0.625500 0.648600 0.433800
-36.965790 -57.751099 6.151489 0.035900 -0.972700 0.229100
-36.436096 -57.345497 6.222900 0.668400 -0.671600 0.319700
-35.934875 -56.592697 6.281494 0.857500 -0.365000 0.362700
-35.822479 -55.903801 6.282074 0.884100 0.134200 0.447600
-39.470673 -54.962799 6.063477 -0.110500 -0.496800 0.860800
-39.030273 -54.752602 6.125977 0.199400 -0.407200 0.891300
-38.542175 -54.238304 6.188293 0.315400 -0.294700 0.902000
-38.299286 -53.728401 6.213196 0.426100 0.012100 0.904600
-39.847687 -54.767403 6.000977 -0.501100 -0.313700 0.806500
-39.173798 -52.025398 6.037994 0.219700 0.361400 0.906200
-39.517792 -51.880001 5.981781 -0.136100 0.512200 0.848000
-40.722198 -53.064499 5.825775 -0.682700 0.019400 0.730400
-39.991180 -52.040199 5.913086 -0.433800 0.461400 0.773900
-40.479279 -52.554600 5.850677 -0.567900 0.330700 0.753800
-38.569275 -54.715401 2.027283 -0.002200 -0.974000 -0.226500
-37.309784 -53.388199 2.188202 0.991200 -0.046300 0.123600
-39.885284 -52.719101 1.777283 -0.938800 0.154500 -0.307900
-38.591095 -51.444401 1.944794 0.131400 0.991100 -0.020000
-39.472687 -55.250298 5.723175 -0.044700 -0.967300 0.249500
-39.918488 -55.043900 5.649902 -0.691900 -0.709300 0.134600
-38.933380 -54.971703 5.799103 0.536900 -0.786500 0.305100
-38.323975 -54.329597 5.876984 0.750400 -0.566300 0.340900
-38.010193 -53.709099 5.910095 0.900000 -0.002500 0.436000
-38.992188 -51.749500 5.712189 0.551600 0.714300 0.430800
-40.900482 -53.084301 5.451996 -0.997600 -0.018400 0.066300
-40.586700 -52.463799 5.485077 -0.818700 0.568400 0.081200
-39.977295 -51.821602 5.562988 -0.569000 0.808700 0.149000
-39.400391 -51.600101 5.645996 -0.051800 0.945500 0.321600
-26.095581 -58.402901 8.195587 -0.230600 -0.505300 0.831600
-26.480499 -57.221504 8.108002 -0.603400 0.343500 0.719700
-26.548889 -57.676498 8.108490 -0.666600 -0.021300 0.745200
-26.388489 -58.168701 8.144989 -0.571800 -0.269600 0.774800
-25.625885 -58.292999 8.264893 0.110100 -0.463100 0.879500
-24.661987 -55.933098 8.355591 -0.358800 0.506100 0.784300
-23.807373 -57.004601 8.512482 0.343600 -0.309500 0.886700
-24.252594 -55.860001 8.416595 -0.062500 0.523500 0.849700
-23.739075 -56.549599 8.511993 0.388300 0.057100 0.919800
-23.899475 -56.057304 8.475494 0.277000 0.337900 0.899500
-25.250977 -58.108002 4.514801 -0.260600 -0.916000 -0.305000
-25.664886 -56.837799 4.420685 -0.882400 0.400300 -0.247400
-23.656799 -55.399597 4.439789 -0.362000 0.932100 -0.014200
-22.844788 -56.637497 4.848083 0.960500 -0.259000 0.102100
-23.225494 -55.326103 4.505890 0.435100 0.891300 0.127600
-25.605072 -58.538704 7.931091 0.332700 -0.903900 0.268700
-26.146179 -58.648300 7.850800 -0.293100 -0.939900 0.175100
-26.492401 -58.344101 7.790375 -0.834800 -0.547900 0.055000
-26.692688 -57.729500 7.744781 -0.993000 -0.115700 0.021900
-26.626801 -57.173401 7.741486 -0.878700 0.470800 0.079300
-24.556976 -55.687500 8.022797 -0.387300 0.895500 0.219400
-23.535400 -57.052803 8.212402 0.783500 -0.491400 0.380500
-23.469482 -56.496704 8.209076 0.894100 0.108400 0.434500
-23.669800 -55.882103 8.163483 0.690800 0.580200 0.431400
-24.084778 -55.619904 8.093597 0.137800 0.922200 0.361400
-26.896393 -58.594498 8.119873 0.297400 -0.313200 0.901900
-26.730194 -58.140099 8.134399 0.389800 -0.055100 0.919200
-26.766571 -57.582901 8.115295 0.361300 0.174700 0.915900
-26.983795 -57.257202 8.074097 0.031300 0.553600 0.832200
-27.332672 -58.911903 8.060699 0.083600 -0.472600 0.877300
-28.975372 -57.755203 7.780884 -0.353100 0.504800 0.787700
-29.347900 -58.051102 7.730896 -0.545100 0.357800 0.758200
-29.324280 -59.409798 7.767395 -0.294800 -0.526900 0.797200
-29.577881 -58.526901 7.707184 -0.667000 0.125900 0.734400
-29.541473 -59.084099 7.726196 -0.638300 -0.142100 0.756500
-25.932373 -58.233002 4.422394 0.863900 -0.501800 0.044000
-26.026398 -56.795204 4.373291 0.543300 0.833500 0.100700
-28.485596 -59.090401 4.051788 -0.501200 -0.791500 -0.349800
-28.512390 -57.629997 4.012390 -0.747700 0.624600 -0.225500
-26.652283 -58.704002 7.812897 0.734000 -0.571400 0.367000
-27.148987 -59.084000 7.746002 0.378300 -0.885200 0.270800
-26.465485 -58.143600 7.828003 0.904300 -0.110900 0.412200
-26.510986 -57.447998 7.804199 0.846700 0.294300 0.443300
-26.761475 -57.034401 7.755798 0.310800 0.868500 0.386200
-29.034973 -57.584602 7.420593 -0.473100 0.861700 0.183200
-29.422577 -59.634201 7.410797 -0.422800 -0.893800 0.149500
-29.673096 -59.220703 7.362396 -0.950800 -0.307700 0.036400
-29.718597 -58.525101 7.338593 -0.988900 0.147900 0.015000
-29.458801 -57.940201 7.364288 -0.805200 0.584400 0.100800
-34.276794 -59.357903 6.985779 0.016400 -0.496900 0.867600
-33.838989 -59.042198 7.045288 0.268100 -0.352300 0.896700
-33.437500 -58.439201 7.092285 0.364200 -0.206900 0.908000
-33.313293 -57.910599 7.098602 0.400800 0.186600 0.896900
-34.763000 -59.290398 6.909698 -0.354000 -0.444400 0.822900
-34.812500 -56.629898 6.837799 0.072800 0.482700 0.872800
-35.246490 -56.598000 6.770477 -0.257800 0.519300 0.814800
-36.262299 -58.009697 6.648895 -0.660800 -0.157800 0.733800
-35.736481 -56.878204 6.702087 -0.508400 0.412900 0.755700
-36.138000 -57.481201 6.655182 -0.621200 0.245300 0.744300
-33.315674 -59.050499 2.988892 0.279300 -0.945900 -0.165000
-32.279785 -57.494499 3.110077 0.961700 0.235800 0.139600
-35.403595 -57.632797 2.634583 -0.925300 -0.116800 -0.360900
-34.312683 -56.114098 2.765076 -0.128400 0.990000 -0.059100
-34.193573 -59.633400 6.621979 0.202100 -0.943400 0.263000
-34.761292 -59.575897 6.533600 -0.412000 -0.898900 0.149100
-33.663879 -59.227898 6.693390 0.668800 -0.671100 0.319900
-33.162689 -58.474998 6.751984 0.839000 -0.400900 0.368000
-32.990692 -57.826599 6.762695 0.850600 0.273100 0.449300
-34.688385 -56.345901 6.466583 0.281000 0.884600 0.372200
-36.458984 -58.095200 6.237488 -0.950900 -0.303400 0.060900
-36.286896 -57.446800 6.248199 -0.913900 0.402500 0.052400
-35.785675 -56.694000 6.306793 -0.709100 0.698100 0.098600
-35.196381 -56.328903 6.388275 -0.283400 0.925100 0.252700
-33.039673 -59.329498 7.154877 -0.611100 -0.156800 0.775800
-32.349701 -57.768097 7.222900 -0.341000 0.533000 0.774400
-32.725677 -58.187698 7.175476 -0.582200 0.314800 0.749700
-33.013184 -58.838303 7.147095 -0.642500 0.164500 0.748400
-32.718292 -59.608299 7.210876 -0.298100 -0.451500 0.841000
-30.458099 -57.943298 7.517181 0.047700 0.478200 0.877000
-30.826691 -59.783501 7.505096 0.085000 -0.501900 0.860700
-30.194977 -58.210197 7.563873 0.320200 0.202400 0.925500
-30.450775 -59.363998 7.552582 0.324100 -0.275000 0.905200
-30.163300 -58.713402 7.580994 0.392700 -0.099900 0.914200
-32.205475 -59.036499 3.107300 -0.835700 -0.408000 -0.367600
-31.463593 -57.357803 3.180389 -0.410000 0.905000 -0.113600
-29.878296 -59.514000 3.475494 0.532400 -0.844400 -0.058800
-29.197693 -57.822601 3.539001 0.862900 0.494600 0.103800
-32.865997 -59.832603 6.846802 -0.440200 -0.880200 0.177300
-33.223480 -59.493500 6.783783 -0.923200 -0.370800 0.100600
-33.171600 -58.884003 6.776978 -0.970300 0.236900 0.049600
-32.812683 -58.071800 6.812378 -0.850800 0.520900 0.069500
-32.362091 -57.544197 6.868683 -0.409700 0.886800 0.214000
-30.194580 -57.723099 7.205292 0.364100 0.841600 0.399000
-30.698486 -60.011497 7.183380 0.309900 -0.906100 0.288000
-30.247894 -59.483803 7.239685 0.780100 -0.517100 0.352200
-29.888977 -58.671600 7.274994 0.898100 -0.187400 0.397800
-29.903473 -58.048500 7.257782 0.806400 0.362800 0.467000
-49.454285 -39.822102 42.549896 -0.608500 -0.792700 0.036800
-49.167084 -38.549103 46.364288 -0.563000 -0.611000 0.556500
-50.655884 -37.443001 45.574677 -0.766000 -0.460200 0.448800
-51.652496 -36.752800 43.964203 -0.901900 -0.366100 0.229300
-51.890076 -36.663399 41.964478 -0.934300 -0.353900 -0.043300
-51.304901 -37.198700 40.111298 -0.854500 -0.426900 -0.296000
-50.053680 -38.215401 38.901276 -0.683900 -0.565500 -0.461000
-48.471771 -39.440903 38.658600 -0.468200 -0.732600 -0.494100
-46.982971 -40.547001 39.448181 -0.265300 -0.883400 -0.386400
-45.986298 -41.237198 41.058685 -0.129400 -0.977500 -0.166800
-45.748779 -41.326599 43.058380 -0.097000 -0.989600 0.105800
-46.333984 -40.791199 44.911499 -0.176800 -0.916700 0.358400
-47.585175 -39.774601 46.121582 -0.347400 -0.778100 0.523400
-47.686981 -35.962799 49.079773 -0.371700 -0.282000 0.884500
-50.265594 -34.047100 47.712097 -0.706600 -0.033200 0.706800
-51.991882 -32.851601 44.922699 -0.930800 0.122000 0.344600
-52.403381 -32.696800 41.459076 -0.984200 0.142100 -0.105300
-51.389679 -33.624001 38.249298 -0.852600 0.021700 -0.522100
-49.222595 -35.384903 36.153473 -0.571100 -0.207000 -0.794300
-46.482574 -37.507500 35.733002 -0.215300 -0.482700 -0.848900
-43.903992 -39.423302 37.100800 0.119600 -0.731500 -0.671300
-42.177673 -40.618801 39.890076 0.343800 -0.886700 -0.309000
-41.766296 -40.773602 43.353790 0.397200 -0.906800 0.140800
-42.779999 -39.846401 46.563477 0.265600 -0.786400 0.557700
-44.947083 -38.085503 48.659393 -0.015900 -0.557700 0.829900
-45.410675 -32.756401 49.968689 -0.243700 -0.094600 0.965200
-48.388184 -30.544300 48.389374 -0.613000 0.179800 0.769400
-50.381500 -29.163900 45.168488 -0.860200 0.351000 0.369900
-50.856598 -28.985100 41.169098 -0.919100 0.373200 -0.126100
-49.686096 -30.055700 37.462799 -0.774000 0.240400 -0.585800
-47.183777 -32.089001 35.042694 -0.463600 -0.011800 -0.886000
-44.019897 -34.540100 34.557190 -0.071200 -0.315800 -0.946200
-41.042480 -36.752201 36.136475 0.298000 -0.590100 -0.750300
-39.049072 -38.132599 39.357391 0.545300 -0.761300 -0.350800
-38.573975 -38.311401 43.356903 0.604200 -0.783500 0.145200
-39.744476 -37.240799 47.063202 0.459000 -0.650700 0.604900
-42.246887 -35.207500 49.483276 0.148700 -0.398500 0.905000
-24.001190 -57.098999 46.846283 -0.507800 -0.859800 0.053700
-23.819000 -55.755898 50.643188 -0.477800 -0.667800 0.570800
-25.440674 -54.846703 49.864288 -0.698900 -0.543800 0.464600
-26.534698 -54.300499 48.261688 -0.848000 -0.469400 0.246100
-26.807800 -54.263802 46.264893 -0.885200 -0.464400 -0.026100
-26.186981 -54.746399 44.408875 -0.800600 -0.530200 -0.279200
-24.838379 -55.619003 43.190887 -0.616800 -0.649100 -0.445200
-23.123596 -56.647804 42.937378 -0.383000 -0.789400 -0.479800
-21.501892 -57.556999 43.716278 -0.161900 -0.913400 -0.373600
-20.407898 -58.103203 45.318878 -0.012700 -0.987800 -0.155100
-20.134674 -58.139900 47.315674 0.024500 -0.992800 0.117100
-20.755585 -57.657204 49.171692 -0.060100 -0.927000 0.370200
-22.104095 -56.784698 50.389679 -0.244000 -0.808100 0.536200
-22.625671 -52.978500 53.310684 -0.323200 -0.314400 0.892600
-25.434601 -51.403603 51.961594 -0.688000 -0.109900 0.717400
-27.329498 -50.457703 49.185883 -0.934100 0.013000 0.356900
-27.802582 -50.394100 45.727295 -0.995500 0.021200 -0.092300
-26.727173 -51.230003 42.512482 -0.855800 -0.087300 -0.509800
-24.391571 -52.741402 40.402985 -0.552500 -0.283600 -0.783800
-21.421295 -54.523201 39.963898 -0.166700 -0.515000 -0.840800
-18.612488 -56.098099 41.312988 0.198100 -0.719500 -0.665600
-16.717590 -57.044098 44.088684 0.444100 -0.842400 -0.305100
-16.244476 -57.107597 47.547302 0.505600 -0.850700 0.144100
-17.319794 -56.271698 50.761993 0.365900 -0.742100 0.561600
-19.655487 -54.760399 52.871582 0.062600 -0.545800 0.835600
-20.741272 -49.511002 54.133987 -0.217700 -0.111900 0.969600
-23.984680 -47.692398 52.576187 -0.619900 0.113600 0.776400
-26.172699 -46.600101 49.371094 -0.891300 0.249100 0.378900
-26.718994 -46.526802 45.377502 -0.959100 0.258200 -0.116400
-25.477295 -47.492001 41.665375 -0.805100 0.138500 -0.576800
-22.780273 -49.237099 39.229492 -0.470600 -0.078000 -0.878900
-19.350494 -51.294601 38.722473 -0.045200 -0.333100 -0.941800
-16.107178 -53.113098 40.280273 0.357100 -0.558700 -0.748600
-13.919189 -54.205399 43.485382 0.628400 -0.694100 -0.351100
-13.372772 -54.278801 47.478973 0.696200 -0.703200 0.144200
-14.614471 -53.313599 51.191086 0.542200 -0.583500 0.604600
-17.311584 -51.568401 53.626984 0.207700 -0.367100 0.906700
