-21.390106 38.211296 41.631500 -0.557500 0.806000 -0.198900
-19.343506 -23.090200 -53.307312 0.167900 -0.924700 0.341700
42.267700 -55.641800 61.938492 0.545400 -0.836700 0.050600
-3.597229 34.934898 -23.034027 -0.077700 0.801800 0.592500
26.608490 -54.044502 -24.035706 -0.035000 -0.205700 -0.978000
36.453674 -59.346397 13.921478 0.546800 -0.790200 0.276700
36.744171 -60.639999 10.775574 0.530900 -0.710600 0.461700
37.101990 -61.555199 9.365601 0.544500 -0.751600 0.372400
39.862000 -55.977303 46.498199 0.509400 -0.841500 -0.179800
32.873383 -60.941803 -13.268219 0.523600 -0.844900 -0.109300
-13.442627 24.119501 9.493774 -0.426400 0.784900 -0.449600
-17.212219 39.084602 69.545181 -0.450400 0.804500 0.387200
30.797882 -59.449799 -19.815308 0.338800 -0.696300 -0.632800
42.940765 -50.530300 85.222885 0.416800 -0.439000 0.796000
36.342072 -58.517601 16.308777 0.545300 -0.838100 0.016300
36.470673 -58.540100 16.951996 0.529300 -0.845400 -0.071900
33.241394 -32.733700 95.343384 0.257800 -0.149300 0.954600
41.775696 -65.973602 19.991394 0.224000 -0.560100 -0.797600
22.146271 -46.458801 -21.659424 -0.207500 0.063900 -0.976100
15.603394 -36.216202 -21.034302 0.026200 -0.275800 -0.960800
10.065674 -34.450100 -33.415924 0.336200 -0.922500 -0.189800
35.978485 -59.636902 24.258881 -0.183500 -0.420600 -0.888500
11.079895 -32.762802 -24.451813 0.321600 -0.888200 -0.328100
35.888397 -60.661003 5.434479 0.263600 -0.600900 -0.754600
40.686188 -58.475098 41.913086 0.491400 -0.598500 0.632700
36.085083 -61.237099 3.693878 0.474300 -0.549400 0.687900
-22.944122 -43.141201 29.491089 -0.713800 -0.698600 0.049700
37.124481 -61.802704 8.527893 0.530300 -0.843700 -0.083600
35.657288 -61.535301 0.497101 0.200700 -0.937400 -0.284700
41.153778 -60.126602 38.426300 0.550100 -0.775700 0.309200
41.475098 -63.097298 29.091095 0.525600 -0.686300 0.502800
41.101990 -61.145302 34.270691 0.552100 -0.789900 0.267000
39.789276 -56.435204 44.339081 0.552400 -0.816300 0.168900
39.415283 -62.470398 19.328278 0.011700 -0.272000 -0.962200
42.502991 -55.006004 65.727692 0.548000 -0.832500 0.082100
34.985474 -59.437202 4.712189 -0.181400 0.033000 -0.982900
45.988800 -57.183800 78.032394 0.545800 -0.753900 0.365700
43.167267 -67.009903 24.272675 0.552600 -0.814200 0.178100
39.826080 -56.778999 43.256287 0.508200 -0.639500 0.576900
40.427490 -56.332397 48.487579 0.479200 -0.825700 -0.297500
41.133484 -56.549301 51.826889 0.543900 -0.838400 0.035600
33.508881 -60.319099 -7.206116 0.505400 -0.853700 -0.125900
37.077484 -59.215698 17.923798 0.206400 -0.535700 -0.818800
-4.139404 24.241598 90.461182 -0.196100 0.524800 0.828400
36.316284 -62.003098 2.326874 0.429600 -0.900400 0.069000
-7.677124 28.634100 -14.329498 -0.244600 0.911800 0.329900
36.632599 -61.445297 6.915100 0.430400 -0.782300 -0.450300
0.000000 81.753799 -88.577301 -0.000000 0.997500 0.070300
33.074188 -60.553200 -10.631805 0.548200 -0.832300 0.082200
0.000000 -42.062500 -88.577301 0.000000 -0.992100 0.125400
45.954010 -58.139000 74.217285 0.437500 -0.793800 -0.422500
41.714294 -56.022903 57.237991 0.541600 -0.840500 0.014300
40.899689 -59.200203 40.430176 0.539100 -0.728500 0.422700
11.832581 2.010500 100.533981 0.039000 0.198300 0.979400
0.000000 -27.944500 -53.966705 0.008300 -0.999400 0.034700
41.288879 -62.121704 31.681183 0.549600 -0.772800 0.317300
0.000000 49.751602 -36.036926 -0.006100 0.626900 0.779100
2.546875 -53.530197 52.760483 -0.530000 -0.816500 0.228900
8.011688 -56.802498 57.903290 -0.580700 -0.711300 0.395900
16.002380 -59.269402 60.588486 -0.261600 -0.719900 0.642900
22.060181 -60.148102 61.600784 -0.122800 -0.912400 0.390400
28.588501 -60.232803 61.066986 0.076200 -0.973900 0.213800
33.787292 -59.645897 59.541183 0.329000 -0.923700 0.196500
38.185791 -57.833000 57.982788 0.510700 -0.844600 0.160600
15.633484 -61.596901 37.946381 0.116000 -0.927300 0.355800
11.190277 -60.423302 40.927979 -0.018700 -0.918800 0.394300
8.498199 -59.202202 42.982697 -0.172200 -0.909600 0.378200
21.625885 -61.227699 36.449280 0.185300 -0.912600 0.364300
30.911774 -62.391403 -10.353607 0.515300 -0.820500 0.247700
26.295776 -63.981201 -10.550720 0.056500 -0.919000 0.390300
19.241577 -62.295799 -9.982910 -0.175300 -0.904200 0.389400
13.618683 -60.801003 -3.536011 -0.023900 -0.996800 0.076100
11.125885 -61.534599 1.908875 -0.309100 -0.932200 -0.188100
11.798279 -62.070404 9.120392 -0.139400 -0.986800 0.082900
15.840881 -61.131401 15.812195 -0.027300 -0.999600 0.009800
20.757690 -61.813301 21.620880 0.199400 -0.953900 -0.224200
26.752991 -61.689499 26.936096 0.300400 -0.884900 -0.355900
31.186981 -62.275497 29.316193 0.130700 -0.991200 -0.019300
8.499786 -54.028099 68.410385 -0.403200 -0.914400 -0.036800
17.770599 -57.404198 76.449585 -0.231400 -0.965900 0.115900
27.717773 -58.071999 77.265991 -0.153000 -0.970200 -0.187800
36.082794 -59.530197 75.614395 -0.081500 -0.887200 -0.454100
41.895386 -58.745697 75.947189 0.164400 -0.980900 0.103700
26.675079 -60.321503 36.388092 0.179400 -0.829300 0.529200
30.351379 -58.345398 38.057190 -0.068900 -0.805800 0.588200
34.187775 -58.142998 39.675873 -0.282400 -0.861000 0.423000
38.385284 -59.724503 40.414398 -0.141900 -0.904700 0.401700
13.620789 -61.624504 46.875000 -0.330500 -0.943700 0.017100
19.369171 -61.778702 48.578186 0.034500 -0.990000 0.136800
-101.904022 46.632500 -88.577301 -0.655100 0.734500 0.176800
-117.950317 24.690798 -88.577301 -0.966000 0.086100 0.243800
-70.676819 -26.681601 -88.577301 -0.536400 -0.843200 0.036300
-36.106323 -44.222401 -88.577301 -0.365200 -0.915500 0.168800
-11.232300 -41.717800 -88.577301 0.401300 -0.913200 0.070700
-7.294708 -41.315399 -88.577301 0.004500 -0.993500 0.114100
25.205994 -61.161102 48.695496 0.270800 -0.939800 0.208500
29.241272 -59.786102 47.106598 0.735900 -0.672900 0.075600
29.988678 -56.796799 44.793701 0.896500 -0.324600 -0.301500
39.174286 -52.563599 86.073883 0.360100 -0.478800 0.800700
29.498596 -37.043900 95.962494 0.253400 -0.203000 0.945800
5.432587 -4.533600 101.115494 -0.068500 0.072000 0.995100
25.784485 -40.175102 95.790482 0.008600 -0.348200 0.937400
-1.105103 -11.195801 100.439789 -0.119700 0.000700 0.992800
-34.673920 42.960304 -36.720520 -0.156800 0.473200 0.866900
-20.029602 -48.877998 -88.577301 0.170100 -0.971200 0.166700
-24.545929 -40.662102 31.684601 -0.771300 -0.635500 0.034100
-2.916229 -27.820000 -53.966705 -0.106600 -0.993000 0.050000
-6.685120 -27.164600 -53.966705 -0.434300 -0.890800 0.133500
-9.323700 -25.100300 -54.080322 -0.569100 -0.796400 0.204500
-12.496826 -22.759201 -53.786713 -0.261000 -0.894100 0.363900
-13.785828 -40.725403 44.533203 -0.849800 -0.339400 -0.403300
-13.217102 -36.880302 37.309692 -0.645800 -0.727200 0.232700
-20.771423 -38.107803 50.780289 -0.536300 -0.641700 -0.548300
-18.122803 -43.293301 48.139679 -0.755100 -0.263100 -0.600600
-22.338623 -38.048103 46.368988 -0.285900 -0.944800 0.160200
-21.684113 -39.781898 41.456177 -0.135300 -0.985000 0.107000
-20.465210 -39.028702 46.209900 -0.517300 -0.855500 0.023500
-27.117920 -29.165201 11.963776 -0.863900 -0.490300 0.115200
-15.375122 -44.574001 43.625977 -0.811900 -0.577000 -0.088300
-26.279602 -35.091702 38.910187 -0.428500 -0.870200 0.243100
-25.146301 -37.116100 36.449677 -0.551000 -0.747400 0.371100
-22.454010 -42.380100 33.473175 -0.288100 -0.827600 0.481800
-15.865204 -40.696899 32.414673 -0.509000 -0.581100 0.635000
-24.656219 -35.151703 52.447693 -0.527000 -0.767200 -0.365600
-27.145203 -33.235401 44.666199 -0.368500 -0.924700 0.095300
15.171173 -61.579002 2.929993 0.050800 -0.990800 -0.125300
33.616180 -61.904404 6.085876 0.153600 -0.723300 -0.673300
34.339386 -61.910599 4.315582 0.324800 -0.674600 0.662900
31.395386 -62.694603 4.225494 0.126200 -0.855100 0.502800
20.877686 -61.071701 5.988373 0.154600 -0.116500 0.981100
25.734497 -62.607903 4.421082 -0.090200 -0.896700 0.433300
30.607391 -62.726700 6.533997 0.056100 -0.816700 -0.574300
25.201874 -62.439499 6.617493 0.103600 -0.627100 -0.772000
19.624878 -61.031303 3.209381 -0.093800 -0.991100 -0.094300
26.039795 -62.874504 3.191589 -0.191400 -0.970800 -0.144700
31.517273 -63.052902 2.588196 0.097100 -0.990700 -0.095200
34.718597 -62.372200 2.821991 0.243500 -0.969100 0.039700
34.101776 -62.791603 7.731995 0.248000 -0.898700 -0.361700
30.739075 -63.491798 8.074188 0.046000 -0.958400 -0.281800
25.723999 -62.939102 7.458374 -0.121500 -0.964300 -0.235500
31.061981 -60.713699 15.892578 0.084500 -0.962100 0.259300
35.170898 -60.418701 14.557983 0.561800 -0.758300 0.330600
33.489594 -60.880898 14.474274 0.106700 -0.928800 0.355000
35.742798 -59.806702 14.005981 0.673500 -0.690800 0.262900
34.680176 -59.084702 18.306885 0.074600 -0.976600 -0.201500
35.587097 -58.562599 17.506989 0.263300 -0.961200 -0.082900
35.018890 -59.766701 16.548401 0.415100 -0.829300 0.374100
35.826691 -59.410301 15.900696 0.638300 -0.730800 0.241900
35.996674 -61.122704 10.898499 0.708700 -0.545200 0.447700
35.588898 -62.047302 10.845001 0.551700 -0.706800 0.442700
-15.075714 -41.682503 50.260376 0.180200 -0.521300 0.834100
-16.231323 -44.303703 53.242981 0.520900 -0.525200 0.672900
-18.424927 -45.398499 51.485580 -0.329900 -0.906600 0.263200
-21.105103 -33.335899 31.656982 -0.955900 0.209800 -0.205500
-21.195526 -37.239300 27.481079 -0.828500 0.094400 -0.551900
-26.225403 -37.838100 28.704102 -0.794300 0.140000 -0.591200
-27.084015 -37.921501 35.180481 -0.743000 -0.618600 0.255600
-15.748413 -44.309601 34.031586 -0.884000 -0.466900 0.022400
-40.633423 -0.402102 -27.538513 -0.916900 -0.247900 0.312900
-37.258911 -11.616401 -2.764099 -0.978700 -0.155800 0.133800
-30.769501 -16.954300 23.514191 -0.925600 -0.323400 0.196400
-29.081116 -16.691401 40.153595 -0.932600 -0.345900 0.102700
30.873383 -60.575897 27.952179 0.202800 -0.621000 -0.757100
26.031891 -59.747200 24.247375 0.332100 -0.880400 -0.338600
20.950287 -61.083000 3.423492 -0.068400 -0.994700 -0.076400
7.451996 -57.772400 48.617584 -0.433400 -0.883200 -0.179500
12.420288 -60.507103 50.657883 -0.214400 -0.944400 -0.249100
-21.336426 -42.152401 53.562988 -0.641900 -0.684700 0.345300
-23.855621 -37.874100 54.360184 -0.810600 -0.483400 0.330600
-29.606506 -34.423698 44.917877 -0.652000 -0.747000 0.129900
-28.361115 -36.463699 38.137177 -0.603700 -0.786000 0.133000
-22.780304 -42.979698 26.062378 -0.598100 -0.344100 -0.723700
-19.556824 -46.519798 26.183594 -0.164200 -0.832900 -0.528500
-16.974304 -46.143101 47.743683 -0.088600 -0.988100 -0.125400
-18.547913 -40.431999 55.613785 0.328900 -0.113100 0.937600
-23.042725 -34.970901 56.423492 -0.116700 0.248600 0.961600
-29.682312 -30.804001 45.249390 -0.766800 0.639400 0.056700
-28.335327 -33.477001 37.388000 -0.773300 0.523800 -0.357200
-19.776123 -39.506901 26.210693 -0.729600 -0.261600 -0.631900
-17.274719 -43.222099 26.024200 -0.530800 -0.524200 -0.665900
-13.496826 -44.256500 47.589294 -0.154700 -0.953900 0.257100
-16.666016 -38.098099 51.860489 -0.118400 -0.187000 0.975200
-19.481628 -33.397400 51.365295 0.468400 0.611700 0.637600
-21.745422 -29.364700 44.964081 -0.866300 -0.499400 0.005300
-14.731506 -45.080101 29.916595 -0.300100 -0.953300 0.032400
-21.088501 -30.634001 48.717773 -0.887900 -0.452700 0.082000
-22.105316 -34.963200 25.076202 -0.918900 -0.359800 0.161600
-25.959808 -27.188702 20.989685 -0.894300 -0.412800 0.172400
-10.045715 -42.365799 64.132095 -0.685400 -0.716200 0.131600
-12.964325 -41.428101 56.077988 -0.681700 -0.659800 0.316300
-22.345001 -29.336102 -34.599213 0.018900 -0.946000 -0.323500
-18.576599 -35.312302 -15.029510 -0.113300 -0.961600 -0.249900
7.139099 -31.514601 -21.240814 -0.028700 -0.868300 -0.495200
3.473297 -33.379700 -20.783600 -0.109900 -0.818000 -0.564700
-4.196106 -32.266800 -19.663300 -0.372700 -0.828900 -0.417200
-9.605621 -28.790401 -20.952423 -0.096900 -0.924600 -0.368500
-20.788513 -28.749601 58.775589 -0.851000 -0.518300 0.084300
34.255493 -53.300701 87.423981 0.041400 -0.610200 0.791200
23.943298 -44.230400 93.399185 -0.118700 -0.502800 0.856200
43.213287 -57.724503 79.943695 0.421100 -0.761200 0.493200
38.043671 -59.284203 48.896088 0.538100 -0.718100 -0.441400
34.880585 -60.974403 49.970184 0.047500 -0.851100 -0.522800
31.098083 -60.835899 51.899887 -0.198500 -0.811500 -0.549600
23.790192 -62.207397 53.590591 0.004700 -0.954900 -0.296700
15.841492 -62.220299 54.559586 -0.134600 -0.947800 -0.289000
11.436279 -59.690201 45.680603 -0.310300 -0.876900 -0.367200
29.571594 -54.994804 43.934998 0.571700 -0.783200 0.244700
29.282196 -56.699799 44.031403 -0.070000 -0.465500 -0.882300
28.581177 -59.721001 46.161591 0.057700 -0.645900 -0.761200
24.659393 -60.868202 47.610687 -0.078300 -0.505500 -0.859300
19.411774 -61.383598 47.475189 0.127600 -0.395200 -0.909700
14.661896 -61.633598 45.948883 0.129300 -0.549500 -0.825400
-2.998627 -51.009300 52.113495 -0.547000 -0.780400 0.303100
3.940491 -56.709602 44.298492 -0.339800 -0.888700 0.307800
-1.610107 -55.924599 41.031281 -0.551500 -0.760800 0.342100
-6.486420 -52.783001 35.165985 -0.718400 -0.693200 0.057700
-16.800720 -36.100403 3.996399 -0.398800 -0.846500 -0.352600
-12.477509 -44.700699 4.557892 -0.779800 -0.555700 -0.288100
12.775879 -60.137001 17.115082 -0.371700 -0.926800 0.053100
17.217285 -61.590202 22.261475 -0.170900 -0.984600 -0.035700
9.103271 -59.918098 9.862976 -0.605400 -0.778400 0.166100
7.625977 -59.090202 2.994476 -0.659300 -0.749400 -0.061700
-26.190216 -23.421200 -52.828003 -0.425900 -0.896200 0.124500
16.450897 -59.469101 -2.642120 0.064100 -0.993900 0.089800
20.113983 -61.531700 -6.386810 -0.239000 -0.946500 0.216900
26.712982 -62.804199 -6.583527 0.021500 -0.988100 0.152000
30.913300 -61.740204 -6.890411 0.373000 -0.927800 0.000200
-8.739227 -49.190399 6.056396 -0.700600 -0.688700 -0.186500
-5.353607 -52.638603 6.962494 -0.649400 -0.758000 -0.061200
7.360199 -35.106602 -33.317719 0.064800 -0.990200 -0.124000
12.571075 -37.574600 -20.264099 -0.189400 -0.365500 -0.911300
19.242798 -47.927700 -20.886108 -0.438700 -0.069800 -0.895900
16.130188 -51.145699 -17.546112 -0.610000 -0.087000 -0.787600
6.832886 -49.980301 -11.278717 -0.584900 -0.246800 -0.772700
-5.338928 -45.089001 -4.752197 -0.644200 -0.491900 -0.585700
-16.635620 -42.871201 16.486694 -0.695700 -0.703900 -0.143100
-13.229004 -46.026199 36.022278 -0.623600 -0.781600 0.014900
28.745972 -55.554703 44.410278 -0.805400 -0.592000 -0.028100
29.897980 -56.411697 43.179779 0.567700 -0.746200 0.347700
28.588898 -57.811699 42.683685 0.362600 -0.838700 0.406300
26.166595 -59.191498 42.401184 0.263300 -0.591600 0.762000
27.471375 -57.087997 47.209381 -0.599100 -0.199500 -0.775500
22.088287 -60.070198 42.793488 0.246000 -0.424300 0.871500
23.352386 -58.517601 49.060699 -0.192500 0.127200 -0.973000
18.024689 -60.924004 44.392578 0.123500 -0.675900 0.726600
13.654297 -59.973801 46.561798 0.508300 0.216800 -0.833500
11.351074 -59.973801 48.804779 -0.431000 -0.902300 0.012500
17.075592 -58.715103 48.824677 0.203400 0.296400 -0.933200
-8.124603 -51.180801 39.211273 -0.665900 -0.738400 0.106700
-4.874023 -55.240997 32.963776 -0.714500 -0.699000 -0.030500
-0.279205 -57.788002 29.103394 -0.546600 -0.791500 -0.273300
6.789581 -60.851097 26.755981 -0.292600 -0.914300 -0.280100
11.763672 -59.951797 23.907379 -0.163700 -0.957200 -0.238700
-2.536316 -52.555099 -0.213623 -0.697600 -0.661600 -0.275000
-4.041107 -52.467201 14.294891 -0.567300 -0.819000 0.086600
-2.093903 -52.830502 20.744690 -0.544000 -0.835400 -0.078300
2.865997 -62.312103 35.604401 -0.383000 -0.914900 0.127700
8.854401 -58.010002 45.538300 -0.365800 -0.926000 0.093700
12.263794 -58.990898 43.123688 -0.003400 -0.970600 0.240700
16.308472 -60.563103 38.743195 0.087600 -0.899500 0.428000
21.683685 -60.284599 37.333588 0.243900 -0.899900 0.361700
26.061798 -58.516998 37.398193 0.243000 -0.846800 0.473100
29.763885 -56.966301 39.233887 -0.072400 -0.764800 0.640200
32.545471 -56.415398 40.959778 -0.341000 -0.685300 0.643500
38.108887 -58.959801 41.937500 -0.124700 -0.776000 0.618300
-8.585327 -49.801003 14.804779 -0.579000 -0.814700 -0.031900
19.956879 -57.975998 75.646088 -0.159000 -0.977600 0.138100
21.665497 -59.611404 66.881088 -0.222000 -0.966500 0.128800
22.935486 -63.651703 56.943283 -0.036300 -0.995400 0.088700
39.189972 -56.118797 73.243988 0.230800 -0.967000 0.107900
34.518890 -60.105804 64.032486 0.358600 -0.927900 0.102200
34.917389 -62.370697 53.694885 0.313300 -0.949600 0.011500
33.890686 -59.829903 49.112183 -0.262700 -0.618900 -0.740200
32.707977 -58.184601 48.555786 -0.227000 -0.685100 -0.692200
31.849701 -57.567299 47.847778 -0.217200 -0.784900 -0.580300
34.141571 -57.680504 47.684692 -0.209400 -0.818800 -0.534600
25.565796 -52.083302 45.052185 -0.633400 -0.638200 -0.437700
22.217682 -60.219704 20.389282 0.273800 -0.948400 -0.160200
38.691498 -60.690102 38.440491 -0.150000 -0.930700 0.333600
37.108887 -57.318604 43.048981 -0.179800 -0.890500 0.417800
30.394379 -54.698601 44.583801 0.248500 -0.968300 0.025100
29.706573 -55.098297 46.519073 0.482600 -0.824600 -0.295300
32.140686 -55.005600 43.815094 -0.147700 -0.960400 -0.236200
31.754974 -54.620300 42.249390 0.056800 -0.982900 0.175100
35.365692 -58.872398 37.331177 -0.280500 -0.910100 0.304900
5.243896 -56.134903 0.475586 -0.124600 -0.990400 0.059300
4.678772 -55.741798 6.569275 -0.208500 -0.977100 0.043100
5.558899 -56.261398 12.414886 -0.269400 -0.961600 -0.051700
-2.181000 -54.130600 45.609283 -0.511100 -0.814800 0.273800
3.036194 -55.722801 48.926697 -0.488900 -0.851300 0.190500
6.350983 -54.872101 59.895187 -0.529800 -0.807400 0.259900
7.700989 -60.334198 39.431274 -0.130100 -0.891500 0.434000
13.566498 -58.662003 45.420593 -0.082400 -0.931500 -0.354200
12.313873 -55.934799 46.723175 0.993300 0.096600 -0.063800
29.915375 -56.051598 40.670990 0.477000 -0.854800 0.204400
15.023071 -56.533699 44.240173 0.498500 0.099700 0.861100
-37.136719 -14.155300 -53.782898 -0.540700 -0.761200 0.358200
25.142975 -53.707504 42.818176 -0.235900 -0.312300 0.920200
18.817291 -56.075500 43.022888 0.230000 0.002700 0.973200
22.612793 -55.095100 42.543182 0.061300 -0.104400 0.992600
18.103790 -60.528801 50.683884 -0.040900 -0.919100 -0.391900
24.717072 -59.688698 50.751282 0.134600 -0.898700 -0.417300
28.912994 -58.055801 49.014496 0.479900 -0.840300 -0.252100
15.460876 -54.840904 48.761292 0.218600 -0.094500 -0.971200
19.940277 -54.134399 48.573700 -0.122800 -0.237300 -0.963600
23.675873 -53.039398 47.077301 -0.400200 -0.425500 -0.811600
37.876373 -62.725502 20.471680 -0.567000 -0.272200 -0.777400
36.498596 -60.303200 19.354095 -0.488700 -0.779000 -0.392800
32.696899 -59.277000 19.250702 0.183400 -0.917400 -0.353200
30.543274 -62.503502 19.188599 0.022000 -0.448600 -0.893500
31.930176 -61.998299 20.056000 0.584300 0.047600 -0.810100
35.978699 -64.060799 20.931274 0.127700 -0.164000 -0.978100
28.651794 -60.879997 -19.451599 0.256000 -0.686700 -0.680400
23.503784 -55.786102 -23.351898 -0.233500 -0.339700 -0.911100
26.491486 -65.250603 -12.935699 0.107300 -0.993800 0.027900
31.140594 -63.636703 -13.033417 0.598100 -0.800100 -0.045600
18.469177 -56.716599 -20.528625 -0.489700 -0.272400 -0.828200
24.172089 -62.950302 -18.572906 -0.047500 -0.727200 -0.684800
10.941284 -57.775803 -14.826019 -0.619000 -0.308000 -0.722500
5.023376 -57.474197 -6.183411 -0.495700 -0.851800 -0.169500
9.161774 -59.476097 -10.985016 -0.602300 -0.760100 -0.243700
17.117584 -62.823799 -15.059998 -0.407300 -0.832200 -0.376100
21.657593 -61.453903 10.154602 -0.129000 -0.983300 0.128200
29.586182 -61.051804 12.886292 -0.062900 -0.926500 0.371000
33.425293 -62.203400 11.485992 0.042800 -0.871200 0.489100
33.320679 -56.066902 74.698685 0.232400 -0.929400 0.286700
27.556671 -57.460800 75.741394 0.123500 -0.951200 0.282800
13.423676 -55.722603 67.896194 -0.350000 -0.931500 0.099000
-1.682129 -48.856800 58.391586 -0.588400 -0.729800 0.348100
-27.589020 -16.481901 53.919785 -0.928100 -0.367000 0.063100
-32.109009 -8.831901 30.009674 -0.988800 -0.148300 0.015500
-34.618103 7.539299 -6.637604 -0.838800 0.391100 0.378800
-23.518616 23.066801 -11.870514 -0.728100 0.616900 0.298700
15.501282 -57.210403 64.370483 -0.359400 -0.898600 0.251800
28.997375 -60.751503 65.568985 0.026600 -0.992300 0.121300
38.651184 -57.475502 63.146088 0.456100 -0.885600 0.087700
28.420593 -59.510902 24.123688 -0.776900 -0.628100 0.044300
31.505280 -59.324402 27.304779 -0.351000 -0.931800 0.092900
35.270599 -62.255302 27.725403 -0.305600 -0.809700 0.501000
36.291992 -65.297798 24.451874 -0.423200 -0.861200 0.281600
31.219391 -59.181801 19.371979 -0.153900 -0.866000 -0.475800
35.670776 -64.982903 21.507080 -0.275400 -0.823700 -0.495700
34.432098 -60.840401 33.518402 -0.255300 -0.911400 0.322800
28.984680 -62.401299 19.383881 -0.546300 -0.365800 -0.753500
31.849182 -64.325104 22.381592 -0.258100 -0.964700 -0.053000
32.622101 -63.727600 25.336273 -0.152400 -0.922800 0.353800
26.728394 -61.753204 24.366089 -0.988000 -0.098600 0.118700
31.198700 -62.573997 27.575378 -0.173900 -0.485500 0.856800
39.219482 -63.598198 29.083801 -0.131600 -0.866100 0.482200
28.168884 -61.224503 26.564697 -0.670500 0.106000 0.734300
27.671173 -61.745399 21.065094 -0.903300 -0.039200 -0.427300
4.777771 -58.480301 41.810089 -0.291500 -0.844400 0.449500
20.864685 -61.314903 35.002075 0.118500 -0.976300 0.181300
22.698700 -60.726402 41.683289 0.240400 -0.949800 0.200400
24.615692 -62.724899 28.867096 0.178300 -0.983700 -0.023700
37.541473 -59.023300 82.228485 0.214600 -0.852400 0.476800
3.829071 -58.234604 19.594482 -0.378200 -0.915900 -0.134700
8.976471 -57.953598 17.989594 -0.283800 -0.947100 -0.150000
16.833588 -60.669701 13.535095 0.092500 -0.995500 0.018800
8.218475 -40.271202 -18.736420 -0.301400 -0.410700 -0.860500
-7.467102 -28.182501 -34.646606 -0.568300 -0.809900 -0.145200
3.037292 -34.785500 -33.137604 -0.258100 -0.962400 -0.084400
0.037781 -39.688202 -14.886200 -0.491200 -0.591100 -0.639800
34.473694 -61.496597 1.029480 0.056600 -0.952600 -0.299000
13.432098 -60.688599 -9.627625 -0.326000 -0.940500 0.096300
19.505371 -63.671104 -11.970520 -0.248700 -0.937800 0.242300
31.522186 -62.258904 0.520203 0.129600 -0.973800 -0.186900
25.347687 -61.745697 1.228485 -0.215900 -0.969400 -0.116900
9.313080 -59.416000 -3.351624 -0.597400 -0.770400 -0.222800
30.719299 -59.912804 34.875793 0.101700 -0.951700 0.289800
25.930573 -52.247002 43.986694 -0.618400 -0.668000 0.414000
33.379272 -57.358902 46.328094 -0.247600 -0.884600 -0.395100
26.669891 -60.903900 33.589874 0.195100 -0.949200 0.247000
36.690186 -57.352699 44.744080 -0.002700 -0.972600 -0.232600
32.860291 -60.553703 5.078583 -0.125400 0.079100 -0.988900
1.014374 -56.990204 7.541077 -0.188700 -0.981700 0.023900
24.550293 -61.484100 6.281097 -0.006100 0.207500 -0.978200
29.892395 -61.489304 5.048096 -0.102700 0.106000 -0.989000
33.451294 -59.606102 17.379700 0.143700 -0.926700 0.347300
39.455475 -67.437401 20.769073 -0.169300 -0.814500 -0.555000
40.659973 -67.755898 24.637177 -0.010000 -0.955900 0.293500
28.627899 -63.296204 25.175201 -0.414700 -0.877900 0.239300
34.241486 -63.291603 9.840088 0.273000 -0.942700 0.191800
29.270477 -58.711098 50.072296 0.121200 -0.714000 -0.689600
26.890381 -59.345200 41.414795 0.572100 -0.807100 0.145900
17.882172 -60.963104 43.307190 -0.144500 -0.988600 0.042100
13.872101 -55.424797 48.073181 0.549300 0.050000 -0.834100
19.586487 -61.980301 51.255386 0.009200 -0.806100 -0.591700
26.062592 -61.740501 51.282181 0.107500 -0.824500 -0.555600
10.484283 -63.724098 32.503693 -0.085300 -0.996200 0.016200
17.330292 -63.535202 30.166992 0.051000 -0.994500 -0.091200
0.740997 -51.129002 72.131989 -0.535000 -0.843300 0.050500
-22.034729 -26.500401 69.909195 -0.857000 -0.493200 0.149800
-0.716217 -58.793198 38.451294 -0.583000 -0.739800 0.335800
13.357574 -61.678001 36.508698 0.016400 -0.956000 0.292800
30.058594 -60.529900 31.366394 0.045100 -0.951100 0.305600
38.873871 -61.862000 34.370697 -0.038900 -0.950000 0.309700
38.699188 -59.911003 52.227493 0.667800 -0.744300 -0.001700
36.876801 -58.645004 47.384674 0.164800 -0.789100 -0.591700
28.215485 -62.841400 23.456787 -0.496000 -0.860100 -0.119000
30.629700 -59.936203 50.965485 -0.143000 -0.710400 -0.689100
2.123688 -57.938202 1.116089 -0.166200 -0.986100 -0.000800
25.300995 -62.902100 8.851685 -0.219700 -0.948600 0.227800
-8.603424 -36.915901 -7.893402 -0.430900 -0.777700 -0.457700
-26.175201 -32.939899 -2.576111 -0.659000 -0.752000 -0.015200
9.209381 -60.267403 54.361191 -0.556600 -0.827300 0.075900
-31.956512 26.522398 46.824280 -0.891900 0.446200 -0.073600
-33.743408 7.359299 46.048096 -0.997200 -0.055400 -0.050400
-11.480316 -47.403099 31.370300 -0.682800 -0.730500 0.012000
-7.209625 -50.927299 23.281891 -0.511200 -0.850200 -0.125800
-3.805725 -49.671898 -2.880798 -0.703300 -0.512300 -0.492900
1.316071 -56.755898 13.506897 -0.329100 -0.944000 -0.022100
30.743774 -63.804199 10.311188 0.006600 -0.933700 0.358100
30.598877 -62.973999 55.230881 0.109000 -0.993800 -0.020300
29.775879 -59.467102 83.225494 -0.038700 -0.923500 0.381700
-7.663208 -17.875500 99.577682 -0.349000 -0.142700 0.926200
-18.217407 14.403700 91.880890 -0.462300 0.342800 0.817800
-30.753601 27.658499 70.212189 -0.717600 0.615400 0.326100
-25.672607 19.587198 11.566101 -0.797600 0.544100 -0.260400
-30.088409 31.071299 -27.250610 -0.381200 0.607700 0.696700
-14.412415 -20.332602 -39.764099 -0.004100 -0.983200 -0.182400
13.707581 -61.118599 8.919678 0.222200 -0.974400 -0.034400
-32.147400 6.076700 16.243103 -0.955600 0.276500 0.102000
-12.167023 -46.807503 15.371277 -0.682800 -0.722100 -0.110700
-33.402405 -24.705801 -30.584717 -0.730000 -0.677900 -0.086700
-12.963928 -31.029501 92.968582 -0.580700 -0.490100 0.650000
-36.442627 8.428900 69.542389 -0.973700 -0.015000 0.227500
15.211884 -63.646797 58.194092 -0.185700 -0.909000 0.373200
-26.853027 -0.031601 87.322281 -0.768100 -0.070500 0.636400
-44.426514 18.684801 -27.675720 -0.562300 0.158500 0.811600
15.033783 -55.045097 84.062286 -0.298900 -0.797700 0.523800
-52.005524 11.212297 -35.153107 -0.527000 -0.448900 0.721600
-60.885712 27.561998 -32.092926 -0.376600 0.107900 0.920100
39.046692 -62.730103 31.727295 -0.072300 -0.947000 0.312900
34.314789 -61.214203 29.568298 -0.215500 -0.954800 0.204700
-19.848419 -43.487701 52.968887 -0.587300 -0.728000 0.353600
-18.237122 -45.319901 48.384491 -0.829700 -0.426200 -0.360400
-22.790314 -39.743103 37.660492 -0.388900 -0.914200 0.113800
-25.767609 -38.698700 40.940796 -0.700200 -0.712900 -0.039100
-26.778015 -37.432400 46.059387 -0.787800 -0.591900 0.170600
-24.725708 -37.358299 51.021393 -0.769700 -0.598200 0.223200
-15.749725 -44.510101 31.676483 -0.508300 -0.749800 0.423600
-19.746307 -45.473503 29.766602 -0.265000 -0.865600 0.424900
-106.867828 2.607698 -88.577301 -0.785100 -0.594800 0.172700
-47.807129 -1.867201 -48.056519 -0.534300 -0.646200 0.544900
-10.687927 81.577698 -101.383209 -0.071100 0.997500 0.000000
-35.204102 78.477005 -101.383209 -0.283800 0.958900 0.000000
27.348785 -61.485100 52.994385 0.138800 -0.929600 -0.341400
32.961487 -60.929001 50.680695 -0.269200 -0.804000 -0.530300
36.434296 -60.153198 49.178802 0.213800 -0.850300 -0.481000
32.758179 -62.672302 54.462891 0.103200 -0.994500 -0.017300
26.923584 -63.212502 56.060486 0.109500 -0.994000 -0.000700
19.812378 -63.175400 57.443283 -0.047200 -0.973500 0.223600
0.000000 -31.055201 -71.933807 0.000000 -0.866400 0.499400
0.000000 65.322899 -48.159698 0.000000 0.780000 0.625800
-45.510620 59.510002 -46.202026 -0.266300 0.746400 0.609900
-80.891205 36.087898 -48.537506 -0.610500 0.418600 0.672300
-88.628815 16.078897 -52.093811 -0.644600 -0.147500 0.750100
-82.199219 -1.710501 -58.048523 -0.459000 -0.536900 0.707800
-62.804810 -16.512701 -63.720520 -0.194500 -0.569000 0.799000
-22.835510 -31.099899 -64.607300 -0.284500 -0.695500 0.659800
-16.483002 -33.557701 -64.714325 0.082800 -0.757200 0.647900
-10.130615 -30.951702 -64.821198 0.106800 -0.810100 0.576500
-6.584320 -32.349998 -66.741699 0.104200 -0.856600 0.505300
-4.428009 -32.788002 -68.895599 0.281200 -0.835200 0.472700
-1.853607 -33.286201 -71.427399 0.573400 -0.648500 0.500600
-14.951324 -20.321800 -44.265717 -0.001900 -0.999800 0.019500
-8.594727 -25.839401 -41.765015 -0.595300 -0.801400 -0.058500
1.489471 -31.420200 -40.498108 -0.225600 -0.937500 -0.265000
5.525482 -31.344801 -40.572327 0.112800 -0.916500 -0.383700
8.278198 -30.644199 -40.619598 0.296700 -0.850100 -0.435100
0.000000 -39.134800 -77.337311 -0.000000 -0.871600 0.490100
0.000000 79.383400 -71.867126 0.000000 0.938500 0.345300
-57.299805 63.288704 -69.321808 -0.445500 0.833500 0.326900
-92.811523 46.657402 -70.806122 -0.588100 0.666200 0.458500
-107.897217 22.834200 -71.345215 -0.808600 0.059000 0.585300
-98.436523 0.686699 -72.273315 -0.712500 -0.548100 0.438100
-70.676819 -26.681601 -71.867126 -0.441800 -0.791500 0.422200
-32.006226 -39.956802 -73.181824 -0.219000 -0.794000 0.567100
-17.783600 -40.682999 -73.528412 0.117000 -0.834500 0.538400
-9.192322 -38.653503 -74.652313 0.256000 -0.861000 0.439400
-6.011902 -38.443100 -75.663513 0.101500 -0.911300 0.399000
-3.722504 -38.716301 -76.416321 0.034900 -0.903300 0.427500
-1.718323 -39.020302 -77.135620 0.016100 -0.888000 0.459500
-2.084412 -41.950203 -101.383209 -0.087900 -0.996100 0.001200
0.000000 -42.062500 -101.383209 0.000000 -1.000000 -0.000000
0.000000 81.753799 -101.383209 0.000000 1.000000 0.000000
-63.660126 64.742699 -101.383209 -0.431000 0.902300 -0.008200
-101.904022 46.632500 -101.383209 -0.637200 0.770700 0.000000
-117.950317 24.690798 -101.383209 -0.996500 0.083100 0.000000
-106.867828 2.607698 -101.383209 -0.779000 -0.627100 -0.000000
-70.676819 -26.681601 -101.383209 -0.543800 -0.839200 0.000000
-36.106323 -44.222401 -101.383209 -0.366900 -0.930200 0.000000
-20.029602 -48.877998 -101.383209 0.199300 -0.979900 0.000000
-11.232300 -41.717800 -101.383209 0.382500 -0.924000 0.000000
-7.294708 -41.315399 -101.383209 -0.009300 -1.000000 0.000000
-4.510712 -41.652100 -101.383209 -0.121100 -0.992600 -0.000200
-16.412323 -44.606499 27.083374 0.192900 -0.871900 -0.450100
-33.761505 -2.560202 12.619781 -0.978800 0.057400 0.196500
-34.322205 -15.271400 10.698792 -0.958900 -0.223400 0.175100
-34.473114 1.300098 2.927673 -0.957300 0.259400 0.127900
-13.524719 17.683001 91.407684 -0.276100 0.476000 0.835000
-22.208923 36.024002 69.750183 -0.636900 0.681800 0.360000
-25.518616 30.350000 70.015793 -0.639800 0.665700 0.384000
-24.912201 34.315002 43.362396 -0.747200 0.651600 -0.131100
-28.434326 30.418699 45.093384 -0.764200 0.636900 -0.101700
-17.583099 22.795198 10.155273 -0.249200 0.878700 -0.407100
-22.139923 22.747999 10.752197 -0.373700 0.867300 -0.328800
-13.845917 28.350298 -13.661102 0.019100 0.911300 0.411200
-19.988922 28.373098 -12.997803 -0.450800 0.839800 0.302700
-7.352814 35.890999 -24.235718 -0.081100 0.732400 0.676100
-20.634705 33.320900 -25.754120 -0.280800 0.734500 0.617800
-9.300018 51.693901 -36.414398 -0.042600 0.611400 0.790100
-23.113617 45.995399 -36.441925 -0.196200 0.521200 0.830600
-11.230408 63.471397 -48.145111 -0.045200 0.772900 0.632900
-30.339508 62.264999 -45.941498 -0.127700 0.710800 0.691700
-10.687927 81.577698 -71.867126 0.036200 0.949800 0.310600
-35.204102 78.477005 -71.867126 -0.321100 0.905500 0.277400
-35.204102 78.477005 -88.577301 -0.304900 0.952100 0.021400
-10.687927 81.577698 -88.577301 -0.051100 0.998400 0.022600
-21.056824 -41.233398 51.178589 -0.698500 -0.441300 -0.563300
-26.886810 -34.877800 51.592392 -0.719900 -0.658600 0.218900
-25.239624 -32.241901 54.128387 -0.390100 0.600600 0.698000
33.630890 -60.963898 4.981781 0.231300 -0.007900 0.972800
35.481781 -60.142899 4.268494 0.274700 0.013600 0.961400
25.284882 -61.796799 5.229401 0.064800 -0.139800 0.988100
30.740082 -61.741699 5.170288 0.066300 -0.111300 0.991600
43.128265 -54.219101 72.385391 0.545100 -0.837000 0.047700
14.600983 -43.734100 45.760284 0.371600 -0.928300 0.013400
21.646179 -37.884102 7.907776 -0.185600 0.030800 -0.982100
10.510895 -44.958500 9.775879 0.217900 -0.088200 0.972000
19.762177 -39.088799 8.226074 -0.185500 0.030800 -0.982200
13.353699 -43.161903 9.301575 0.211300 -0.084500 0.973800
17.285980 -40.668400 8.643585 -0.185100 0.045200 -0.981700
18.261475 -61.236198 5.559387 0.373100 -0.795300 0.477800
19.343475 -23.090200 -53.307312 -0.058400 -0.847200 0.528100
39.389099 -57.448799 23.679993 0.235200 -0.146700 -0.960800
48.811066 2.792398 17.298889 0.900400 0.354600 -0.252100
53.655609 -20.741800 44.085175 0.987200 0.156800 -0.028600
55.659393 -26.234402 49.815399 0.952600 0.272300 0.135700
55.385406 -34.003502 53.903488 0.894400 0.021700 0.446600
54.053070 -39.623199 56.170181 0.952500 -0.222600 0.207800
51.466400 -45.555603 57.183685 0.888300 -0.452900 0.076000
48.564301 -50.165901 57.032883 0.741300 -0.659200 0.126500
44.873077 -53.542801 56.847687 0.591900 -0.792500 0.146900
52.265411 -38.096001 31.728302 0.864800 -0.446900 0.228700
53.648956 -33.184200 33.720978 0.918600 -0.317500 0.235200
54.091461 -29.952202 35.243500 0.966300 -0.179200 0.185000
49.255463 -43.502098 31.759399 0.826800 -0.501100 0.255400
35.616272 -59.372398 -11.157013 0.589600 -0.772800 0.235000
38.776398 -55.972099 -12.681915 0.882100 -0.405700 0.239600
40.500275 -49.424500 -13.147400 0.959600 -0.267900 0.085900
43.821381 -44.693298 -6.275604 0.722400 -0.682600 0.110100
46.217316 -41.587101 -1.444000 0.920600 -0.350200 -0.173000
47.147308 -40.747101 5.721893 0.904200 -0.426900 -0.011200
46.546112 -41.380402 10.833374 0.891100 -0.434500 -0.131100
46.610565 -45.190201 17.369598 0.706400 -0.627300 -0.328000
45.432770 -49.705399 23.765900 0.584200 -0.700400 -0.410000
44.793060 -53.546600 27.006683 0.827700 -0.544100 -0.137600
55.474884 -23.891602 60.436691 0.962500 -0.038200 -0.268600
56.775177 -32.381001 69.828781 0.977700 -0.190300 -0.089400
53.697906 -41.404701 72.855988 0.879400 -0.307900 -0.363000
51.357574 -49.730701 73.021591 0.715000 -0.376300 -0.589200
48.478912 -54.522003 74.829681 0.834400 -0.551100 -0.010100
46.472198 -47.620800 33.027679 0.793800 -0.435100 0.424900
43.677094 -49.796402 35.795288 0.883200 -0.195000 0.426600
42.387695 -52.882401 38.283997 0.976400 -0.053400 0.209300
42.339874 -57.187500 39.743195 0.955700 -0.200600 0.215400
55.176300 -34.964802 39.821198 0.973000 -0.107400 -0.204100
53.481903 -39.894001 42.787781 0.900700 -0.434300 -0.010300
101.903961 46.632500 -88.577301 0.655100 0.734500 0.176800
117.950287 24.690798 -88.577301 0.966000 0.086100 0.243800
70.676666 -26.681601 -88.577301 0.536400 -0.843200 0.036300
36.106171 -44.222401 -88.577301 0.365200 -0.915500 0.168800
11.232300 -41.717800 -88.577301 -0.401300 -0.913200 0.070700
7.294678 -41.315399 -88.577301 -0.004500 -0.993500 0.114100
50.691559 -44.811001 44.369476 0.781100 -0.612400 0.121900
47.524567 -48.056602 44.003082 0.331300 -0.932400 0.144300
44.026215 -47.791100 42.410889 -0.130200 -0.983300 -0.127200
46.415863 -47.917801 84.844681 0.475300 -0.404900 0.781100
38.681000 -31.153101 94.403885 0.305300 -0.169700 0.937000
20.285583 4.995199 98.594284 0.196900 0.242300 0.950000
42.872589 -29.212301 92.889893 0.527800 -0.015100 0.849200
28.600891 7.861898 95.397385 0.279900 0.257100 0.925000
34.673889 42.960304 -36.720520 0.157500 0.493000 0.855700
20.029480 -48.877998 -88.577301 -0.170100 -0.971200 0.166700
47.748260 5.633699 19.394897 0.861100 0.429200 -0.272500
2.916199 -27.820000 -53.966705 0.105400 -0.991000 0.082100
6.685089 -27.164600 -53.966705 0.413000 -0.904100 0.109300
9.323700 -25.100300 -54.080322 0.570300 -0.795200 0.205700
12.496674 -22.759201 -53.786713 0.265500 -0.890800 0.368700
46.766998 -1.933901 34.271088 0.541000 0.547800 -0.638200
41.380371 -1.854601 27.988586 0.956000 0.290300 -0.041500
48.510162 6.339300 39.020203 0.651500 0.119600 -0.749200
51.478668 1.357500 36.324402 0.388400 0.470400 -0.792400
48.034576 7.082399 34.417175 0.990600 -0.125600 -0.054900
48.169769 5.014200 29.562500 0.955600 -0.283600 -0.080100
48.142303 4.970499 34.555298 0.968900 0.101700 -0.225400
35.978180 4.455099 4.739777 0.857000 0.495700 -0.140600
50.603912 -2.379002 32.507874 0.817700 0.457400 -0.349400
45.177277 10.730398 26.750702 0.999000 0.045100 0.000000
45.953400 8.478300 24.339203 0.967800 0.225500 0.111800
48.885590 3.382000 21.303986 0.964700 -0.021400 0.262600
44.571503 -1.965700 22.126801 0.863200 0.308700 0.399500
47.779205 11.318701 40.152191 0.802100 0.085100 -0.591100
45.217865 13.163801 32.383484 0.989600 -0.051400 -0.134500
44.387482 -43.695000 -2.327026 0.802200 -0.480500 -0.354500
38.032898 -59.069000 5.369873 0.436200 -0.543900 -0.716900
37.792389 -59.986000 3.280273 0.586500 -0.455700 0.669600
39.866486 -57.743401 2.771179 0.716200 -0.402400 0.570200
43.009674 -47.488701 2.862488 0.192000 -0.071100 0.978800
42.282196 -52.723400 2.090576 0.851300 -0.239200 0.467000
40.004974 -56.687401 4.994781 0.607900 -0.490100 -0.624700
41.872375 -51.816002 4.055298 0.576600 -0.246500 -0.778900
42.760590 -46.663200 3.857300 0.944200 -0.303600 -0.127900
42.384277 -53.318100 0.954376 0.956900 -0.275500 -0.091700
40.171478 -58.276604 1.199402 0.838700 -0.544500 0.009800
38.020599 -60.800598 1.904388 0.676100 -0.735200 0.048800
39.006500 -59.639404 6.939697 0.629100 -0.654200 -0.419800
40.971497 -56.899902 6.412781 0.784600 -0.480400 -0.391900
42.243683 -52.383400 4.947388 0.887400 -0.286000 -0.361500
40.225800 -54.708397 14.686981 0.886400 -0.445400 0.126500
38.069275 -58.542198 14.175385 0.526200 -0.778900 0.341200
39.113373 -57.214500 13.796875 0.868700 -0.441100 0.225300
37.164673 -58.885704 13.834503 0.409200 -0.859700 0.305600
37.973694 -56.954300 17.754486 0.801600 -0.505900 -0.318500
36.964783 -57.672401 17.264374 0.737100 -0.658000 -0.154100
38.024994 -57.821999 16.077393 0.660000 -0.669500 0.340900
37.237793 -58.497299 15.691803 0.461500 -0.843400 0.275200
37.494171 -60.159798 10.655579 0.313600 -0.799900 0.511700
38.465576 -60.195900 10.379395 0.517400 -0.730500 0.445700
49.359100 -0.344801 39.322998 0.590200 -0.256800 0.765300
52.845856 0.012400 41.517578 0.424100 -0.586900 0.689700
54.259186 1.231499 39.147888 0.997800 -0.054300 0.037900
39.897675 5.400999 21.463501 0.081800 0.890800 -0.447000
42.428589 2.863100 17.009186 0.014700 0.656700 -0.754000
45.235504 7.533400 16.760895 0.020900 0.656100 -0.754400
47.122467 9.659399 22.543274 0.892100 0.449000 -0.051000
48.140472 -3.319901 23.132599 0.736300 0.622100 -0.266300
33.244080 15.109499 -30.698700 0.739000 -0.339500 0.581900
33.026672 13.262899 -4.367310 0.862800 0.504000 0.039600
28.415985 18.205999 14.906799 0.729700 0.677600 -0.092100
30.170471 21.285200 30.120880 0.693600 0.695000 -0.189500
43.079498 -52.745201 25.880280 0.295100 -0.559600 -0.774400
43.342987 -48.624802 21.352173 0.572600 -0.720000 -0.392000
42.851898 -47.979900 0.181183 0.944100 -0.282900 -0.169300
54.552277 -27.555601 40.622589 0.912800 -0.019600 -0.408000
55.538971 -32.844601 43.338776 0.865900 -0.251400 -0.432500
52.988373 5.530199 40.946777 0.940700 0.330600 0.076700
50.343903 9.728199 41.765381 0.823500 0.564900 0.053300
47.288971 14.888498 31.867584 0.949400 0.280000 -0.142500
47.024200 11.880999 25.306488 0.964800 0.224600 -0.136900
47.804901 1.954500 14.198090 0.334000 0.283100 -0.899100
49.713409 -2.188101 14.416992 0.674900 -0.284600 -0.680800
53.476959 -0.945601 35.784973 0.888200 -0.359700 -0.285900
50.855865 4.093599 43.832886 0.193900 -0.199700 0.960500
47.928314 10.559999 44.376678 0.050500 0.355800 0.933200
44.169708 16.560999 32.718201 -0.258400 0.965500 -0.030700
44.179901 13.007700 25.062775 -0.261500 0.848300 -0.460500
43.572357 0.475899 15.757782 0.291400 0.467000 -0.834900
45.841461 -3.040001 15.436401 0.482200 0.182400 -0.856900
50.412811 -3.264502 36.749573 0.968300 -0.238700 0.073800
47.161102 2.849699 41.026184 0.442500 0.172800 0.880000
43.950897 7.297298 40.597992 -0.576700 -0.058600 0.814900
39.740784 10.060200 34.527283 0.782100 0.557800 -0.277700
47.447906 -5.201601 19.362000 0.973800 -0.117100 -0.194800
41.491486 9.509800 38.095795 0.767400 0.609500 -0.199100
40.289490 3.642799 15.168884 0.654700 0.716800 -0.240100
34.676697 8.274399 12.421173 0.785800 0.597700 -0.158800
51.282867 -3.020901 53.721893 0.935300 0.323600 -0.143500
49.683258 -1.236900 45.444000 0.927100 0.372400 0.043300
29.114594 -16.032501 -36.678925 0.556500 -0.791800 0.251700
32.737000 -12.944201 -18.349823 0.684200 -0.729000 -0.023200
12.959473 -28.345200 -22.190704 0.647100 -0.483100 -0.589700
17.075073 -25.543900 -23.036804 0.673000 -0.400800 -0.621600
19.489075 -19.972900 -23.151306 0.814600 -0.174100 -0.553300
19.339081 -13.766401 -25.215027 0.652600 -0.736500 -0.177900
42.064972 11.573698 48.106598 0.812200 0.548700 -0.198100
49.301666 -43.647903 84.869995 0.713900 -0.178700 0.677000
46.636810 -29.671600 89.547089 0.695800 0.019800 0.718000
47.999298 -54.654099 79.131287 0.630700 -0.626700 0.457700
44.079376 -55.412003 47.871582 0.326500 -0.853800 -0.405400
47.066986 -53.156303 47.901581 0.616500 -0.486100 -0.619400
48.868011 -49.435699 48.883575 0.670500 -0.254000 -0.697100
53.327362 -43.258003 48.576874 0.778900 -0.458300 -0.428100
56.655609 -36.036400 47.631683 0.828500 -0.329900 -0.452500
54.020477 -32.370602 38.452301 0.815100 -0.154900 -0.558200
42.380585 -46.777298 41.760773 0.533200 -0.807800 0.251200
44.034576 -47.235500 41.527191 0.233900 -0.270500 -0.933900
47.500275 -47.583500 42.950195 0.373500 -0.443300 -0.814800
50.387360 -44.362602 43.243591 0.278100 -0.276800 -0.919800
52.853363 -39.929401 41.798676 0.088100 -0.420600 -0.903000
54.561798 -36.036201 39.176178 0.244700 -0.475500 -0.845000
53.411957 -14.819501 42.538086 0.979000 0.200100 0.039000
53.951813 -24.625200 35.809387 0.996200 -0.031600 0.081000
54.639069 -19.838301 31.483398 0.968900 0.234600 0.078800
52.397003 -15.656700 25.874390 0.906100 0.378900 -0.188400
34.675995 -7.261301 -2.625000 0.866200 -0.055400 -0.496600
40.169495 -12.545701 -3.590118 0.657400 0.515400 -0.549700
47.167206 -38.060101 11.367096 0.984500 -0.061000 -0.164500
47.946869 -41.868801 17.081177 0.931600 -0.280900 -0.230500
46.984161 -37.122101 6.964874 0.993700 0.106500 -0.035500
46.171478 -37.201401 -1.843719 0.969900 0.132300 -0.204300
26.190186 -23.421200 -52.828003 0.336500 -0.844900 0.415900
40.747101 -45.410900 -5.749908 0.793200 -0.608600 0.017800
39.973877 -50.109501 -8.957214 0.976400 -0.208800 -0.055400
38.506500 -55.236099 -8.597321 0.883100 -0.461200 -0.085500
35.856476 -58.568001 -7.734497 0.666900 -0.736700 -0.111900
43.025116 -16.553001 -2.483398 0.806200 0.371900 -0.460200
45.053192 -20.442501 -1.567505 0.896900 0.284700 -0.338400
12.529999 -33.155300 -33.494598 0.600500 -0.783700 -0.158600
18.162872 -34.017799 -21.202423 0.131900 -0.092700 -0.986900
24.764374 -44.384399 -21.829010 0.019800 0.227300 -0.973600
29.629791 -42.482700 -19.851318 0.125900 0.390400 -0.912000
33.620972 -32.827301 -15.835327 0.250700 0.324600 -0.912000
35.499573 -19.496601 -11.408203 0.517000 0.333800 -0.788200
43.074066 -5.401600 6.720581 0.847400 0.312000 -0.429700
49.538483 -6.176001 25.578979 0.943900 0.220300 -0.246000
43.312164 -46.209900 41.937775 0.833700 0.459500 -0.306300
43.338104 -47.789299 40.898376 0.526100 -0.772900 0.354700
44.976776 -47.298103 39.901978 0.702000 -0.621000 0.348600
47.080414 -45.774399 38.851196 0.604300 -0.372800 0.704100
45.832977 -45.308300 44.092682 0.227700 0.330900 -0.915800
49.540070 -42.458603 38.133698 0.487800 -0.269200 0.830400
49.143097 -41.971802 44.682892 -0.267800 0.078800 -0.960200
52.256256 -38.963001 38.582001 0.725400 -0.289800 0.624400
53.619110 -34.334602 39.777985 -0.587000 -0.485900 -0.647500
55.042572 -31.943802 41.388397 0.974100 -0.000800 -0.226000
51.701996 -36.500801 42.947083 -0.563000 -0.195300 -0.803100
52.445099 -13.002300 29.706879 0.948300 0.281200 -0.147200
53.415009 -17.966900 23.421082 0.880700 0.377600 -0.285900
52.999359 -23.586201 20.362579 0.857500 0.117800 -0.500800
52.399567 -31.589302 19.007874 0.861400 -0.167900 -0.479300
48.994598 -36.066601 17.587677 0.858700 -0.298800 -0.416300
42.200989 -23.935701 -7.807098 0.778200 0.321900 -0.539300
46.194366 -20.298901 5.752502 0.958400 0.193200 -0.209900
47.872406 -21.849100 12.911102 0.934200 0.109000 -0.339700
57.310883 -27.383301 26.362701 0.993000 -0.030900 -0.114200
53.493378 -29.372101 37.961090 0.989000 -0.056800 -0.136300
52.473358 -33.194702 36.298401 0.922600 -0.376500 0.083500
51.270111 -38.133801 32.808685 0.868200 -0.398800 0.295500
48.601410 -43.015701 32.764374 0.792100 -0.548100 0.268600
45.341095 -46.148399 34.125702 0.771500 -0.507800 0.383400
42.954071 -48.504200 36.994873 0.860300 -0.166400 0.481900
41.789490 -50.484901 39.390686 0.894600 0.107400 0.433700
42.125000 -56.383301 41.255798 0.885400 -0.128000 0.446800
45.630585 -15.224800 5.657196 0.924200 0.192000 -0.330000
56.245697 -34.695202 69.486282 0.965100 -0.256300 -0.052700
54.972809 -38.243301 61.227386 0.977600 -0.196900 -0.074800
55.736359 -42.608601 51.375595 0.921700 -0.380800 -0.073900
46.552887 -51.395203 71.994186 0.797200 -0.603600 0.011700
49.748199 -50.335602 61.447388 0.711300 -0.701600 0.042300
49.174408 -53.224201 51.274796 0.726900 -0.684200 -0.058700
46.230011 -51.913803 47.017700 0.478900 -0.143200 -0.866100
45.092682 -50.239300 46.453583 0.535300 -0.196100 -0.821600
44.709381 -49.317200 45.664978 0.646800 -0.230600 -0.727000
43.881378 -51.432098 46.031494 0.684700 -0.245200 -0.686400
41.606689 -41.792400 42.329285 0.711400 0.224600 -0.665900
44.316010 -45.962101 16.873688 0.685900 -0.681000 -0.256400
42.615814 -58.172501 37.774384 0.966000 -0.214700 0.144100
41.313599 -54.621201 42.335175 0.961600 -0.158200 0.224100
41.950073 -47.285103 42.622284 0.771900 -0.632500 -0.063700
43.029510 -46.551201 44.257599 0.477400 -0.827900 -0.294500
41.363892 -49.088501 42.249481 0.857200 -0.315700 -0.406800
40.801483 -48.816601 40.713776 0.894800 -0.445300 0.032900
42.027283 -54.598701 36.200378 0.991600 -0.094000 0.089000
43.947357 -33.188702 -5.286926 0.968900 -0.118200 -0.217300
45.011200 -31.699699 0.647400 0.979200 -0.141700 -0.145400
45.983185 -31.973499 6.769196 0.958400 -0.207200 -0.196300
54.341705 -17.868801 36.014893 0.986300 0.164900 0.010900
54.515106 -22.696901 40.188477 0.993200 0.099500 -0.061100
55.054474 -23.626701 51.627991 0.986300 0.165200 0.002500
54.572479 -30.264101 31.475189 0.947000 -0.200500 0.251200
52.215668 -33.866798 38.860199 0.778300 -0.379400 -0.500300
50.579987 -31.385502 40.227783 -0.487000 -0.853000 0.187400
42.419189 -48.029800 38.548584 0.624300 -0.760300 0.179400
49.475800 -34.430801 38.392090 -0.079600 -0.271100 0.959200
37.136688 -14.155300 -53.782898 0.476100 -0.662700 0.578100
42.691315 -42.449600 39.839386 0.586700 0.215400 0.780600
47.306610 -37.798401 38.186981 0.137600 -0.056600 0.988900
44.845612 -40.831902 38.769287 0.303200 0.050700 0.951600
53.356293 -37.912800 44.699982 0.742300 -0.416700 -0.524800
50.054474 -43.433601 46.450500 0.649900 -0.568100 -0.504800
46.560394 -46.734200 46.018982 0.502600 -0.825700 -0.256000
48.863312 -33.411800 43.091400 -0.229700 -0.382000 -0.895200
46.449371 -37.127602 44.073883 0.032000 -0.138000 -0.989900
43.670013 -40.212303 43.683502 0.343300 0.051400 -0.937800
40.510498 -61.035500 20.025696 0.278100 0.271200 -0.921400
38.618073 -58.940399 18.998291 0.789400 0.047200 -0.612100
39.132385 -55.101601 18.208801 0.672200 -0.590900 -0.446000
42.815704 -54.542801 17.244873 0.188600 -0.309300 -0.932100
42.048279 -55.459702 18.390991 -0.445900 -0.608300 -0.656700
42.544891 -59.848000 19.813202 -0.127800 -0.324800 -0.937100
32.990479 -58.095703 -20.192505 0.351000 -0.625700 -0.696700
29.526276 -51.921303 -24.380310 0.177200 -0.076100 -0.981200
39.265778 -57.053001 -15.117126 0.850200 -0.517100 -0.099000
36.001587 -60.517303 -13.863525 0.469800 -0.882500 -0.023600
32.977386 -47.406303 -23.006012 0.236300 0.193500 -0.952200
36.780701 -54.859001 -20.726013 0.503800 -0.373400 -0.778900
38.192780 -40.287800 -19.479523 0.326400 0.317200 -0.890400
42.268494 -33.573101 -12.543427 0.833300 0.208800 -0.511900
42.192291 -39.483299 -16.206726 0.857300 0.132000 -0.497500
40.237488 -47.987198 -19.008026 0.792100 -0.074600 -0.605800
42.996368 -47.658798 7.474487 0.957100 -0.288400 -0.028600
40.383698 -53.951103 11.658600 0.939500 -0.298600 0.167900
39.581879 -58.212204 10.494873 0.860100 -0.358700 0.362800
49.129913 -45.924599 72.015182 0.805200 -0.562000 0.189500
52.856659 -41.229801 71.446884 0.866000 -0.474900 0.156800
54.950104 -29.081600 60.847382 0.989100 -0.072400 -0.128300
52.462677 -14.120501 49.200897 0.960700 0.264000 0.085200
32.634674 22.154200 43.697174 0.702300 0.679000 -0.214100
22.378784 25.372599 21.158997 0.552700 0.789200 -0.267700
21.921692 24.622198 -6.906799 0.538200 0.778900 0.322100
7.659180 31.053198 -11.395508 0.303100 0.904900 0.298800
54.637299 -32.103001 57.727386 0.999400 -0.026800 0.021100
52.830658 -45.461403 61.523392 0.902200 -0.430500 -0.027300
45.590790 -53.023399 61.968185 0.632300 -0.772500 0.057800
42.174286 -50.670700 21.824188 0.870800 0.427200 -0.243400
41.566589 -52.869701 25.596893 0.988400 -0.067900 -0.136000
42.813568 -57.416100 26.445099 0.958100 0.001000 0.286500
44.355499 -60.124702 23.083191 0.997900 0.050500 0.040400
39.639191 -53.708099 18.025879 0.729600 -0.297700 -0.615600
43.622162 -59.881699 20.156677 0.721400 -0.175500 -0.669900
43.244415 -55.187004 32.022491 0.987100 -0.114300 0.111900
43.369415 -53.062103 17.153290 0.360300 0.233900 -0.903000
44.722198 -56.058197 20.201477 0.943100 -0.186700 -0.275300
44.590973 -56.049103 23.304596 0.964900 -0.205600 0.163200
44.888702 -50.088699 21.323273 0.501200 0.854600 -0.135900
44.644073 -53.948097 25.293091 0.701800 0.076100 0.708300
42.795868 -61.303802 28.476685 0.936300 -0.181000 0.301000
44.380890 -50.823402 23.814392 0.340600 0.750600 0.566300
43.708771 -51.376099 18.522583 0.276700 0.721900 -0.634200
54.617401 -26.506100 33.350098 0.971400 -0.034200 0.235100
49.287872 -43.080200 30.177490 0.866300 -0.496500 0.054400
49.625763 -43.451500 37.112579 0.799900 -0.590900 0.105400
47.640656 -47.953400 24.958801 0.801300 -0.583900 -0.130100
51.898285 -49.812901 79.791489 0.788300 -0.484400 0.379400
49.631989 -29.767700 12.955383 0.925700 -0.128300 -0.355800
46.924774 -33.784901 11.871094 0.928400 -0.190000 -0.319400
45.116058 -42.395802 9.258789 0.811200 -0.577500 -0.092400
22.589874 -31.160301 -21.132019 0.293200 0.019800 -0.955800
16.372192 -21.429800 -35.585815 0.953400 -0.197100 -0.228500
15.561279 -30.058500 -33.566010 0.851300 -0.510300 -0.122000
25.771576 -24.599001 -18.530121 0.530500 0.136200 -0.836700
37.269379 -60.513100 0.117401 0.549700 -0.774900 -0.312000
41.680176 -43.556702 -14.010315 0.968400 -0.161700 -0.189800
40.797974 -50.007103 -15.606506 0.979800 -0.190500 -0.060400
39.531372 -58.290298 -0.857300 0.752500 -0.590400 -0.291700
41.743774 -52.547600 -1.104523 0.931600 -0.209900 -0.296900
45.238312 -40.516502 -7.134399 0.953100 -0.053200 -0.297800
44.180511 -51.276901 32.590881 0.876500 -0.454600 0.158200
41.359680 -42.348602 41.367676 0.932900 0.327200 0.150700
43.571259 -50.820301 44.598083 0.791100 -0.218200 -0.571500
46.333466 -48.288803 30.252075 0.828000 -0.543200 0.139500
41.906097 -54.006401 43.858673 0.812600 -0.449600 -0.370900
36.895172 -57.965698 4.421875 -0.289700 -0.022300 -0.956900
46.836273 -27.844601 -0.133698 0.969000 -0.074500 -0.235700
41.226074 -50.852600 3.686676 -0.076900 0.102100 -0.991800
38.768799 -55.859398 3.255096 -0.319500 -0.028000 -0.947200
38.683685 -56.200699 16.598480 0.850400 -0.472100 0.232400
44.164398 -64.416397 19.969788 0.660500 -0.282100 -0.695900
44.891815 -65.041000 23.918884 0.924600 -0.356300 0.134900
45.719513 -52.327499 22.286377 0.999600 0.027500 -0.007500
39.871277 -59.662399 8.933899 0.778600 -0.618400 0.106100
47.254608 -47.173500 47.019592 0.426400 -0.518200 -0.741400
46.703705 -46.634102 38.051575 0.531100 -0.833400 0.152900
52.090668 -39.016800 37.500488 0.946700 -0.288500 -0.143100
49.838470 -32.350800 41.968079 -0.454600 -0.594000 -0.663800
54.207916 -39.769100 45.378601 0.575000 -0.443100 -0.687700
51.484589 -45.431099 46.966980 0.561700 -0.533100 -0.632700
54.878082 -35.243599 24.968079 0.925000 -0.346400 -0.156000
51.499298 -41.614300 24.366974 0.844600 -0.485400 -0.226000
56.783905 -15.175100 62.619095 0.971000 0.122900 -0.205100
43.169708 15.330999 58.841187 0.807500 0.574700 -0.132800
56.238983 -22.254002 28.783600 0.964400 0.255400 0.068300
52.882965 -36.320702 29.799500 0.914300 -0.380000 0.140400
44.159760 -51.483299 28.972900 0.901700 -0.401500 0.160200
42.629608 -59.452499 33.733185 0.934400 -0.325600 0.144500
45.168304 -55.760803 51.129486 0.403200 -0.914100 0.043200
43.607208 -54.327202 46.242279 0.499500 -0.574400 -0.648500
45.062286 -52.010803 20.656189 0.923500 0.057600 -0.379300
48.028412 -48.774200 48.012177 0.525900 -0.281300 -0.802700
45.537506 -30.079401 -6.296997 0.950400 -0.058900 -0.305400
42.606903 -51.823700 6.240875 0.985500 -0.168000 0.023300
28.970795 -14.364500 -13.501923 0.727100 -0.369100 -0.578900
36.554688 -1.425501 -8.679901 0.991000 -0.010700 -0.133100
57.445770 -29.321602 46.173401 0.971100 0.152800 -0.183400
-5.648712 43.400002 42.358673 -0.071600 0.973000 -0.219300
11.932892 36.662697 38.294891 0.424600 0.856700 -0.292900
48.843903 -8.945201 21.293976 0.925300 0.243900 -0.290400
48.560211 -15.849701 13.911987 0.924800 0.143800 -0.352200
39.456787 -22.167000 -10.135498 0.583000 0.376200 -0.720100
48.391266 -27.789902 6.314484 0.970800 -0.097500 -0.219300
41.770477 -56.636604 8.552002 0.921100 -0.347700 0.175100
51.751556 -49.403603 51.640289 0.838200 -0.526000 -0.144100
55.545563 -42.934799 78.851181 0.927600 -0.303600 0.217700
36.895782 10.711000 92.014084 0.481000 0.389800 0.785300
10.428101 32.781097 87.018494 0.067000 0.682300 0.727900
-1.615723 46.351700 65.266281 -0.192600 0.952200 0.237000
-2.882324 30.827299 9.433197 -0.008000 0.936600 -0.350200
28.829773 32.221802 -27.146912 0.342300 0.688000 0.639900
16.340271 -18.701900 -39.666412 0.557300 -0.827900 0.063600
45.298798 -41.885101 5.846100 0.752900 -0.658100 -0.006500
9.198883 29.193399 10.972290 0.332700 0.941200 0.058100
44.447968 -10.929400 5.907501 0.849500 0.317200 -0.421600
34.146576 -1.570601 -35.803314 0.903400 -0.268900 0.333900
49.114899 8.796799 82.431091 0.815400 0.405600 0.413000
17.566193 43.077904 60.374786 0.445200 0.895300 -0.013400
59.027496 -35.537201 50.756683 0.969800 -0.167700 0.177000
25.567596 33.598503 78.424286 0.511200 0.750300 0.419300
41.776672 23.630701 -27.349213 0.361000 -0.011800 0.932500
57.531158 -27.781200 76.848587 0.950200 0.003700 0.311800
52.005463 11.212297 -35.153107 0.224700 -0.547500 0.806100
60.885712 27.561998 -32.092926 0.380700 0.097900 0.919500
42.712799 -60.378204 31.104980 0.945400 -0.294100 0.140200
42.691864 -55.839897 28.146393 0.982500 -0.186300 0.001400
53.459808 3.542599 40.525391 0.960000 0.264700 0.091000
53.385406 0.629000 36.227081 0.616400 0.501600 -0.606900
47.663910 5.449999 25.649078 0.992100 -0.026600 -0.122700
48.672089 9.032799 28.272491 0.898000 0.312700 -0.309600
49.137665 11.253798 33.171082 0.873600 0.473900 -0.110400
49.435577 10.219398 38.432983 0.884200 0.463600 -0.057000
47.752167 -3.756802 20.897491 0.962500 0.213400 0.167700
49.707977 -0.938501 17.924896 0.976400 -0.062600 0.206600
106.867706 2.607698 -88.577301 0.785100 -0.594800 0.172700
47.807098 -1.867201 -48.056519 0.305500 -0.631300 0.712900
10.687897 81.577698 -101.383209 0.071100 0.997500 -0.000000
35.203979 78.477005 -101.383209 0.283800 0.958900 0.000000
51.160858 -46.208603 48.952393 0.693700 -0.573700 -0.435600
47.939667 -51.319901 48.138275 0.695800 -0.184900 -0.694100
45.545380 -54.307999 47.632294 0.561000 -0.627500 -0.539900
50.463104 -51.313900 51.457581 0.841700 -0.520700 -0.142700
53.587616 -46.106400 51.534485 0.842700 -0.523600 -0.125200
56.643158 -39.546799 51.191483 0.938300 -0.341300 0.056300
45.510468 59.510002 -46.202026 0.266300 0.746400 0.609900
80.891205 36.087898 -48.537506 0.610500 0.418600 0.672300
88.628815 16.078897 -52.093811 0.644600 -0.147500 0.750100
82.199188 -1.710501 -58.048523 0.459000 -0.536900 0.707800
62.804779 -16.512701 -63.720520 0.194500 -0.569000 0.799000
22.835480 -31.099899 -64.607300 0.284500 -0.695500 0.659800
16.482971 -33.557701 -64.714325 -0.082800 -0.757200 0.647900
10.130493 -30.951702 -64.821198 -0.106800 -0.810100 0.576500
6.584290 -32.349998 -66.741699 -0.104200 -0.856600 0.505300
4.427979 -32.788002 -68.895599 -0.281200 -0.835200 0.472700
1.853485 -33.286201 -71.427399 -0.573400 -0.648500 0.500600
15.481781 -19.904800 -44.237305 0.313600 -0.933400 0.174100
12.658081 -22.691101 -42.345123 0.887000 -0.352300 -0.298500
14.049377 -27.096901 -40.720306 0.819100 -0.352900 -0.452300
10.879181 -29.503799 -40.662598 0.466500 -0.770800 -0.433900
57.299713 63.288704 -69.321808 0.445500 0.833500 0.326900
92.811371 46.657402 -70.806122 0.588100 0.666200 0.458500
107.897064 22.834200 -71.345215 0.808600 0.059000 0.585300
98.436371 0.686699 -72.273315 0.712500 -0.548100 0.438100
70.676666 -26.681601 -71.867126 0.441800 -0.791500 0.422200
32.006195 -39.956802 -73.181824 0.219000 -0.794000 0.567100
17.783600 -40.682999 -73.528412 -0.117000 -0.834500 0.538400
9.192291 -38.653503 -74.652313 -0.256000 -0.861000 0.439400
6.011871 -38.443100 -75.663513 -0.101500 -0.911300 0.399000
3.722473 -38.716301 -76.416321 -0.034900 -0.903300 0.427500
1.718292 -39.020302 -77.135620 -0.016100 -0.888000 0.459500
2.084381 -41.950203 -101.383209 0.087900 -0.996100 0.001200
63.660065 64.742699 -101.383209 0.431000 0.902300 -0.008200
101.903961 46.632500 -101.383209 0.637200 0.770700 -0.000000
117.950287 24.690798 -101.383209 0.996500 0.083100 -0.000000
106.867706 2.607698 -101.383209 0.779000 -0.627100 -0.000000
70.676666 -26.681601 -101.383209 0.543800 -0.839200 0.000000
36.106171 -44.222401 -101.383209 0.366900 -0.930200 0.000000
20.029480 -48.877998 -101.383209 -0.199300 -0.979900 0.000000
11.232300 -41.717800 -101.383209 -0.382500 -0.924000 0.000000
7.294678 -41.315399 -101.383209 0.009300 -1.000000 0.000000
4.510590 -41.652100 -101.383209 0.121100 -0.992600 -0.000200
46.997162 -4.070801 16.365997 0.610000 -0.607500 -0.508800
18.087097 24.719099 6.884399 0.505300 0.862600 0.023000
29.806671 16.012499 4.889374 0.743900 0.668300 0.000400
19.527588 23.925299 -0.071106 0.532600 0.839600 0.107100
5.572296 29.934599 88.166092 -0.119900 0.576200 0.808500
-12.496307 42.255096 68.101486 -0.275000 0.913900 0.298500
-6.093414 42.812103 66.718491 -0.253900 0.913300 0.318500
-16.143005 39.940903 41.873901 -0.317200 0.926800 -0.201100
-10.895905 41.670403 42.116302 -0.288900 0.938500 -0.189000
-9.956421 26.476000 9.483093 -0.587500 0.690700 -0.421600
-6.828827 30.073900 9.434692 -0.449400 0.806800 -0.383500
-3.435913 31.039999 -13.492401 -0.517000 0.847400 0.121100
0.691681 34.081596 -12.659302 -0.177300 0.971800 0.155700
4.862091 36.333298 -24.153320 0.032600 0.829700 0.557300
18.854492 34.361900 -25.630707 0.237300 0.770500 0.591600
9.299988 51.693901 -36.414398 0.044700 0.617200 0.785500
23.113586 45.995399 -36.441925 0.196600 0.530700 0.824500
11.230377 63.471397 -48.145111 0.045200 0.772900 0.632900
30.339478 62.264999 -45.941498 0.127700 0.710800 0.691700
10.687897 81.577698 -71.867126 -0.036200 0.949800 0.310600
35.203979 78.477005 -71.867126 0.321100 0.905500 0.277400
35.203979 78.477005 -88.577301 0.304900 0.952100 0.021400
10.687897 81.577698 -88.577301 0.051100 0.998400 0.022600
51.499115 5.314400 38.862701 0.531800 0.348000 -0.772100
48.200165 13.293699 38.846893 0.917700 0.393000 -0.057900
45.809906 13.339399 42.068176 -0.219200 0.710500 0.668700
37.252777 -58.839104 3.911377 0.208400 -0.031700 0.977500
41.770691 -51.853001 2.785889 0.250600 -0.016200 0.968000
39.283691 -56.578804 3.582977 0.230500 -0.019200 0.972900
38.596191 -28.340101 41.687286 0.685700 -0.726800 -0.039900
32.690186 -30.827900 6.069092 0.198100 -0.065500 0.978000
23.527191 -36.679401 7.590179 -0.185100 0.030500 -0.982300
29.861389 -32.615501 6.522491 0.201100 -0.064500 0.977400
25.988800 -35.100700 7.174500 -0.203800 0.039900 -0.978200
44.098663 -45.325600 4.326477 0.699900 -0.503500 0.506500
30.133575 -59.986099 4.858673 0.239800 -0.332700 -0.912000
27.111572 -58.564301 5.448792 -0.593000 0.268800 -0.759000
30.214172 -59.491104 4.816498 0.361600 0.063900 -0.930100
26.961273 -59.065002 5.506500 -0.715500 -0.047200 -0.697000
27.145081 -59.747200 5.500275 -0.659300 -0.275100 -0.699800
29.692474 -58.348900 4.873779 0.140300 0.456800 -0.878400
27.482971 -60.207199 5.449280 -0.423100 -0.546000 -0.723100
27.475098 -58.324699 5.357391 -0.302300 0.476000 -0.825800
29.700378 -60.231400 4.965576 -0.081400 -0.543200 -0.835600
30.464874 -60.164101 5.203094 0.746300 -0.550600 -0.374000
29.976593 -60.466103 5.324799 0.220500 -0.943000 -0.249200
30.542999 -59.548103 5.155396 0.914600 0.117700 -0.386900
29.914185 -58.120300 5.221893 0.499800 0.787800 -0.359900
27.378174 -58.070602 5.773895 -0.347000 0.902700 -0.254500
27.440582 -60.416397 5.876892 -0.476900 -0.871800 -0.112000
27.041199 -59.840202 5.935577 -0.908600 -0.416200 -0.033500
26.811798 -58.988602 5.943390 -0.998700 -0.017000 -0.047100
26.969482 -58.365898 5.877899 -0.826700 0.539100 -0.161100
30.785492 -59.701500 9.377197 0.863500 -0.502300 0.044300
30.320496 -57.956902 9.417999 0.589000 0.805900 -0.059700
27.957001 -59.966599 9.508392 -0.556000 -0.794600 0.243700
27.565491 -58.215797 9.537689 -0.756800 0.625000 0.191700
31.543182 -60.097404 4.625977 -0.248700 -0.521200 -0.816400
31.086273 -59.787201 4.691681 -0.514300 -0.374800 -0.771400
30.700378 -59.172798 4.740784 -0.623500 -0.206900 -0.754000
30.617188 -58.622803 4.743774 -0.640800 0.208500 -0.738800
32.095093 -60.001999 4.538086 0.083900 -0.470100 -0.878600
32.432678 -57.199799 4.434296 -0.344100 0.461400 -0.817800
32.922180 -57.144402 4.356781 -0.034100 0.493500 -0.869100
33.910583 -58.579002 4.228577 0.376300 -0.228300 -0.897900
33.441498 -57.414703 4.280701 0.239000 0.377100 -0.894800
33.827393 -58.029099 4.231598 0.359000 0.178300 -0.916100
32.207184 -59.770699 9.359192 -0.160600 -0.956200 0.244700
31.220886 -58.200104 9.484589 -0.934400 0.266900 0.236000
34.454590 -58.064598 8.977173 0.991600 -0.128000 0.020100
33.611084 -56.828697 9.086395 0.221000 0.974600 0.037100
31.557800 -60.388397 5.031982 -0.255100 -0.949000 -0.185200
32.199799 -60.299400 4.930084 0.343700 -0.900300 -0.267100
31.007294 -59.988197 5.110596 -0.732500 -0.674900 -0.089100
30.525574 -59.221199 5.171875 -0.928400 -0.363700 -0.075600
30.401581 -58.547401 5.178894 -0.938100 0.316900 -0.139600
32.460571 -56.903999 4.827393 -0.378800 0.893100 -0.242600
34.258789 -58.655998 4.578491 0.864300 -0.356400 -0.354900
34.134796 -57.982201 4.585602 0.863700 0.344400 -0.367900
33.653076 -57.215202 4.646881 0.633300 0.693500 -0.343500
33.031586 -56.860603 4.737488 0.158200 0.933600 -0.321600
22.015686 -57.517998 6.079376 -0.093900 -0.661400 -0.744100
22.675781 -56.257797 6.013000 0.452900 0.301900 -0.838900
22.682373 -56.785599 6.009583 0.463300 -0.209800 -0.861000
19.492371 -55.487801 6.367493 -0.725000 -0.241900 -0.644800
20.218872 -54.280998 6.293396 0.063500 0.621900 -0.780500
19.760773 -54.434898 6.343079 -0.578500 0.413400 -0.703200
22.568481 -57.322701 10.301788 0.186000 -0.969700 0.158300
23.263489 -55.980804 10.168793 0.968500 0.241600 -0.061200
21.213379 -54.087303 10.454376 0.507100 0.854000 -0.116000
19.949097 -55.207298 10.672302 -0.972400 -0.151100 0.177600
20.712982 -53.920998 10.529602 -0.349900 0.935600 0.047700
22.202393 -57.812500 6.650574 0.088100 -0.982800 -0.162400
23.005798 -56.881401 6.508087 0.884300 -0.361600 -0.295400
23.016998 -56.239700 6.494690 0.866300 0.384600 -0.318900
19.333496 -55.495598 7.056274 -0.956900 -0.290100 0.015400
19.683990 -54.198601 6.977997 -0.759400 0.647300 -0.066300
20.223572 -53.983803 6.889801 0.096400 0.967600 -0.233300
23.268494 -58.340599 6.022583 -0.615800 -0.292200 -0.731700
23.144501 -57.800598 6.032074 -0.684000 -0.016600 -0.729300
23.276794 -57.185104 6.000275 -0.606600 0.216900 -0.764800
23.586090 -56.863403 5.946075 -0.195200 0.553200 -0.809800
23.734283 -58.779900 5.957886 -0.420300 -0.446000 -0.790200
25.864288 -57.806702 5.607483 0.217400 0.437200 -0.872700
25.467377 -59.653198 5.703094 -0.246500 -0.504800 -0.827300
26.022980 -59.722099 5.685791 0.088500 -0.518900 -0.850200
26.464478 -58.784904 5.599792 0.437700 0.031700 -0.898600
26.332184 -59.400398 5.631683 0.333100 -0.250000 -0.909200
23.699493 -58.069901 10.138702 -0.877200 -0.405200 0.257300
24.037781 -56.496498 10.057281 -0.413000 0.902800 0.120000
26.558197 -59.510399 9.718597 0.464000 -0.868200 0.176100
26.821198 -57.899002 9.648102 0.875600 0.482800 -0.017100
23.105774 -58.426201 6.520599 -0.881700 -0.467900 -0.061300
23.622589 -58.948502 6.381287 -0.584400 -0.803800 -0.111400
22.974274 -57.763802 6.529083 -0.998400 0.013400 -0.055500
23.129089 -56.996498 6.422791 -0.893300 0.423700 -0.150100
23.491882 -56.583199 6.358582 -0.279100 0.921000 -0.271600
25.599976 -59.944901 6.090576 -0.273700 -0.943500 -0.186600
26.105988 -57.638504 6.037781 0.521900 0.797200 -0.303600
26.236694 -60.003799 6.060394 0.331300 -0.901900 -0.277200
26.599487 -59.590500 5.996277 0.825200 -0.452200 -0.338400
26.764679 -58.822098 5.956482 0.940200 0.008300 -0.340600
26.550781 -58.118103 5.976990 0.787600 0.468600 -0.400200
38.666595 -46.838303 3.284393 0.452500 -0.311000 -0.835800
37.738098 -47.129002 3.482300 -0.194100 -0.631500 -0.750700
37.271088 -46.896400 3.562988 -0.641000 -0.399700 -0.655300
36.531494 -43.818199 3.555084 -0.760900 0.093200 -0.642200
37.906982 -43.676800 3.276276 0.347500 0.446000 -0.824800
36.858582 -43.468498 3.472992 -0.307100 0.587400 -0.748700
39.250580 -46.602798 7.501099 0.829000 -0.556600 0.054700
37.753296 -46.667000 7.736084 -0.617100 -0.753800 0.225700
38.471680 -43.306801 7.562683 0.552900 0.829400 -0.079800
36.994873 -43.457802 7.796082 -0.799600 0.587100 0.126400
38.989380 -47.045502 3.832581 0.804000 -0.524300 -0.280500
37.813690 -47.383801 4.022400 -0.090400 -0.987400 -0.130200
37.234497 -47.120701 4.108093 -0.753900 -0.655300 -0.046900
38.136383 -43.435600 3.900085 0.635200 0.730000 -0.252000
36.825897 -43.204002 4.100494 -0.296500 0.943800 -0.146000
36.403778 -43.605900 4.173676 -0.955000 0.292000 -0.052000
38.898499 -48.315601 3.398895 0.329500 0.314100 -0.890400
37.440674 -47.977100 3.620392 -0.605800 0.289800 -0.740900
37.860382 -47.831200 3.552185 -0.135500 0.519200 -0.843900
38.467773 -47.972301 3.459900 0.111000 0.493300 -0.862700
39.093597 -48.928600 3.379578 0.376900 0.065200 -0.924000
39.137695 -50.885201 3.408386 0.352900 -0.120300 -0.927900
37.315399 -50.462101 3.685303 -0.677700 -0.136900 -0.722500
38.978699 -51.412399 3.510986 0.229700 -0.428300 -0.873900
38.559082 -51.558201 3.579193 -0.119000 -0.539900 -0.833300
37.951599 -51.417198 3.671478 -0.408200 -0.510800 -0.756600
39.462189 -47.957500 7.492676 0.762400 0.646800 -0.022400
37.909485 -47.596901 7.728699 -0.602600 0.788400 0.123900
37.774689 -50.184700 7.796875 -0.974500 -0.140700 0.174800
39.534882 -51.184799 7.540192 0.636100 -0.757500 0.147200
37.980286 -50.739300 7.774902 -0.679800 -0.698100 0.224800
39.385986 -48.838001 3.735199 0.917200 0.159500 -0.365200
39.154297 -48.132900 3.826691 0.745100 0.575800 -0.336600
38.617096 -47.730598 3.903290 0.363300 0.886700 -0.286100
37.848389 -47.555702 3.951874 -0.065200 0.954700 -0.290400
37.323883 -47.711502 4.036682 -0.776000 0.602100 -0.187800
39.436279 -51.070503 3.767975 0.903200 -0.188500 -0.385600
37.171692 -50.541000 4.180176 -0.983800 -0.170900 -0.054500
39.233887 -51.667603 3.878693 0.609400 -0.723600 -0.324100
38.709290 -51.823402 3.963501 0.002700 -0.980000 -0.199000
37.950989 -51.647301 4.078674 -0.452900 -0.885400 -0.104900
37.411774 -51.152000 4.153900 -0.818000 -0.560900 -0.127900
36.916901 -56.650803 3.723999 0.371000 -0.123800 -0.920400
35.990875 -55.176201 3.841675 -0.108600 0.549900 -0.828100
36.447876 -55.486404 3.776001 0.251400 0.354200 -0.900800
36.833771 -56.100800 3.726898 0.354400 0.182300 -0.917200
36.596588 -57.114799 3.782501 0.181400 -0.407600 -0.895000
33.943878 -56.230499 4.180603 -0.467900 0.382000 -0.797000
34.549591 -58.169197 4.121277 -0.152400 -0.567400 -0.809200
33.685883 -56.654602 4.228577 -0.629200 0.111800 -0.769200
34.092590 -57.858902 4.187073 -0.512300 -0.380500 -0.769900
33.706787 -57.244499 4.236084 -0.637700 -0.185200 -0.747700
37.489777 -56.398201 8.472778 0.971500 -0.231500 0.050900
36.503387 -54.827499 8.598175 0.203900 0.978700 0.025300
34.506592 -56.044899 8.932190 -0.707700 0.696500 0.118500
35.065399 -57.685402 8.874878 -0.259000 -0.934900 0.242800
34.317871 -56.388000 8.967896 -0.974600 0.022100 0.223000
36.912079 -57.276901 4.138977 0.605300 -0.732200 -0.312200
37.265198 -56.727699 4.073883 0.901000 -0.207000 -0.381300
37.141174 -56.054001 4.080994 0.865100 0.350200 -0.359000
36.659485 -55.286903 4.142181 0.667400 0.660100 -0.344700
36.109100 -54.886703 4.220886 0.049500 0.951000 -0.305200
33.761078 -56.069901 4.609100 -0.706300 0.682400 -0.188100
34.564087 -58.460098 4.527283 -0.104100 -0.976600 -0.188100
34.013672 -58.059898 4.605988 -0.729300 -0.678100 -0.091300
33.531982 -57.292900 4.667175 -0.945200 -0.319200 -0.068900
33.479095 -56.573601 4.662292 -0.969700 0.210200 -0.124800
37.420776 -55.312103 3.635498 -0.009500 -0.492600 -0.870200
36.938477 -55.178200 3.687775 -0.414600 -0.434000 -0.799900
36.137177 -54.215401 3.791992 -0.666500 -0.060700 -0.743000
37.832977 -55.015297 3.600494 0.320900 -0.285300 -0.903100
37.091583 -52.156700 3.743103 -0.499000 0.349800 -0.792800
37.467896 -51.921898 3.710388 -0.185700 0.530100 -0.827400
38.787476 -52.956600 3.551697 0.482700 0.034900 -0.875100
37.986084 -51.993801 3.655884 0.158100 0.513100 -0.843600
38.520874 -52.450798 3.590698 0.338600 0.365000 -0.867300
37.969879 -55.093399 8.171173 0.122300 -0.978000 0.169200
36.605896 -53.925400 8.362885 -0.961300 -0.188300 0.201300
39.337097 -52.667503 7.598175 0.981400 0.191600 -0.015100
37.936188 -51.564102 7.796783 -0.217400 0.970800 0.101000
37.530701 -55.632202 4.016998 0.112800 -0.956900 -0.267500
38.018280 -55.308197 3.974976 0.696300 -0.637800 -0.329200
36.940186 -55.445000 4.081482 -0.551200 -0.822500 -0.140600
35.928192 -54.263000 4.212402 -0.980600 -0.161700 -0.111100
37.000000 -51.899300 4.158783 -0.728700 0.657900 -0.190300
39.089996 -52.944603 3.921387 0.936300 0.034600 -0.349400
38.745697 -52.333000 3.970795 0.716700 0.626300 -0.306600
38.077972 -51.762501 4.052185 0.392900 0.875600 -0.280900
37.446472 -51.646103 4.119202 -0.196200 0.943500 -0.267000
24.212891 -59.419899 6.753601 0.227700 -0.528300 0.817900
24.511871 -59.193398 6.703186 0.574900 -0.301600 0.760600
24.686188 -58.705498 6.673798 0.676500 -0.055700 0.734300
24.631378 -58.248802 6.683197 0.623800 0.311200 0.717000
23.747772 -59.297600 6.832275 -0.110900 -0.477100 0.871800
22.855682 -56.912804 6.983582 0.385100 0.479600 0.788400
22.449493 -56.828903 7.052277 0.090500 0.504400 0.858700
21.972076 -57.961601 7.132690 -0.339600 -0.316900 0.885600
22.091583 -57.016998 7.112701 -0.253600 0.327900 0.910000
21.917297 -57.504898 7.142090 -0.372900 0.050100 0.926500
23.315796 -59.011299 3.093994 0.227200 -0.915900 -0.331000
23.765686 -57.752098 3.018188 0.876800 0.399000 -0.268400
20.959381 -57.477699 3.492584 -0.966600 -0.229800 0.113200
21.375488 -56.169800 3.167877 -0.275900 0.957900 0.079300
24.251190 -59.659698 6.403381 0.267600 -0.951800 0.150000
23.714874 -59.536003 6.494080 -0.355500 -0.899400 0.254500
24.605377 -59.364601 6.343597 0.818700 -0.573500 0.029500
24.823090 -58.755501 6.306976 0.989400 -0.145500 0.003100
24.773590 -58.197701 6.315491 0.893600 0.442600 0.074900
22.753174 -56.657600 6.657288 0.417800 0.879700 0.227200
21.694489 -57.995903 6.835876 -0.791800 -0.476300 0.382400
21.644989 -57.438103 6.844391 -0.883500 0.125600 0.451300
21.862671 -56.828903 6.807800 -0.666300 0.590900 0.454900
22.284180 -56.577599 6.736603 -0.104800 0.917200 0.384400
25.006500 -59.633400 6.661896 -0.293300 -0.322200 0.900100
25.132782 -58.298599 6.640900 -0.002700 0.537600 0.843200
24.906677 -58.618500 6.678986 -0.342500 0.167000 0.924600
24.854095 -59.174698 6.687775 -0.377700 -0.062000 0.923800
25.432281 -59.962097 6.589874 -0.084600 -0.487400 0.869100
27.104279 -58.848801 6.307495 0.379400 0.478400 0.791900
27.403778 -60.512299 6.256500 0.290800 -0.551100 0.782200
27.467072 -59.154404 6.246185 0.566500 0.326400 0.756600
27.629883 -60.192398 6.218384 0.644800 -0.175800 0.743800
27.682495 -59.636200 6.209595 0.681100 0.091600 0.726400
23.986176 -59.179001 2.989685 -0.877200 -0.477400 0.052000
24.122101 -57.743797 2.966980 -0.532900 0.831700 0.155900
26.195587 -58.318398 2.616394 0.447800 0.893500 -0.033600
26.507172 -60.103302 2.563293 0.470100 -0.800200 -0.372300
26.576691 -58.643799 2.551880 0.856900 0.458500 -0.235800
25.239075 -60.122498 6.274780 -0.399700 -0.878700 0.261000
24.754883 -59.729500 6.356689 -0.744300 -0.556600 0.369100
24.584991 -59.164299 6.385590 -0.900200 -0.092400 0.425500
24.650696 -58.469902 6.374573 -0.830200 0.310200 0.463100
24.912598 -58.063103 6.330475 -0.278400 0.869900 0.407100
27.163696 -58.672897 5.949799 0.503000 0.842000 0.194700
27.490173 -60.732300 5.894196 0.399100 -0.908300 0.125800
27.752075 -60.325500 5.849976 0.941800 -0.335900 0.014500
27.817780 -59.631104 5.839081 0.992900 0.118700 0.000900
27.575897 -59.039497 5.880096 0.823300 0.559200 0.097100
32.343597 -60.590103 5.400391 -0.018400 -0.513400 0.857900
31.425171 -59.117798 5.556000 -0.381900 0.180400 0.906400
31.533600 -59.649498 5.537476 -0.356800 -0.214200 0.909300
31.916290 -60.263000 5.472687 -0.265200 -0.362100 0.893600
32.830383 -60.535500 5.318085 0.352800 -0.470900 0.808600
32.957672 -57.876701 5.297180 -0.045700 0.467100 0.883000
34.362976 -59.294403 5.059387 0.666500 -0.191700 0.720500
33.391388 -57.856102 5.223877 0.285000 0.495100 0.820700
34.254486 -58.762604 5.077789 0.639100 0.212000 0.739400
33.871796 -58.149200 5.142578 0.531500 0.382600 0.755700
31.331177 -60.194801 1.425781 -0.308600 -0.935100 -0.174400
30.343597 -58.611801 1.592987 -0.956700 0.221900 0.188400
31.952576 -57.302299 1.321381 -0.332600 0.930200 0.155400
33.454681 -58.832199 1.067078 0.915600 -0.139300 -0.377300
32.411285 -57.285004 1.243774 0.396900 0.915900 -0.060000
32.814789 -60.813202 4.936584 0.387800 -0.912900 0.127300
32.246979 -60.855804 5.032593 -0.225500 -0.941600 0.250000
31.730682 -60.436401 5.119873 -0.683100 -0.657100 0.318800
31.252899 -59.670502 5.200775 -0.844600 -0.383000 0.374200
31.100372 -59.017601 5.226776 -0.835300 0.289900 0.467100
32.836578 -57.581802 4.933594 -0.246300 0.884500 0.396200
34.550995 -59.377403 4.643402 0.942600 -0.331400 0.041100
34.398499 -58.724503 4.669403 0.926000 0.374700 0.045000
33.920685 -57.958603 4.750275 0.730700 0.675400 0.099500
33.343689 -57.578102 4.847900 0.313400 0.912400 0.263200
31.110596 -60.528900 5.588898 0.617500 -0.190100 0.763200
31.098480 -60.037003 5.591095 0.658000 0.130600 0.741600
30.830872 -59.378998 5.636475 0.602200 0.282500 0.746700
30.468201 -58.949600 5.697876 0.367900 0.507200 0.779300
30.781891 -60.799202 5.644501 0.297000 -0.476700 0.827400
28.576782 -59.075104 6.017578 -0.020600 0.461800 0.886700
28.306580 -59.334999 6.063202 -0.300500 0.193200 0.934000
28.890472 -60.924698 5.964081 -0.087200 -0.516300 0.852000
28.260193 -59.837204 6.070892 -0.382000 -0.106500 0.918000
28.527771 -60.495300 6.025482 -0.318800 -0.283400 0.904500
30.223572 -60.132500 1.561401 0.817500 -0.425200 -0.388500
29.532990 -58.434402 1.678497 0.434700 0.894700 -0.102800
27.888977 -60.548698 1.955902 -0.558000 -0.827200 -0.066400
27.259796 -58.839699 2.062592 -0.846400 0.517300 0.126900
31.283997 -60.690704 5.211884 0.913300 -0.399600 0.079000
30.917572 -61.020302 5.273682 0.416600 -0.896100 0.153400
31.250000 -60.080002 5.217773 0.977500 0.207300 0.039100
30.915894 -59.258499 5.274384 0.866800 0.494300 0.066300
30.481995 -58.719101 5.347900 0.438900 0.870000 0.224600
28.315277 -58.841003 5.714081 -0.333000 0.843800 0.420800
28.750885 -61.142303 5.639893 -0.332200 -0.902200 0.275200
28.316986 -60.602898 5.713379 -0.789700 -0.500900 0.354300
27.982880 -59.781303 5.770081 -0.897200 -0.168900 0.408000
28.015594 -59.158699 5.764679 -0.788200 0.377000 0.486500
39.616974 -49.535599 4.152100 0.574000 -0.306100 0.759500
38.394287 -49.417503 4.358795 -0.351600 -0.314700 0.881600
38.777771 -49.663399 4.293976 -0.041100 -0.516200 0.855500
39.287201 -49.712601 4.207794 0.223700 -0.527000 0.819900
39.707184 -49.056999 4.136993 0.672600 0.025700 0.739600
37.964386 -47.217903 4.431976 -0.392200 -0.019100 0.919700
39.277283 -46.857399 4.210083 0.622000 0.300100 0.723300
38.063599 -46.809799 4.415283 -0.283300 0.264600 0.921800
38.893890 -46.611500 4.274994 0.317500 0.493100 0.809900
38.384491 -46.562401 4.361084 0.019800 0.503300 0.863900
38.754272 -49.125702 0.486603 0.651600 -0.645700 -0.398100
37.439697 -48.998802 0.708893 -0.743000 -0.668900 0.022800
36.888397 -46.596401 0.548096 -0.972400 0.047500 0.228400
38.396973 -46.309303 0.547577 0.609000 0.778000 -0.154200
36.996582 -46.167603 0.531677 -0.609200 0.770900 0.185800
39.853088 -49.180603 3.768585 0.999200 -0.029800 0.027400
39.733673 -49.725101 3.788696 0.779400 -0.623000 0.065900
39.319092 -49.923302 3.858673 0.199800 -0.970300 0.136100
38.683075 -49.861900 3.966187 -0.254100 -0.943100 0.214500
38.207275 -49.577702 4.046692 -0.724500 -0.594900 0.348200
37.700378 -47.066399 4.132874 -0.891300 0.039800 0.451700
39.346191 -46.669300 3.854797 0.821400 0.559600 0.110300
38.870392 -46.385101 3.935303 0.337000 0.909400 0.243900
38.234375 -46.323700 4.042877 -0.161600 0.915800 0.367800
37.829987 -46.602402 4.111176 -0.688100 0.544300 0.479800
39.477295 -50.347900 4.218079 0.612100 0.258800 0.747200
39.133881 -50.011803 4.276184 0.418600 0.449000 0.789400
38.615784 -49.821800 4.363800 0.201100 0.515800 0.832800
38.233887 -49.891998 4.428284 -0.280200 0.359400 0.890100
39.587799 -50.879002 4.199280 0.670900 -0.002500 0.741500
37.879791 -51.934502 4.487701 -0.388100 -0.014000 0.921500
37.996674 -52.397800 4.467773 -0.333700 -0.251200 0.908600
39.233673 -52.921402 4.258575 0.561400 -0.377400 0.736500
38.333771 -52.801701 4.410797 -0.176000 -0.458400 0.871100
38.851898 -52.991600 4.323181 0.080400 -0.538000 0.839100
38.594391 -49.805099 0.522583 0.777200 0.584900 -0.232000
37.257477 -49.314903 0.748688 -0.524400 0.842000 0.126500
38.338287 -52.511299 0.565277 0.440700 -0.819000 -0.367400
37.008087 -51.950001 0.790192 -0.889600 -0.453400 0.054300
39.589172 -50.210800 3.851501 0.871800 0.480700 0.094000
39.731995 -50.822800 3.827179 0.999600 0.019400 0.022800
39.158386 -49.813004 3.924377 0.532000 0.827000 0.181700
38.511475 -49.575798 4.033783 0.154900 0.942800 0.295300
38.036774 -49.641602 4.113983 -0.570500 0.682400 0.456900
37.616089 -51.965900 4.184601 -0.901300 -0.056200 0.429500
39.311279 -53.147102 3.897797 0.684300 -0.725100 0.077200
38.836578 -53.212898 3.977997 -0.062800 -0.980600 0.185500
38.189789 -52.975700 4.087402 -0.490800 -0.833600 0.253300
37.766296 -52.500702 4.159088 -0.794300 -0.479600 0.373000
37.182495 -57.485199 4.583191 0.665800 -0.074400 0.742400
37.073975 -56.953400 4.601593 0.635200 0.215700 0.741600
36.691376 -56.340004 4.666473 0.542700 0.363000 0.757400
36.263977 -56.012802 4.738800 0.200300 0.553900 0.808100
36.925293 -57.907898 4.626587 0.472100 -0.394300 0.788400
34.501892 -56.885902 5.036377 -0.191400 0.373600 0.907600
34.297791 -57.274498 5.070801 -0.359500 0.081500 0.929600
35.163177 -58.780899 4.924194 0.080700 -0.567600 0.819400
34.353180 -57.840302 5.061401 -0.370300 -0.196000 0.908000
34.735901 -58.453804 4.996490 -0.264000 -0.367400 0.891800
36.273285 -57.005501 0.591095 0.910400 -0.151000 -0.385100
35.285797 -55.422401 0.758392 0.174600 0.984100 -0.031400
34.149780 -58.368103 0.949677 -0.322600 -0.931500 -0.168000
33.218079 -56.749199 1.107574 -0.950000 0.276500 0.145200
37.370575 -57.568199 4.167297 0.985400 -0.164800 0.043100
37.089478 -58.070297 4.214691 0.692700 -0.717400 0.073700
37.217987 -56.915298 4.193176 0.925800 0.375200 0.045200
36.740173 -56.149399 4.274078 0.757400 0.644900 0.102300
36.223877 -55.730003 4.361481 0.176900 0.938500 0.296500
34.200989 -56.706299 4.703186 -0.599400 0.660200 0.452700
35.066589 -59.046600 4.556396 -0.060600 -0.975900 0.209800
34.550171 -58.627197 4.643677 -0.682700 -0.657900 0.317900
34.072388 -57.861298 4.724701 -0.861700 -0.347000 0.370300
33.980499 -57.169502 4.740387 -0.871600 0.150200 0.466600
37.651398 -56.331802 4.484283 0.108400 -0.516800 0.849200
36.519287 -55.066803 4.675873 -0.412200 0.006600 0.911100
36.746582 -55.583000 4.637390 -0.310700 -0.303200 0.900800
37.218292 -56.110100 4.557495 -0.198300 -0.418800 0.886200
38.032990 -56.146400 4.419800 0.503400 -0.344200 0.792500
37.441193 -53.387100 4.520477 -0.195600 0.349500 0.916300
38.954773 -54.466698 4.264374 0.693700 -0.015200 0.720100
37.788483 -53.250702 4.461792 0.163600 0.491000 0.855600
38.727600 -53.950401 4.302887 0.588500 0.298800 0.751300
38.255890 -53.423302 4.382782 0.458600 0.432900 0.776100
36.696198 -55.979301 0.468201 -0.030200 -0.969100 -0.245000
35.478973 -54.619102 0.674286 -0.990200 -0.019800 0.138500
38.066772 -54.017899 0.237000 0.938100 0.132900 -0.319800
36.813599 -52.709301 0.449097 -0.102600 0.994700 0.001000
38.090393 -56.417702 4.062378 0.672600 -0.731800 0.110100
37.639801 -56.612404 4.138489 0.019800 -0.973000 0.230100
37.110199 -56.319702 4.228088 -0.555400 -0.776300 0.298200
36.521271 -55.661598 4.327698 -0.761600 -0.550700 0.341600
36.226471 -55.032997 4.377686 -0.893000 0.015300 0.449800
37.263092 -53.099503 4.202881 -0.523700 0.721500 0.453000
39.126984 -54.484200 3.887573 0.997500 -0.048800 0.050400
38.832184 -53.855598 3.937500 0.836300 0.542500 0.079400
38.243286 -53.197502 4.037201 0.594900 0.788600 0.155700
37.674591 -52.960899 4.133392 0.084600 0.937000 0.338900
22.861877 -58.744698 45.450500 0.497900 -0.866800 0.026800
22.764496 -57.478401 49.276703 0.479500 -0.685300 0.548200
21.032593 -58.480698 49.033386 0.243300 -0.821900 0.515000
19.651581 -59.311302 47.822479 0.055100 -0.935100 0.349900
18.991699 -59.747803 45.968475 -0.034900 -0.994700 0.097200
19.229492 -59.673103 43.968201 -0.002500 -0.984500 -0.175500
20.301392 -59.107300 42.357574 0.143700 -0.907300 -0.395100
21.920197 -58.202003 41.568176 0.364400 -0.783900 -0.502700
23.652191 -57.199799 41.811584 0.600500 -0.647300 -0.469500
25.033081 -56.369102 43.022491 0.788700 -0.534000 -0.304500
25.693085 -55.932701 44.876373 0.878700 -0.474500 -0.051700
25.455292 -56.007301 46.876678 0.846300 -0.484700 0.221000
24.383301 -56.573097 48.487274 0.700200 -0.561800 0.440600
21.654297 -54.742500 52.021683 0.335100 -0.336700 0.880000
18.654480 -56.478401 51.600189 -0.054500 -0.562200 0.825200
16.262573 -57.917099 49.502899 -0.365100 -0.749000 0.552800
15.119476 -58.673103 46.291687 -0.513600 -0.847200 0.135800
15.531372 -58.543800 42.827087 -0.460100 -0.830400 -0.314200
17.388092 -57.563797 40.037476 -0.219000 -0.703100 -0.676500
20.191986 -55.995804 38.670197 0.145200 -0.499500 -0.854100
23.191772 -54.259804 39.091675 0.534800 -0.274000 -0.799300
25.583679 -52.821098 41.188995 0.845400 -0.087200 -0.526900
26.726776 -52.065102 44.400177 0.993900 0.011000 -0.109900
26.314789 -52.194500 47.864777 0.940400 -0.005800 0.340100
24.458099 -53.174400 50.654495 0.699200 -0.133100 0.702400
19.828583 -51.269901 52.949890 0.233600 -0.134600 0.963000
16.364777 -53.274399 52.463181 -0.196000 -0.383200 0.902600
13.602875 -54.935699 50.041473 -0.538600 -0.589300 0.602300
12.282898 -55.808601 46.333496 -0.702300 -0.697500 0.142400
12.758575 -55.659302 42.332977 -0.643300 -0.679000 -0.353800
14.902496 -54.527702 39.111694 -0.377400 -0.538700 -0.753300
18.140076 -52.717102 37.532898 0.024100 -0.314100 -0.949100
21.603973 -50.712601 38.019592 0.453700 -0.065500 -0.888700
24.365875 -49.051300 40.441376 0.796300 0.140500 -0.588400
25.685883 -48.178398 44.149292 0.960000 0.248800 -0.128500
25.210175 -48.327702 48.149902 0.901000 0.230300 0.367700
23.066284 -49.459301 51.371185 0.635100 0.089900 0.767200
48.738373 -42.134003 41.057190 0.599000 -0.800700 0.009600
48.535370 -40.936699 44.901489 0.565200 -0.629200 0.533600
46.934174 -42.137600 44.662476 0.346900 -0.792900 0.501000
45.648773 -43.113602 43.454681 0.171600 -0.926000 0.336300
45.023773 -43.603203 41.601898 0.086400 -0.992700 0.083700
45.226715 -43.475403 39.600494 0.114100 -0.975300 -0.189100
46.202972 -42.764198 37.986694 0.247200 -0.878300 -0.409200
47.691193 -41.660301 37.192993 0.450100 -0.727800 -0.517400
49.292511 -40.459503 37.431976 0.668400 -0.564100 -0.484800
50.577911 -39.483501 38.639679 0.843600 -0.431100 -0.320100
51.202789 -38.993801 40.492493 0.928800 -0.364300 -0.067500
50.999969 -39.121700 42.493896 0.901200 -0.381800 0.205300
50.023712 -39.832802 44.107697 0.768100 -0.478700 0.425300
47.136871 -38.389400 47.695801 0.383900 -0.304800 0.871600
44.363312 -40.469299 47.281799 0.023700 -0.574900 0.817900
42.137085 -42.159801 45.189880 -0.265500 -0.794500 0.546200
41.054474 -43.007900 41.980774 -0.406000 -0.904600 0.129400
41.405884 -42.786400 38.514191 -0.360400 -0.875900 -0.320800
43.097015 -41.554600 35.718994 -0.140800 -0.715900 -0.683900
45.674469 -39.642601 34.344177 0.194000 -0.467600 -0.862400
48.448090 -37.562698 34.758179 0.554200 -0.197500 -0.808600
50.674408 -35.872200 36.849976 0.843300 0.022100 -0.537000
51.756866 -35.024101 40.059174 0.983900 0.132200 -0.120200
51.405609 -35.245602 43.525787 0.938300 0.103500 0.330000
49.714508 -36.477402 46.320984 0.718700 -0.056500 0.693100
44.917267 -35.174400 48.691284 0.259700 -0.117500 0.958500
41.714691 -37.576103 48.213287 -0.137500 -0.415400 0.899200
39.144073 -39.528099 45.797791 -0.456300 -0.657400 0.599600
37.894073 -40.507401 42.092194 -0.611300 -0.778900 0.140100
38.299774 -40.251701 38.089294 -0.561000 -0.747200 -0.356400
40.252380 -38.829399 34.861694 -0.318800 -0.570800 -0.756700
43.228790 -36.621601 33.274292 0.050300 -0.297000 -0.953600
46.431366 -34.219902 33.752289 0.447500 0.000900 -0.894300
49.002106 -32.267899 36.167694 0.766300 0.243000 -0.594700
50.252106 -31.288601 39.873383 0.921400 0.364400 -0.135100
49.846405 -31.544300 43.876282 0.871100 0.332700 0.361300
47.893707 -32.966702 47.103882 0.628900 0.156300 0.761600
