1452
0 0
0 0
0 0
0 0
0 0
0 0
0 0
0 0
0 0
0 0
0 0
0 0
0 0
0 0
0 0
0 0
0 0
0 0
0 0
0 0
0 0
0 0
0 0
0 0
0 0
0 0
0 0
0 0
0 0
0 0
0 0
0 0
0 0
0 0
0 0
0 0
0 0
0 0
0 0
0 0
0 0
0 0
0 0
0 0
0 0
0 0
0 0
0 0
0 0
0 0
0 0
0 0
0 0
0 0
0 0
0 0
0 0
0 0
0 0
0 0
0 0
0 0
0 0
0 0
0 0
0 0
0 0
0 0
0 0
0 0
0 0
0 0
0 0
0 0
0 0
0 0
0 0
0 0
0 0
0 0
0 0
0 0
0 0
0 0
0 0
0 0
0 0
0 0
0 0
0 0
0 0
0 0
0 0
0 0
0 0
0 0
0 0
0 0
0 0
0 0
0 0
0 0
0 0
0 0
0 0
0 0
0 0
0 0
0 0
0 0
0 0
0 0
0 0
0 0
0 0
0 0
0 0
0 0
0 0
0 0
0 0
0 0
0 0
0 0
0 0
0 0
0 0
0 0
0 0
0 0
0 0
0 0
0 0
0 0
0 0
0 0
0 0
0 0
0 0
0 0
0 0
0 0
0 0
0 0
0 0
0 0
0 0
0 0
0 0
0 0
0 0
0 0
0 0
0 0
0 0
0 0
0 0
0 0
0 0
0 0
0 0
0 0
0 0
0 0
0 0
0 0
0 0
0 0
0 0
0 0
0 0
0 0
0 0
0 0
0 0
0 0
0 0
0 0
0 0
0 0
0 0
0 0
0 0
0 0
0 0
0 0
0 0
0 0
0 0
0 0
0 0
0 0
0 0
0 0
0 0
0 0
0 0
0 0
0 0
0 0
0 0
0 0
0 0
0 0
0 0
0 0
0 0
0 0
0 0
0 0
0 0
0 0
0 0
0 0
0 0
0 0
0 0
0 0
0 0
0 0
0 0
0 0
0 0
0 0
0 0
0 0
0 0
0 0
0 0
0 0
0 0
0 0
0 0
0 0
0 0
0 0
0 0
0 0
0 0
0 0
0 0
0 0
0 0
0 0
0 0
0 0
0 0
0 0
0 0
0 0
0 0
0 0
0 0
0 0
0 0
0 0
0 0
0 0
0 0
0 0
0 0
0 0
0 0
0 0
0 0
0 0
0 0
0 0
0 0
0 0
0 0
0 0
0 0
0 0
0 0
0 0
0 0
0 0
0 0
0 0
0 0
0 0
0 0
0 0
0 0
0 0
0 0
0 0
0 0
0 0
0 0
0 0
0 0
0 0
0 0
0 0
0 0
0 0
0 0
0 0
0 0
0 0
0 0
0 0
0 0
0 0
0 0
0 0
0 0
0 0
0 0
0 0
0 0
0 0
0 0
0 0
0 0
0 0
0 0
0 0
0 0
0 0
0 0
0 0
0 0
0 0
0 0
0 0
0 0
0 0
0 0
0 0
0 0
0 0
0 0
0 0
0 0
0 0
0 0
0 0
0 0
0 0
0 0
0 0
0 0
0 0
0 0
0 0
0 0
0 0
0 0
0 0
0 0
0 0
0 0
0 0
0 0
0 0
0 0
0 0
0 0
0 0
0 0
0 0
0 0
0 0
0 0
0 0
0 0
0 0
0 0
0 0
0 0
0 0
0 0
0 0
0 0
0 0
0 0
0 0
0 0
0 0
0 0
0 0
0 0
0 0
0 0
0 0
0 0
0 0
0 0
0 0
0 0
0 0
0 0
0 0
0 0
0 0
0 0
0 0
0 0
0 0
0 0
0 0
0 0
0 0
0 0
0 0
0 0
0 0
0 0
0 0
0 0
0 0
0 0
0 0
0 0
0 0
0 0
0 0
0 0
0 0
0 0
0 0
0 0
0 0
0 0
0 0
0 0
0 0
0 0
0 0
0 0
0 0
0 0
0 0
0 0
0 0
0 0
0 0
0 0
0 0
0 0
0 0
0 0
0 0
0 0
0 0
0 0
0 0
0 0
0 0
0 0
0 0
0 0
0 0
0 0
0 0
0 0
0 0
0 0
0 0
0 0
0 0
0 0
0 0
0 0
0 0
0 0
0 0
0 0
0 0
0 0
0 0
0 0
0 0
0 0
0 0
0 0
0 0
0 0
0 0
0 0
0 0
0 0
0 0
0 0
0 0
0 0
0 0
0 0
0 0
0 0
0 0
0 0
0 0
0 0
0 0
0 0
0 0
0 0
0 0
0 0
0 0
0 0
0 0
0 0
0 0
0 0
0 0
0 0
0 0
0 0
0 0
0 0
0 0
0 0
0 0
0 0
0 0
0 0
0 0
0 0
0 0
0 0
0 0
0 0
0 0
0 0
0 0
0 0
0 0
0 0
0 0
0 0
0 0
0 0
0 0
0 0
0 0
0 0
0 0
0 0
0 0
0 0
0 0
0 0
0 0
0 0
0 0
0 0
0 0
0 0
0 0
0 0
0 0
0 0
0 0
0 0
0 0
0 0
0 0
0 0
0 0
0 0
0 0
0 0
0 0
0 0
0 0
0 0
0 0
0 0
0 0
0 0
0 0
0 0
0 0
0 0
0 0
0 0
0 0
0 0
0 0
0 0
0 0
0 0
0 0
0 0
0 0
0 0
0 0
0 0
0 0
0 0
0 0
0 0
0 0
0 0
0 0
0 0
0 0
0 0
0 0
0 0
0 0
0 0
0 0
0 0
0 0
0 0
0 0
0 0
0 0
0 0
0 0
0 0
0 0
0 0
0 0
0 0
0 0
0 0
0 0
0 0
0 0
0 0
0 0
0 0
0 0
0 0
0 0
0 0
0 0
0 0
0 0
0 0
0 0
0 0
0 0
0 0
0 0
0 0
0 0
0 0
0 0
0 0
0 0
0 0
0 0
0 0
0 0
0 0
0 0
0 0
0 0
0 0
0 0
0 0
0 0
0 0
0 0
0 0
0 0
0 0
0 0
0 0
0 0
0 0
0 0
0 0
0 0
0 0
0 0
0 0
0 0
0 0
0 0
0 0
0 0
0 0
0 0
0 0
0 0
0 0
0 0
0 0
0 0
0 0
0 0
0 0
0 0
0 0
0 0
0 0
0 0
0 0
0 0
0 0
0 0
0 0
0 0
0 0
0 0
0 0
0 0
0 0
0 0
0 0
0 0
0 0
0 0
0 0
0 0
0 0
0 0
0 0
0 0
0 0
0 0
0 0
0 0
0 0
0 0
0 0
0 0
0 0
0 0
0 0
0 0
0 0
0 0
0 0
0 0
0 0
0 0
0 0
0 0
0 0
0 0
0 0
0 0
0 0
0 0
0 0
0 0
0 0
0 0
0 0
0 0
0 0
0 0
0 0
0 0
0 0
0 0
0 0
0 0
0 0
0 0
0 0
0 0
0 0
0 0
0 0
0 0
0 0
0 0
0 0
0 0
0 0
0 0
0 0
0 0
0 0
0 0
0 0
0 0
0 0
0 0
0 0
0 0
0 0
0 0
0 0
0 0
0 0
0 0
0 0
0 0
0 0
0 0
0 0
0 0
0 0
0 0
0 0
0 0
0 0
0 0
0 0
0 0
0 0
0 0
0 0
0 0
0 0
0 0
0 0
0 0
0 0
0 0
0 0
0 0
0 0
0 0
0 0
0 0
0 0
0 0
0 0
0 0
0 0
0 0
0 0
0 0
0 0
0 0
0 0
0 0
0 0
0 0
0 0
0 0
0 0
0 0
0 0
0 0
0 0
0 0
0 0
0 0
0 0
0 0
0 0
0 0
0 0
0 0
0 0
0 0
0 0
0 0
0 0
0 0
0 0
0 0
0 0
0 0
0 0
0 0
0 0
0 0
0 0
0 0
0 0
0 0
0 0
0 0
0 0
0 0
0 0
0 0
0 0
0 0
0 0
0 0
0 0
0 0
0 0
0 0
0 0
0 0
0 0
0 0
0 0
0 0
0 0
0 0
0 0
0 0
0 0
0 0
0 0
0 0
0 0
0 0
0 0
0 0
0 0
0 0
0 0
0 0
0 0
0 0
0 0
0 0
0 0
0 0
0 0
0 0
0 0
0 0
0 0
0 0
0 0
0 0
0 0
0 0
0 0
0 0
0 0
0 0
0 0
0 0
0 0
0 0
0 0
0 0
0 0
0 0
0 0
0 0
0 0
0 0
0 0
0 0
0 0
0 0
0 0
0 0
0 0
0 0
0 0
0 0
0 0
0 0
0 0
0 0
0 0
0 0
0 0
0 0
0 0
0 0
0 0
0 0
0 0
0 0
0 0
0 0
0 0
0 0
0 0
0 0
0 0
0 0
0 0
0 0
0 0
0 0
0 0
0 0
0 0
0 0
0 0
0 0
0 0
0 0
0 0
0 0
0 0
0 0
0 0
0 0
0 0
0 0
0 0
0 0
0 0
0 0
0 0
0 0
0 0
0 0
0 0
0 0
0 0
0 0
0 0
0 0
0 0
0 0
0 0
0 0
0 0
0 0
0.0712 0.8308
0.071 0.8312
0.0712 0.8308
0.071 0.8312
0.071 0.8312
0.0712 0.8309
0.071 0.8311
0.071 0.8312
0.0711 0.8308
0.0712 0.8312
0.0711 0.8312
0.0712 0.8312
0.0712 0.8314
0.071 0.8317
0.0709 0.8316
0.0709 0.8317
0.071 0.8317
0.071 0.8317
0.0712 0.8363
0.0712 0.8365
0.071 0.8361
0.071 0.8362
0.0713 0.8306
0.0712 0.8307
0.0712 0.8308
0.0713 0.8308
0.0713 0.8306
0.0714 0.8309
0.0715 0.8308
0.0715 0.8307
0.0715 0.8308
0.0715 0.8307
0.0713 0.8365
0.0713 0.8367
0.0715 0.8365
0.0715 0.8366
0.0712 0.8311
0.0713 0.8311
0.0712 0.8312
0.0712 0.8313
0.0712 0.8313
0.0715 0.8314
0.0715 0.8311
0.0715 0.8312
0.0715 0.8313
0.0715 0.8313
0.0707 0.8314
0.0708 0.8316
0.0708 0.8315
0.0706 0.8317
0.0707 0.8318
0.0707 0.8318
0.0707 0.8366
0.0708 0.8367
0.0707 0.837
0.0706 0.8369
0.0707 0.837
0.0707 0.8321
0.0708 0.8321
0.0708 0.8322
0.0706 0.8325
0.0707 0.8326
0.0707 0.8326
0.0707 0.8314
0.0708 0.8315
0.0708 0.8315
0.0708 0.8315
0.0708 0.8314
0.071 0.8313
0.0708 0.8312
0.0709 0.8312
0.071 0.8313
0.0709 0.8312
0.0707 0.8365
0.0708 0.8366
0.0709 0.8362
0.071 0.8363
0.0707 0.832
0.0707 0.8318
0.0707 0.8321
0.0708 0.832
0.0708 0.8321
0.0708 0.8316
0.071 0.8319
0.0709 0.8317
0.0709 0.8317
0.071 0.8318
0.071 0.8318
0.0723 0.8315
0.0723 0.8315
0.0722 0.8316
0.0723 0.8319
0.0724 0.8317
0.0724 0.8318
0.0723 0.8366
0.0722 0.8367
0.0724 0.837
0.0723 0.837
0.0723 0.8321
0.0722 0.8322
0.0722 0.8322
0.0724 0.8325
0.0724 0.8326
0.0723 0.8326
0.0723 0.8315
0.0722 0.8316
0.0722 0.8316
0.0723 0.8315
0.0723 0.8314
0.0722 0.8312
0.0721 0.8314
0.0722 0.8313
0.0721 0.8313
0.0721 0.8313
0.0723 0.8365
0.0722 0.8366
0.0721 0.8364
0.0722 0.8362
0.0721 0.8363
0.0723 0.8319
0.0723 0.832
0.0723 0.8321
0.0722 0.8321
0.0722 0.8321
0.0722 0.8317
0.0721 0.8319
0.0722 0.8317
0.0721 0.8317
0.0721 0.8318
0.0721 0.8319
0.0718 0.8307
0.0718 0.8308
0.0718 0.8308
0.0718 0.8307
0.0717 0.8306
0.0716 0.8309
0.0716 0.8307
0.0716 0.8308
0.0715 0.8307
0.0715 0.8308
0.0718 0.8365
0.0718 0.8367
0.0716 0.8367
0.0716 0.8365
0.0716 0.8366
0.0718 0.8311
0.0718 0.8311
0.0718 0.8312
0.0718 0.8313
0.0718 0.8313
0.0716 0.8314
0.0715 0.8311
0.0715 0.8312
0.0715 0.8313
0.0715 0.8313
0.0719 0.8308
0.0719 0.8308
0.0718 0.8309
0.0719 0.8308
0.072 0.8312
0.072 0.8312
0.0721 0.8311
0.0721 0.8312
0.0721 0.8312
0.0719 0.8363
0.0718 0.8365
0.0721 0.8361
0.072 0.8363
0.0719 0.8312
0.0719 0.8313
0.0718 0.8312
0.0718 0.8314
0.072 0.8317
0.0721 0.8316
0.0721 0.8317
0.0721 0.8318
0.072 0.8318
0.0638 0.8039
0.0638 0.8038
0.0638 0.8035
0.0638 0.8032
0.0638 0.8035
0.0638 0.8014
0.0638 0.8011
0.0638 0.8018
0.0638 0.8011
0.0638 0.8014
0.0638 0.8243
0.0638 0.8236
0.0638 0.8221
0.0638 0.8214
0.0638 0.806
0.0638 0.8056
0.0638 0.8059
0.0638 0.8056
0.0638 0.8051
0.0638 0.8031
0.0638 0.8036
0.0638 0.8031
0.0638 0.8028
0.0638 0.8028
0.0638 0.8041
0.0638 0.8032
0.0638 0.8033
0.0638 0.8037
0.0638 0.8046
0.0638 0.8045
0.0638 0.8059
0.0638 0.8049
0.0638 0.8057
0.0638 0.8054
0.0638 0.8247
0.0638 0.8237
0.0638 0.8251
0.0638 0.8265
0.0638 0.8255
0.0638 0.8065
0.0638 0.806
0.0638 0.8055
0.0638 0.8051
0.0638 0.8049
0.0638 0.8064
0.0638 0.808
0.0638 0.8078
0.0638 0.8074
0.0638 0.8068
0.0639 0.8083
0.0639 0.8068
0.0639 0.8073
0.0639 0.8079
0.0639 0.8085
0.0639 0.8066
0.0639 0.8083
0.0639 0.8068
0.0639 0.8079
0.0639 0.8072
0.0639 0.8306
0.0639 0.829
0.0639 0.8287
0.0639 0.8305
0.0639 0.8289
0.0639 0.8108
0.0639 0.8106
0.0639 0.8101
0.0639 0.8093
0.0639 0.8087
0.0639 0.8085
0.0639 0.8106
0.0639 0.81
0.0639 0.8092
0.0639 0.8087
0.0638 0.8078
0.0638 0.8075
0.0638 0.8068
0.0638 0.8064
0.0638 0.8079
0.0638 0.8056
0.0638 0.8057
0.0638 0.8071
0.0638 0.806
0.0638 0.8066
0.0638 0.8303
0.0638 0.8287
0.0638 0.8295
0.0638 0.828
0.0638 0.8099
0.0638 0.81
0.0639 0.8095
0.0639 0.8087
0.0639 0.8081
0.0638 0.8072
0.0638 0.8091
0.0638 0.8085
0.0638 0.8078
0.0638 0.8073
0.0639 0.8037
0.0639 0.803
0.0639 0.8034
0.0639 0.8037
0.0639 0.8034
0.0639 0.8012
0.0639 0.8016
0.0639 0.801
0.0639 0.8012
0.0639 0.801
0.0639 0.8241
0.0639 0.8234
0.0639 0.8215
0.0639 0.8219
0.0639 0.8213
0.0639 0.8054
0.0639 0.8058
0.0639 0.8057
0.0639 0.8054
0.0639 0.805
0.0639 0.8029
0.0639 0.8034
0.0639 0.803
0.0639 0.8026
0.0639 0.8026
0.0639 0.804
0.0639 0.8036
0.0639 0.8032
0.0639 0.8031
0.0639 0.8044
0.0639 0.8044
0.0639 0.8048
0.0639 0.8058
0.0639 0.8053
0.0639 0.8056
0.0639 0.8245
0.0639 0.8235
0.0639 0.8264
0.0639 0.8254
0.0639 0.8059
0.0639 0.8064
0.0639 0.8054
0.0639 0.8049
0.0639 0.8047
0.0639 0.8062
0.0639 0.8079
0.0639 0.8077
0.0639 0.8072
0.0639 0.8067
0.0639 0.8083
0.0639 0.8078
0.0639 0.8072
0.0639 0.8068
0.0639 0.8085
0.0639 0.8066
0.0639 0.8068
0.0639 0.8083
0.0639 0.8072
0.0639 0.8079
0.0639 0.8305
0.0639 0.8289
0.0639 0.8305
0.0639 0.8289
0.0639 0.8105
0.0639 0.8108
0.0639 0.81
0.0639 0.8092
0.0639 0.8087
0.0639 0.8085
0.0639 0.8106
0.0639 0.81
0.0639 0.8092
0.0639 0.8087
0.0639 0.8077
0.0639 0.8063
0.0639 0.8068
0.0639 0.8074
0.0639 0.8078
0.0639 0.8055
0.0639 0.807
0.0639 0.8056
0.0639 0.8065
0.0639 0.8059
0.0639 0.8302
0.0639 0.8287
0.0639 0.8294
0.0639 0.8279
0.0639 0.8099
0.0639 0.8099
0.0639 0.8094
0.0639 0.8087
0.0639 0.8081
0.0639 0.8071
0.0639 0.809
0.0639 0.8084
0.0639 0.8077
0.0639 0.8072
0.4956 0.501
0.5009 0.8742
0.3145 0.8242
0.1781 0.6876
0.1282 0.501
0.1781 0.3144
0.3145 0.1778
0.5009 0.1278
0.6872 0.1778
0.8236 0.3144
0.8735 0.501
0.8236 0.6876
0.6872 0.8242
0.5152 1.1474
0.1924 1.0608
-0.0439 0.8242
-0.1303 0.501
-0.0439 0.1778
0.1924 -0.0588
0.5152 -0.1454
0.8379 -0.0588
1.0742 0.1778
1.1606 0.501
1.0742 0.8242
0.8379 1.0608
0.5347 1.2474
0.162 1.1474
-0.1108 0.8742
-0.2107 0.501
-0.1108 0.1278
0.162 -0.1454
0.5347 -0.2454
0.9074 -0.1454
1.1802 0.1278
1.28 0.501
1.1802 0.8742
0.9074 1.1474
0.5006 0.5098
0.4937 0.883
0.3075 0.833
0.1713 0.6964
0.1214 0.5098
0.1713 0.3232
0.3075 0.1866
0.4937 0.1366
0.6798 0.1866
0.8161 0.3232
0.8659 0.5098
0.8161 0.6964
0.6798 0.833
0.4746 1.1562
0.1522 1.0696
-0.0838 0.833
-0.1702 0.5098
-0.0838 0.1866
0.1522 -0.05
0.4746 -0.1365
0.797 -0.05
1.033 0.1866
1.1194 0.5098
1.033 0.833
0.797 1.0696
0.4486 1.2562
0.0763 1.1562
-0.1962 0.883
-0.296 0.5098
-0.1962 0.1366
0.0763 -0.1365
0.4486 -0.2365
0.8209 -0.1365
1.0934 0.1366
1.1931 0.5098
1.0934 0.883
0.8209 1.1562
1768
63 51 2
63 2 335
445 486 446
446 486 487
493 492 494
495 494 492
513 511 512
511 510 512
515 513 512
515 512 514
57 58 290
57 290 212
465 453 54
465 54 106
424 444 296
397 40 63
40 51 63
40 397 39
397 200 39
348 30 55
348 55 433
278 29 86
29 52 86
307 306 21
68 48 226
48 41 226
69 68 225
68 226 225
70 69 225
70 225 224
71 70 223
70 224 223
71 72 221
71 221 368
73 72 421
72 125 421
73 74 220
74 218 220
75 74 277
74 358 277
75 76 219
76 354 219
76 77 395
76 395 354
363 28 136
28 44 136
266 78 327
523 127 25
25 524 523
264 24 279
24 38 279
126 23 137
23 46 137
229 20 22
229 22 192
458 459 444
103 432 429
103 429 419
432 431 429
431 158 429
431 444 158
296 222 190
296 190 424
222 1 190
1 420 190
109 108 467
109 467 466
108 107 467
107 468 467
107 106 468
106 469 468
106 54 469
54 470 469
379 17 380
17 37 380
307 144 42
42 145 15
144 145 42
147 14 15
147 15 145
509 507 506
509 506 508
315 9 68
9 48 68
398 8 39
398 39 200
149 7 148
143 5 147
5 14 147
313 4 12
313 12 312
335 2 34
335 34 269
441 157 122
105 26 121
105 121 156
122 110 111
110 113 116
115 122 111
437 115 438
173 436 118
236 118 157
180 118 236
438 115 114
438 114 439
439 114 112
439 112 440
116 112 114
116 115 110
116 114 115
117 178 186
117 186 187
122 115 437
122 437 121
118 110 122
118 122 157
436 110 118
152 436 173
435 436 152
153 187 186
521 169 124
124 123 521
231 230 19
231 19 18
6 148 7
5 143 6
143 148 6
164 125 223
35 23 126
126 374 35
25 127 136
25 136 44
128 127 523
128 523 526
130 128 526
130 526 525
130 129 134
126 131 374
131 377 374
131 132 376
131 376 377
132 133 376
134 129 367
129 164 367
134 135 130
135 128 130
26 442 121
135 136 127
135 127 128
442 184 441
442 122 121
138 137 412
137 382 412
138 139 131
139 132 131
139 133 132
231 18 4
231 4 313
520 112 113
520 113 435
112 520 440
140 142 378
140 378 340
142 141 146
142 146 378
143 141 148
141 149 148
277 323 140
277 140 340
144 307 308
167 440 520
520 435 167
147 145 146
145 144 146
146 141 143
146 143 147
141 142 149
142 324 149
308 307 21
439 440 123
439 123 124
438 439 119
439 124 119
121 437 120
119 120 438
120 437 438
180 173 118
436 435 113
181 174 150
174 151 150
151 435 152
435 151 174
167 435 174
441 184 157
184 236 157
154 186 178
186 154 153
171 155 154
154 178 171
105 155 26
155 171 26
121 120 156
159 158 424
159 424 404
499 500 159
500 331 159
183 160 187
183 187 153
77 434 395
434 342 395
434 433 396
434 396 342
163 162 76
162 77 76
76 75 163
75 277 163
441 122 442
442 172 184
156 120 119
156 119 170
119 124 169
119 169 170
358 421 322
257 213 351
166 165 246
165 257 246
156 177 155
177 156 170
105 156 155
171 172 442
171 442 26
151 152 180
152 173 180
174 175 167
175 168 167
522 176 521
176 169 521
176 177 169
177 170 169
155 153 154
153 155 177
172 171 179
171 178 179
151 180 150
174 181 182
182 175 174
175 182 185
185 522 175
176 522 185
183 176 185
177 176 183
177 183 153
178 235 179
179 235 497
497 235 184
180 212 189
184 235 408
184 408 236
179 497 172
497 184 172
150 180 189
150 189 181
110 436 113
190 191 424
191 404 424
191 216 404
216 235 404
212 290 328
288 212 248
212 180 248
195 194 403
194 362 403
193 192 230
193 230 359
194 193 362
193 359 362
191 190 195
190 420 195
189 182 181
204 405 166
204 166 387
115 111 110
398 200 449
398 449 272
201 272 449
272 201 448
400 272 448
400 448 202
203 447 451
268 203 451
451 447 413
202 413 447
203 204 388
204 387 388
205 245 211
257 205 246
246 205 87
211 87 205
281 97 280
97 207 206
97 206 280
208 207 96
207 97 96
209 208 96
209 96 95
210 209 88
209 95 88
210 211 245
210 245 247
237 370 297
237 297 239
237 239 238
293 247 245
212 288 57
288 289 57
214 213 288
213 289 288
214 215 249
214 249 393
289 257 165
164 223 367
217 227 265
217 265 423
216 217 423
216 423 235
219 218 75
218 74 75
220 218 287
218 357 287
220 221 73
221 72 73
32 373 279
32 279 38
257 351 66
31 396 433
31 433 55
380 37 348
37 30 348
257 289 213
306 33 17
306 17 379
434 77 162
434 162 338
261 294 384
455 456 432
455 432 103
456 457 432
457 431 432
28 363 41
363 226 41
457 458 431
458 444 431
459 460 296
223 125 72
223 72 71
460 461 222
461 1 222
223 224 367
224 225 367
225 366 367
225 226 363
225 363 366
228 375 254
375 411 254
227 228 254
227 254 265
403 234 217
403 217 216
230 231 232
230 232 359
232 233 359
233 362 359
234 233 410
233 318 410
328 189 212
327 290 333
305 276 237
305 237 241
297 299 240
297 240 239
370 237 276
299 298 242
299 242 240
304 305 241
304 241 243
298 295 242
295 244 242
303 304 247
304 243 247
295 293 245
295 245 244
386 303 247
386 247 293
252 219 354
252 354 390
248 408 215
249 215 409
250 249 255
249 409 255
251 250 255
251 255 356
251 252 389
252 390 389
253 319 401
256 291 393
291 351 393
462 463 108
462 108 109
375 228 253
375 253 401
254 255 265
255 409 265
249 250 393
250 256 393
257 258 205
258 259 292
259 385 292
259 260 353
259 353 385
260 261 353
261 384 353
261 262 294
262 263 283
262 283 294
263 264 283
264 279 283
228 227 410
228 410 253
235 423 215
235 215 408
266 267 326
267 334 326
59 60 333
60 267 333
269 325 335
325 270 335
397 63 271
271 63 62
273 272 400
201 397 271
397 201 449
200 397 449
274 281 371
281 280 371
273 274 275
274 371 275
300 246 88
246 87 88
272 273 275
272 275 398
400 388 383
283 279 282
279 373 282
278 284 396
284 342 396
396 31 278
31 29 278
280 282 371
282 373 371
237 238 207
238 206 207
284 369 395
284 395 342
286 285 221
285 368 221
287 411 286
411 375 286
289 405 58
289 58 57
393 351 214
351 213 214
427 58 405
59 58 427
259 258 65
259 65 64
244 245 292
244 292 385
239 240 294
240 384 294
242 244 385
242 385 353
238 239 294
238 294 283
247 243 209
247 209 210
301 302 388
302 383 388
245 205 292
243 241 209
241 208 209
463 464 107
463 107 108
464 465 106
464 106 107
21 310 308
311 310 21
21 306 311
311 306 341
306 379 341
308 310 309
316 313 312
316 312 317
312 315 314
312 314 317
316 321 318
317 321 316
320 319 318
320 318 321
162 163 337
163 336 337
323 324 142
323 142 140
358 322 277
322 323 277
500 332 331
418 332 422
61 334 267
61 267 60
378 146 144
378 144 308
350 346 336
350 336 340
336 346 349
336 349 337
349 347 337
347 338 337
338 347 345
338 345 339
345 344 341
345 341 339
343 350 340
340 308 309
340 309 343
344 343 309
344 309 341
311 309 310
341 309 311
434 338 348
434 348 433
399 343 344
350 343 399
344 345 399
345 381 399
381 346 399
349 346 381
348 338 380
338 339 380
347 381 345
349 381 347
350 399 346
66 351 65
351 291 65
301 388 387
301 387 300
394 352 67
394 67 64
218 219 252
218 252 357
421 358 74
421 74 73
287 357 356
287 356 411
323 322 402
323 402 412
300 387 166
300 166 246
193 194 360
193 360 361
420 360 195
360 194 195
231 313 316
231 316 232
339 341 380
341 379 380
366 363 135
363 136 135
69 314 315
69 315 68
364 368 285
364 285 320
71 368 364
71 364 70
70 364 365
365 314 69
365 69 70
367 366 135
367 135 134
241 237 208
237 207 208
398 275 373
275 371 373
369 284 84
284 85 84
83 372 84
372 369 84
352 372 83
352 83 67
292 205 258
137 138 126
138 131 126
382 137 46
382 46 27
221 220 286
220 287 286
133 139 402
402 139 138
402 138 412
240 242 384
242 353 384
427 405 204
203 388 447
447 388 400
202 447 400
404 117 159
328 290 78
290 327 78
340 336 163
340 163 277
394 389 390
394 390 352
354 372 352
354 352 390
323 412 382
323 382 324
236 408 248
236 248 180
405 289 165
405 165 166
400 383 273
383 274 273
281 274 302
274 383 302
398 373 8
373 32 8
238 283 282
206 238 280
282 280 238
284 278 86
284 86 85
337 338 162
401 319 285
319 320 285
364 320 321
364 321 365
321 314 365
317 314 321
410 318 319
410 319 253
251 356 357
251 357 252
404 235 117
235 178 117
215 214 248
214 288 248
256 389 394
256 394 291
250 251 389
250 389 256
202 450 413
450 202 448
271 450 448
201 271 448
254 411 255
411 356 255
409 215 423
409 423 265
204 452 427
452 204 203
268 452 203
403 362 233
403 233 234
316 318 232
318 233 232
285 286 375
285 375 401
326 334 325
334 270 325
267 266 327
267 327 333
195 403 191
403 216 191
192 193 361
192 361 229
429 331 419
331 332 419
331 158 159
227 217 234
227 234 410
450 271 62
450 62 413
413 62 61
354 395 372
395 369 372
340 378 308
158 331 429
499 187 160
149 324 382
7 149 382
7 382 27
96 97 302
97 281 302
95 96 302
95 302 301
511 509 510
509 508 510
307 42 306
42 33 306
192 22 230
22 19 230
315 312 9
312 12 9
88 95 301
88 301 300
88 87 210
87 211 210
86 52 264
52 24 264
85 86 263
86 264 263
84 85 262
85 263 262
83 84 261
84 262 261
67 83 261
67 261 260
66 65 258
66 258 257
64 67 260
64 260 259
64 65 394
65 291 394
62 63 335
62 335 270
61 62 270
61 270 334
413 61 451
451 61 268
60 268 61
452 268 60
452 60 59
427 452 59
58 59 333
58 333 290
296 460 222
444 459 296
461 462 109
461 109 1
420 1 466
1 109 466
158 444 424
517 515 514
517 514 516
473 474 456
473 456 455
474 475 457
474 457 456
475 476 457
476 458 457
476 477 458
477 459 458
477 478 459
478 460 459
478 479 461
478 461 460
479 480 461
480 462 461
480 481 463
480 463 462
481 482 463
482 464 463
482 483 464
483 465 464
483 471 465
471 453 465
466 467 420
467 360 420
467 468 360
468 361 360
468 469 361
469 229 361
469 470 229
470 20 229
516 519 518
516 518 517
518 89 474
518 474 473
89 90 475
89 475 474
90 443 475
443 476 475
443 91 476
91 477 476
91 92 478
91 478 477
92 104 478
104 479 478
104 93 480
104 480 479
93 94 481
93 481 480
94 482 481
94 49 483
94 483 482
49 471 483
49 484 485
519 445 446
519 446 518
89 518 487
89 487 488
90 89 488
90 488 489
443 90 489
443 489 490
91 443 490
91 490 491
92 91 491
92 491 492
104 92 492
104 492 493
93 104 493
93 493 494
94 93 494
94 494 495
94 495 496
496 484 94
484 49 94
498 160 422
498 422 500
422 332 500
159 117 499
117 187 499
500 499 498
499 160 498
445 519 47
445 47 486
518 446 487
517 518 473
519 516 472
519 472 47
515 517 473
515 473 455
516 514 472
514 454 472
513 515 103
515 455 103
514 512 454
512 56 454
511 513 419
513 103 419
512 510 56
510 3 56
510 508 3
508 45 3
509 511 332
511 419 332
508 506 10
508 10 45
507 509 332
507 332 418
123 440 167
112 116 113
168 521 123
123 167 168
522 521 168
168 175 522
129 130 525
125 164 129
125 129 534
421 133 322
133 402 322
269 34 527
297 370 528
276 305 528
299 297 528
370 276 528
298 299 528
305 304 528
295 298 528
304 303 528
293 295 528
303 386 528
386 293 528
421 534 133
125 534 421
544 2 51
544 816 2
926 927 486
927 961 486
967 968 966
969 966 968
987 986 985
985 986 984
989 986 987
989 988 986
538 771 539
538 693 771
944 54 453
944 587 54
905 777 925
878 544 40
40 544 51
40 39 878
878 39 681
829 55 30
829 914 55
759 567 29
29 567 52
788 536 787
549 707 48
48 707 41
550 706 549
549 706 707
551 706 550
551 705 706
552 704 551
551 704 705
552 702 553
552 849 702
554 902 553
553 902 606
554 701 555
555 701 699
556 758 555
555 758 839
556 700 557
557 700 835
557 876 558
557 835 876
844 617 28
28 617 44
747 808 559
997 25 608
25 997 524
745 760 24
24 760 38
607 618 23
23 618 46
710 22 20
710 673 22
937 925 938
584 910 913
584 900 910
913 910 912
912 910 639
912 639 925
777 671 703
777 905 671
703 671 535
535 671 901
590 946 589
590 945 946
589 946 588
588 946 947
588 947 587
587 947 948
587 948 54
54 948 470
860 861 17
17 861 37
788 42 625
42 15 626
625 42 626
628 15 14
628 626 15
983 980 981
983 982 980
796 549 9
9 549 48
879 39 8
879 681 39
630 629 7
624 628 5
5 628 14
794 12 4
794 793 12
816 34 2
816 750 34
922 603 638
586 602 537
586 637 602
603 592 591
591 597 594
596 592 603
918 919 596
654 599 917
717 638 599
661 717 599
919 595 596
919 920 595
920 593 595
920 921 593
597 595 593
597 591 596
597 596 595
598 667 659
598 668 667
603 918 596
603 602 918
599 603 591
599 638 603
917 599 591
633 654 917
916 633 917
634 667 668
995 605 650
605 995 604
712 19 711
712 18 19
6 7 629
5 6 624
624 6 629
645 704 606
35 607 23
607 35 855
25 617 608
25 44 617
609 997 608
609 999 997
611 999 609
611 998 999
611 615 610
607 855 612
612 855 858
612 857 613
612 858 857
613 857 614
615 848 610
610 848 645
615 611 616
616 611 609
537 602 923
616 608 617
616 609 608
923 922 665
923 602 603
619 893 618
618 893 863
619 612 620
620 612 613
620 613 614
712 4 18
712 794 4
994 594 593
994 916 594
593 921 994
621 859 623
621 821 859
623 627 622
623 859 627
624 629 622
622 629 630
758 821 621
804 758 621
625 789 788
648 994 921
994 648 916
628 627 626
626 627 625
627 624 622
627 628 624
622 630 623
623 630 805
789 536 788
920 604 921
920 605 604
919 600 920
920 600 605
602 601 918
600 919 601
601 919 918
661 599 654
917 594 916
662 631 655
655 631 632
632 633 916
916 655 632
648 655 916
922 638 665
665 638 717
635 659 667
667 634 635
652 635 636
635 652 659
586 537 636
636 537 652
602 637 601
640 905 639
640 885 905
973 640 974
974 640 812
664 668 641
664 634 668
558 876 915
915 876 823
915 877 914
915 823 877
644 557 643
643 557 558
557 644 556
556 644 758
922 923 603
923 665 653
637 600 601
637 651 600
600 650 605
600 651 650
839 803 902
738 832 694
647 727 646
646 727 738
637 636 658
658 651 637
586 636 637
652 923 653
652 537 923
632 661 633
633 661 654
655 648 656
656 648 649
996 995 657
657 995 650
657 650 658
658 650 651
636 635 634
634 658 636
653 660 652
652 660 659
632 631 661
655 663 662
663 655 656
656 666 663
666 656 996
657 666 996
664 666 657
658 664 657
658 634 664
659 660 716
660 971 716
971 665 716
661 670 693
665 889 716
665 717 889
660 653 971
971 653 665
631 670 661
631 662 670
591 594 917
671 905 672
672 905 885
672 885 697
697 885 716
693 809 771
769 729 693
693 729 661
676 884 675
675 884 843
674 711 673
674 840 711
675 843 674
674 843 840
672 676 671
671 676 901
670 662 663
685 647 886
685 868 647
596 591 592
879 930 681
879 753 930
682 930 753
753 929 682
881 929 753
881 683 929
684 932 928
749 932 684
932 894 928
683 928 894
684 869 685
685 869 868
686 692 726
738 727 686
727 568 686
692 686 568
762 761 578
578 687 688
578 761 687
689 577 688
688 577 578
690 577 689
690 576 577
691 569 690
690 569 576
691 726 692
691 728 726
718 778 851
718 720 778
718 719 720
774 726 728
693 538 769
769 538 770
695 769 694
694 769 770
695 730 696
695 874 730
770 646 738
645 848 704
698 746 708
698 904 746
697 904 698
697 716 904
700 556 699
699 556 555
701 768 699
699 768 838
701 554 702
702 554 553
32 760 854
32 38 760
738 547 832
31 914 877
31 55 914
861 829 37
37 829 30
738 694 770
787 17 33
787 860 17
915 643 558
915 819 643
742 865 775
934 913 935
934 584 913
935 913 936
936 913 912
28 41 844
844 41 707
936 912 937
937 912 925
938 777 939
704 553 606
704 552 553
939 703 940
940 703 535
704 848 705
705 848 706
706 848 847
706 844 707
706 847 844
709 735 856
856 735 892
708 735 709
708 746 735
884 698 715
884 697 698
711 713 712
711 840 713
713 840 714
714 840 843
715 891 714
714 891 799
809 693 670
808 814 771
786 718 757
786 722 718
778 721 780
778 720 721
851 757 718
780 723 779
780 721 723
785 722 786
785 724 722
779 723 776
776 723 725
784 728 785
785 728 724
776 726 774
776 725 726
867 728 784
867 774 728
733 835 700
733 871 835
729 696 889
730 890 696
731 736 730
730 736 890
732 736 731
732 837 736
732 870 733
733 870 871
734 882 800
737 874 772
772 874 832
941 589 942
941 590 589
856 734 709
856 882 734
735 746 736
736 746 890
730 874 731
731 874 737
739 686 773
739 773 740
740 773 866
740 834 741
740 866 834
741 834 742
742 834 865
742 775 743
743 764 744
743 775 764
744 764 745
745 764 760
709 891 708
709 734 891
716 696 904
716 889 696
747 807 748
748 807 815
540 814 541
541 814 748
750 816 806
806 816 751
878 752 544
752 543 544
754 881 753
682 752 878
878 930 682
681 930 878
755 852 762
762 852 761
754 756 755
755 756 852
781 569 727
727 569 568
753 756 754
753 879 756
881 864 869
764 763 760
760 763 854
759 877 765
765 877 823
877 759 31
31 759 29
761 852 763
763 852 854
718 688 719
719 688 687
765 876 850
765 823 876
767 702 766
766 702 849
768 767 892
892 767 856
770 539 886
770 538 539
874 695 832
832 695 694
540 908 539
539 908 886
740 546 739
740 545 546
725 773 726
725 866 773
720 775 721
721 775 865
723 866 725
723 834 866
719 775 720
719 764 775
728 690 724
728 691 690
782 869 783
783 869 864
726 773 686
724 690 722
722 690 689
942 588 943
942 589 588
943 587 944
943 588 587
536 789 791
792 536 791
536 792 787
792 822 787
787 822 860
789 790 791
797 793 794
797 798 793
793 795 796
793 798 795
798 797 802
802 797 799
801 799 800
801 802 799
643 818 644
644 818 817
804 623 805
804 621 623
839 758 803
803 758 804
974 812 813
899 903 813
542 748 815
542 541 748
859 625 627
859 789 625
831 817 827
831 821 817
817 830 827
817 818 830
830 818 828
828 818 819
819 826 828
819 820 826
826 822 825
826 820 822
824 821 831
821 790 789
821 824 790
825 790 824
825 822 790
792 791 790
822 792 790
915 829 819
915 914 829
880 825 824
831 880 824
825 880 826
826 880 862
862 880 827
830 862 827
829 861 819
819 861 820
828 826 862
830 828 862
831 827 880
547 546 832
832 546 772
782 868 869
782 781 868
875 548 833
875 545 548
699 733 700
699 838 733
902 555 839
902 554 555
768 837 838
768 892 837
804 883 803
804 893 883
781 647 868
781 727 647
674 841 675
674 842 841
901 676 841
841 676 675
712 797 794
712 713 797
820 861 822
822 861 860
847 616 844
844 616 617
550 796 795
550 549 796
845 766 849
845 801 766
552 845 849
552 551 845
551 846 845
846 550 795
846 551 550
848 616 847
848 615 616
722 689 718
718 689 688
879 854 756
756 854 852
850 565 765
765 565 566
564 565 853
853 565 850
833 564 853
833 548 564
686 739 738
618 607 619
619 607 612
863 46 618
863 27 46
702 767 701
701 767 768
614 883 620
883 619 620
883 893 619
721 865 723
723 865 834
908 685 886
684 928 869
928 881 869
683 881 928
885 640 598
809 559 771
771 559 808
821 644 817
821 758 644
875 871 870
875 833 871
835 833 853
835 871 833
804 863 893
804 805 863
717 729 889
717 661 729
886 646 770
886 647 646
881 754 864
864 754 755
762 783 755
755 783 864
879 8 854
854 8 32
719 763 764
687 761 719
763 719 761
765 567 759
765 566 567
818 643 819
882 766 800
800 766 801
845 802 801
845 846 802
798 802 795
795 802 846
891 800 799
891 734 800
732 838 837
732 733 838
885 598 716
716 598 659
696 729 695
695 729 769
737 875 870
737 772 875
731 870 732
731 737 870
683 894 931
931 929 683
752 929 931
682 929 752
735 736 892
892 736 837
890 904 696
890 746 904
685 908 933
933 684 685
749 684 933
884 714 843
884 715 714
797 713 799
799 713 714
766 856 767
766 882 856
807 806 815
815 806 751
748 808 747
748 814 808
676 672 884
884 672 697
673 842 674
673 710 842
910 900 812
812 900 813
812 640 639
708 715 698
708 891 715
931 543 752
931 894 543
894 542 543
835 853 876
876 853 850
821 789 859
639 910 812
973 641 668
630 863 805
7 863 630
7 27 863
577 783 578
578 783 762
576 783 577
576 782 783
985 984 983
983 984 982
788 787 42
42 787 33
673 711 22
22 711 19
796 9 793
793 9 12
569 782 576
569 781 782
569 691 568
568 691 692
567 745 52
52 745 24
566 744 567
567 744 745
565 743 566
566 743 744
564 742 565
565 742 743
548 742 564
548 741 742
547 739 546
547 738 739
545 741 548
545 740 741
545 875 546
546 875 772
543 816 544
543 751 816
542 751 543
542 815 751
894 932 542
932 749 542
541 542 749
933 541 749
933 540 541
908 540 933
539 814 540
539 771 814
777 703 939
925 777 938
940 590 941
940 535 590
901 945 535
535 945 590
639 905 925
991 988 989
991 990 988
949 935 950
949 934 935
950 936 951
950 935 936
951 936 952
952 936 937
952 937 953
953 937 938
953 938 954
954 938 939
954 940 955
954 939 940
955 940 956
956 940 941
956 942 957
956 941 942
957 942 958
958 942 943
958 943 959
959 943 944
959 944 471
471 944 453
945 901 946
946 901 841
946 841 947
947 841 842
947 842 948
948 842 710
948 710 470
470 710 20
990 992 993
990 991 992
992 950 570
992 949 950
570 951 571
570 950 951
571 951 924
924 951 952
924 952 572
572 952 953
572 954 573
572 953 954
573 954 585
585 954 955
585 956 574
585 955 956
574 957 575
574 956 957
575 957 958
575 959 49
575 958 959
49 959 471
49 485 960
993 927 926
993 992 927
570 961 992
570 962 961
571 962 570
571 963 962
924 963 571
924 964 963
572 964 924
572 965 964
573 965 572
573 966 965
585 966 573
585 967 966
574 967 585
574 968 967
575 968 574
575 969 968
575 970 969
970 575 960
960 575 49
972 903 641
972 974 903
903 974 813
640 973 598
598 973 668
974 972 973
973 972 641
926 47 993
926 486 47
992 961 927
991 949 992
993 472 990
993 47 472
989 949 991
989 934 949
990 472 988
988 472 454
987 584 989
989 584 934
988 454 986
986 454 56
985 900 987
987 900 584
986 56 984
984 56 3
984 3 982
982 3 45
983 813 985
985 813 900
982 10 980
982 45 10
981 813 983
981 899 813
604 648 921
593 594 597
649 604 995
604 649 648
996 649 995
649 996 656
610 998 611
606 610 645
606 1005 610
902 803 614
614 803 883
750 527 34
778 1000 851
757 1000 786
780 1000 778
851 1000 757
779 1000 780
786 1000 785
776 1000 779
785 1000 784
774 1000 776
784 1000 867
867 1000 774
902 614 1005
606 902 1005
762
1095 1096 1094
1094 1096 1097
1097 1098 1094
1098 1097 1099
1100 1101 1105
1105 1104 1100
1106 1105 1101
1102 1100 1104
1104 1107 1102
1101 1103 1109
1109 1106 1101
1103 1102 1107
1107 1108 1103
1108 1109 1103
1104 1105 1095
1095 1094 1104
1105 1106 1096
1096 1095 1105
1107 1104 1094
1094 1098 1107
1106 1109 1097
1097 1096 1106
1108 1107 1098
1098 1099 1108
1109 1108 1099
1099 1097 1109
1110 1111 1112
1112 1113 1110
1111 1110 1114
1114 1115 1116
1116 1111 1114
1115 1117 1116
1117 1118 1119
1119 1116 1117
1120 1125 1126
1120 1126 1127
1120 1127 1128
1128 1121 1120
1121 1128 1129
1123 1130 1125
1125 1120 1123
1121 1129 1131
1131 1122 1121
1123 1132 1130
1123 1133 1132
1124 1134 1133
1133 1123 1124
1124 1135 1134
1122 1131 1135
1135 1124 1122
1125 1114 1110
1110 1126 1125
1126 1110 1113
1113 1127 1126
1127 1113 1112
1112 1128 1127
1128 1112 1111
1111 1129 1128
1130 1115 1114
1114 1125 1130
1129 1111 1116
1116 1131 1129
1132 1117 1115
1115 1130 1132
1133 1118 1117
1117 1132 1133
1134 1119 1118
1118 1133 1134
1135 1116 1119
1119 1134 1135
1116 1135 1131
1136 1137 1138
1138 1139 1136
1137 1136 1140
1140 1142 1141
1141 1137 1140
1143 1141 1142
1142 1144 1145
1145 1143 1142
1146 1151 1152
1146 1152 1153
1146 1153 1154
1154 1147 1146
1147 1154 1155
1149 1157 1151
1151 1146 1149
1147 1155 1156
1156 1148 1147
1149 1158 1157
1150 1159 1158
1158 1149 1150
1150 1160 1159
1148 1156 1160
1160 1150 1148
1151 1140 1136
1136 1152 1151
1152 1136 1139
1139 1153 1152
1153 1139 1138
1138 1154 1153
1154 1138 1137
1137 1155 1154
1157 1142 1140
1140 1151 1157
1155 1137 1141
1141 1156 1155
1158 1144 1142
1142 1157 1158
1159 1145 1144
1144 1158 1159
1160 1143 1145
1145 1159 1160
1156 1141 1143
1143 1160 1156
1161 1162 1163
1164 1161 1163
1164 1163 1165
1165 1167 1164
1167 1165 1166
1167 1166 1168
1168 1169 1167
1174 1175 1170
1176 1174 1170
1170 1171 1177
1177 1176 1170
1172 1170 1175
1175 1179 1172
1171 1173 1178
1178 1177 1171
1179 1180 1172
1173 1172 1180
1180 1181 1173
1181 1182 1173
1182 1178 1173
1175 1174 1161
1161 1164 1175
1174 1176 1162
1162 1161 1174
1176 1177 1163
1163 1162 1176
1179 1175 1164
1164 1167 1179
1177 1178 1165
1165 1163 1177
1180 1179 1167
1167 1169 1180
1181 1180 1169
1169 1168 1181
1182 1181 1168
1168 1166 1182
1178 1182 1166
1166 1165 1178
1052 1053 1054
1052 1055 1056
1056 1053 1052
1057 1056 1055
1058 1063 1064
1064 1059 1058
1059 1064 1065
1061 1066 1063
1063 1058 1061
1059 1065 1068
1068 1060 1059
1062 1067 1066
1066 1061 1062
1062 1068 1067
1068 1062 1060
1063 1052 1054
1054 1064 1063
1064 1054 1053
1053 1065 1064
1066 1055 1052
1052 1063 1066
1065 1053 1056
1056 1068 1065
1067 1057 1055
1055 1066 1067
1068 1056 1057
1057 1067 1068
1069 1070 1071
1071 1072 1069
1073 1069 1072
1073 1072 1074
1074 1075 1073
1074 1076 1075
1076 1074 1077
1077 1078 1076
1083 1084 1079
1085 1083 1079
1079 1080 1086
1086 1085 1079
1087 1086 1080
1081 1079 1084
1084 1088 1081
1080 1082 1089
1089 1087 1080
1088 1090 1081
1090 1091 1081
1082 1081 1091
1091 1092 1082
1092 1093 1082
1093 1089 1082
1084 1083 1069
1069 1073 1084
1083 1085 1070
1070 1069 1083
1085 1086 1071
1071 1070 1085
1086 1087 1072
1072 1071 1086
1088 1084 1073
1073 1075 1088
1087 1089 1074
1074 1072 1087
1090 1088 1075
1075 1076 1090
1091 1090 1076
1076 1078 1091
1092 1091 1078
1078 1077 1092
1093 1092 1077
1077 1074 1093
1089 1093 1074
1028 1029 1030
1030 1031 1028
1032 1028 1031
1032 1031 1033
1033 1035 1032
1035 1033 1034
1035 1034 1036
1036 1037 1035
1042 1043 1038
1044 1042 1038
1038 1039 1045
1045 1044 1038
1046 1045 1039
1040 1038 1043
1043 1048 1040
1039 1041 1047
1047 1046 1039
1048 1049 1040
1041 1040 1049
1049 1050 1041
1050 1051 1041
1051 1047 1041
1043 1042 1028
1028 1032 1043
1042 1044 1029
1029 1028 1042
1044 1045 1030
1030 1029 1044
1045 1046 1031
1031 1030 1045
1048 1043 1032
1032 1035 1048
1046 1047 1033
1033 1031 1046
1049 1048 1035
1035 1037 1049
1050 1049 1037
1037 1036 1050
1051 1050 1036
1036 1034 1051
1047 1051 1034
1034 1033 1047
1011 1008 1006
1011 1006 1014
1014 1012 1013
1013 1011 1014
1007 1013 1012
1012 1010 1009
1009 1007 1012
1024 1016 1015
1024 1015 1017
1024 1017 1018
1018 1025 1024
1026 1020 1016
1016 1024 1026
1025 1018 1019
1019 1027 1025
1026 1021 1020
1027 1022 1021
1021 1026 1027
1027 1023 1022
1027 1019 1023
1016 1014 1006
1006 1015 1016
1015 1006 1008
1008 1017 1015
1017 1008 1011
1011 1018 1017
1020 1012 1014
1014 1016 1020
1018 1011 1013
1013 1019 1018
1021 1010 1012
1012 1020 1021
1022 1009 1010
1010 1021 1022
1023 1007 1009
1009 1022 1023
1019 1013 1007
1007 1023 1019
1281 1282 1283
1283 1284 1281
1282 1281 1285
1285 1287 1286
1286 1282 1285
1288 1286 1287
1287 1289 1290
1290 1288 1287
1291 1296 1297
1291 1297 1298
1291 1298 1299
1299 1292 1291
1292 1299 1300
1294 1302 1296
1296 1291 1294
1292 1300 1301
1301 1293 1292
1294 1303 1302
1295 1304 1303
1303 1294 1295
1295 1305 1304
1293 1301 1305
1305 1295 1293
1296 1285 1281
1281 1297 1296
1297 1281 1284
1284 1298 1297
1298 1284 1283
1283 1299 1298
1299 1283 1282
1282 1300 1299
1302 1287 1285
1285 1296 1302
1300 1282 1286
1286 1301 1300
1303 1289 1287
1287 1302 1303
1304 1290 1289
1289 1303 1304
1305 1288 1290
1290 1304 1305
1301 1286 1288
1288 1305 1301
1306 1307 1308
1308 1309 1306
1310 1306 1309
1310 1309 1311
1311 1313 1310
1313 1311 1312
1313 1312 1314
1314 1315 1313
1320 1321 1316
1322 1320 1316
1316 1317 1323
1323 1322 1316
1324 1323 1317
1318 1316 1321
1321 1326 1318
1317 1319 1325
1325 1324 1317
1326 1327 1318
1319 1318 1327
1327 1328 1319
1328 1329 1319
1329 1325 1319
1321 1320 1306
1306 1310 1321
1320 1322 1307
1307 1306 1320
1322 1323 1308
1308 1307 1322
1323 1324 1309
1309 1308 1323
1326 1321 1310
1310 1313 1326
1324 1325 1311
1311 1309 1324
1327 1326 1313
1313 1315 1327
1328 1327 1315
1315 1314 1328
1329 1328 1314
1314 1312 1329
1325 1329 1312
1312 1311 1325
1330 1331 1332
1332 1333 1330
1334 1330 1333
1334 1333 1335
1335 1337 1334
1337 1335 1336
1337 1336 1338
1338 1339 1337
1344 1345 1340
1346 1344 1340
1340 1341 1347
1347 1346 1340
1348 1347 1341
1342 1340 1345
1345 1350 1342
1341 1343 1349
1349 1348 1341
1350 1351 1342
1343 1342 1351
1351 1352 1343
1352 1353 1343
1353 1349 1343
1345 1344 1330
1330 1334 1345
1344 1346 1331
1331 1330 1344
1346 1347 1332
1332 1331 1346
1347 1348 1333
1333 1332 1347
1350 1345 1334
1334 1337 1350
1348 1349 1335
1335 1333 1348
1351 1350 1337
1337 1339 1351
1352 1351 1339
1339 1338 1352
1353 1352 1338
1338 1336 1353
1349 1353 1336
1336 1335 1349
1354 1355 1356
1356 1357 1354
1355 1354 1358
1358 1360 1359
1359 1355 1358
1361 1359 1360
1360 1362 1363
1363 1361 1360
1364 1368 1369
1364 1369 1370
1364 1370 1371
1371 1365 1364
1365 1371 1372
1366 1374 1368
1368 1364 1366
1365 1372 1373
1373 1367 1365
1366 1375 1374
1367 1376 1375
1375 1366 1367
1367 1377 1376
1367 1373 1377
1368 1358 1354
1354 1369 1368
1369 1354 1357
1357 1370 1369
1370 1357 1356
1356 1371 1370
1371 1356 1355
1355 1372 1371
1374 1360 1358
1358 1368 1374
1372 1355 1359
1359 1373 1372
1375 1362 1360
1360 1374 1375
1376 1363 1362
1362 1375 1376
1377 1361 1363
1363 1376 1377
1373 1359 1361
1361 1377 1373
1183 1184 1185
1185 1186 1183
1187 1183 1186
1187 1186 1188
1188 1190 1187
1190 1188 1189
1190 1189 1191
1191 1192 1190
1197 1198 1193
1199 1197 1193
1193 1194 1200
1200 1199 1193
1201 1200 1194
1195 1193 1198
1198 1203 1195
1194 1196 1202
1202 1201 1194
1203 1204 1195
1196 1195 1204
1204 1205 1196
1205 1206 1196
1206 1202 1196
1198 1197 1183
1183 1187 1198
1197 1199 1184
1184 1183 1197
1199 1200 1185
1185 1184 1199
1200 1201 1186
1186 1185 1200
1203 1198 1187
1187 1190 1203
1201 1202 1188
1188 1186 1201
1204 1203 1190
1190 1192 1204
1205 1204 1192
1192 1191 1205
1206 1205 1191
1191 1189 1206
1202 1206 1189
1189 1188 1202
1207 1208 1209
1209 1210 1207
1208 1207 1211
1211 1213 1212
1212 1208 1211
1214 1212 1213
1213 1215 1216
1216 1214 1213
1217 1222 1223
1217 1223 1224
1217 1224 1225
1225 1218 1217
1218 1225 1226
1220 1228 1222
1222 1217 1220
1218 1226 1227
1227 1219 1218
1220 1229 1228
1221 1230 1229
1229 1220 1221
1221 1231 1230
1219 1227 1231
1231 1221 1219
1222 1211 1207
1207 1223 1222
1223 1207 1210
1210 1224 1223
1224 1210 1209
1209 1225 1224
1225 1209 1208
1208 1226 1225
1228 1213 1211
1211 1222 1228
1226 1208 1212
1212 1227 1226
1229 1215 1213
1213 1228 1229
1230 1216 1215
1215 1229 1230
1231 1214 1216
1216 1230 1231
1227 1212 1214
1214 1231 1227
1232 1233 1234
1234 1235 1232
1233 1232 1236
1236 1238 1237
1237 1233 1236
1239 1237 1238
1238 1240 1241
1241 1239 1238
1242 1247 1248
1242 1248 1249
1242 1249 1250
1250 1243 1242
1243 1250 1251
1245 1253 1247
1247 1242 1245
1243 1251 1252
1252 1244 1243
1245 1254 1253
1246 1255 1254
1254 1245 1246
1246 1256 1255
1244 1252 1256
1256 1246 1244
1247 1236 1232
1232 1248 1247
1248 1232 1235
1235 1249 1248
1249 1235 1234
1234 1250 1249
1250 1234 1233
1233 1251 1250
1253 1238 1236
1236 1247 1253
1251 1233 1237
1237 1252 1251
1254 1240 1238
1238 1253 1254
1255 1241 1240
1240 1254 1255
1256 1239 1241
1241 1255 1256
1252 1237 1239
1239 1256 1252
1257 1258 1259
1259 1260 1257
1261 1257 1260
1261 1260 1262
1262 1264 1261
1264 1262 1263
1264 1263 1265
1265 1266 1264
1271 1272 1267
1273 1271 1267
1267 1268 1274
1274 1273 1267
1275 1274 1268
1269 1267 1272
1272 1277 1269
1268 1270 1276
1276 1275 1268
1277 1278 1269
1270 1269 1278
1278 1279 1270
1279 1280 1270
1280 1276 1270
1272 1271 1257
1257 1261 1272
1271 1273 1258
1258 1257 1271
1273 1274 1259
1259 1258 1273
1274 1275 1260
1260 1259 1274
1277 1272 1261
1261 1264 1277
1275 1276 1262
1262 1260 1275
1278 1277 1264
1264 1266 1278
1279 1278 1266
1266 1265 1279
1280 1279 1265
1265 1263 1280
1276 1280 1263
1263 1262 1276
1378 1379 1380
1378 1380 1381
1378 1381 1382
1378 1382 1383
1378 1383 1384
1378 1384 1385
1378 1385 1386
1378 1386 1387
1378 1387 1388
1378 1388 1389
1378 1389 1390
1378 1390 1379
1379 1391 1392
1379 1392 1380
1380 1392 1393
1380 1393 1381
1381 1393 1394
1381 1394 1382
1382 1394 1395
1382 1395 1383
1383 1395 1396
1383 1396 1384
1384 1396 1397
1384 1397 1385
1385 1397 1398
1385 1398 1386
1386 1398 1399
1386 1399 1387
1387 1399 1400
1387 1400 1388
1388 1400 1401
1388 1401 1389
1389 1401 1402
1389 1402 1390
1390 1402 1391
1390 1391 1379
1391 1403 1404
1391 1404 1392
1392 1404 1405
1392 1405 1393
1393 1405 1406
1393 1406 1394
1394 1406 1407
1394 1407 1395
1395 1407 1408
1395 1408 1396
1396 1408 1409
1396 1409 1397
1397 1409 1410
1397 1410 1398
1398 1410 1411
1398 1411 1399
1399 1411 1412
1399 1412 1400
1400 1412 1413
1400 1413 1401
1401 1413 1414
1401 1414 1402
1402 1414 1403
1402 1403 1391
1415 1416 1417
1415 1417 1418
1415 1418 1419
1415 1419 1420
1415 1420 1421
1415 1421 1422
1415 1422 1423
1415 1423 1424
1415 1424 1425
1415 1425 1426
1415 1426 1427
1415 1427 1416
1416 1428 1429
1416 1429 1417
1417 1429 1430
1417 1430 1418
1418 1430 1431
1418 1431 1419
1419 1431 1432
1419 1432 1420
1420 1432 1433
1420 1433 1421
1421 1433 1434
1421 1434 1422
1422 1434 1435
1422 1435 1423
1423 1435 1436
1423 1436 1424
1424 1436 1437
1424 1437 1425
1425 1437 1438
1425 1438 1426
1426 1438 1439
1426 1439 1427
1427 1439 1428
1427 1428 1416
1428 1440 1441
1428 1441 1429
1429 1441 1442
1429 1442 1430
1430 1442 1443
1430 1443 1431
1431 1443 1444
1431 1444 1432
1432 1444 1445
1432 1445 1433
1433 1445 1446
1433 1446 1434
1434 1446 1447
1434 1447 1435
1435 1447 1448
1435 1448 1436
1436 1448 1449
1436 1449 1437
1437 1449 1450
1437 1450 1438
1438 1450 1451
1438 1451 1439
1439 1451 1440
1439 1440 1428
186
100 53 43
269 527 50
81 50 82
328 78 188
78 391 188
79 78 266
80 79 326
79 266 326
80 81 355
80 355 414
81 82 199
81 199 355
99 16 100
16 53 100
98 13 16
98 16 99
507 505 504
507 504 506
430 425 391
99 100 101
100 102 101
199 36 98
36 13 98
160 183 161
160 161 330
185 182 196
185 196 329
185 329 161
185 161 183
189 188 196
188 392 196
189 196 182
98 99 197
99 101 197
198 415 430
198 430 414
101 102 198
102 415 198
82 50 36
82 36 199
328 188 189
426 329 392
329 196 392
326 325 81
326 81 80
50 81 269
81 325 269
79 80 430
80 414 430
161 329 407
329 426 407
161 407 330
407 422 330
406 407 426
406 426 417
430 415 425
415 416 425
416 428 425
416 417 426
416 426 428
505 503 502
505 502 504
392 425 428
392 428 426
406 418 422
406 422 407
425 392 188
425 188 391
430 391 79
391 78 79
503 501 502
501 43 502
197 101 198
199 98 197
199 197 355
197 198 355
198 414 355
100 43 501
100 501 102
160 330 422
102 501 416
102 416 415
506 504 0
506 0 10
505 507 418
505 418 406
504 502 11
504 11 0
503 505 406
503 406 417
502 43 11
501 503 416
503 417 416
581 43 53
750 50 527
562 563 50
809 669 559
559 669 872
560 747 559
561 807 560
560 807 747
561 836 562
561 895 836
562 680 563
562 836 680
580 581 16
16 581 53
579 16 13
579 580 16
981 978 979
981 980 978
911 872 906
580 582 581
581 582 583
680 579 36
36 579 13
641 642 664
641 811 642
666 677 663
666 810 677
666 642 810
666 664 642
670 677 669
669 677 873
670 663 677
579 678 580
580 678 582
679 911 896
679 895 911
582 679 583
583 679 896
563 36 50
563 680 36
809 670 669
907 873 810
810 873 677
807 562 806
807 561 562
50 750 562
562 750 806
560 911 561
561 911 895
642 888 810
810 888 907
642 811 888
888 811 903
887 907 888
887 898 907
911 906 896
896 906 897
897 906 909
897 907 898
897 909 907
979 976 977
979 978 976
873 909 906
873 907 909
887 903 899
887 888 903
906 669 873
906 872 669
911 560 872
872 560 559
977 976 975
975 976 43
678 679 582
680 678 579
680 836 678
678 836 679
679 836 895
581 975 43
581 583 975
641 903 811
583 897 975
583 896 897
980 0 978
980 10 0
979 899 981
979 887 899
978 11 976
978 0 11
977 887 979
977 898 887
976 11 43
975 897 977
977 897 898
36
529 531 523
523 524 529
531 529 35
35 374 531
531 533 526
526 523 531
533 532 525
525 526 533
533 531 374
374 377 533
532 533 377
377 376 532
530 532 376
376 133 530
530 133 534
534 129 530
532 530 129
129 525 532
529 997 1002
997 529 524
1002 35 529
35 1002 855
1002 999 1004
999 1002 997
1004 998 1003
998 1004 999
1004 855 1002
855 1004 858
1003 858 1004
858 1003 857
1001 857 1003
857 1001 614
1001 1005 614
1005 1001 610
1003 610 1001
610 1003 998
