3.0072975
1.0
-11.6647 10.7203 31.5019
-0.729045991406439 0.670017179989159 0.9377355422484628
-0.6232360479056378 0.09444119273570384 -0.3836658989859935 -0.5579319140345902
0.00985762603835613 0.00992922651096017 0.00935389874021005

3.291285
1.0
-8.92691 -6.13865 24.7555
0.4516779264237794 0.9622193835538779 -0.7802764983115872
-0.7750709678876394 -0.9904330311613687 -0.4059411008840983 0.596211713499099
0.02795267141963056 0.07568612907976878 0.0007325355410339407

1.72284
1.0
-9.97178 15.7722 31.9434
0.5958572303204521 -0.2774119973016382 -0.5761513352165328
-0.0504826387655305 0.4812944893528428 -0.2025229601754177 0.362719077120532
-0.01558246377891736 -0.06522696559990393 -0.03961737462453607

4.614435
1.0
14.9662 7.22685 31.6978
0.5945598304765514 -0.3668991103620115 0.7448576401346005
-0.7496344709327312 0.6438065296148219 0.9881369886440838 -0.7017720471852592
0.05275000251443589 -0.001882192075707856 0.03272110410195059

1.869
1.0
-12.4844 9.53939 20.7525
-0.7482067330559975 -0.5795818509619877 -0.8975671484295666
-0.02486214626320349 -0.0840216891422102 -0.1825376780764792 -0.9271174968242646
0.00587949943098385 0.00841749582304323 0.00615062050872802

2.62575
1.0
-15.8469 -12.4011 26.2362
0.4115485033374398 -0.994363134876032 0.4214077501814337
0.1475093331931829 0.5478342578273099 -0.08793435100512692 0.2879219130438808
0.00753514830181554 0.00616350980282420 -0.00964452208846895

3.731865
1.0
12.1098 0.117206 28.7669
0.6424919831339582 0.6416815683502215 0.8801480575958067
-0.6838848308905887 0.1619133553278127 -0.1536697671325397 -0.1746669701770522
0.0523462427378923 -0.05396878709321404 0.06194690974697044

3.291285
1.0
-4.43859 -9.21842 26.9018
0.9770432016070547 -0.3351034353234422 -0.4003365883537173
0.6969355839288771 0.8147294355323462 -0.565524321082391 -0.9729217466695583
0.00910035146982913 0.00557795420110246 0.0097491925371498

4.9435875
1.0
-3.24037 7.70071 23.5961
-0.864809237722466 0.5871951630482584 0.1890071223421321
-0.2153590616038068 0.3596395814259719 0.3904657675499068 0.4655974505235085
0.01231148847163324 -0.05838638858960728 0.005474291721723113

3.65091
1.0
-2.49319 -10.4363 20.8306
-0.191582963766598 -0.2944751837970921 0.1856477570397768
-0.2101835787441472 -0.6911231651297276 0.9299327442115222 -0.2873096788399074
-0.02254081897114447 0.04539094432312538 -0.02228603850411611

3.731865
1.0
9.51296 -5.87039 29.9589
0.8549856833006173 -0.1277648700427801 0.7253563740808586
-0.3195606017192028 -0.05608639651817182 -0.7609056377943378 0.2407200264411666
0.000596839769995207 0.00432201419346600 0.00976758795207437

1.72284
1.0
-11.2284 15.8102 29.1505
0.4409869226862404 0.825154983943245 0.01099701050155666
0.09318392376338247 -0.07505158715610538 0.006380042132166253 0.1165375127053527
-0.01048311959038793 0.07089019734776465 0.02084629686748043

1.869
1.0
-11.9942 8.44 23.8494
-0.002911627242969006 0.9598512095221774 -0.931365373542237
-0.3075332138294187 0.3590393876045452 -0.2736270782457184 0.9540040692197673
0.00711750272847610 -0.0090988091181038 0.00320238988753440

4.5084225
1.0
5.23538 -11.9713 19.3633
0.4998819462169957 -0.7340079374096135 0.9647211274978924
-0.8448859411900433 0.6042229384817501 -0.4346534185365126 -0.8092896513343775
0.00254768675928797 -0.00983812176366401 0.00360574118860510

2.62575
1.0
-14.3611 -14.8339 22.5397
0.06786621587957775 -0.1226663363063452 -0.6008975671832671
-0.9190577770397458 0.5248425696398908 -0.2353341260916516 -0.7239973477491879
-0.04940880517832381 0.0009541989389764138 0.06452099034748751

5.3548275
1.0
-1.34435 -0.397794 28.7036
0.96344624479174 0.6469108290270225 -0.3963453835329431
0.7754522656731864 0.08811220363213335 -0.5043047948317304 -0.9041114291433304
-0.00312320928135861 -0.00933462863616064 -0.00674255752884222
