236
 1.383969784 1.491822362 -2.727705002
 1.383970499 1.588046193 -2.840037107
 1.383970499 1.491833091 -2.839877844
 1.383969784 1.588129759 -2.727797270
 1.471158504 1.491822362 -2.727705002
 1.471159220 1.588046193 -2.840037107
 1.471158504 1.588129759 -2.727797270
 1.471159220 1.491833091 -2.839877844
 1.471158862 2.106042147 -2.128395081
 1.471158504 1.491955638 -2.659923077
 1.471158862 2.106042147 -2.277898550
 1.383970141 2.106042147 -2.277898550
 1.383969784 1.491955638 -2.659923077
 1.383970141 2.106042147 -2.128395081
 1.383969903 2.200853109 -2.128283739
 1.383970141 2.106042147 -0.000000477
 1.383970022 2.153398514 0.000000238
 1.383969903 2.200853109 0.000000238
 1.471158504 2.200853109 -2.128283739
 1.427517891 2.200853109 0.000000238
 1.471158504 2.200853109 0.000000238
 1.471158504 2.153499126 0.000000238
 1.471158862 2.106042147 0.000000238
 1.427610755 2.106042147 0.000000238
 1.383969903 2.200853109 -2.277804613
 1.471158504 2.200853109 -2.277804613
 1.383969545 2.200891495 -2.840244293
 1.383969545 2.104697704 -2.840084553
 1.471158147 2.200891495 -2.840244293
 1.471158147 2.104697704 -2.840084553
 -1.466972709 1.491822362 -2.727705002
 -1.466971993 1.588046193 -2.840037107
 -1.466971993 1.491833091 -2.839877844
 -1.466972709 1.588129759 -2.727797270
 -1.379783988 1.491822362 -2.727705002
 -1.379783273 1.588046193 -2.840037107
 -1.379783988 1.588129759 -2.727797270
 -1.379783273 1.491833091 -2.839877844
 -1.379783630 2.106042147 -2.128395081
 -1.379783988 1.491955638 -2.659923077
 -1.379783630 2.106042147 -2.277898550
 -1.466972351 2.106042147 -2.277898550
 -1.466972709 1.491955638 -2.659923077
 -1.466972351 2.106042147 -2.128395081
 -1.466972589 2.200853109 -2.128283739
 -1.466972351 2.106042147 -0.000000477
 -1.466972351 2.153398514 0.000000238
 -1.466972589 2.200853109 0.000000238
 -1.379783869 2.200853109 -2.128283739
 -1.423424482 2.200853109 0.000000238
 -1.379783869 2.200853109 0.000000238
 -1.379783750 2.153499126 0.000000238
 -1.379783630 2.106042147 0.000000238
 -1.423331618 2.106042147 0.000000238
 -1.466972589 2.200853109 -2.277804613
 -1.379783869 2.200853109 -2.277804613
 -1.466972947 2.200891495 -2.840244293
 -1.466972947 2.104697704 -2.840084553
 -1.379784226 2.200891495 -2.840244293
 -1.379784226 2.104697704 -2.840084553
 1.381745458 2.278887749 -2.613305092
 1.122637510 2.361986160 -2.613305330
 1.122637510 2.278887749 -2.613305330
 1.381745458 2.361986160 -2.613305092
 1.381640315 2.311054468 -2.881639242
 1.122637510 2.278887749 -2.881769180
 1.122637510 2.361986160 -2.881769180
 1.381745458 0.041918289 -2.695169210
 1.196231961 0.176860005 -2.695169210
 1.196231961 0.041918281 -2.695169210
 1.381745458 0.176859990 -2.695169210
 1.381640315 0.000000566 -2.881639242
 1.196231961 0.041918293 -2.881769419
 1.196231961 0.176859990 -2.881769419
 1.381640196 2.238101721 -2.677766800
 1.180917263 2.238101721 -2.677766800
 1.180917263 2.238101721 -2.881639242
 1.180917263 0.202549636 -2.677766800
 1.381640196 0.202549636 -2.677766800
 1.180917263 0.202549681 -2.881639481
 1.180917263 2.367560625 -2.677766800
 1.381640196 2.367560625 -2.677766800
 1.180917263 2.367560625 -2.881639242
 1.381640196 0.041663166 -2.613053560
 1.123136997 0.041663166 -2.613053799
 1.123136997 0.041663177 -2.881639481
 1.381640315 2.503500462 -2.881639242
 1.180917263 2.503500462 -2.677766800
 1.381640196 2.503500462 -2.677766800
 1.180917263 2.503500462 -2.881639242
 1.381640196 0.000000556 -2.613053560
 1.123136997 0.000000556 -2.613053560
 1.123136997 0.000000565 -2.881639242
 -1.381745458 2.278887749 -2.613305092
 -1.122637510 2.278887749 -2.613305330
 -1.122637510 2.361986160 -2.613305330
 -1.381745458 2.361986160 -2.613305092
 -1.381640315 2.311054468 -2.881639242
 -1.122637510 2.361986160 -2.881769180
 -1.122637510 2.278887749 -2.881769180
 -1.381745458 0.041918289 -2.695169210
 -1.196231961 0.041918281 -2.695169210
 -1.196231961 0.176860005 -2.695169210
 -1.381745458 0.176859990 -2.695169210
 -1.381640315 -0.000000530 -2.881639242
 -1.196231961 0.176859990 -2.881769419
 -1.196231961 0.041918293 -2.881769419
 -1.381640196 2.238101721 -2.677766800
 -1.180917263 2.238101721 -2.677766800
 -1.180917263 2.238101721 -2.881639242
 -1.180917263 0.202549636 -2.677766800
 -1.381640196 0.202549636 -2.677766800
 -1.180917263 0.202549681 -2.881639481
 -1.180917263 2.367560625 -2.677766800
 -1.381640196 2.367560625 -2.677766800
 -1.180917263 2.367560625 -2.881639242
 -1.381640196 0.041663166 -2.613053560
 -1.123136997 0.041663166 -2.613053799
 -1.123136997 0.041663177 -2.881639481
 -1.381640315 2.503500462 -2.881639242
 -1.381640196 2.503500462 -2.677766800
 -1.180917263 2.503500462 -2.677766800
 -1.180917263 2.503500462 -2.881639242
 -1.381640196 -0.000000540 -2.613053560
 -1.123136997 -0.000000540 -2.613053560
 -1.123136997 -0.000000531 -2.881639242
 1.471158862 1.491822362 2.723396540
 1.471158147 1.588046193 2.835728407
 1.471158147 1.491833091 2.835568905
 1.471158862 1.588129759 2.723488569
 1.383970141 1.491822362 2.723396540
 1.383969545 1.588046193 2.835728407
 1.383970141 1.588129759 2.723488569
 1.383969545 1.491833091 2.835568905
 1.383969903 2.200853109 2.273288965
 1.383970141 2.106042147 2.123879433
 1.383970141 2.106042147 2.273382664
 1.383969903 2.200853109 2.123767853
 1.471158504 2.200853109 2.273288965
 1.471158504 2.200853109 2.123767853
 1.471158862 2.106042147 2.273382664
 1.471158862 2.106042147 2.123879433
 1.383970141 1.491955638 2.655614376
 1.471158862 1.491955638 2.655614376
 1.383969545 2.200891495 2.835728407
 1.383969545 2.104697704 2.835568905
 1.471158147 2.200891495 2.835728407
 1.471158147 2.104697704 2.835568905
 -1.379783511 1.491822362 2.723396540
 -1.379784226 1.588046193 2.835728407
 -1.379784226 1.491833091 2.835568905
 -1.379783511 1.588129759 2.723488569
 -1.466972232 1.491822362 2.723396540
 -1.466972947 1.588046193 2.835728407
 -1.466972232 1.588129759 2.723488569
 -1.466972947 1.491833091 2.835568905
 -1.466972589 2.200853109 2.273288965
 -1.466972351 2.106042147 2.123879433
 -1.466972351 2.106042147 2.273382664
 -1.466972589 2.200853109 2.123767853
 -1.379783869 2.200853109 2.273288965
 -1.379783869 2.200853109 2.123767853
 -1.379783630 2.106042147 2.273382664
 -1.379783630 2.106042147 2.123879433
 -1.466972232 1.491955638 2.655614376
 -1.379783511 1.491955638 2.655614376
 -1.466972947 2.200891495 2.835728407
 -1.466972947 2.104697704 2.835568905
 -1.379784226 2.200891495 2.835728407
 -1.379784226 2.104697704 2.835568905
 -1.381745458 2.278887749 2.613305092
 -1.122637510 2.361986160 2.613305330
 -1.122637510 2.278887749 2.613305330
 -1.381745458 2.361986160 2.613305092
 -1.381640315 2.311054468 2.881639242
 -1.122637510 2.278887749 2.881769180
 -1.122637510 2.361986160 2.881769180
 -1.381745458 0.041918058 2.695169210
 -1.196231961 0.176860005 2.695169210
 -1.196231961 0.041918058 2.695169210
 -1.381745458 0.176859990 2.695169210
 -1.381640315 -0.000000737 2.881639242
 -1.196231961 0.041918050 2.881769419
 -1.196231961 0.176859990 2.881769419
 -1.381640196 2.238101721 2.677766800
 -1.180917263 2.238101721 2.677766800
 -1.180917263 2.238101721 2.881639242
 -1.180917263 0.202549636 2.677766800
 -1.381640196 0.202549636 2.677766800
 -1.180917263 0.202549681 2.881639481
 -1.180917263 2.367560625 2.677766800
 -1.381640196 2.367560625 2.677766800
 -1.180917263 2.367560625 2.881639242
 -1.381640196 0.041662943 2.613053560
 -1.123136997 0.041662943 2.613053799
 -1.123136997 0.041662935 2.881639481
 -1.381640315 2.503500462 2.881639242
 -1.180917263 2.503500462 2.677766800
 -1.381640196 2.503500462 2.677766800
 -1.180917263 2.503500462 2.881639242
 -1.381640196 -0.000000728 2.613053560
 -1.123136997 -0.000000728 2.613053560
 -1.123136997 -0.000000738 2.881639242
 1.381745458 2.278887749 2.613305092
 1.122637510 2.278887749 2.613305330
 1.122637510 2.361986160 2.613305330
 1.381745458 2.361986160 2.613305092
 1.381640315 2.311054468 2.881639242
 1.122637510 2.361986160 2.881769180
 1.122637510 2.278887749 2.881769180
 1.381745458 0.041918058 2.695169210
 1.196231961 0.041918058 2.695169210
 1.196231961 0.176860005 2.695169210
 1.381745458 0.176859990 2.695169210
 1.381640315 0.000000359 2.881639242
 1.196231961 0.176859990 2.881769419
 1.196231961 0.041918050 2.881769419
 1.381640196 2.238101721 2.677766800
 1.180917263 2.238101721 2.677766800
 1.180917263 2.238101721 2.881639242
 1.180917263 0.202549636 2.677766800
 1.381640196 0.202549636 2.677766800
 1.180917263 0.202549681 2.881639481
 1.180917263 2.367560625 2.677766800
 1.381640196 2.367560625 2.677766800
 1.180917263 2.367560625 2.881639242
 1.381640196 0.041662943 2.613053560
 1.123136997 0.041662943 2.613053799
 1.123136997 0.041662935 2.881639481
 1.381640315 2.503500462 2.881639242
 1.381640196 2.503500462 2.677766800
 1.180917263 2.503500462 2.677766800
 1.180917263 2.503500462 2.881639242
 1.381640196 0.000000368 2.613053560
 1.123136997 0.000000368 2.613053560
 1.123136997 0.000000358 2.881639242
