236
 0.534679174 5.030124664 -4.998467922
 0.705548525 5.385378838 -4.782487869
 0.534679174 5.378583431 -4.998467922
 0.705548525 5.246646404 -4.782487869
 0.999245882 0.000000461 -4.002826691
 0.726445079 0.111738965 -4.117465019
 0.535470665 0.355847389 -4.197663784
 0.726445079 -0.000113584 -4.117465019
 0.726443946 0.111750036 4.114161015
 0.726443946 -0.000113512 4.114161015
 0.999244690 0.000000461 3.997560740
 0.535470247 0.355859220 4.194942951
 0.534678698 5.028248787 4.996310711
 0.705548108 5.383502960 4.781945705
 0.705548108 5.244770527 4.781945705
 0.534678698 5.376529694 4.996310711
 0.725652397 0.111745149 4.781276703
 0.725652397 -0.000113563 4.781276703
 0.725653529 0.111739621 -4.782374382
 0.725653529 -0.000113583 -4.782374382
 0.534678698 0.355853885 4.996310711
 0.534679174 0.355848163 -4.998444080
 1.202801466 3.977253199 -3.729803562
 1.202010632 0.000000466 -3.729334831
 1.000036597 4.119840145 -4.004019260
 1.202801347 4.680349350 -2.687409163
 1.000036478 4.943681240 -2.838132381
 1.202801347 5.018982887 -1.866387129
 1.000036478 5.306260109 -1.992802501
 1.202801228 5.204754353 -0.932175338
 1.000036359 5.542955399 -1.003501773
 1.202801228 5.247024059 -0.000000035
 1.000036359 5.611285686 -0.000003274
 1.202801228 5.186118126 0.934212148
 1.000036359 5.542955399 1.009542465
 1.202801108 4.981315136 1.855781913
 1.000035524 5.306260109 1.998843312
 1.202801108 4.664701462 2.685905218
 1.000035524 4.942945480 2.845860958
 1.202801108 3.954033136 3.695901155
 1.000036240 4.118223667 3.998600245
 1.202009559 0.000000466 3.698853493
 1.202009559 0.000000466 3.256090641
 0.999245584 0.000000461 2.999997616
 1.202801108 3.731304884 3.256634712
 1.000036240 3.594882488 2.999997616
 1.202801108 4.268827438 2.458328247
 1.000036240 4.015308380 2.312586784
 1.202801108 4.591216564 1.684035540
 1.000036240 4.320859909 1.565007210
 1.202801228 4.787008762 0.849957883
 1.000036359 4.506306648 0.790699959
 1.202801228 4.860299110 0.000003376
 1.000036359 4.568477154 0.000005923
 1.202801228 4.797082901 -0.846197963
 1.000036359 4.506306648 -0.784873486
 1.202801347 4.591828346 -1.678419709
 1.000036478 4.320859909 -1.559180856
 1.202801347 4.279666901 -2.478732586
 1.000036478 4.015308380 -2.306760550
 1.202801466 3.751089811 -3.299463987
 1.000036478 3.594882488 -3.000002384
 1.202010632 0.000000466 -3.299829006
 0.999245763 0.000000461 -3.000002146
 -0.000001395 3.594881773 -3.000002384
 -0.000000632 0.000000401 -3.000002146
 -0.000000894 0.000000401 2.999997616
 -0.000001657 3.594881773 2.999997616
 -0.000001425 4.015308380 -2.306760788
 -0.000001458 4.320859432 -1.559181094
 -0.000001492 4.506306171 -0.784873605
 -0.000001526 4.568476677 0.000005792
 -0.000001560 4.506306171 0.790699780
 -0.000001594 4.320859432 1.565007210
 -0.000001627 4.015308380 2.312586784
 0.535470665 4.222516537 -4.197425842
 0.535470247 4.220900059 4.194849014
 0.535470605 5.075126171 -2.953901052
 0.535470545 5.437705517 -2.074124336
 0.535470486 5.674400806 -1.044509768
 0.535470486 5.742731571 -0.000118778
 0.535470426 5.674400806 1.050566077
 0.535470366 5.437705517 2.080180645
 0.535470307 5.074391365 2.961714506
 4.999996185 0.111742288 4.781276703
 4.999997616 -0.000113170 4.781276703
 4.999997616 0.111742377 -4.782373905
 4.999996185 -0.000113160 -4.782373905
 4.999996185 0.355851024 4.996310711
 4.999997616 0.231213003 4.886518002
 4.999997616 0.355850995 -4.998443604
 4.999996185 0.231052175 -4.887979031
 4.999997616 5.383503437 4.781945705
 4.999995708 5.380082607 4.887108326
 4.999996185 5.380014420 4.996115208
 4.999996185 5.384486675 -4.782488823
 4.999997616 5.381044388 -4.888469696
 4.999998093 5.377557755 -4.998637199
 4.999997616 5.244771004 4.781945705
 4.999996185 5.245753765 -4.782488823
 4.999997616 5.028249264 4.996310711
 4.999996185 5.138690472 4.886969566
 4.999996185 5.029232025 -4.998637199
 4.999997616 5.139516830 -4.888442993
 4.999998093 0.000000857 3.858404875
 4.999996185 0.000000854 3.997561455
 4.999998093 0.000000850 3.712473154
 4.999997616 0.000000846 -3.862424374
 4.999996185 0.000000850 -3.715715170
 4.999997616 0.000000854 -4.002825737
 4.999997616 0.000000850 -3.500808477
 4.999996185 0.000000850 -3.279585123
 4.999997616 0.000000857 -3.132935762
 4.999996185 0.000000854 -3.000001192
 4.999998093 0.000000846 3.131468058
 4.999996185 0.000000850 3.276333809
 4.999997616 0.000000854 2.999998808
 4.999998093 0.000000850 3.497873783
 4.999997616 -0.000054228 -4.379446983
 4.999997616 -0.000054302 4.376749992
 4.999997616 0.000000854 0.002194166
 0.534679055 6.425602913 -3.607479572
 0.534678996 6.886404991 -2.533149481
 0.534678936 7.187220573 -1.275847673
 0.534678936 7.274061203 -0.000019564
 0.534678876 7.187220573 1.282530785
 0.534678817 6.886404991 2.539832830
 0.534678757 6.424667835 3.616308689
 4.999997616 2.690569639 4.996310711
 4.999997616 2.694472313 -4.998455524
 4.999998093 5.901394844 -4.302708149
 4.999997616 6.425603867 -3.607478619
 4.999997616 6.656151295 -3.069972515
 4.999997616 6.886405468 -2.533148527
 4.999997616 7.036909103 -1.904098749
 4.999997616 7.187221050 -1.275846601
 4.999997616 7.230669022 -0.637527764
 4.999997616 7.274062157 -0.000018541
 4.999997616 7.230614185 0.641663492
 4.999997616 7.187221050 1.282531738
 4.999997616 7.036717892 1.911581755
 4.999997616 6.886405468 2.539833784
 4.999997616 6.655390739 3.078413486
 4.999997616 6.424668789 3.616309404
 4.999997616 5.900266647 4.306748390
 9.470987320 5.028250217 4.996311188
 9.300117493 5.383504391 4.781946182
 9.470987320 5.383504391 4.995920181
 9.300117493 5.244771957 4.781946182
 9.470904350 5.028338909 -4.998806953
 9.300036430 5.383593082 -4.782490730
 9.300036430 5.244860649 -4.782490730
 9.470904350 5.376531601 -4.998806953
 9.006609917 0.000001247 -4.002824783
 9.279790878 0.111750051 -4.118448257
 9.279790878 -0.000112702 -4.118448257
 9.470905304 0.355859220 -4.197742462
 9.279792786 0.111738853 4.114423752
 9.470905304 0.355847389 4.194440842
 9.006608009 0.000001247 3.997562647
 9.279792786 -0.000112821 4.114423752
 9.280197144 0.111745149 -4.782373905
 9.280197144 -0.000112737 -4.782373905
 9.280195236 0.111739427 4.781277657
 9.280195236 -0.000112776 4.781277657
 9.470987320 0.355853885 -4.998442650
 9.470987320 0.355848163 4.996311188
 8.803430557 3.977254868 3.726581812
 8.803430557 0.000001234 3.726112604
 9.006607056 4.118225574 3.998602152
 8.803430557 4.680351257 2.684186459
 9.006607056 4.942947388 2.845862865
 8.803430557 5.018984795 1.863165021
 9.006607056 5.306262016 1.998845339
 8.803430557 5.204756260 0.928953230
 9.006607056 5.542957306 1.009544373
 8.803429604 5.247025967 -0.003222233
 9.006195068 5.611287594 -0.003219055
 8.803429604 5.186120033 -0.937434554
 9.006607056 5.542957306 -1.003499866
 8.803429604 4.981317043 -1.859004259
 9.006608009 5.306262016 -1.992800474
 8.803429604 4.664703369 -2.689127922
 9.006607056 4.943683147 -2.838130713
 8.803428650 3.954035282 -3.699123621
 9.006608009 4.119842052 -4.004017830
 8.803428650 0.000001234 -3.702076197
 8.803428650 0.000001234 -3.259313107
 9.006608963 0.000001247 -3.000000000
 8.803428650 3.731307030 -3.259857416
 9.006608009 3.594884157 -3.000000715
 8.803429604 4.268829346 -2.461550713
 9.006608009 4.015310287 -2.306758404
 8.803429604 4.591218472 -1.687257886
 9.006608009 4.320861816 -1.559178829
 8.803429604 4.787010670 -0.853180170
 9.006607056 4.506308556 -0.784871578
 8.803429604 4.860301018 -0.003225645
 9.006608009 4.568479061 0.000007848
 8.803430557 4.797084808 0.842975736
 9.006608009 4.506308556 0.790701866
 8.803430557 4.591830254 1.675197482
 9.006607056 4.320861816 1.565009475
 8.803430557 4.279668808 2.475510359
 9.006607056 4.015310287 2.312588930
 8.803430557 3.751091957 3.296241522
 9.006608009 3.594884157 3.000000000
 8.803430557 0.000001234 3.296606302
 9.006608963 0.000001247 3.000000000
 9.999996185 3.594884634 3.000000000
 9.999997139 0.000001292 3.000000000
 9.999997139 0.000001292 -3.000000000
 9.999996185 3.594884634 -3.000000000
 9.999996185 4.015310764 2.312588692
 9.999996185 4.320861816 1.565009475
 9.999997139 4.506309032 0.790701985
 9.999996185 4.568479538 0.000007978
 9.999996185 4.506309032 -0.784871459
 9.999997139 4.320861816 -1.559178829
 9.999997139 4.015310764 -2.306758642
 9.470905304 4.222518444 4.194766998
 9.470904350 4.220901966 -4.198071957
 9.470905304 5.075128555 2.950678587
 9.470905304 5.437707424 2.070901871
 9.470905304 5.674402714 1.041287184
 9.470905304 5.742733955 -0.003103692
 9.470905304 5.674402714 -1.053788662
 9.470905304 5.437707424 -2.083403111
 9.470904350 5.074393272 -2.964936972
 9.470987320 6.424670219 3.616310596
 9.470987320 6.886406898 2.539835215
 9.470987320 7.187222481 1.282532692
 9.470987320 7.274063587 -0.000017518
 9.470987320 7.187222481 -1.275845528
 9.470987320 6.886406898 -2.533147573
 9.470987320 6.425605297 -3.607477665
