862
 8.500000000 7.500002861 -8.500000000
 -8.499998093 7.500003815 -8.500000000
 -9.999880791 7.500003815 -10.000842094
 9.999880791 7.500002861 -9.999155045
 -8.499997139 7.500003815 -0.000000954
 -9.189165115 7.500003815 0.000000954
 -9.999880791 7.500003815 0.000000954
 8.500000000 7.500002861 0.000000954
 9.189165115 7.500002861 -0.000001907
 9.999879837 7.500002861 -0.000000954
 -14.778828621 0.111736156 -5.218721867
 -14.778826714 0.111739017 -0.000000477
 -14.780054092 -0.000001311 0.000000477
 -14.778828621 -0.000001539 -5.218721867
 -14.998108864 0.355844855 -5.003687859
 -14.998108864 0.355847716 -0.000000954
 -14.890762329 0.236347914 0.000000477
 -14.782216072 5.383544922 0.000000477
 -14.782176018 5.383500576 -5.218053341
 -14.782216072 5.244812489 0.000000477
 -14.782176018 5.244768143 -5.218053341
 -14.998149872 5.028290749 0.000000477
 -14.998108864 5.028246880 -5.003687859
 -14.892475128 5.134254456 -0.000000477
 -19.273553848 0.111741878 -5.218722343
 -19.273553848 -0.000001539 -5.218722343
 -19.464527130 0.355850607 -5.003687859
 -19.293659210 5.383499146 -5.218053818
 -19.293659210 5.244766712 -5.218053818
 -19.464527130 5.028245449 -5.003687859
 -19.273550034 0.111746773 -5.885840416
 -19.273550034 -0.000001568 -5.885840416
 -19.464523315 0.355855942 -5.805058956
 14.778823853 0.111739017 0.000000477
 14.778823853 0.111741878 -5.217620373
 14.781274796 -0.000001539 -5.221165657
 14.780049324 -0.000001311 -0.000000477
 14.998105049 0.355847716 0.000000954
 14.998105049 0.355850607 -5.001550674
 14.890758514 0.236347854 -0.000000954
 14.782254219 5.383589268 -5.217503548
 14.782212257 5.383544922 -0.000000954
 14.782254219 5.244857311 -5.217503548
 14.782212257 5.244812489 -0.000000954
 14.998188972 5.028334618 -5.001186848
 14.998147011 5.028290749 -0.000000954
 14.892471313 5.134254456 0.000000954
 19.273548126 0.111736342 -5.217617989
 19.273548126 -0.000001539 -5.217617989
 19.464523315 0.355844855 -5.001548767
 19.293653488 5.385375023 -5.217505455
 19.293653488 5.246642590 -5.217505455
 19.464523315 5.030121326 -5.001524925
 19.273550034 0.111735687 -5.882527351
 19.279790878 -0.000001568 -5.885570526
 19.470903397 0.355844080 -5.805552959
 19.273550034 0.111741878 -14.781270981
 14.782376289 0.111741878 -14.778821945
 14.778829575 -0.000001956 -14.781270981
 19.273550034 -0.000001957 -14.781270981
 19.470989227 0.355850607 -14.998436928
 14.998445511 0.355850607 -14.998103142
 14.782491684 5.383589268 -14.782252312
 19.293657303 5.383499146 -14.781939507
 14.782491684 5.244857311 -14.782252312
 19.293657303 5.244766712 -14.781939507
 14.998807907 5.028334618 -14.998188019
 19.470903397 5.028334618 -14.998800278
 19.006607056 -0.000001852 -14.001723289
 19.279787064 0.111746773 -14.118442535
 19.470903397 0.355855942 -14.197736740
 18.803426743 3.977251291 -6.273412704
 18.797195435 -0.000001515 -6.270658016
 19.006607056 4.118221760 -6.001392365
 18.803426743 4.680347919 -7.315807343
 19.006607056 4.942944050 -7.154131413
 18.803426743 5.018980980 -8.136829376
 19.006607056 5.306258202 -8.001148224
 18.803426743 5.204752922 -9.071041107
 19.006607056 5.542953491 -8.990449905
 18.803426743 5.247022152 -10.003216743
 19.006193161 5.611283302 -10.003211975
 18.803426743 5.186116219 -10.937429428
 19.006607056 5.542953491 -11.003493309
 18.803426743 4.981313229 -11.858999252
 19.006607056 5.306258202 -11.992794991
 18.803426743 4.664699554 -12.689123154
 19.006607056 4.943678856 -12.838125229
 18.803426743 3.954031467 -13.707323074
 19.006607056 4.119838715 -14.001952171
 18.797195435 -0.000001821 -13.273017883
 18.803426743 3.731303453 -13.259850502
 19.006607056 3.594880581 -12.999993324
 18.803426743 4.268826008 -12.461544991
 19.006607056 4.015306950 -12.306753159
 18.803426743 4.591214657 -11.687252045
 19.006607056 4.320857525 -11.559172630
 18.803426743 4.787006855 -10.853174210
 19.006607056 4.506304741 -10.784865379
 18.803426743 4.860297203 -10.003219604
 19.006607056 4.568475246 -9.999985695
 18.803426743 4.797080994 -9.157018661
 19.006607056 4.506304741 -9.209292412
 18.803426743 4.591826916 -8.324796677
 19.006607056 4.320857525 -8.434985161
 18.803426743 4.279664516 -7.524484158
 19.006607056 4.015306950 -7.687405109
 18.803426743 3.751088142 -6.703753471
 19.006607056 3.594880581 -6.999993801
 18.803426743 -0.000001533 -6.703388691
 19.999996185 3.594881058 -6.999993801
 19.999996185 -0.000001546 -6.999993324
 19.999998093 -0.000001808 -12.999993324
 19.999998093 3.594881058 -12.999993324
 19.999996185 4.015307426 -7.687405109
 19.999996185 4.320858002 -8.434984207
 19.999996185 4.506305218 -9.209292412
 19.999996185 4.568475246 -9.999985695
 19.999998093 4.506305218 -10.784865379
 19.999998093 4.320858002 -11.559172630
 19.999998093 4.015307426 -12.306753159
 19.470903397 4.222515106 -5.805226326
 19.470901489 4.220898628 -14.198065758
 19.470903397 5.075125217 -7.049315453
 19.470903397 5.437703609 -7.929092407
 19.470903397 5.674398899 -8.958706856
 19.470903397 5.742730141 -10.003097534
 19.470903397 5.674398899 -11.053782463
 19.470903397 5.437703609 -12.083397865
 19.470901489 5.074389458 -12.964931488
 5.218725204 0.111741878 -19.273551941
 5.218723297 0.111736156 -14.778826714
 5.218723297 -0.000001956 -14.778826714
 5.218725204 -0.000002153 -19.273551941
 14.782376289 0.111736342 -19.273548126
 14.782366753 -0.000002153 -19.273548126
 5.003690720 0.355850607 -19.464525223
 5.003688812 0.355844855 -14.998107910
 14.998446465 0.355844855 -19.464521408
 5.218055248 5.383500576 -14.782174110
 5.218056679 5.383499146 -19.293655396
 14.782488823 5.385375023 -19.293653488
 5.218055248 5.244768143 -14.782174110
 5.218056679 5.244766712 -19.293655396
 14.782488823 5.246642590 -19.293653488
 5.003688812 5.028246880 -14.998107910
 5.003690720 5.028245449 -19.464525223
 14.998471260 5.030121326 -19.464521408
 14.002828598 -0.000002071 -18.999954224
 14.117465019 0.111735687 -19.273548126
 14.197667122 0.355844080 -19.464521408
 5.885840416 0.111746773 -19.273551941
 5.885840416 -0.000002153 -19.273551941
 5.805058956 0.355855942 -19.464525223
 13.729803085 3.977249146 -18.797191620
 14.004020691 4.119836807 -18.999956131
 12.687411308 4.680345535 -18.797191620
 12.838132858 4.943676949 -18.999956131
 11.866389275 5.018979073 -18.797191620
 11.992803574 5.306256771 -18.999956131
 10.932176590 5.204750538 -18.797193527
 11.003503799 5.542952061 -18.999958038
 10.000000954 5.247020245 -18.797193527
 10.000004768 5.611281872 -18.999958038
 9.065790176 5.186114311 -18.797193527
 8.990459442 5.542952061 -18.999958038
 8.144217491 4.981311798 -18.797193527
 8.001158714 5.306256771 -18.999959946
 7.314096928 4.664697647 -18.797193527
 7.154140472 4.942941666 -18.999959946
 6.294453144 3.954029560 -18.797195435
 6.001401424 4.118220329 -18.999959946
 6.294077396 -0.000002062 -18.797193527
 6.726048946 -0.000002062 -18.797193527
 6.743367672 3.731301546 -18.797193527
 7.000003815 3.594878674 -18.999958038
 7.541674137 4.268823624 -18.797193527
 7.687415123 4.015304565 -18.999958038
 8.315964699 4.591213226 -18.797193527
 8.434994698 4.320856094 -18.999958038
 9.150043488 4.787004948 -18.797193527
 9.209301949 4.506303310 -18.999958038
 9.999999046 4.860295773 -18.797193527
 9.999995232 4.568473816 -18.999958038
 10.846198082 4.797079563 -18.797193527
 10.784874916 4.506303310 -18.999958038
 11.678420067 4.591824532 -18.797191620
 11.559182167 4.320856094 -18.999956131
 12.478733063 4.279663086 -18.797191620
 12.306761742 4.015304565 -18.999956131
 13.299465179 3.751086473 -18.797191620
 13.000002861 3.594878674 -18.999956131
 13.291645050 -0.000002062 -18.797191620
 13.000004768 3.594878435 -19.999994278
 13.000004768 -0.000002115 -19.999994278
 7.000003815 -0.000002115 -19.999996185
 7.000003815 3.594878435 -19.999996185
 12.306761742 4.015304089 -19.999994278
 11.559182167 4.320856094 -19.999994278
 10.784874916 4.506302834 -19.999996185
 9.999995232 4.568473339 -19.999996185
 9.209301949 4.506302834 -19.999996185
 8.434994698 4.320856094 -19.999996185
 7.687415123 4.015304089 -19.999996185
 14.197428703 4.222513199 -19.464521408
 5.805151939 4.220896721 -19.464525223
 12.953903198 5.075122833 -19.464521408
 12.074125290 5.437701702 -19.464521408
 11.044511795 5.674397469 -19.464523315
 10.000120163 5.742727757 -19.464523315
 8.949436188 5.674397469 -19.464523315
 7.919820309 5.437701702 -19.464523315
 7.038286686 5.074388027 -19.464523315
 -5.217621326 0.111741878 -14.778824806
 -5.221167088 -0.000001956 -14.781275749
 -5.001552105 0.355850607 -14.998106956
 -5.217504501 5.383589268 -14.782255173
 -5.217504501 5.244857311 -14.782255173
 -5.001187801 5.028334618 -14.998189926
 -14.781272888 0.111736156 -14.778829575
 -19.273548126 0.111736342 -14.782376289
 -19.273548126 -0.000001957 -14.782376289
 -14.781272888 -0.000001956 -14.778829575
 -14.996305466 0.355844855 -14.998111725
 -19.464521408 0.355844855 -14.998446465
 -19.293653488 5.385375023 -14.782488823
 -14.781942368 5.383500576 -14.782177925
 -19.293653488 5.246642590 -14.782488823
 -14.781942368 5.244768143 -14.782177925
 -19.464521408 5.030121326 -14.998471260
 -14.996305466 5.028246880 -14.998111725
 -18.999956131 -0.000001853 -14.002828598
 -19.273550034 0.111735687 -14.117466927
 -19.464523315 0.355844080 -14.197665215
 -18.797193527 3.977249146 -13.724678040
 -18.999958038 4.119836807 -14.004021645
 -18.797193527 4.680345535 -12.687411308
 -18.999958038 4.943676949 -12.838132858
 -18.797193527 5.018979073 -11.866389275
 -18.999958038 5.306256771 -11.992804527
 -18.797193527 5.204750538 -10.932176590
 -18.999958038 5.542952061 -11.003502846
 -18.797195435 5.247020245 -10.000001907
 -18.999958038 5.611281872 -10.000005722
 -18.797195435 5.186114311 -9.065790176
 -18.999959946 5.542952061 -8.990459442
 -18.797195435 4.981311798 -8.144219398
 -18.999959946 5.306256771 -8.001158714
 -18.797195435 4.664697647 -7.314096928
 -18.999959946 4.942941666 -7.154140949
 -18.797195435 3.954029560 -6.294852257
 -18.999959946 4.118220329 -6.001401901
 -18.797195435 -0.000001516 -6.294367790
 -18.797195435 -0.000001535 -6.724523067
 -18.797195435 3.731301546 -6.743367195
 -18.999959946 3.594878674 -7.000003815
 -18.797195435 4.268823624 -7.541674137
 -18.999959946 4.015304565 -7.687415600
 -18.797195435 4.591213226 -8.315966606
 -18.999959946 4.320856094 -8.434994698
 -18.797195435 4.787004948 -9.150043488
 -18.999959946 4.506303310 -9.209301949
 -18.797195435 4.860295773 -9.999999046
 -18.999959946 4.568473816 -9.999995232
 -18.797193527 4.797079563 -10.846199036
 -18.999958038 4.506303310 -10.784875870
 -18.797193527 4.591824532 -11.678421021
 -18.999958038 4.320856094 -11.559183121
 -18.797193527 4.279663086 -12.478734016
 -18.999958038 4.015304565 -12.306762695
 -18.797193527 3.751086473 -13.299466133
 -18.999958038 3.594878674 -13.000004768
 -18.797189713 -0.000001822 -13.291798592
 -19.999996185 3.594878435 -13.000004768
 -19.999992371 -0.000001809 -13.000004768
 -19.999998093 -0.000001547 -7.000004292
 -19.999998093 3.594878435 -7.000004292
 -19.999996185 4.015304089 -12.306763649
 -19.999996185 4.320856094 -11.559183121
 -19.999996185 4.506302834 -10.784875870
 -19.999998093 4.568473339 -9.999995232
 -19.999998093 4.506302834 -9.209301949
 -19.999998093 4.320856094 -8.434994698
 -19.999998093 4.015304089 -7.687416077
 -19.464523315 4.222513199 -14.197426796
 -19.464523315 4.220896721 -5.805152416
 -19.464523315 5.075122833 -12.953903198
 -19.464523315 5.437701702 -12.074125290
 -19.464523315 5.674397469 -11.044512749
 -19.464523315 5.742727757 -10.000121117
 -19.464523315 5.674397469 -8.949436188
 -19.464523315 5.437701702 -7.919821739
 -19.464523315 5.074388027 -7.038288593
 -14.781270981 0.111741878 -19.273555756
 -14.781270981 -0.000002153 -19.273553848
 -5.217619419 0.111736342 -19.273550034
 -5.217619419 -0.000002153 -19.273550034
 -14.996304512 0.355850607 -19.464529037
 -5.001550198 0.355844855 -19.464525223
 -14.781939507 5.383499146 -19.293659210
 -5.217505932 5.385375023 -19.293655396
 -14.781939507 5.244766712 -19.293659210
 -5.217505932 5.246642590 -19.293655396
 -14.996304512 5.028245449 -19.464529037
 -5.001525879 5.030121326 -19.464525223
 -5.997167110 -0.000002071 -18.999959946
 -5.882528782 0.111735687 -19.273550034
 -5.802330017 0.355844080 -19.464525223
 -14.114155769 0.111746773 -19.273553848
 -14.114155769 -0.000002153 -19.273553848
 -14.194936752 0.355855942 -19.464529037
 -6.270190239 3.977249146 -18.797195435
 -5.995975018 4.119836807 -18.999959946
 -7.312584400 4.680345535 -18.797195435
 -7.161861897 4.943676949 -18.999959946
 -8.133606911 5.018979073 -18.797195435
 -8.007191658 5.306256771 -18.999961853
 -9.067817688 5.204750538 -18.797195435
 -8.996492386 5.542952061 -18.999961853
 -9.999994278 5.247020245 -18.797195435
 -9.999991417 5.611281872 -18.999961853
 -10.934206009 5.186114311 -18.797195435
 -11.009536743 5.542952061 -18.999961853
 -11.855775833 4.981311798 -18.797195435
 -11.998836517 5.306256771 -18.999961853
 -12.685899734 4.664697647 -18.797197342
 -12.845854759 4.942941666 -18.999961853
 -13.705704689 3.954029560 -18.797197342
 -13.998594284 4.118220329 -18.999961853
 -13.706037521 -0.000002062 -18.797197342
 -13.274037361 -0.000002062 -18.797197342
 -13.256628036 3.731301546 -18.797197342
 -12.999992371 3.594878674 -18.999961853
 -12.458322525 4.268823624 -18.797197342
 -12.312581062 4.015304565 -18.999961853
 -11.684029579 4.591213226 -18.797195435
 -11.565000534 4.320856094 -18.999961853
 -10.849950790 4.787004948 -18.797195435
 -10.790693283 4.506303310 -18.999961853
 -9.999998093 4.860295773 -18.797195435
 -10.000000000 4.568473816 -18.999961853
 -9.153796196 4.797079563 -18.797195435
 -9.215121269 4.506303310 -18.999961853
 -8.321574211 4.591824532 -18.797195435
 -8.440813065 4.320856094 -18.999961853
 -7.521262169 4.279663086 -18.797195435
 -7.693233490 4.015304565 -18.999961853
 -6.700530052 3.751086473 -18.797195435
 -6.999991417 3.594878674 -18.999959946
 -6.700165272 -0.000002062 -18.797195435
 -6.999991417 3.594878435 -19.999998093
 -6.999991417 -0.000002115 -19.999998093
 -12.999990463 -0.000002115 -19.999998093
 -12.999990463 3.594878435 -20.000000000
 -7.693233490 4.015304089 -19.999998093
 -8.440813065 4.320856094 -19.999998093
 -9.215120316 4.506302834 -19.999998093
 -9.999999046 4.568473339 -19.999998093
 -10.790693283 4.506302834 -19.999998093
 -11.565000534 4.320856094 -19.999998093
 -12.312580109 4.015304089 -19.999998093
 -5.802567959 4.222513199 -19.464525223
 -14.194842339 4.220896721 -19.464529037
 -7.046092987 5.075122833 -19.464525223
 -7.925869465 5.437701702 -19.464527130
 -8.955484390 5.674397469 -19.464527130
 -9.999875069 5.742727757 -19.464527130
 -11.050559044 5.674397469 -19.464527130
 -12.080174446 5.437701702 -19.464527130
 -12.961708069 5.074388027 -19.464529037
 13.073278427 0.000004355 -13.000000000
 7.075082302 0.000004617 -12.998202324
 8.500000000 0.000004272 -8.500000000
 -6.926716328 0.000005229 -13.000002861
 -12.924923897 0.000005491 -12.998202324
 -8.499998093 0.000005416 -8.500000000
 -12.923113823 0.000005491 -7.000001431
 -12.924014091 0.000005491 -0.000000954
 -10.925575256 0.000005276 0.000001907
 -8.499997139 0.000005215 0.000000954
 13.074178696 0.000004355 0.000000477
 13.075079918 0.000004355 -7.001799583
 11.007925987 0.000004317 -0.000001907
 8.499999046 0.000004281 -0.000000954
 -6.212835789 0.000005198 -13.720022202
 6.364995003 0.000004648 -13.718176842
 -13.922478676 0.000005534 -14.001474380
 -13.636994362 0.000005522 -6.273887634
 -13.791802406 0.000005529 -0.000000477
 14.074230194 0.000004311 -5.998527050
 13.938552856 0.000004317 -0.000000954
 13.797013283 0.000004324 -13.709112167
 -14.998149872 2.692673206 -0.000000477
 -19.464523315 6.424664021 -6.383693695
 14.998147011 2.692674398 -0.000000954
 19.470985413 6.424666405 -6.383683681
 19.470985413 6.886403561 -7.460158348
 19.470985413 7.187219143 -8.717460632
 19.464523315 7.500002384 -9.999976158
 19.470987320 7.187219143 -11.275838852
 19.470987320 6.886403561 -12.533141136
 19.470987320 6.425601959 -13.607470512
 13.607481003 6.425599575 -19.464521408
 12.533150673 6.886401176 -19.464521408
 11.275850296 7.187216759 -19.464521408
 10.000020027 7.500002861 -19.464527130
 8.717470169 7.187216759 -19.464523315
 7.460169792 6.886401176 -19.464523315
 6.383693695 6.424664021 -19.464525223
 -19.464523315 6.425599575 -13.607481003
 -19.464523315 6.886401176 -12.533151627
 -19.464523315 7.187216759 -11.275850296
 -19.464527130 7.500003815 -10.000017166
 -19.464523315 7.187216759 -8.717471123
 -19.464523315 6.886401176 -7.460169792
 -6.392514706 6.425599575 -19.464525223
 -7.466844082 6.886401176 -19.464525223
 -8.724146843 7.187216759 -19.464527130
 -10.000017166 7.500003815 -19.470985413
 -11.275844574 7.187219143 -19.470987320
 -12.533146858 6.886403561 -19.470987320
 -13.607476234 6.425601959 -19.470987320
 -6.392518520 6.425601959 -13.605688095
 -7.466848850 6.886403561 -12.540455818
 -8.724151611 7.187218189 -11.282051086
 6.383687019 6.424666405 -13.605688095
 7.460162640 6.886403561 -12.540455818
 8.717464447 7.187219143 -11.282050133
 -11.282048225 7.187219143 -11.275845528
 -12.540452957 6.886403561 -12.533147812
 -13.605685234 6.425601959 -13.607476234
 -14.386715889 5.841071606 -0.000000954
 -13.605685234 6.424666405 -6.383688927
 -13.605685234 6.425133705 -0.000000954
 -13.114720345 6.637480259 -0.000000477
 -12.540452957 6.886403561 -7.460165024
 -12.540452003 6.886403561 -0.000000477
 -11.960390091 7.025063992 -0.000000477
 -11.282045364 7.187219143 -8.717467308
 -11.282045364 7.187218666 -0.000000954
 -10.684863091 7.332901955 -0.000000954
 10.684863091 7.332901478 -0.000001907
 11.282046318 7.187219143 -8.724153519
 11.282045364 7.187219143 -0.000001907
 11.960389137 7.025064468 -0.000000954
 12.540451050 6.886403561 -7.466850758
 12.540451050 6.886403561 -0.000000477
 13.114720345 6.637479782 -0.000000954
 13.605685234 6.425601959 -6.392520905
 13.605685234 6.425133705 -0.000001431
 14.386713028 5.841072083 -0.000000954
 13.605687141 6.424666405 -13.616309166
 12.540452957 6.886403561 -12.539834976
 11.282049179 7.187219143 -11.282531738
 -8.499997139 7.500003815 8.499996185
 8.500000000 7.500002861 8.499998093
 9.999878883 7.500002861 10.000841141
 -9.999881744 7.500003815 9.999151230
 19.273550034 0.111741878 5.218726635
 14.778824806 0.111736156 5.218724251
 14.778824806 -0.000001083 5.218724251
 19.273550034 -0.000001083 5.218726635
 19.464523315 0.355850607 5.003692150
 14.998105049 0.355844855 5.003689766
 14.782171249 5.383500576 5.218056679
 19.293653488 5.383499146 5.218058109
 14.782171249 5.244768143 5.218056679
 19.293653488 5.244766712 5.218058109
 14.998105049 5.028246880 5.003689766
 19.464523315 5.028245449 5.003692150
 19.273550034 0.111746773 5.885842323
 19.273550034 -0.000001054 5.885840416
 19.464523315 0.355855942 5.805058956
 -14.778826714 0.111741878 5.217620850
 -19.273553848 0.111736342 5.217619896
 -19.273553848 -0.000001083 5.217619896
 -14.781279564 -0.000001083 5.221167564
 -14.998108864 0.355850607 5.001551628
 -19.464527130 0.355844855 5.001550674
 -19.293659210 5.385375023 5.217506409
 -14.782257080 5.383589268 5.217503548
 -19.293659210 5.246642590 5.217506409
 -14.782257080 5.244857311 5.217503548
 -19.464527130 5.030121326 5.001526356
 -14.998192787 5.028334618 5.001187801
 -19.273553848 0.111735687 5.882528782
 -19.279790878 -0.000001054 5.885574341
 -19.464527130 0.355844080 5.802330017
 14.781272888 0.111736156 14.778829575
 19.273548126 0.111736342 14.782376289
 19.273548126 -0.000000665 14.782376289
 14.781272888 -0.000000665 14.778829575
 14.996305466 0.355844855 14.998108864
 19.464523315 0.355844855 14.998445511
 19.293653488 5.385375023 14.782488823
 14.781942368 5.383500576 14.782176018
 19.293653488 5.246642590 14.782488823
 14.781942368 5.244768143 14.782176018
 19.464523315 5.030121326 14.998469353
 14.996305466 5.028246880 14.998108864
 18.999954224 -0.000000629 14.002836227
 19.273548126 0.111735687 14.117466927
 19.464523315 0.355844080 14.197665215
 18.797193527 3.977249146 13.729805946
 18.999958038 4.119836807 14.004021645
 18.797195435 4.680345535 12.687411308
 18.999959946 4.943676949 12.838132858
 18.797195435 5.018979073 11.866389275
 18.999959946 5.306256771 11.992803574
 18.797195435 5.204750538 10.932176590
 18.999959946 5.542952061 11.003501892
 18.797189713 5.247020245 10.000000954
 18.999959946 5.611281872 10.000002861
 18.797189713 5.186114311 9.065789223
 18.999956131 5.542952061 8.990458488
 18.797193527 4.981311798 8.144219398
 18.999959946 5.306256771 8.001157761
 18.797193527 4.664697647 7.314095974
 18.999959946 4.942941666 7.154139519
 18.797193527 3.954029560 6.295388222
 18.999958038 4.118220329 6.001401424
 18.797193527 -0.000000966 6.294762135
 18.797193527 -0.000000947 6.727743626
 18.797193527 3.731301546 6.743367195
 18.999958038 3.594878674 7.000003338
 18.797193527 4.268823624 7.541673183
 18.999958038 4.015304565 7.687414646
 18.797193527 4.591213226 8.315964699
 18.999958038 4.320856094 8.434993744
 18.797189713 4.787004948 9.150043488
 18.999956131 4.506303310 9.209300995
 18.797189713 4.860295773 9.999998093
 18.999956131 4.568473816 9.999995232
 18.797195435 4.797079563 10.846199036
 18.999959946 4.506303310 10.784874916
 18.797195435 4.591824532 11.678421021
 18.999959946 4.320856094 11.559182167
 18.797195435 4.279663086 12.478734016
 18.999959946 4.015304565 12.306760788
 18.797195435 3.751086473 13.299465179
 18.999959946 3.594878674 13.000002861
 18.797189713 -0.000000660 13.290550232
 19.999996185 3.594878435 13.000002861
 19.999996185 -0.000000673 13.000002861
 19.999998093 -0.000000935 7.000003815
 19.999998093 3.594878435 7.000003815
 19.999996185 4.015304089 12.306762695
 19.999996185 4.320856094 11.559183121
 19.999996185 4.506302834 10.784875870
 19.999996185 4.568473339 9.999995232
 19.999996185 4.506302834 9.209301949
 19.999998093 4.320856094 8.434994698
 19.999998093 4.015304089 7.687415600
 19.464523315 4.222513199 14.197426796
 19.464523315 4.220896721 5.805152416
 19.464523315 5.075122833 12.953902245
 19.464523315 5.437701702 12.074126244
 19.464523315 5.674397469 11.044510841
 19.464523315 5.742727757 10.000121117
 19.464521408 5.674397469 8.949436188
 19.464523315 5.437701702 7.919821739
 19.464523315 5.074388027 7.038288593
 14.781270981 0.111741878 19.273555756
 14.781262398 -0.000000469 19.273555756
 5.217621803 0.111741878 14.778824806
 5.217619896 0.111736342 19.273551941
 5.217619896 -0.000000469 19.273551941
 5.221167564 -0.000000665 14.781275749
 14.996305466 0.355850607 19.464529037
 5.001552582 0.355850607 14.998107910
 5.001550674 0.355844855 19.464525223
 14.781939507 5.383499146 19.293657303
 5.217507362 5.385375023 19.293657303
 5.217503548 5.383589268 14.782255173
 14.781939507 5.244766712 19.293657303
 5.217507362 5.246642590 19.293657303
 5.217503548 5.244857311 14.782255173
 14.996305466 5.028245449 19.464529037
 5.001526356 5.030121326 19.464525223
 5.001187801 5.028334618 14.998189926
 5.997169018 -0.000000411 18.999959946
 5.882529259 0.111735687 19.273551941
 5.802330971 0.355844080 19.464525223
 14.114155769 0.111746773 19.273555756
 14.114146233 -0.000000469 19.273555756
 14.194936752 0.355855942 19.464529037
 6.275366783 3.977249146 18.797195435
 5.995975018 4.119836807 18.999959946
 7.312586308 4.680345535 18.797195435
 7.161862850 4.943676949 18.999961853
 8.133607864 5.018979073 18.797195435
 8.007191658 5.306256771 18.999961853
 9.067819595 5.204750538 18.797195435
 8.996492386 5.542952061 18.999961853
 9.999994278 5.247020245 18.797195435
 9.999991417 5.611281872 18.999961853
 10.934206009 5.186114311 18.797195435
 11.009536743 5.542952061 18.999961853
 11.855775833 4.981311798 18.797197342
 11.998839378 5.306256771 18.999961853
 12.685899734 4.664697647 18.797197342
 12.845854759 4.942941666 18.999961853
 13.705220222 3.954029560 18.797197342
 13.998594284 4.118220329 18.999961853
 13.705680847 -0.000000420 18.797197342
 13.274002075 -0.000000420 18.797197342
 13.256628036 3.731301546 18.797197342
 12.999992371 3.594878674 18.999961853
 12.458322525 4.268823624 18.797197342
 12.312582016 4.015304565 18.999961853
 11.684029579 4.591213226 18.797197342
 11.565001488 4.320856094 18.999961853
 10.849952698 4.787004948 18.797195435
 10.790694237 4.506303310 18.999961853
 9.999999046 4.860295773 18.797195435
 10.000000000 4.568473816 18.999961853
 9.153796196 4.797079563 18.797195435
 9.215122223 4.506303310 18.999961853
 8.321575165 4.591824532 18.797195435
 8.440814972 4.320856094 18.999961853
 7.521262169 4.279663086 18.797195435
 7.693234921 4.015304565 18.999961853
 6.700530052 3.751086473 18.797195435
 6.999993324 3.594878674 18.999961853
 6.708092690 -0.000000420 18.797195435
 6.999992371 3.594878435 20.000000000
 6.999992371 -0.000000367 19.999998093
 12.999992371 -0.000000367 19.999998093
 12.999992371 3.594878435 19.999998093
 7.693233967 4.015304089 20.000000000
 8.440814018 4.320856094 20.000000000
 9.215121269 4.506302834 20.000000000
 9.999999046 4.568473339 19.999998093
 10.790693283 4.506302834 19.999998093
 11.565000534 4.320856094 19.999998093
 12.312581062 4.015304089 19.999998093
 5.802568436 4.222513199 19.464525223
 14.194844246 4.220896721 19.464529037
 7.046093941 5.075122833 19.464527130
 7.925869465 5.437701702 19.464527130
 8.955483437 5.674397469 19.464527130
 9.999876022 5.742727757 19.464527130
 11.050559998 5.674397469 19.464527130
 12.080174446 5.437701702 19.464529037
 12.961708069 5.074388027 19.464529037
 -19.273550034 0.111741878 14.781275749
 -14.782372475 0.111741878 14.778824806
 -14.778826714 -0.000000665 14.781275749
 -19.273550034 -0.000000665 14.781275749
 -19.470985413 0.355850607 14.998441696
 -14.998441696 0.355850607 14.998106956
 -14.782490730 5.383589268 14.782255173
 -19.293653488 5.383499146 14.781944275
 -14.782490730 5.244857311 14.782255173
 -19.293653488 5.244766712 14.781944275
 -14.998807907 5.028334618 14.998189926
 -19.470903397 5.028334618 14.998805046
 -5.218720913 0.111736156 14.778826714
 -5.218720913 -0.000000665 14.778826714
 -5.003687382 0.355844855 14.998107910
 -5.218053341 5.383500576 14.782174110
 -5.218053341 5.244768143 14.782174110
 -5.003687382 5.028246880 14.998107910
 -19.006607056 -0.000000629 14.002823830
 -19.279790878 0.111746773 14.118447304
 -19.470903397 0.355855942 14.197740555
 -18.803426743 3.977251291 6.273416042
 -18.797195435 -0.000000967 6.270659447
 -19.006607056 4.118221760 6.001396656
 -18.803426743 4.680347919 7.315811157
 -19.006607056 4.942944050 7.154135704
 -18.803426743 5.018980980 8.136833191
 -19.006607056 5.306258202 8.001152992
 -18.803426743 5.204752922 9.071044922
 -19.006607056 5.542953491 8.990453720
 -18.803426743 5.247022152 10.003220558
 -19.006193161 5.611283302 10.003216743
 -18.803426743 5.186116219 10.937431335
 -19.006607056 5.542953491 11.003497124
 -18.803426743 4.981313229 11.859001160
 -19.006607056 5.306258202 11.992798805
 -18.803426743 4.664699554 12.689125061
 -19.006607056 4.943678856 12.838128090
 -18.803426743 3.954031467 13.707399368
 -19.006607056 4.119838715 14.004016876
 -18.797195435 -0.000000661 13.272969246
 -18.803426743 3.731303453 13.259855270
 -19.006607056 3.594880581 12.999998093
 -18.803426743 4.268826008 12.461548805
 -19.006607056 4.015306950 12.306757927
 -18.803426743 4.591214657 11.687256813
 -19.006607056 4.320857525 11.559177399
 -18.803426743 4.787006855 10.853178024
 -19.006607056 4.506304741 10.784870148
 -18.803426743 4.860297203 10.003222466
 -19.006607056 4.568475246 9.999990463
 -18.803426743 4.797080994 9.157021523
 -19.006607056 4.506304741 9.209297180
 -18.803426743 4.591826916 8.324799538
 -19.006607056 4.320857525 8.434988022
 -18.803426743 4.279664516 7.524487495
 -19.006607056 4.015306950 7.687408924
 -18.803426743 3.751088142 6.703756809
 -19.006607056 3.594880581 6.999998569
 -18.797197342 -0.000000948 6.707921028
 -19.999992371 3.594881058 6.999998569
 -19.999996185 -0.000000935 6.999998569
 -19.999996185 -0.000000672 12.999998093
 -19.999992371 3.594881058 12.999998093
 -19.999992371 4.015307426 7.687409878
 -19.999992371 4.320858002 8.434989929
 -19.999996185 4.506305218 9.209297180
 -19.999992371 4.568475246 9.999990463
 -19.999992371 4.506305218 10.784870148
 -19.999996185 4.320858002 11.559177399
 -19.999996185 4.015307426 12.306757927
 -19.470903397 4.222515106 5.805231094
 -19.470903397 4.220898628 14.198070526
 -19.464529037 5.075122833 7.046093941
 -19.470903397 5.437703609 7.929096699
 -19.470903397 5.674398899 8.958710670
 -19.470903397 5.742730141 10.003101349
 -19.470903397 5.674398899 11.053785324
 -19.470903397 5.437703609 12.083402634
 -19.470901489 5.074389458 12.964936256
 -5.218721867 0.111741878 19.273551941
 -5.218721867 -0.000000469 19.273551941
 -14.782372475 0.111736342 19.273550034
 -14.782372475 -0.000000469 19.273550034
 -5.003688335 0.355850607 19.464525223
 -14.998443604 0.355844855 19.464525223
 -5.218053341 5.383499146 19.293657303
 -14.782486916 5.385375023 19.293653488
 -5.218053341 5.244766712 19.293657303
 -14.782486916 5.246642590 19.293653488
 -5.003688335 5.028245449 19.464525223
 -14.998467445 5.030121326 19.464525223
 -14.002825737 -0.000000411 18.999959946
 -14.117463112 0.111735687 19.273550034
 -14.197662354 0.355844080 19.464525223
 -5.885837555 0.111746773 19.273551941
 -5.885837555 -0.000000469 19.273551941
 -5.805056095 0.355855942 19.464525223
 -13.724714279 3.977249146 18.797195435
 -14.004017830 4.119836807 18.999959946
 -12.687407494 4.680345535 18.797195435
 -12.838131905 4.943676949 18.999959946
 -11.866385460 5.018979073 18.797195435
 -11.992800713 5.306256771 18.999961853
 -10.932174683 5.204750538 18.797195435
 -11.003499985 5.542952061 18.999961853
 -9.999999046 5.247020245 18.797195435
 -10.000001907 5.611281872 18.999961853
 -9.065786362 5.186114311 18.797193527
 -8.990455627 5.542952061 18.999958038
 -8.144217491 4.981311798 18.797193527
 -8.001155853 5.306256771 18.999961853
 -7.314093590 4.664697647 18.797195435
 -7.154138088 4.942941666 18.999961853
 -6.304097652 3.954029560 18.797195435
 -6.001399040 4.118220329 18.999959946
 -6.301145554 -0.000000420 18.797195435
 -6.726013660 -0.000000420 18.797195435
 -6.743364334 3.731301546 18.797195435
 -7.000001431 3.594878674 18.999959946
 -7.541670799 4.268823624 18.797195435
 -7.687412262 4.015304565 18.999958038
 -8.315963745 4.591213226 18.797193527
 -8.434991837 4.320856094 18.999958038
 -9.150041580 4.787004948 18.797193527
 -9.209299088 4.506303310 18.999958038
 -9.999995232 4.860295773 18.797193527
 -9.999993324 4.568473816 18.999958038
 -10.846196175 4.797079563 18.797195435
 -10.784872055 4.506303310 18.999961853
 -11.678419113 4.591824532 18.797195435
 -11.559179306 4.320856094 18.999961853
 -12.478731155 4.279663086 18.797195435
 -12.306758881 4.015304565 18.999961853
 -13.299462318 3.751086473 18.797195435
 -13.000001907 3.594878674 18.999959946
 -13.291883469 -0.000000420 18.797195435
 -13.000001907 3.594878435 19.999996185
 -13.000000000 -0.000000367 19.999996185
 -7.000001431 -0.000000367 19.999996185
 -7.000001431 3.594878435 19.999998093
 -12.306759834 4.015304089 19.999998093
 -11.559179306 4.320856094 19.999998093
 -10.784872055 4.506302834 19.999998093
 -9.999993324 4.568473339 19.999998093
 -9.209299088 4.506302834 19.999998093
 -8.434991837 4.320856094 19.999998093
 -7.687412262 4.015304089 19.999998093
 -14.197423935 4.222513199 19.464525223
 -5.805149555 4.220896721 19.464525223
 -12.953901291 5.075122833 19.464525223
 -12.074122429 5.437701702 19.464527130
 -11.044507980 5.674397469 19.464527130
 -10.000116348 5.742727757 19.464527130
 -8.949432373 5.674397469 19.464523315
 -7.919819355 5.437701702 19.464523315
 -7.038284779 5.074388027 19.464525223
 7.076879025 0.000004617 12.999993324
 13.075079918 0.000004355 12.998185158
 8.499999046 0.000004291 8.499998093
 -12.923111916 0.000005491 12.999998093
 -6.924918175 0.000005229 12.998191833
 -8.499997139 0.000005015 8.499996185
 13.073277473 0.000004355 6.999995708
 -12.924916267 0.000005491 7.001796722
 -5.927355766 0.000005185 14.001457214
 6.073606014 0.000004661 13.997555733
 14.075798988 0.000004311 14.001470566
 14.074964523 0.000004311 6.002432823
 -13.636994362 0.000005522 13.709946632
 -13.651037216 0.000005523 6.277957439
 19.464523315 6.424664021 6.383693695
 -19.470983505 6.424666405 6.383687019
 19.464523315 6.425599575 13.607480049
 19.464523315 6.886401176 12.533150673
 19.464523315 7.187216759 11.275850296
 19.464523315 7.500002384 10.000017166
 19.464523315 7.187216759 8.717472076
 19.464523315 6.886401176 7.460169792
 6.392514706 6.425599575 19.464527130
 7.466844082 6.886401176 19.464527130
 8.724146843 7.187216759 19.464527130
 10.000012398 7.500002861 19.470983505
 11.282525063 7.187216759 19.464529037
 12.539827347 6.886401176 19.464529037
 13.607473373 6.425601959 19.470985413
 -19.470985413 6.886403561 7.460162640
 -19.464529037 7.187216759 8.724146843
 -19.464527130 7.500003815 9.999975204
 -19.464527130 7.187216759 11.282524109
 -19.470985413 6.886403561 12.533145905
 -19.464529037 6.424664021 13.616302490
 -13.607478142 6.425599575 19.464525223
 -12.533147812 6.886401176 19.464525223
 -11.275846481 7.187216759 19.464527130
 -10.000020027 7.500003815 19.464523315
 -8.717468262 7.187216759 19.464523315
 -7.460165977 6.886401176 19.464525223
 -6.383690834 6.424664021 19.464525223
 -8.717466354 7.187219143 11.282041550
 -7.460165501 6.886403561 12.540447235
 -6.383688927 6.424666405 13.605682373
 8.724151611 7.187219143 11.282045364
 7.466847897 6.886403561 12.540450096
 6.392518044 6.425601959 13.605683327
 11.282045364 7.187219143 11.275840759
 12.540450096 6.886403561 12.533144951
 13.605682373 6.425601959 13.607474327
 11.282045364 7.187219143 8.717462540
 12.540451050 6.886403561 7.460162640
 13.605685234 6.424666405 6.383685112
 -13.605687141 6.424666405 13.616305351
 -12.540452957 6.886403561 12.539831161
 -11.282049179 7.187219143 11.282527924
 -13.605685234 6.425601959 6.392517567
 -12.540452003 6.886403561 7.466847897
 -11.282048225 7.187218189 8.724150658
