503
 -9.002887726 -3.759365559 -15.593405724
 -9.347590446 -3.600000858 -15.955482483
 -9.002899170 -3.600000858 -15.593416214
 -7.925953865 -4.039203167 -10.329257011
 -8.753750801 -4.039203167 -11.408063889
 -7.800948620 -4.226855755 -10.852907181
 -8.977234840 -3.452748537 -9.584176064
 -10.491735458 -3.666293621 -11.963477135
 -8.614452362 -3.666293621 -9.822847366
 -10.984761238 -3.530768156 -12.013388634
 -13.726778984 -3.452748537 -14.654844284
 -11.243791580 -3.666293621 -12.821031570
 -13.232299805 -3.666293621 -15.088491440
 -9.679574013 -3.079838276 -9.066491127
 -9.798252106 -2.866293430 -8.592782974
 -15.088542938 -2.866293430 -13.232239723
 -14.654902458 -3.079838276 -13.726717949
 -6.035851479 -5.664084911 -14.722396851
 -6.807283878 -5.479838848 -15.025322914
 -6.917465210 -5.484352112 -15.385460854
 -8.360066414 -5.315862179 -18.266736984
 -7.832019329 -5.486525059 -17.460412979
 -7.211836338 -5.634555340 -17.499612808
 -7.696490765 -5.639202595 -18.580919266
 -5.481516838 -6.066292763 -16.147947311
 -5.028010368 -6.279837608 -16.577135086
 -4.861117840 -6.279837608 -16.026895523
 -6.116366386 -6.181008339 -19.117300034
 -5.400077343 -6.279837608 -17.803831100
 -8.769371033 -4.466292381 -13.124232292
 -10.602800369 -4.679838181 -17.051963806
 -8.036460876 -4.679838181 -12.924630165
 -11.149648666 -4.466292381 -16.686569214
 -9.756430626 -3.879838705 -11.889039993
 -8.254955292 -3.879838705 -10.059354782
 -4.832179070 -6.346171856 -16.762466431
 -4.685309410 -6.365670204 -16.483093262
 -5.205347538 -6.439201832 -19.426549911
 -4.685309410 -6.439201832 -17.485736847
 -9.002882957 -4.839202881 -15.593399048
 -8.164427757 -4.950419426 -14.712681770
 -7.703988552 -4.892614841 -13.590375900
 -8.876227379 -5.266291618 -17.999141693
 -8.232269287 -5.052748203 -15.400131226
 -9.466088295 -5.052748203 -17.708244324
 -7.703565598 -5.266291618 -15.621223450
 -7.634639263 -5.181708813 -14.982562065
 -10.127634048 -2.279838324 -7.257845402
 -10.230867386 -2.066293478 -6.835997105
 -16.686614990 -2.066293478 -11.149583817
 -16.321224213 -2.279838324 -11.696433067
 -10.331666946 -0.559366524 -6.424099445
 -10.546869278 -0.559366524 -6.089196205
 -10.331666946 -0.772911429 -6.424099445
 -12.715597153 -3.887002230 -15.541631699
 -12.715597153 -2.803583145 -15.541631699
 -12.243343353 -2.959366083 -15.955785751
 -12.243343353 -4.039203167 -15.955785751
 -17.708282471 -1.479839087 -9.466018677
 -17.417394638 -1.639203787 -10.055888176
 -10.546870232 -1.639203787 -6.089197636
 -10.723016739 -1.479839087 -5.732005596
 -17.999170303 -1.266294241 -8.876152992
 -10.899156570 -1.266294241 -5.374821663
 -18.580919266 -1.129962444 -7.696461201
 -11.151377678 -1.070312023 -4.487278938
 -10.723014832 -0.400002033 -5.732004642
 -17.708282471 -0.400002033 -9.466018677
 -17.417394638 -0.559366524 -10.055888176
 -17.999170303 -0.186457142 -8.876152992
 -10.899155617 -0.186457142 -5.374820709
 -18.580919266 -0.000002570 -7.696463585
 -11.151376724 0.059648011 -4.487279892
 -10.546874046 -0.400002033 -6.089188576
 -17.417398453 -0.400002033 -10.055884361
 -17.708282471 -0.186457142 -9.466018677
 -10.723014832 -0.186457142 -5.732004642
 -17.999170303 0.027087778 -8.876152992
 -10.899155617 0.027087778 -5.374820709
 -10.021874428 -2.439203739 -7.690011501
 -15.955830574 -2.439203739 -12.243288040
 -17.052005768 -1.852748513 -10.602731705
 -10.336618423 -1.842127442 -6.403864861
 -16.321224213 -1.200001240 -11.696433067
 -15.955830574 -1.359365821 -12.243288040
 -16.686614990 -0.986456335 -11.149583817
 -17.052005768 -0.772911429 -10.602731705
 -15.955832481 -1.200001240 -12.243284225
 -16.321224213 -0.986456335 -11.696433067
 -17.052005768 -0.559366524 -10.602731705
 -16.686614990 -0.772911429 -11.149583817
 -14.221249580 -3.239203691 -14.221200943
 -9.343354225 -3.239203691 -9.343311310
 -9.914418221 -2.628771544 -8.129119873
 -15.522186279 -2.652748346 -12.737758636
 -14.654902458 -2.000001192 -13.726717949
 -14.221249580 -2.159365654 -14.221200943
 -15.088542938 -1.786456227 -13.232239723
 -15.522186279 -1.572911501 -12.737758636
 -14.221257210 -2.000001192 -14.221200943
 -14.654902458 -1.786456227 -13.726717949
 -15.522186279 -1.359366655 -12.737758636
 -15.088542938 -1.572911501 -13.232239723
 -11.661975861 -3.948404312 -14.635682106
 -10.623250961 -4.039203167 -13.844443321
 -11.619204521 -3.850570679 -13.991547585
 -13.232299805 -2.586456537 -15.088491440
 -13.726778984 -2.372911453 -14.654844284
 -12.243349075 -2.800000668 -15.955784798
 -12.790990829 -2.586456537 -15.475511551
 -13.726778984 -2.159366369 -14.654844284
 -13.232299805 -2.372911453 -15.088491440
 -9.347594261 -4.815283775 -15.955483437
 -10.055946350 -4.839202881 -17.417356491
 -11.696496964 -4.252748013 -16.321172714
 -10.342798233 -4.070251942 -13.630806923
 -9.596199989 -4.252748013 -13.390436172
 -10.602800369 -3.600000381 -17.051963806
 -10.055946350 -3.759365082 -17.417356491
 -11.149648666 -3.386455059 -16.686569214
 -11.696496964 -3.172910213 -16.321172714
 -10.055955887 -3.600000858 -17.417358398
 -10.602800369 -3.386455774 -17.051963806
 -11.696496964 -2.959366083 -16.321172714
 -11.149648666 -3.172910690 -16.686569214
 -8.286360741 -4.400000572 -18.290027618
 -7.696492672 -4.559364319 -18.580921173
 -8.876222610 -4.186455250 -17.999135971
 -9.466088295 -3.972910643 -17.708244324
 -7.696497917 -4.400001049 -18.580921173
 -8.286360741 -4.186455727 -18.290027618
 -9.466088295 -3.759365559 -17.708244324
 -8.876222610 -3.972911119 -17.999135971
 -5.828139305 -5.199999809 -19.215141296
 -5.205347538 -5.359364510 -19.426549911
 -5.205351830 -5.199999809 -19.426551819
 -6.116366386 -4.986455441 -19.117300034
 -4.685309410 -6.521982193 -18.318557739
 -4.685309410 -6.611362457 -19.529989243
 -4.685309410 -6.402092457 -19.529989243
 -4.685309410 -5.531524658 -19.529989243
 -4.685309410 -5.359364510 -19.529989243
 -11.663435936 -1.070311546 -2.978808880
 -19.426544189 -1.129962087 -5.205318451
 -11.663434029 0.059648309 -2.978810072
 -19.426544189 -0.000002272 -5.205319881
 -8.614452362 -2.372911453 -9.822847366
 -8.614452362 -2.586456537 -9.822847366
 -10.491735458 -2.586456537 -11.963477135
 -10.491735458 -2.372911453 -11.963477135
 -9.913002014 -1.572911501 -8.134763718
 -9.798252106 -1.572911501 -8.592783928
 -9.798252106 -1.786456227 -8.592782974
 -9.679574966 -1.786456227 -9.066492081
 -9.679573059 -2.000001192 -9.066492081
 -5.481514931 -4.986455441 -16.147947311
 -5.481514931 -4.772910595 -16.147947311
 -4.861119747 -4.986455441 -16.026895523
 -5.028012276 -4.986455441 -16.577135086
 -5.028012276 -5.199999809 -16.577135086
 -4.861119747 -5.199999809 -16.026895523
 -8.753750801 -2.959366083 -11.408063889
 -7.925953865 -2.959366083 -10.329257011
 -7.800948620 -2.959366083 -10.852908134
 -8.769371033 -3.172910690 -13.124232292
 -8.769370079 -3.386455774 -13.124231339
 -6.035854816 -4.559366226 -14.722397804
 -6.126481056 -4.400000572 -14.790559769
 -7.247668266 -4.400001049 -17.497348785
 -7.832021236 -4.400000572 -17.460412979
 -6.916066170 -4.400000572 -15.384411812
 -6.807283878 -4.400000572 -15.025322914
 -9.756430626 -2.586456537 -11.889039993
 -8.254955292 -2.586456537 -10.059354782
 -8.753767967 -2.800000668 -11.408075333
 -7.925956249 -2.800000668 -10.329247475
 -4.685309410 -5.199999809 -16.877752304
 -4.685309410 -5.199999809 -17.485721588
 -4.685309410 -5.199999809 -16.579700470
 -5.400078773 -5.199999809 -17.803831100
 -4.685309410 -5.359364510 -17.485736847
 -4.685309410 -5.359364510 -18.318557739
 -7.770061493 -3.600001097 -13.458074570
 -7.770056248 -3.759365559 -13.458082199
 -7.703565598 -3.972911119 -15.621222496
 -8.232265472 -3.972910643 -15.400128365
 -7.634639263 -3.972911119 -14.982562065
 -8.164431572 -3.759365559 -14.712683678
 -9.913709641 -1.359366655 -8.131940842
 -10.230866432 -0.772911429 -6.835997105
 -10.230867386 -0.986456335 -6.835997581
 -10.127634048 -1.200001240 -7.257844448
 -10.021876335 -1.200001121 -7.690003395
 -9.756433487 -2.800001383 -11.889039993
 -8.254955292 -2.800001383 -10.059354782
 -10.127634048 -0.986456335 -7.257844448
 -10.021875381 -1.359365821 -7.690012455
 -9.343361855 -2.000001192 -9.343305588
 -9.343357086 -2.159365654 -9.343311310
 -8.977234840 -2.159366369 -9.584176064
 -8.977234840 -2.372911453 -9.584176064
 -11.243791580 -2.372911453 -12.821031570
 -11.243791580 -2.586456537 -12.821031570
 -10.984760284 -2.372911453 -12.013390541
 -11.619203568 -2.586456537 -13.991548538
 -10.623269081 -2.800000668 -13.844455719
 -10.623253822 -2.966407776 -13.844445229
 -11.661977768 -2.800000668 -14.635682106
 -9.596199989 -2.959366083 -13.390436172
 -9.596200943 -3.172910213 -13.390435219
 -8.036460876 -3.386455774 -12.924630165
 -8.036460876 -3.600000858 -12.924630165
 -9.157198906 -3.759365559 -15.860680580
 -10.342794418 -2.959366083 -13.630805969
 -8.232265472 -3.759365559 -15.400128365
 -7.703565598 -4.186455250 -15.621223450
 -6.807281971 -4.186455727 -15.025322914
 -7.247663021 -4.559365749 -17.497348785
 -5.400078773 -4.986455441 -17.803831100
 -5.028010368 -5.635421276 -16.577136993
 -5.481516361 -5.421875954 -16.147949219
 -4.861117363 -5.635421276 -16.026897430
 -5.400078773 -5.635421276 -17.803831100
 -4.685309410 -5.450961113 -16.027412415
 -4.835587502 -5.706677437 -16.759243011
 -4.685309410 -6.056653976 -16.027410507
 -6.035853386 -5.007050991 -14.722399712
 -6.917466640 -4.827317238 -15.385464668
 -6.807284355 -4.834189892 -15.025328636
 -7.832021236 -4.829490185 -17.460414886
 -7.211836815 -4.977521420 -17.499614716
 -7.490128517 -5.052928448 -18.650968552
 -7.719493866 -4.835203171 -15.633862495
 -7.634638786 -4.108913422 -14.982564926
 -10.984764099 -2.950302124 -12.013390541
 -11.243792534 -3.229937077 -12.821033478
 -8.769372940 -4.029936790 -13.124232292
 -8.036462784 -4.243482113 -12.924631119
 -7.703989029 -4.456258774 -13.590376854
 -8.164428711 -4.514063835 -14.712683678
 -9.002883911 -4.402846813 -15.593402863
 -8.232270241 -4.616391182 -15.400132179
 -7.634639263 -4.745352745 -14.982563972
 -12.715597153 -3.450646162 -15.541634560
 -11.661976814 -3.512048483 -14.635685921
 -10.623251915 -3.602847099 -13.844443321
 -11.619206429 -3.414214134 -13.991548538
 -9.347594261 -4.378927231 -15.955485344
 -10.342799187 -3.633895874 -13.630808830
 -9.596201897 -3.816392183 -13.390438080
 -7.925956249 -3.458736897 -10.329260826
 -7.800952435 -3.646389246 -10.852909088
 -8.753752708 -3.458736897 -11.408066750
 -8.977237701 -2.872282505 -9.584177971
 -8.614455223 -3.085827589 -9.822849274
 -10.491738319 -3.085827589 -11.963479996
 -9.798254013 -2.285827398 -8.592785835
 -9.679575920 -2.499372244 -9.066493988
 -9.756433487 -3.299372911 -11.889041901
 -8.254958153 -3.299372911 -10.059358597
 -10.230871201 -1.485827327 -6.835999489
 -10.127636909 -1.699372053 -7.257847309
 -10.021876335 -1.858737588 -7.690014362
 -9.343357086 -2.658737421 -9.343314171
 -9.914421082 -2.048305273 -8.129121780
 1.226113081 -8.679836273 -12.444658279
 0.812257588 -8.466291428 -12.392939568
 1.312550187 -8.466291428 -20.025821686
 1.968831539 -8.679836273 -19.982807159
 3.713458061 -9.639201164 -13.858840942
 3.132454157 -9.479837418 -13.432311058
 4.560269356 -9.479835510 -19.554868698
 5.205328941 -9.639201164 -19.426557541
 -2.580561638 -7.116661072 -16.433540344
 -3.270196438 -7.079836845 -19.811479568
 -2.182367563 -7.239202499 -16.576622009
 -2.625135899 -7.239202499 -19.939786911
 -1.111722350 -7.666290760 -16.961332321
 -1.312578082 -7.666290760 -20.025817871
 -0.656295598 -7.879835606 -20.068834305
 -0.474284887 -7.879837036 -14.502861977
 -0.919170380 -7.666290760 -14.023529053
 -1.652034879 -7.452746868 -16.767183304
 -1.968860507 -7.452746868 -19.982799530
 -1.571950197 -7.452747345 -15.954374313
 -1.866526842 -7.239202499 -14.177559853
 -1.997151017 -7.239202499 -15.169754028
 -1.544373512 -7.342691898 -13.349919319
 -1.337319732 -7.452747345 -13.573003769
 -4.446121216 -6.397426128 -16.028114319
 -3.863821268 -6.652747631 -16.568296432
 -3.410068512 -6.862190723 -16.989233017
 -3.915246964 -6.866291523 -19.683166504
 -3.138081074 -6.866291523 -15.776077271
 -4.150712490 -6.439201832 -15.490592957
 -3.752193689 -6.553287506 -15.051872253
 -3.850257158 -6.439202309 -14.369277954
 -3.562383175 -6.652747631 -15.275711060
 -3.785044432 -6.652747631 -16.230497360
 3.906241417 -10.066290855 -11.507461548
 4.491917610 -10.002349854 -13.635134697
 6.450898647 -10.066290855 -19.003744125
 4.408824921 -9.852746010 -14.535807610
 5.828109264 -9.852746010 -19.215150833
 3.865020037 -9.852746010 -12.742900848
 3.529127836 -9.852746010 -11.635474205
 3.172083855 -9.650568962 -11.756673813
 5.896027565 -11.070311546 -10.495039940
 10.055912018 -11.129961967 -17.417360306
 10.055925369 -9.999999046 -17.417373657
 5.896028042 -9.940350533 -10.495037079
 -4.302353859 -6.369143963 -15.183753014
 -3.959371328 -6.329528809 -13.609749794
 -2.145895720 -7.178400993 -14.895280838
 -3.270196438 -5.999999523 -19.811479568
 -2.625135899 -6.159364700 -19.939786911
 -3.915246964 -5.786454678 -19.683166504
 -2.625141859 -6.000000000 -19.939790726
 -3.270196438 -5.786455154 -19.811479568
 -3.915246964 -5.572910309 -19.683166504
 -0.000011577 -8.039200783 -15.013860703
 -0.000008390 -8.039200783 -20.111846924
 -0.656295598 -6.799999237 -20.068834305
 -0.000008390 -6.959364414 -20.111846924
 -1.312578082 -6.586453915 -20.025817871
 -1.968860507 -6.372909546 -19.982799530
 -0.000012690 -6.799999237 -20.111852646
 -0.656295598 -6.586453915 -20.068834305
 -1.968860507 -6.159364700 -19.982799530
 -1.312578082 -6.372909546 -20.025817871
 1.645254731 -8.839201927 -12.497039795
 2.625118732 -8.839200020 -19.939790726
 0.656267345 -8.252746582 -20.068834305
 0.229656115 -8.146245003 -14.020484924
 0.403586000 -8.252746582 -12.341866493
 -0.000011690 -8.039200783 -12.431828499
 1.968831539 -7.599998951 -19.982807159
 2.625118732 -7.759363651 -19.939790726
 1.312550187 -7.386454105 -20.025821686
 0.656267345 -7.172909260 -20.068834305
 2.625112772 -7.599998951 -19.939794540
 1.968831539 -7.386454105 -19.982807159
 0.656267345 -6.959364414 -20.068834305
 1.312550187 -7.172909260 -20.025821686
 3.915217638 -9.266290665 -19.683174133
 2.593070507 -9.266290665 -13.036336899
 1.902193308 -8.963628769 -12.529148102
 3.270162582 -9.052746773 -19.811481476
 4.560269356 -8.399997711 -19.554868698
 5.205328941 -8.559363365 -19.426557541
 3.915217638 -8.186453819 -19.683174133
 3.270162582 -7.972908497 -19.811481476
 5.205324173 -8.399997711 -19.426561356
 4.560269356 -8.186453819 -19.554868698
 3.270162582 -7.759363651 -19.811481476
 3.915217638 -7.972908497 -19.683174133
 7.073683739 -10.279834747 -18.792335510
 7.696475983 -10.439200401 -18.580924988
 4.660488129 -10.439200401 -11.251429558
 4.283359528 -10.279834747 -11.379447937
 4.326188564 -9.714820862 -15.431533813
 4.660487652 -9.359363556 -11.251428604
 4.283359528 -9.199998856 -11.379446983
 7.073683739 -9.199998856 -18.792335510
 7.696475983 -9.359363556 -18.580924988
 6.450898647 -8.986454010 -19.003744125
 3.906240463 -8.986454010 -11.507460594
 3.529126644 -8.772908211 -11.635473251
 3.172082663 -8.570732117 -11.756672859
 5.828109264 -8.772908211 -19.215150833
 4.660478115 -9.199998856 -11.251431465
 7.696471691 -9.199998856 -18.580930710
 7.073683739 -8.986454010 -18.792335510
 4.283359528 -8.986454010 -11.379446983
 3.529126644 -8.559363365 -11.635473251
 5.828109264 -8.559363365 -19.215150833
 6.450898647 -8.772908211 -19.003744125
 3.906240463 -8.772908211 -11.507460594
 9.466063499 -11.079835892 -17.708261490
 5.679068089 -11.079835892 -10.671772003
 8.876197815 -10.866291046 -17.999147415
 5.374849796 -10.866291046 -10.899144173
 8.286332130 -10.652745247 -18.290037155
 5.017671108 -10.652745247 -11.075285912
 5.732031822 -9.945864677 -10.723001480
 9.466063499 -9.999999046 -17.708261490
 8.876197815 -9.786453247 -17.999147415
 5.374849319 -9.786453247 -10.899142265
 5.017670631 -9.572909355 -11.075284004
 8.286332130 -9.572909355 -18.290037155
 9.466063499 -9.786453247 -17.708261490
 5.732031822 -9.786453247 -10.723001480
 5.017670631 -9.359363556 -11.075284004
 8.286332130 -9.359363556 -18.290037155
 8.876197815 -9.572909355 -17.999147415
 5.374849319 -9.572909355 -10.899142265
 0.403584808 -6.959364414 -12.341864586
 0.229655460 -6.959364414 -14.020482063
 -0.000013377 -6.954274654 -12.431821823
 -3.138079882 -5.572910309 -15.776075363
 -3.410070181 -5.572910309 -16.989231110
 -3.785044909 -5.572909832 -16.230495453
 -3.562384844 -5.572909832 -15.275709152
 -1.005593300 -6.586454868 -16.999467850
 -1.102503538 -6.586453915 -16.820640564
 -0.919172585 -6.586453915 -14.023527145
 0.403584808 -7.172909260 -12.341864586
 0.812258065 -7.172909260 -12.392937660
 0.812257290 -7.386454105 -12.392937660
 1.226113439 -7.599998951 -12.444656372
 1.645245552 -7.599998951 -12.497035980
 2.090984106 -7.759363651 -12.667742729
 2.090983391 -7.972909927 -12.667742729
 3.132454157 -8.186454773 -13.432311058
 3.132454872 -8.399997711 -13.432311058
 2.593069553 -8.186454773 -13.036336899
 -3.138079882 -5.786454678 -15.776075363
 -0.919172347 -6.372910023 -14.023527145
 -1.102501869 -6.372909546 -16.820640564
 -0.474285245 -6.586453915 -14.502859116
 -0.474285245 -6.799999237 -14.502859116
 -2.182374954 -5.999999523 -16.576618195
 -2.580561638 -5.999999523 -16.433540344
 -2.182367563 -6.159364700 -16.576622009
 -1.652034879 -6.372909546 -16.767183304
 -1.652034879 -6.159364700 -16.767183304
 -4.324882030 -5.199999809 -16.140584946
 -4.324878216 -5.359364510 -16.140586853
 -3.863821268 -5.359364510 -16.568296432
 -3.863821268 -5.572909832 -16.568296432
 -3.850258827 -5.199999809 -14.369259834
 -4.150715828 -5.199999809 -15.490584373
 -4.302354813 -5.199999809 -15.183755875
 -3.959370136 -5.199999809 -13.609748840
 -3.785044432 -5.359364510 -16.230497360
 -3.562383175 -5.359364510 -15.275711060
 3.865017414 -8.559363365 -12.742896080
 4.408823490 -8.559363365 -14.535809517
 4.408823490 -8.772908211 -14.535809517
 -3.850257158 -5.359364510 -14.369277954
 -4.150712490 -5.359364510 -15.490592957
 -2.691102266 -5.786455154 -16.303182602
 -1.866540194 -5.999999523 -14.177591324
 -1.866526365 -6.159364700 -14.177554131
 -1.997151017 -6.159364700 -15.169754028
 -1.997158051 -5.999999523 -15.169739723
 -3.752194405 -5.359365463 -15.051874161
 -2.145895720 -5.999999523 -14.895279884
 -1.571950674 -6.159364700 -15.954373360
 -1.337320089 -6.159364700 -13.573001862
 -1.337320089 -6.372910023 -13.573001862
 -1.571950674 -6.372909546 -15.954373360
 -0.000019672 -6.799999237 -15.013848305
 -0.000010734 -6.965475082 -15.013863564
 -1.544373989 -6.159364700 -13.349917412
 1.226112843 -7.386454105 -12.444657326
 1.645254135 -7.750797749 -12.497036934
 2.593070507 -7.972909927 -13.036336899
 3.713447571 -8.399997711 -13.858834267
 3.713456631 -8.559363365 -13.858839035
 3.865017414 -8.772908211 -12.742896080
 4.491916180 -8.772908211 -13.635134697
 4.326187134 -8.559363365 -15.431534767
 0.812257290 -7.825584412 -12.392940521
 1.226112723 -8.039128304 -12.444660187
 3.132454395 -8.839130402 -13.432312965
 3.713458538 -8.998493195 -13.858841896
 -1.111722350 -7.021875381 -16.961332321
 -0.919169903 -7.025584221 -14.023530960
 -0.474284440 -7.239129543 -14.502862930
 -1.571949720 -6.812039375 -15.954376221
 -1.997150540 -6.598495007 -15.169754982
 -1.866528153 -6.598495007 -14.177562714
 -1.544373155 -6.701985359 -13.349920273
 -1.337319255 -6.812039375 -13.573004723
 4.408824921 -9.212038040 -14.535809517
 4.491917133 -9.361641884 -13.635137558
 3.865020514 -9.212038040 -12.742902756
 3.172083139 -9.009861946 -11.756675720
 -2.145896673 -6.537693501 -14.895282745
 -0.000011155 -7.398494244 -15.013861656
 1.645254254 -8.198493958 -12.497041702
 0.229656518 -7.505537987 -14.020485878
 -0.000011268 -7.398494244 -12.431830406
 0.403585672 -7.612039089 -12.341867447
 2.593070030 -8.625583649 -13.036338806
 1.902193069 -8.322921753 -12.529150009
 4.326188564 -9.074113846 -15.431534767
 -3.752193928 -5.483195305 -15.051877975
 -2.580561161 -6.472244740 -16.433540344
 -2.182367086 -6.594786167 -16.576622009
 -1.652034521 -6.808329582 -16.767185211
 -4.446119785 -5.753008842 -16.028114319
 -3.863820791 -6.008330345 -16.568298340
 -3.410067797 -6.217774868 -16.989234924
 -3.850257158 -5.794786930 -14.369277954
 -3.752192736 -5.908871174 -15.051874161
 -3.562382936 -6.008330822 -15.275712967
 -3.785043478 -6.008330345 -16.230499268
 -4.150712013 -5.794785976 -15.490593910
 -3.138080835 -6.221875191 -15.776078224
 -4.302353382 -5.724728107 -15.183754921
 -3.959371328 -5.685112476 -13.609751701
