327
 -5.416145325 6.069660187 0.000001526
 -4.641837597 6.255106926 0.000001526
 -4.641837597 7.296805382 0.000001526
 -5.416145325 7.111358643 0.000001526
 -8.998902321 5.993880749 -0.525374472
 -8.784450531 6.349135399 -0.696242332
 -8.998901367 6.349135399 -0.525374472
 -8.784450531 6.210402966 -0.696242332
 9.001093864 5.993969440 -0.525454581
 8.784996033 6.349223614 -0.696322501
 8.784996033 6.210491657 -0.696322501
 8.999997139 6.342160702 -0.535470486
 8.999997139 5.993880749 -19.470985413
 8.785545349 6.349135399 -19.300115585
 8.785545349 6.210402966 -19.300115585
 8.999997139 6.349135399 -19.470985413
 -8.783899307 6.349223614 -19.300033569
 -8.999999046 6.342162132 -19.470901489
 -8.783899307 6.210491657 -19.300033569
 -8.999999046 5.993969440 -19.470901489
 -7.859792233 0.000000394 -1.000037193
 -7.974430561 0.111738943 -0.726444900
 -8.054629326 0.355847478 -0.535470486
 8.045783043 0.111750014 -0.726444125
 8.045783043 0.000000348 -0.726444125
 8.126564980 0.355859280 -0.535470486
 -4.002824783 0.000001181 -19.006608963
 -4.118448734 0.111750133 -19.279788971
 -4.197742939 0.355859280 -19.470903397
 4.114423275 0.111738943 -19.279790878
 4.194440842 0.355847478 -19.470903397
 3.997561932 0.000001181 -19.006607056
 -8.783782959 0.111745238 -19.280195236
 -8.783782959 0.000001159 -19.280193329
 8.784876823 0.111739524 -19.280193329
 8.784876823 0.000001159 -19.280193329
 8.784876823 0.111745238 -0.726444125
 8.784876823 0.000000348 -0.726444125
 -8.783782959 0.111739703 -0.726444900
 -8.783782959 0.000000348 -0.726444900
 -8.999997139 0.355853975 -19.470985413
 8.999997139 0.355848223 -19.470985413
 8.999997139 0.355853975 -0.535470486
 -8.999997139 0.355848223 -0.535470486
 3.726581097 3.977254868 -18.803428650
 3.726112127 0.000001172 -18.803428650
 3.998601437 4.118225574 -19.006607056
 2.684186459 4.680350780 -18.803428650
 2.845862389 4.942946911 -19.006607056
 1.863164544 5.018984795 -18.803428650
 1.998844743 5.306262016 -19.006607056
 0.928952754 5.204755783 -18.803428650
 1.009544015 5.542957306 -19.006607056
 -0.003222618 5.247025490 -18.803428650
 -0.003219449 5.611287117 -19.006193161
 -0.937434852 5.186119556 -18.803428650
 -1.003500223 5.542957306 -19.006607056
 -1.859004736 4.981316566 -18.803428650
 -1.992800713 5.306262016 -19.006607056
 -2.689128160 4.664703369 -18.803428650
 -2.838130713 4.943682671 -19.006607056
 -3.699124098 3.954035044 -18.803426743
 -4.004018307 4.119842052 -19.006607056
 -3.702076197 0.000001172 -18.803426743
 -3.259313345 0.000001172 -18.803426743
 -3.000000477 0.000001181 -19.006607056
 -3.259857416 3.731306791 -18.803426743
 -3.000000954 3.594884396 -19.006607056
 -2.461551189 4.268828869 -18.803428650
 -2.306758642 4.015310287 -19.006607056
 -1.687258124 4.591218472 -18.803428650
 -1.559179068 4.320861816 -19.006607056
 -0.853180468 4.787010193 -18.803428650
 -0.784871936 4.506308556 -19.006607056
 -0.003226029 4.860301018 -18.803428650
 0.000007454 4.568479061 -19.006607056
 0.842975318 4.797084808 -18.803428650
 0.790701449 4.506308556 -19.006607056
 1.675197005 4.591829777 -18.803428650
 1.565008879 4.320861816 -19.006607056
 2.475509644 4.279668331 -18.803428650
 2.312588453 4.015310287 -19.006607056
 3.296241045 3.751091957 -18.803428650
 2.999999523 3.594884396 -19.006607056
 3.296605587 0.000001172 -18.803428650
 2.999999523 0.000001181 -19.006607056
 2.999999523 3.594884634 -19.999994278
 2.999999523 0.000001225 -19.999996185
 -3.000000477 0.000001225 -19.999996185
 -3.000000477 3.594884634 -19.999994278
 2.312588215 4.015310764 -19.999994278
 1.565008879 4.320861816 -19.999994278
 0.790701509 4.506309032 -19.999996185
 0.000007541 4.568479538 -19.999994278
 -0.784871876 4.506309032 -19.999994278
 -1.559179187 4.320861816 -19.999996185
 -2.306758642 4.015310764 -19.999996185
 4.194766998 4.222518444 -19.470903397
 -4.198072433 4.220901966 -19.470901489
 2.950677872 5.075128078 -19.470903397
 2.070901394 5.437706947 -19.470903397
 1.041286826 5.674402237 -19.470903397
 -0.003104107 5.742733479 -19.470903397
 -1.053788900 5.674402237 -19.470903397
 -2.083403587 5.437706947 -19.470903397
 -2.964937210 5.074392796 -19.470901489
 -7.586769104 5.726052284 -1.202801228
 -7.586300373 0.000000403 -1.202802062
 -7.860984802 5.868639946 -1.000036359
 -6.544374943 6.429148674 -1.202801228
 -6.695097446 6.692481041 -1.000036359
 -5.723352432 6.767782688 -1.202801228
 -5.849768162 7.055059910 -1.000036359
 -4.789140224 6.953553677 -1.202801228
 -4.860467434 7.291755676 -1.000036359
 -0.000000086 6.995823383 -1.202801228
 -0.000003317 7.360084534 -1.000036359
 4.865833759 6.934917927 -1.202801228
 4.941164017 7.291755676 -1.000036359
 5.787404060 6.730114460 -1.202801228
 5.930464745 7.055059910 -1.000035644
 6.617527008 6.413500786 -1.202801228
 6.777482510 6.691745281 -1.000035644
 7.627522945 5.702832699 -1.202801228
 7.930221558 5.867023468 -1.000036359
 7.630474567 0.000000403 -1.202801228
 7.187712193 0.000000403 -1.202801228
 6.931619167 0.000000394 -1.000037193
 7.188256741 5.480104446 -1.202801228
 6.931619167 5.343681812 -1.000036359
 6.389949799 6.017627239 -1.202801228
 6.244208813 5.764108181 -1.000036359
 5.615656853 6.340016365 -1.202801228
 5.496628761 6.069659233 -1.000036359
 4.781579971 6.535809517 -1.202801228
 4.722321987 6.255106449 -1.000036359
 0.000003323 6.609098911 -1.202801228
 0.000005880 6.317276955 -1.000036359
 -4.703163147 6.545883179 -1.202801228
 -4.641839027 6.255106449 -1.000036359
 -5.535385132 6.340628624 -1.202801228
 -5.416146278 6.069659233 -1.000036359
 -6.335698605 6.028466225 -1.202801228
 -6.163726330 5.764108181 -1.000036359
 -7.156429768 5.499889374 -1.202801228
 -6.856967926 5.343681812 -1.000036359
 -7.156794548 0.000000403 -1.202802062
 -6.856966972 0.000000394 -1.000037193
 -6.856966972 5.343682766 0.000001526
 -6.856966972 0.000000351 0.000000763
 6.931620598 0.000000351 0.000000763
 6.931620598 5.343682766 0.000001526
 -6.163725853 5.764109135 0.000001526
 0.000006667 6.317277431 0.000001526
 4.722322464 6.255106926 0.000001526
 5.496629238 6.069660187 0.000001526
 6.244209290 5.764109135 0.000001526
 -8.054390907 5.971316338 -0.535470486
 8.126470566 5.969700336 -0.535470486
 -6.810866356 6.823925495 -0.535470486
 -5.931089878 7.186504841 -0.535470486
 -4.901475430 7.423201084 -0.535470486
 -0.000118801 7.491531849 -0.535470486
 4.982187748 7.423201084 -0.535470486
 6.011802673 7.186504841 -0.535470486
 6.893336296 6.823190212 -0.535470486
 -7.994491100 8.499209404 -0.529925406
 8.026100159 8.508082390 -0.529925406
 7.994490623 8.499209404 -18.413215637
 -7.994492054 8.499209404 -18.413141251
 8.999997139 5.993880749 0.529010653
 8.785545349 6.349135399 0.699880004
 8.999997139 6.349135399 0.529010653
 8.785545349 6.210402966 0.699880004
 -8.999999046 6.342162132 0.529093802
 -8.783899307 6.210491657 0.699961662
 -8.999999046 5.993969440 0.529093802
 -8.783899307 6.349223614 0.699961662
 8.784996033 6.349223614 19.303672791
 -8.784450531 6.349135399 19.303752899
 -8.998901367 6.349135399 19.474620819
 8.999997139 6.342160702 19.464525223
 8.784996033 6.210491657 19.303672791
 -8.784450531 6.210402966 19.303752899
 9.001093864 5.993969440 19.474540710
 -8.998902321 5.993880749 19.474620819
 -4.002826691 -0.000000480 18.999959946
 -4.117465019 0.111739047 19.273550034
 -4.197663307 0.355847478 19.464525223
 4.114160538 0.111750133 19.273551941
 4.114160538 -0.000000526 19.273551941
 4.194942951 0.355859280 19.464525223
 -7.859790802 0.000000307 0.993388236
 -7.975414753 0.111750014 0.720207095
 -8.054708481 0.355859280 0.529093027
 8.046044350 0.111738943 0.720205486
 8.126062393 0.355847478 0.529093027
 7.929183960 0.000000307 0.993389726
 -8.783782959 0.111745238 0.719801188
 -8.783782959 0.000000285 0.719801188
 8.784876823 0.111739524 0.719802737
 8.784876823 0.000000285 0.719802737
 8.784876823 0.111745238 19.273551941
 8.784876823 -0.000000526 19.273551941
 -8.783782959 0.111739703 19.273550034
 -8.783782959 -0.000000526 19.273550034
 -8.999997139 0.355853975 0.529010653
 8.999997139 0.355848223 0.529010653
 8.999997139 0.355853975 19.464525223
 -8.999997139 0.355848223 19.464525223
 7.658203602 5.726054192 1.196567297
 7.657733917 0.000000298 1.196567297
 7.930222511 5.867025375 0.993390501
 6.615808010 6.429152012 1.196567297
 6.777483940 6.691748142 0.993390501
 5.794786453 6.767784119 1.196567297
 5.930466652 7.055061340 0.993390501
 4.860574722 6.953555107 1.196567297
 4.941165924 7.291757107 0.993390501
 -0.003222617 6.995825291 1.196568012
 -0.003219449 7.360087395 0.993803263
 -4.794400215 6.934919834 1.196568012
 -4.860465050 7.291757107 0.993390501
 -5.715970039 6.730116367 1.196568012
 -5.849765778 7.055061340 0.993389726
 -6.546093464 6.413502216 1.196568012
 -6.695096493 6.692483425 0.993390501
 -7.556089878 5.702834606 1.196568847
 -7.860983849 5.868641853 0.993389726
 -7.559042454 0.000000298 1.196568847
 -7.116279125 0.000000298 1.196568847
 -6.856965542 0.000000307 0.993389010
 -7.116822720 5.480106354 1.196568847
 -6.856966496 5.343683720 0.993389726
 -6.318516731 6.017629147 1.196568012
 -6.163723946 5.764110088 0.993389726
 -5.544223309 6.340018272 1.196568012
 -5.416144848 6.069661617 0.993389726
 -4.710145473 6.535810947 1.196568012
 -4.641837120 6.255108356 0.993390501
 -0.003226029 6.609100342 1.196568012
 0.000007454 6.317278862 0.993389726
 4.774597168 6.545884609 1.196567297
 4.722322941 6.255108356 0.993389726
 5.606818676 6.340630054 1.196567297
 5.496631145 6.069661617 0.993390501
 6.407131672 6.028468609 1.196567297
 6.244210243 5.764110088 0.993390501
 7.227862358 5.499891281 1.196567297
 6.931621552 5.343683720 0.993389726
 7.228227139 0.000000298 1.196567297
 6.931621552 0.000000307 0.993389010
 8.126388550 5.971318245 0.529093027
 -8.055038452 5.969701767 0.529093802
 6.882299900 6.823928833 0.529093027
 6.002522945 7.186506748 0.529093027
 4.972908020 7.423202515 0.529093027
 -0.003104108 7.491532803 0.529093027
 -4.910754204 7.423202515 0.529093027
 -5.940368652 7.186506748 0.529093027
 -6.821902275 6.823193073 0.529093802
 -3.729803324 3.977252960 18.797195435
 -3.729334593 -0.000000471 18.797195435
 -4.004019260 4.119839668 18.999959946
 -2.687408924 4.680348873 18.797195435
 -2.838132381 4.943680763 18.999959946
 -1.866387129 5.018982887 18.797195435
 -1.992802382 5.306259632 18.999959946
 -0.932175457 5.204753876 18.797195435
 -1.003501773 5.542954922 18.999959946
 -0.000000088 5.247024059 18.797195435
 -0.000003318 5.611285210 18.999959946
 0.934212029 5.186117649 18.797195435
 1.009542465 5.542954922 18.999959946
 1.855781913 4.981314659 18.797195435
 1.998843193 5.306259632 18.999959946
 2.685905218 4.664700985 18.797195435
 2.845860720 4.942945480 18.999959946
 3.695901155 3.954033136 18.797195435
 3.998600006 4.118223667 18.999959946
 3.698853254 -0.000000471 18.797195435
 3.256090403 -0.000000471 18.797195435
 2.999997616 -0.000000480 18.999959946
 3.256634474 3.731304884 18.797195435
 2.999997616 3.594882250 18.999959946
 2.458328009 4.268826962 18.797195435
 2.312586546 4.015308380 18.999959946
 1.684035420 4.591216087 18.797195435
 1.565007210 4.320859909 18.999959946
 0.849957764 4.787008762 18.797195435
 0.790699840 4.506306171 18.999959946
 0.000003323 4.860298634 18.797195435
 0.000005879 4.568476677 18.999959946
 -0.846197963 4.797082424 18.797195435
 -0.784873486 4.506306171 18.999959946
 -1.678419709 4.591827869 18.797195435
 -1.559180975 4.320859909 18.999959946
 -2.478732586 4.279666901 18.797195435
 -2.306760311 4.015308380 18.999959946
 -3.299463987 3.751089811 18.797195435
 -3.000002146 3.594882250 18.999959946
 -3.299829006 -0.000000471 18.797195435
 -3.000001907 -0.000000480 18.999959946
 -3.000002146 3.594881773 19.999996185
 -3.000001907 -0.000000523 19.999996185
 2.999997616 -0.000000523 19.999996185
 2.999997616 3.594881773 19.999996185
 -2.306760550 4.015308380 19.999996185
 -1.559180975 4.320859432 19.999996185
 -0.784873545 4.506305695 19.999996185
 0.000005792 4.568476200 19.999996185
 0.790699780 4.506305695 19.999996185
 1.565007210 4.320859432 19.999996185
 2.312586546 4.015308380 19.999996185
 -4.197425365 4.222516537 19.464525223
 4.194849014 4.220900059 19.464525223
 -2.953900814 5.075126648 19.464525223
 -2.074124336 5.437705040 19.464525223
 -1.044509768 5.674400330 19.464525223
 -0.000118801 5.742731571 19.464525223
 1.050565958 5.674400330 19.464525223
 2.080180645 5.437705040 19.464525223
 2.961714268 5.074391365 19.464525223
 7.994490623 8.499209404 0.523492336
 -7.994492054 8.499209404 0.523516715
 -7.994491100 8.499209404 18.406761169
 7.994491100 8.499209404 18.406761169
