73
 -0.000000763 13.517481804 3.510168314
 -3.196371794 12.504640579 4.769836426
 -0.000000763 12.504640579 4.769831657
 -3.205996752 13.517485619 3.510165453
 -0.000000763 13.961115837 2.475865841
 -3.205996752 13.961118698 2.475864649
 -0.000000763 14.250723839 1.265407920
 -3.205996752 14.250725746 1.265406370
 -0.000000763 14.334328651 0.037115470
 -3.205996752 14.334331512 0.037113942
 -0.000000763 14.250723839 -1.197650552
 -3.205993891 14.250725746 -1.197652102
 -0.000000763 13.961115837 -2.408106565
 -3.205993891 13.961118698 -2.408109426
 -0.000000763 13.516582489 -3.431816101
 -3.206390381 13.516585350 -3.431817532
 -0.000000763 12.504640579 -4.752189636
 -3.196765423 12.504640579 -4.752193451
 -3.239740133 14.121884346 -1.178022504
 -3.239743233 14.204158783 0.037091821
 -3.239743233 14.121889114 1.245754600
 -3.239740133 13.837457657 -2.366827488
 -3.239743233 13.837388992 2.434868574
 -3.239749432 13.405132294 3.442649841
 -3.230148554 12.442263603 4.640164375
 -3.230541945 12.440534592 -4.622344971
 -3.240143061 13.403803825 -3.365479946
 -3.230575562 7.999789238 4.652649403
 -3.165652752 7.999928474 4.730557919
 -3.230572462 7.999972343 -4.622344971
 -3.165649652 8.000001907 -4.700254440
 -3.230551243 7.757095814 4.652639866
 -3.165643454 7.789365292 4.730548382
 -3.230548143 7.757095814 -4.622337341
 -3.165640593 7.789365292 -4.700246334
 -3.036636591 7.540575504 4.868956566
 -2.971728802 7.572845936 4.946866035
 -3.036633492 7.540576935 -4.838652611
 -2.971725702 7.572845936 -4.916563988
 -3.036643267 7.167164326 4.868937492
 -2.971734524 7.167162418 4.946845531
 -3.036640167 7.167162418 -4.838633537
 -2.975406647 7.167164326 -4.912134171
 -3.036640644 7.167164326 -4.330657005
 -0.000000763 7.999994278 -4.752189636
 -0.000000763 7.999994278 4.782492161
 -0.000000763 7.812638283 -4.752182961
 -0.000000763 7.596117020 -4.968165398
 -0.177911267 7.167162418 -4.968163013
 -0.000000763 7.167164326 -4.968163013
 -0.000000591 7.167162418 -4.857022285
 -0.000000591 7.167164326 -4.518202305
 -0.000000763 7.596117020 4.998467922
 -0.000000591 7.167164326 4.885613918
 -0.000000763 7.812638283 4.782485962
 -0.177910864 7.167164326 4.998465538
 -0.000000763 7.167162895 4.998465538
 -3.234030247 0.162695214 4.654078484
 -3.166659832 0.051944118 4.728509426
 -3.231613398 0.129820645 -4.622730255
 -3.166653395 0.051944118 -4.698206902
 -3.036770821 0.405053765 4.868598938
 -2.971832514 0.375547886 4.946505070
 -3.036764860 0.405052722 -4.838294029
 -2.971826315 0.375547141 -4.916202545
 -3.200192451 0.111740246 -4.752070427
 -3.200195551 0.111740246 4.782372952
 0.000002289 -0.000001365 -2.999998569
 0.000002289 -0.000001365 3.000000000
 -0.000000763 -0.000001365 -4.752070427
 -0.000000763 0.355843455 -4.968139172
 -0.000000763 -0.000001365 4.782372952
 -0.000000763 0.355843455 4.998441696
