310
 -1.469294906 1.491822243 -2.727705002
 -1.469294429 1.588046074 -2.840037346
 -1.469294429 1.491832972 -2.839877844
 -1.469294906 1.588129759 -2.727797270
 -1.382106185 1.491822243 -2.727705002
 -1.382105589 1.588046074 -2.840037346
 -1.382106185 1.588129759 -2.727797270
 -1.382105589 1.491832972 -2.839877844
 -1.382106066 2.106042147 -2.128395081
 -1.382106185 1.491955519 -2.659923077
 -1.382106066 2.106042147 -2.277898550
 -1.469294786 2.106042147 -2.277898550
 -1.469294906 1.491955519 -2.659923077
 -1.469294786 2.106042147 -2.128395081
 -1.469294786 2.200853109 -2.128283978
 -1.469294786 2.106042147 -0.000000238
 -1.469294786 2.153398514 0.000000238
 -1.469294786 2.200853109 0.000000238
 -1.382106185 2.200853109 -2.128283978
 -1.425746799 2.200853109 0.000000238
 -1.382106185 2.200853109 0.000000238
 -1.382106066 2.153499126 0.000000238
 -1.382106066 2.106042147 0.000000238
 -1.425654054 2.106042147 0.000000238
 -1.469294786 2.200853109 -2.277804852
 -1.382106185 2.200853109 -2.277804852
 -1.469295263 2.200891495 -2.840244532
 -1.469295263 2.104697704 -2.840084553
 -1.382106543 2.200891495 -2.840244532
 -1.382106543 2.104697704 -2.840084553
 1.381648064 1.491822243 -2.727705002
 1.381648898 1.588046074 -2.840037346
 1.381648898 1.491832972 -2.839877844
 1.381648064 1.588129759 -2.727797270
 1.468836904 1.491822243 -2.727705002
 1.468837619 1.588046074 -2.840037346
 1.468836904 1.588129759 -2.727797270
 1.468837619 1.491832972 -2.839877844
 1.468837023 2.106042147 -2.128395081
 1.468836904 1.491955519 -2.659923077
 1.468837023 2.106042147 -2.277898550
 1.381648421 2.106042147 -2.277898550
 1.381648064 1.491955519 -2.659923077
 1.381648421 2.106042147 -2.128395081
 1.381648302 2.200853109 -2.128283978
 1.381648421 2.106042147 -0.000000238
 1.381648302 2.153398514 0.000000238
 1.381648302 2.200853109 0.000000238
 1.468837023 2.200853109 -2.128283978
 1.425196290 2.200853109 0.000000238
 1.468837023 2.200853109 0.000000238
 1.468837023 2.153499126 0.000000238
 1.468837023 2.106042147 0.000000238
 1.425289035 2.106042147 0.000000238
 1.381648302 2.200853109 -2.277804852
 1.468837023 2.200853109 -2.277804852
 1.381647944 2.200891495 -2.840244532
 1.381647944 2.104697704 -2.840084553
 1.468836665 2.200891495 -2.840244532
 1.468836665 2.104697704 -2.840084553
 1.381745338 2.278887749 -2.613305330
 1.122637510 2.361986160 -2.613305569
 1.122637510 2.278887749 -2.613305569
 1.381745338 2.361986160 -2.613305330
 1.381640315 2.311054468 -2.881639481
 1.122637510 2.278887749 -2.881769419
 1.122637510 2.361986160 -2.881769419
 1.381745338 0.042557031 -2.695169210
 1.196231961 0.176860020 -2.695169210
 1.196231961 0.042557027 -2.695169210
 1.381745338 0.176859975 -2.695169210
 1.381640315 0.000000350 -2.881639481
 1.196231961 0.042557035 -2.881769657
 1.196231961 0.176859975 -2.881769657
 1.381640196 2.238101721 -2.677767038
 1.180917144 2.238101721 -2.677767038
 1.180917144 2.238101721 -2.881639481
 1.180917144 0.202549636 -2.677767038
 1.381640196 0.202549636 -2.677767038
 1.180917144 0.202549666 -2.881639481
 1.180917144 2.367560625 -2.677767038
 1.381640196 2.367560625 -2.677767038
 1.180917144 2.367560625 -2.881639481
 1.381640196 0.041607294 -2.613053799
 1.123136997 0.041607294 -2.613053799
 1.123136997 0.041607298 -2.881639481
 1.381640315 2.503500462 -2.881639481
 1.180917144 2.503500462 -2.677767038
 1.381640196 2.503500462 -2.677767038
 1.180917144 2.503500462 -2.881639481
 1.381640196 0.000000348 -2.613053799
 1.123136997 0.000000348 -2.613053799
 1.123136997 0.000000348 -2.881639481
 -1.381745338 2.278887749 -2.613305330
 -1.122637510 2.278887749 -2.613305569
 -1.122637510 2.361986160 -2.613305569
 -1.381745338 2.361986160 -2.613305330
 -1.381640315 2.311054468 -2.881639481
 -1.122637510 2.361986160 -2.881769419
 -1.122637510 2.278887749 -2.881769419
 -1.381745338 0.042557031 -2.695169210
 -1.196231961 0.042557027 -2.695169210
 -1.196231961 0.176860020 -2.695169210
 -1.381745338 0.176859975 -2.695169210
 -1.381640315 -0.000000387 -2.881639481
 -1.196231961 0.176859975 -2.881769657
 -1.196231961 0.042557035 -2.881769657
 -1.381640196 2.238101721 -2.677767038
 -1.180917144 2.238101721 -2.677767038
 -1.180917144 2.238101721 -2.881639481
 -1.180917144 0.202549636 -2.677767038
 -1.381640196 0.202549636 -2.677767038
 -1.180917144 0.202549666 -2.881639481
 -1.180917144 2.367560625 -2.677767038
 -1.381640196 2.367560625 -2.677767038
 -1.180917144 2.367560625 -2.881639481
 -1.381640196 0.041607294 -2.613053799
 -1.123136997 0.041607294 -2.613053799
 -1.123136997 0.041607298 -2.881639481
 -1.381640315 2.503500462 -2.881639481
 -1.381640196 2.503500462 -2.677767038
 -1.180917144 2.503500462 -2.677767038
 -1.180917144 2.503500462 -2.881639481
 -1.381640196 -0.000000397 -2.613053799
 -1.123136997 -0.000000397 -2.613053799
 -1.123136997 -0.000000387 -2.881639481
 1.139321208 0.042365253 -2.999999285
 1.139321208 0.169921249 -2.999999762
 1.139321208 0.169921845 -2.633642912
 -1.139321208 0.169921249 -2.999999762
 -1.139321208 0.042365253 -2.999999285
 -1.139321208 0.169921845 -2.633642912
 -1.353462696 0.169921845 -2.633642435
 1.353463054 0.169921845 -2.633642435
 -1.353462696 1.334960580 -0.000000238
 -1.246391892 1.334960818 0.000000238
 -1.139321208 1.334960818 0.000000238
 1.353463054 1.334960818 0.000000238
 1.246392131 1.334960580 -0.000000238
 1.139321208 1.334960580 -0.000000238
 1.353463054 1.207986832 -0.000000477
 1.246392131 1.207987309 0.000000238
 1.139321208 1.207987428 0.000000238
 -1.353462696 1.207987309 0.000000238
 -1.246391892 1.207986951 -0.000000238
 -1.139321208 1.207986951 -0.000000238
 -1.353462696 1.271181941 -0.000000477
 1.353463054 1.271765590 0.000000238
 -0.000000238 1.334960818 0.000000238
 -0.000000119 1.207987428 0.000000238
 1.189313412 1.491822243 2.881960630
 1.301645517 1.588046074 2.881961346
 1.301486015 1.491832972 2.881961346
 1.189405680 1.588129759 2.881960630
 1.189313412 1.491822243 2.969149590
 1.301645517 1.588046074 2.969150305
 1.189405680 1.588129759 2.969149590
 1.301486015 1.491832972 2.969150305
 0.590003490 2.106042147 2.969150066
 1.121531487 1.491955519 2.969149590
 0.739506781 2.106042147 2.969150066
 0.739506781 2.106042147 2.881961346
 1.121531487 1.491955519 2.881960630
 0.590003490 2.106042147 2.881961346
 -1.169509888 1.491822243 2.969149590
 -1.281842113 1.588046074 2.969149351
 -1.281682611 1.491832972 2.969149351
 -1.169602275 1.588129759 2.969149590
 -1.169509888 1.491822243 2.881961107
 -1.281842113 1.588046074 2.881960630
 -1.169602275 1.588129759 2.881961107
 -1.281682611 1.491832972 2.881960630
 -0.719402492 2.200853109 2.881960630
 -0.569993019 2.106042147 2.881961107
 -0.719496369 2.106042147 2.881961107
 -0.569881678 2.200853109 2.881960630
 -0.719402492 2.200853109 2.969149590
 -0.569881678 2.200853109 2.969149590
 -0.719496369 2.106042147 2.969149590
 -0.569993019 2.106042147 2.969149590
 -1.101727962 1.491955519 2.881961107
 -1.101727962 1.491955519 2.969149590
 -1.281842113 2.200891495 2.881960630
 -1.281682611 2.104697704 2.881960630
 -1.281842113 2.200891495 2.969149351
 -1.281682611 2.104697704 2.969149351
 0.589892149 2.200853109 2.881961107
 0.589892149 2.200853109 2.969149590
 0.739412904 2.200853109 2.881961107
 0.739412904 2.200853109 2.969149590
 1.301852584 2.200891495 2.881960630
 1.301692843 2.104697704 2.881960630
 1.301852584 2.200891495 2.969149351
 1.301692843 2.104697704 2.969149351
 -1.382105947 1.491822243 2.723396301
 -1.382106543 1.588046074 2.835728645
 -1.382106543 1.491832972 2.835569143
 -1.382105947 1.588129759 2.723488569
 -1.469294548 1.491822243 2.723396301
 -1.469295263 1.588046074 2.835728645
 -1.469294548 1.588129759 2.723488569
 -1.469295263 1.491832972 2.835569143
 -1.469294786 2.200853109 2.273288727
 -1.469294786 2.106042147 2.123879433
 -1.469294786 2.106042147 2.273382902
 -1.469294786 2.200853109 2.123768091
 -1.382106185 2.200853109 2.273288727
 -1.382106185 2.200853109 2.123768091
 -1.382106066 2.106042147 2.273382902
 -1.382106066 2.106042147 2.123879433
 -1.469294548 1.491955519 2.655614376
 -1.382105947 1.491955519 2.655614376
 -1.469295263 2.200891495 2.835728645
 -1.469295263 2.104697704 2.835569143
 -1.382106543 2.200891495 2.835728645
 -1.382106543 2.104697704 2.835569143
 1.468837261 1.491822243 2.723396301
 1.468836665 1.588046074 2.835728645
 1.468836665 1.491832972 2.835569143
 1.468837261 1.588129759 2.723488569
 1.381648421 1.491822243 2.723396301
 1.381647944 1.588046074 2.835728645
 1.381648421 1.588129759 2.723488569
 1.381647944 1.491832972 2.835569143
 1.381648302 2.200853109 2.273288727
 1.381648421 2.106042147 2.123879433
 1.381648421 2.106042147 2.273382902
 1.381648302 2.200853109 2.123768091
 1.468837023 2.200853109 2.273288727
 1.468837023 2.200853109 2.123768091
 1.468837023 2.106042147 2.273382902
 1.468837023 2.106042147 2.123879433
 1.381648421 1.491955519 2.655614376
 1.468837261 1.491955519 2.655614376
 1.381647944 2.200891495 2.835728645
 1.381647944 2.104697704 2.835569143
 1.468836665 2.200891495 2.835728645
 1.468836665 2.104697704 2.835569143
 -1.381745338 2.278887749 2.613305330
 -1.122637510 2.361986160 2.613305569
 -1.122637510 2.278887749 2.613305569
 -1.381745338 2.361986160 2.613305330
 -1.381640315 2.311054468 2.881639481
 -1.122637510 2.278887749 2.881769419
 -1.122637510 2.361986160 2.881769419
 -1.381745338 0.042556830 2.695169210
 -1.196231961 0.176860020 2.695169210
 -1.196231961 0.042556830 2.695169210
 -1.381745338 0.176859975 2.695169210
 -1.381640315 -0.000000589 2.881639481
 -1.196231961 0.042556826 2.881769657
 -1.196231961 0.176859975 2.881769657
 -1.381640196 2.238101721 2.677767038
 -1.180917144 2.238101721 2.677767038
 -1.180917144 2.238101721 2.881639481
 -1.180917144 0.202549636 2.677767038
 -1.381640196 0.202549636 2.677767038
 -1.180917144 0.202549666 2.881639481
 -1.180917144 2.367560625 2.677767038
 -1.381640196 2.367560625 2.677767038
 -1.180917144 2.367560625 2.881639481
 -1.381640196 0.041607104 2.613053799
 -1.123136997 0.041607104 2.613053799
 -1.123136997 0.041607093 2.881639481
 -1.381640315 2.503500462 2.881639481
 -1.180917144 2.503500462 2.677767038
 -1.381640196 2.503500462 2.677767038
 -1.180917144 2.503500462 2.881639481
 -1.381640196 -0.000000580 2.613053799
 -1.123136997 -0.000000580 2.613053799
 -1.123136997 -0.000000590 2.881639481
 1.381745338 2.278887749 2.613305330
 1.122637510 2.278887749 2.613305569
 1.122637510 2.361986160 2.613305569
 1.381745338 2.361986160 2.613305330
 1.381640315 2.311054468 2.881639481
 1.122637510 2.361986160 2.881769419
 1.122637510 2.278887749 2.881769419
 1.381745338 0.042556830 2.695169210
 1.196231961 0.042556830 2.695169210
 1.196231961 0.176860020 2.695169210
 1.381745338 0.176859975 2.695169210
 1.381640315 0.000000350 2.881639481
 1.196231961 0.176859975 2.881769657
 1.196231961 0.042556826 2.881769657
 1.381640196 2.238101721 2.677767038
 1.180917144 2.238101721 2.677767038
 1.180917144 2.238101721 2.881639481
 1.180917144 0.202549636 2.677767038
 1.381640196 0.202549636 2.677767038
 1.180917144 0.202549666 2.881639481
 1.180917144 2.367560625 2.677767038
 1.381640196 2.367560625 2.677767038
 1.180917144 2.367560625 2.881639481
 1.381640196 0.041607104 2.613053799
 1.123136997 0.041607104 2.613053799
 1.123136997 0.041607093 2.881639481
 1.381640315 2.503500462 2.881639481
 1.381640196 2.503500462 2.677767038
 1.180917144 2.503500462 2.677767038
 1.180917144 2.503500462 2.881639481
 1.381640196 0.000000348 2.613053799
 1.123136997 0.000000348 2.613053799
 1.123136997 0.000000348 2.881639481
 -1.139321208 2.373609066 2.999999762
 -1.139321208 2.499999523 2.999999762
 -1.139321208 2.499999523 2.633642435
 1.139321208 2.499999523 2.999999762
 1.139321208 2.373609066 2.999999762
 1.139321208 2.499999523 2.633642435
