643
-655.971 250.679 -1001.28
-655.971 245.374 -998.715
-655.971 247.817 -1001.4
-655.971 249.995 -1001.78
-655.971 245.723 -999.651
-655.971 241.802 -997.484
-655.971 234.762 -999.393
-655.971 238.109 -996.294
-655.971 236.799 -999.48
-655.971 239.746 -995.497
-655.971 240.311 -996.739
-655.971 268.97 -1004.75
-655.971 251.907 -1001.71
-655.971 243.09 -996.908
-655.971 260.454 -1003.66
-655.971 267.809 -1003.94
-655.971 276.544 -996.861
-655.971 271.826 -1000.83
-655.971 269.858 -1003.94
-655.971 271.143 -1003.69
-655.971 272.819 -998.351
-655.971 274.309 -996.924
-655.971 280.393 -999.221
-655.971 278.406 -998.165
-655.971 279.648 -999.158
-655.971 281.846 -997.905
-655.971 283.695 -995.054
-655.971 283.884 -993.522
-655.971 284.654 -994.083
-655.971 285.26 -994.321
-655.971 287.175 -994.151
-655.971 291.715 -991.989
-655.971 289.519 -993.312
-644.255 261.694 -991.989
-645.059 256.999 -991.989
-644.204 259.815 -991.989
-649.098 251.907 -998.862
-648.051 249.4 -998.646
-648.4 251.104 -999.463
-644.201 260.996 -991.989
-646.511 254.186 -995.907
-646.186 253.672 -996.419
-645.623 251.61 -995.592
-652.388 250.876 -1000.64
-652.014 250.199 -1001.04
-651.865 248.021 -1000.69
-649.371 247.019 -996.284
-644.68 257.943 -991.989
-648.659 247.306 -997.407
-646.418 249.516 -994.921
-647.645 248.96 -993.868
-652.887 245.927 -999.068
-653.346 245.542 -998.326
-644.417 260.454 -992.555
-650.67 246.347 -997.29
-648.233 248.024 -995.194
-646.522 251.907 -993.352
-644.53 263.193 -993.666
-643.483 262.8 -993.097
-642.587 262.8 -991.989
-644.62 264.246 -993.822
-643.024 264.367 -993.556
-642.375 264.367 -991.989
-644.284 266.221 -993.031
-643.483 265.934 -993.097
-643.024 265.934 -991.989
-644.059 266.691 -991.989
-645.97 253.139 -991.989
-643.374 257.716 -991.989
-643.452 260.143 -991.989
-641.633 260.143 -991.989
-642.319 261.655 -991.989
-643.879 261.37 -991.989
-643.386 261.432 -992.874
-642.581 260.143 -993.522
-642.338 257.716 -991.989
-643.061 259.869 -991.989
-642.025 259.869 -991.989
-642.565 259.869 -992.874
-642.878 257.716 -992.874
-643.486 253.502 -991.989
-642.318 252.334 -991.989
-643.029 253.857 -991.989
-641.992 253.857 -991.989
-642.532 253.857 -992.874
-643.337 253.583 -991.989
-641.684 253.583 -991.989
-642.545 253.583 -993.384
-642.927 252.942 -993.384
-646.251 251.907 -991.989
-643.685 253.392 -991.989
-643.685 251.739 -991.989
-643.685 252.6 -993.384
-643.881 253.138 -991.989
-643.881 251.993 -991.989
-643.881 252.59 -992.964
-646.265 252.783 -993.064
-648.566 234.762 -991.989
-643.214 268.97 -991.989
-650.475 241.802 -991.989
-651.665 238.109 -991.989
-652.926 238.109 -995.033
-650.735 234.762 -997.225
-651.993 238.109 -993.636
-649.13 234.762 -994.822
-648.479 236.799 -991.989
-649.049 236.799 -994.856
-650.673 236.799 -997.286
-654.323 238.109 -995.966
-653.137 234.762 -998.83
-653.104 236.799 -998.91
-652.085 241.802 -995.875
-652.463 239.746 -991.989
-653.49 239.746 -994.469
-652.73 239.746 -993.331
-650.893 241.802 -994.092
-651.22 240.311 -991.989
-651.582 240.311 -993.807
-652.612 240.311 -995.348
-654.628 239.746 -995.23
-653.867 241.802 -997.066
-654.153 240.311 -996.377
-651.052 243.09 -991.989
-652.492 243.09 -995.467
-651.426 243.09 -993.871
-647.943 247.019 -991.989
-648.554 247.019 -995.061
-654.088 243.09 -996.534
-652.251 251.907 -1000.97
-646.95 268.97 -1001.01
-647.721 260.454 -1000.24
-645.192 260.454 -996.453
-644.185 268.97 -996.871
-644.015 267.809 -991.989
-644.925 267.809 -996.564
-647.516 267.809 -1000.44
-651.506 260.454 -1002.77
-651.089 268.97 -1003.77
-651.395 267.809 -1003.03
-651.098 276.544 -991.989
-647.125 271.826 -991.989
-649.716 271.826 -998.244
-644.023 269.858 -991.989
-647.523 269.858 -1000.44
-644.933 269.858 -996.561
-647.798 271.826 -995.374
-644.269 271.143 -991.989
-645.16 271.143 -996.467
-647.696 271.143 -1000.26
-651.399 269.858 -1003.03
-652.586 271.826 -1000.16
-651.493 271.143 -1002.8
-652.525 276.544 -995.434
-649.608 272.819 -991.989
-651.472 272.819 -996.488
-650.092 272.819 -994.424
-651.469 276.544 -993.854
-651.036 274.309 -991.989
-651.412 274.309 -993.877
-652.481 274.309 -995.478
-653.536 272.819 -997.867
-654.106 276.544 -996.491
-654.082 274.309 -996.548
-648.739 280.393 -991.989
-650.857 280.393 -997.102
-649.794 278.406 -991.989
-651.603 278.406 -996.356
-650.264 278.406 -994.352
-649.289 280.393 -994.756
-648.801 279.648 -991.989
-649.347 279.648 -994.733
-650.901 279.648 -997.059
-653.607 278.406 -997.695
-653.203 280.393 -998.67
-653.227 279.648 -998.613
-650.054 281.846 -991.989
-651.787 281.846 -996.173
-650.504 281.846 -994.253
-652.905 283.695 -991.989
-653.138 283.695 -993.162
-653.803 283.695 -994.157
-653.706 281.846 -997.455
-654.797 283.695 -994.821
-644.999 265.756 -996.533
-646.813 250.285 -991.989
-644.871 257.966 -991.989
-655.384 283.884 -993.405
-654.887 283.884 -993.073
-654.555 283.884 -992.575
-654.438 283.884 -991.989
-655.169 284.654 -993.924
-654.489 284.654 -993.47
-654.036 284.654 -992.79
-653.876 284.654 -991.989
-655.078 285.26 -994.144
-654.321 285.26 -993.638
-653.815 285.26 -992.882
-653.638 285.26 -991.989
-655.143 287.175 -993.987
-654.441 287.175 -993.518
-653.973 287.175 -992.816
-653.808 287.175 -991.989
-655.464 289.519 -993.211
-655.035 289.519 -992.924
-654.748 289.519 -992.495
-654.648 289.519 -991.989
-667.686 261.694 -991.989
-666.882 256.999 -991.989
-667.737 259.815 -991.989
-662.843 251.907 -998.862
-663.891 249.4 -998.646
-663.541 251.104 -999.463
-667.741 260.996 -991.989
-665.43 254.186 -995.907
-665.755 253.672 -996.419
-666.319 251.61 -995.592
-659.554 250.876 -1000.64
-659.928 250.199 -1001.04
-660.076 248.021 -1000.69
-662.57 247.019 -996.284
-667.261 257.943 -991.989
-663.282 247.306 -997.407
-665.523 249.516 -994.921
-664.296 248.96 -993.868
-659.054 245.927 -999.068
-658.595 245.542 -998.326
-667.524 260.454 -992.555
-661.271 246.347 -997.29
-663.708 248.024 -995.194
-665.419 251.907 -993.352
-667.411 263.193 -993.666
-668.458 262.8 -993.097
-669.354 262.8 -991.989
-667.321 264.246 -993.822
-668.917 264.367 -993.556
-669.566 264.367 -991.989
-667.657 266.221 -993.031
-668.458 265.934 -993.097
-668.917 265.934 -991.989
-667.882 266.691 -991.989
-665.971 253.139 -991.989
-668.567 257.716 -991.989
-668.489 260.143 -991.989
-670.308 260.143 -991.989
-669.622 261.655 -991.989
-668.062 261.37 -991.989
-668.555 261.432 -992.874
-669.36 260.143 -993.522
-669.603 257.716 -991.989
-668.88 259.869 -991.989
-669.917 259.869 -991.989
-669.377 259.869 -992.874
-669.063 257.716 -992.874
-668.455 253.502 -991.989
-669.623 252.334 -991.989
-668.912 253.857 -991.989
-669.949 253.857 -991.989
-669.409 253.857 -992.874
-668.604 253.583 -991.989
-670.257 253.583 -991.989
-669.396 253.583 -993.384
-669.015 252.942 -993.384
-665.69 251.907 -991.989
-668.256 253.392 -991.989
-668.256 251.739 -991.989
-668.256 252.6 -993.384
-668.061 253.138 -991.989
-668.061 251.993 -991.989
-668.061 252.59 -992.964
-665.676 252.783 -993.064
-663.375 234.762 -991.989
-668.727 268.97 -991.989
-661.466 241.802 -991.989
-660.276 238.109 -991.989
-659.015 238.109 -995.033
-661.206 234.762 -997.225
-659.948 238.109 -993.636
-662.811 234.762 -994.822
-663.462 236.799 -991.989
-662.892 236.799 -994.856
-661.268 236.799 -997.286
-657.618 238.109 -995.966
-658.804 234.762 -998.83
-658.837 236.799 -998.91
-659.857 241.802 -995.875
-659.478 239.746 -991.989
-658.451 239.746 -994.469
-659.211 239.746 -993.331
-661.048 241.802 -994.092
-660.721 240.311 -991.989
-660.359 240.311 -993.807
-659.329 240.311 -995.348
-657.313 239.746 -995.23
-658.074 241.802 -997.066
-657.788 240.311 -996.377
-660.89 243.09 -991.989
-659.449 243.09 -995.467
-660.515 243.09 -993.871
-663.998 247.019 -991.989
-663.387 247.019 -995.061
-657.853 243.09 -996.534
-659.69 251.907 -1000.97
-664.991 268.97 -1001.01
-664.22 260.454 -1000.24
-666.749 260.454 -996.453
-667.756 268.97 -996.871
-667.927 267.809 -991.989
-667.016 267.809 -996.564
-664.425 267.809 -1000.44
-660.435 260.454 -1002.77
-660.852 268.97 -1003.77
-660.546 267.809 -1003.03
-660.843 276.544 -991.989
-664.816 271.826 -991.989
-662.225 271.826 -998.244
-667.918 269.858 -991.989
-664.418 269.858 -1000.44
-667.008 269.858 -996.561
-664.143 271.826 -995.374
-667.672 271.143 -991.989
-666.781 271.143 -996.467
-664.245 271.143 -1000.26
-660.543 269.858 -1003.03
-659.356 271.826 -1000.16
-660.448 271.143 -1002.8
-659.416 276.544 -995.434
-662.333 272.819 -991.989
-660.47 272.819 -996.488
-661.849 272.819 -994.424
-660.472 276.544 -993.854
-660.905 274.309 -991.989
-660.53 274.309 -993.877
-659.46 274.309 -995.478
-658.405 272.819 -997.867
-657.835 276.544 -996.491
-657.859 274.309 -996.548
-663.202 280.393 -991.989
-661.084 280.393 -997.102
-662.147 278.406 -991.989
-660.338 278.406 -996.356
-661.677 278.406 -994.352
-662.652 280.393 -994.756
-663.14 279.648 -991.989
-662.594 279.648 -994.733
-661.04 279.648 -997.059
-658.334 278.406 -997.695
-658.738 280.393 -998.67
-658.714 279.648 -998.613
-661.887 281.846 -991.989
-660.154 281.846 -996.173
-661.437 281.846 -994.253
-659.036 283.695 -991.989
-658.803 283.695 -993.162
-658.138 283.695 -994.157
-658.235 281.846 -997.455
-657.144 283.695 -994.821
-666.942 265.756 -996.533
-665.129 250.285 -991.989
-667.07 257.966 -991.989
-656.557 283.884 -993.405
-657.054 283.884 -993.073
-657.387 283.884 -992.575
-657.503 283.884 -991.989
-656.772 284.654 -993.924
-657.452 284.654 -993.47
-657.906 284.654 -992.79
-658.065 284.654 -991.989
-656.863 285.26 -994.144
-657.62 285.26 -993.638
-658.126 285.26 -992.882
-658.303 285.26 -991.989
-656.798 287.175 -993.987
-657.5 287.175 -993.518
-657.969 287.175 -992.816
-658.133 287.175 -991.989
-656.477 289.519 -993.211
-656.906 289.519 -992.924
-657.193 289.519 -992.495
-657.293 289.519 -991.989
-655.971 250.679 -982.694
-655.971 245.374 -985.263
-655.971 247.817 -982.574
-655.971 249.995 -982.196
-655.971 245.723 -984.327
-655.971 241.802 -986.493
-655.971 234.762 -984.584
-655.971 238.109 -987.684
-655.971 236.799 -984.497
-655.971 239.746 -988.481
-655.971 240.311 -987.239
-655.971 268.97 -979.232
-655.971 251.907 -982.269
-655.971 243.09 -987.07
-655.971 260.454 -980.323
-655.971 267.809 -980.033
-655.971 276.544 -987.116
-655.971 271.826 -983.143
-655.971 269.858 -980.042
-655.971 271.143 -980.288
-655.971 272.819 -985.626
-655.971 274.309 -987.054
-655.971 280.393 -984.757
-655.971 278.406 -985.813
-655.971 279.648 -984.819
-655.971 281.846 -986.072
-655.971 283.695 -988.923
-655.971 283.884 -990.456
-655.971 284.654 -989.895
-655.971 285.26 -989.656
-655.971 287.175 -989.826
-655.971 289.519 -990.666
-649.098 251.907 -985.116
-648.051 249.4 -985.332
-648.4 251.104 -984.515
-646.511 254.186 -988.071
-646.186 253.672 -987.559
-645.623 251.61 -988.386
-652.388 250.876 -983.339
-652.014 250.199 -982.941
-651.865 248.021 -983.291
-649.371 247.019 -987.694
-648.659 247.306 -986.571
-646.418 249.516 -989.057
-647.645 248.96 -990.11
-652.887 245.927 -984.91
-653.346 245.542 -985.652
-644.417 260.454 -991.423
-650.67 246.347 -986.688
-648.233 248.024 -988.784
-646.522 251.907 -990.626
-644.53 263.193 -990.312
-643.483 262.8 -990.881
-644.62 264.246 -990.156
-643.024 264.367 -990.422
-644.284 266.221 -990.947
-643.483 265.934 -990.881
-643.386 261.432 -991.104
-642.581 260.143 -990.456
-642.565 259.869 -991.104
-642.878 257.716 -991.104
-642.532 253.857 -991.104
-642.545 253.583 -990.594
-642.927 252.942 -990.594
-643.685 252.6 -990.594
-643.881 252.59 -991.014
-646.265 252.783 -990.913
-652.926 238.109 -988.945
-650.735 234.762 -986.753
-651.993 238.109 -990.341
-649.13 234.762 -989.155
-649.049 236.799 -989.122
-650.673 236.799 -986.692
-654.323 238.109 -988.011
-653.137 234.762 -985.148
-653.104 236.799 -985.068
-652.085 241.802 -988.103
-653.49 239.746 -989.509
-652.73 239.746 -990.647
-650.893 241.802 -989.886
-651.582 240.311 -990.171
-652.612 240.311 -988.63
-654.628 239.746 -988.748
-653.867 241.802 -986.912
-654.153 240.311 -987.6
-652.492 243.09 -988.511
-651.426 243.09 -990.106
-648.554 247.019 -988.917
-654.088 243.09 -987.444
-652.251 251.907 -983.009
-646.95 268.97 -982.969
-647.721 260.454 -983.74
-645.192 260.454 -987.524
-644.185 268.97 -987.107
-644.925 267.809 -987.414
-647.516 267.809 -983.535
-651.506 260.454 -981.211
-651.089 268.97 -980.203
-651.395 267.809 -980.943
-649.716 271.826 -985.734
-647.523 269.858 -983.541
-644.933 269.858 -987.417
-647.798 271.826 -988.604
-645.16 271.143 -987.511
-647.696 271.143 -983.715
-651.399 269.858 -980.951
-652.586 271.826 -983.817
-651.493 271.143 -981.178
-652.525 276.544 -988.543
-651.472 272.819 -987.49
-650.092 272.819 -989.554
-651.469 276.544 -990.124
-651.412 274.309 -990.1
-652.481 274.309 -988.5
-653.536 272.819 -986.111
-654.106 276.544 -987.487
-654.082 274.309 -987.43
-650.857 280.393 -986.875
-651.603 278.406 -987.622
-650.264 278.406 -989.625
-649.289 280.393 -989.221
-649.347 279.648 -989.245
-650.901 279.648 -986.919
-653.607 278.406 -986.283
-653.203 280.393 -985.308
-653.227 279.648 -985.365
-651.787 281.846 -987.805
-650.504 281.846 -989.725
-653.138 283.695 -990.816
-653.803 283.695 -989.821
-653.706 281.846 -986.523
-654.797 283.695 -989.157
-644.999 265.756 -987.444
-655.384 283.884 -990.573
-654.887 283.884 -990.905
-654.555 283.884 -991.402
-655.169 284.654 -990.054
-654.489 284.654 -990.508
-654.036 284.654 -991.187
-655.078 285.26 -989.834
-654.321 285.26 -990.34
-653.815 285.26 -991.096
-655.143 287.175 -989.991
-654.441 287.175 -990.46
-653.973 287.175 -991.161
-655.464 289.519 -990.767
-655.035 289.519 -991.054
-654.748 289.519 -991.483
-662.843 251.907 -985.116
-663.891 249.4 -985.332
-663.541 251.104 -984.515
-665.43 254.186 -988.071
-665.755 253.672 -987.559
-666.319 251.61 -988.386
-659.554 250.876 -983.339
-659.928 250.199 -982.941
-660.076 248.021 -983.291
-662.57 247.019 -987.694
-663.282 247.306 -986.571
-665.523 249.516 -989.057
-664.296 248.96 -990.11
-659.054 245.927 -984.91
-658.595 245.542 -985.652
-667.524 260.454 -991.423
-661.271 246.347 -986.688
-663.708 248.024 -988.784
-665.419 251.907 -990.626
-667.411 263.193 -990.312
-668.458 262.8 -990.881
-667.321 264.246 -990.156
-668.917 264.367 -990.422
-667.657 266.221 -990.947
-668.458 265.934 -990.881
-668.555 261.432 -991.104
-669.36 260.143 -990.456
-669.377 259.869 -991.104
-669.063 257.716 -991.104
-669.409 253.857 -991.104
-669.396 253.583 -990.594
-669.015 252.942 -990.594
-668.256 252.6 -990.594
-668.061 252.59 -991.014
-665.676 252.783 -990.913
-659.015 238.109 -988.945
-661.206 234.762 -986.753
-659.948 238.109 -990.341
-662.811 234.762 -989.155
-662.892 236.799 -989.122
-661.268 236.799 -986.692
-657.618 238.109 -988.011
-658.804 234.762 -985.148
-658.837 236.799 -985.068
-659.857 241.802 -988.103
-658.451 239.746 -989.509
-659.211 239.746 -990.647
-661.048 241.802 -989.886
-660.359 240.311 -990.171
-659.329 240.311 -988.63
-657.313 239.746 -988.748
-658.074 241.802 -986.912
-657.788 240.311 -987.6
-659.449 243.09 -988.511
-660.515 243.09 -990.106
-663.387 247.019 -988.917
-657.853 243.09 -987.444
-659.69 251.907 -983.009
-664.991 268.97 -982.969
-664.22 260.454 -983.74
-666.749 260.454 -987.524
-667.756 268.97 -987.107
-667.016 267.809 -987.414
-664.425 267.809 -983.535
-660.435 260.454 -981.211
-660.852 268.97 -980.203
-660.546 267.809 -980.943
-662.225 271.826 -985.734
-664.418 269.858 -983.541
-667.008 269.858 -987.417
-664.143 271.826 -988.604
-666.781 271.143 -987.511
-664.245 271.143 -983.715
-660.543 269.858 -980.951
-659.356 271.826 -983.817
-660.448 271.143 -981.178
-659.416 276.544 -988.543
-660.47 272.819 -987.49
-661.849 272.819 -989.554
-660.472 276.544 -990.124
-660.53 274.309 -990.1
-659.46 274.309 -988.5
-658.405 272.819 -986.111
-657.835 276.544 -987.487
-657.859 274.309 -987.43
-661.084 280.393 -986.875
-660.338 278.406 -987.622
-661.677 278.406 -989.625
-662.652 280.393 -989.221
-662.594 279.648 -989.245
-661.04 279.648 -986.919
-658.334 278.406 -986.283
-658.738 280.393 -985.308
-658.714 279.648 -985.365
-660.154 281.846 -987.805
-661.437 281.846 -989.725
-658.803 283.695 -990.816
-658.138 283.695 -989.821
-658.235 281.846 -986.523
-657.144 283.695 -989.157
-666.942 265.756 -987.444
-656.557 283.884 -990.573
-657.054 283.884 -990.905
-657.387 283.884 -991.402
-656.772 284.654 -990.054
-657.452 284.654 -990.508
-657.906 284.654 -991.187
-656.863 285.26 -989.834
-657.62 285.26 -990.34
-658.126 285.26 -991.096
-656.798 287.175 -989.991
-657.5 287.175 -990.46
-657.969 287.175 -991.161
-656.477 289.519 -990.767
-656.906 289.519 -991.054
-657.193 289.519 -991.483
