362
 -8.499997139 -0.000000763 -4.002827644
 -8.213184357 -0.000000763 -3.299830198
 -8.499995232 -0.000000763 -3.000003338
 -8.213184357 -0.000000763 -3.729336262
 8.499998093 -0.000000763 -2.999999046
 8.201959610 -0.000000763 -3.702074766
 8.499998093 -0.000000763 -4.002823353
 8.201959610 -0.000000763 -3.259311914
 -8.499995232 6.349183559 0.000001907
 -8.499997139 6.349139214 -8.499998093
 -8.892374992 6.349139214 -8.711170197
 -8.892376900 6.345659256 0.000000000
 -8.892376900 5.993930340 0.000002861
 -8.892374992 5.993886471 -8.711170197
 8.499997139 6.349227905 -8.499999046
 8.499997139 6.349183559 0.000000000
 8.865471840 6.345645428 0.000002861
 8.865474701 6.342165947 -8.711166382
 8.865474701 5.993974686 -8.711166382
 8.865471840 5.993930340 0.000000000
 -8.892376900 0.355851680 -4.197664738
 8.865473747 0.355863899 -4.197741032
 8.499997139 0.111749239 -8.499999046
 -8.499997139 0.111743912 -8.499998093
 8.865474701 0.355857760 -8.711166382
 -8.892374992 0.355852455 -8.711170197
 8.201959610 5.247029781 -0.001345540
 8.499997139 5.611200333 0.000001073
 8.201959610 5.186124325 -0.937433302
 8.499997139 5.542961597 -1.003498793
 8.201959610 4.981321812 -1.859003305
 8.499997139 5.306265831 -1.992799401
 8.201959610 4.664706707 -2.689126968
 8.499997139 4.943687439 -2.838129520
 8.201959610 3.954039812 -3.699122667
 8.499998093 4.119846344 -4.004016399
 8.201959610 3.731310129 -3.259855986
 8.499998093 3.594887495 -2.999999762
 8.201959610 4.268834591 -2.461549759
 8.499997139 4.015314102 -2.306757212
 8.201959610 4.591222286 -1.687256813
 8.499995232 4.320865631 -1.559177637
 8.201959610 4.787015438 -0.853178978
 8.499997139 4.506312847 -0.784870505
 8.201959610 4.860304832 -0.001345643
 8.499997139 4.568482876 -0.001247389
 9.999998093 -0.000000763 -2.999998569
 9.999996185 3.594888926 -2.999998569
 9.999996185 4.568482876 0.000009319
 9.999996185 4.506312847 -0.784870088
 9.999996185 4.320867062 -1.559177399
 9.999996185 4.015316010 -2.306757212
 8.865473747 4.220906734 -4.198070049
 8.865471840 5.742738724 -0.001341851
 8.865471840 5.674407005 -1.053787470
 8.865471840 5.437712669 -2.083401918
 8.865473747 5.074397087 -2.964935541
 -8.213184357 3.977257490 -3.729804993
 -8.499997139 4.119844437 -4.004020691
 -8.213185310 4.680353165 -2.687410593
 -8.499997139 4.943685055 -2.838133812
 -8.213185310 5.018987179 -1.866388679
 -8.499997139 5.306263924 -1.992803931
 -8.213184357 5.204757690 -0.932176888
 -8.499997139 5.542960167 -1.003503203
 -8.213184357 5.247027397 -0.001249792
 -8.499997139 5.611289978 -0.001249925
 -8.499997139 4.568480492 -0.001249639
 -8.213184357 4.797087193 -0.846199393
 -8.213184357 4.860303402 -0.001249688
 -8.499997139 4.506309509 -0.784874976
 -8.213185310 4.591832638 -1.678421140
 -8.499997139 4.320863724 -1.559182405
 -8.213185310 4.279671192 -2.478734016
 -8.499997139 4.015312672 -2.306761980
 -8.213184357 3.751094818 -3.299465418
 -8.499995232 3.594886065 -3.000003576
 -9.999999046 3.594886065 -3.000003815
 -9.999998093 -0.000000763 -3.000003576
 -9.999999046 4.015312672 -2.306762457
 -9.999999046 4.320863724 -1.559182763
 -9.999999046 4.506309509 -0.784875274
 -9.999999046 4.568480492 0.000004014
 -8.892376900 4.222520828 -4.197426319
 -8.892376900 5.075129986 -2.953902483
 -8.892377853 5.437708855 -2.074125767
 -8.892377853 5.674405575 -1.044511318
 -8.892377853 5.742735386 -0.001253489
 8.499998093 -4.006114960 -9.166942596
 7.818602562 -3.652290106 -8.101553917
 8.499997139 -3.652289867 -8.499999046
 -7.805333614 -3.652274609 -8.101552963
 -8.499997139 -3.653471231 -8.499998093
 -8.499995232 -4.006026268 -9.166942596
 -4.002824306 -9.999996185 -8.701026917
 -4.118447304 -9.888245583 -8.980932236
 -4.197741985 -9.644136429 -9.166942596
 4.114424229 -9.888257027 -8.980930328
 4.194441319 -9.644148827 -9.166940689
 3.997562647 -9.999996185 -8.701024055
 -8.215117455 -9.888250351 -8.980942726
 8.212202072 -9.888255119 -8.980939865
 8.212200165 -9.888252258 0.000001907
 -8.215117455 -9.888252258 -0.000000954
 -8.499995232 -9.644141197 -9.166944504
 8.499998093 -9.644147873 -9.166942596
 8.499997139 -9.644143105 0.000001907
 -8.499995232 -9.644143105 -0.000000954
 7.818325996 -3.652282476 0.000000000
 8.151122093 -3.652866602 0.000001907
 8.499997139 -3.652880907 0.000001907
 -7.805609703 -3.652282476 0.000001907
 -8.144060135 -3.652865887 0.000000000
 -8.499995232 -3.652880669 0.000000000
 8.499997139 -4.006070137 -0.000000954
 8.137449265 -3.890956879 0.000001907
 -8.499995232 -4.006070614 0.000001907
 -8.131261826 -3.891135693 0.000000000
 3.726581812 -6.022741318 -8.499998093
 3.726112843 -9.999996185 -8.499998093
 3.998602152 -5.881770134 -8.701023102
 2.684187174 -5.319643974 -8.499999046
 2.845863342 -5.057047844 -8.701023102
 1.863165498 -4.981010914 -8.499998093
 1.998845935 -4.693734169 -8.701024055
 0.928953946 -4.795239449 -8.499998093
 1.009545088 -4.457038879 -8.701024055
 -0.003221596 -4.752969742 -8.499998093
 -0.003218401 -4.388708591 -8.700610161
 -0.937433720 -4.813876152 -8.499998093
 -1.003499150 -4.457038879 -8.701024055
 -1.859003663 -5.018678188 -8.499998093
 -1.992799759 -4.693734169 -8.701025009
 -2.689127207 -5.335292339 -8.499998093
 -2.838129997 -5.056312561 -8.701024055
 -3.699123383 -6.045960903 -8.499998093
 -4.004017353 -5.880154133 -8.701025009
 -3.702075481 -9.999996185 -8.499998093
 -3.259312391 -9.999996185 -8.499999046
 -2.999999762 -9.999996185 -8.701026917
 -3.259856701 -6.268689156 -8.499999046
 -2.999999762 -6.405112267 -8.701025009
 -2.461550236 -5.731166363 -8.499998093
 -2.306757927 -5.984685421 -8.701025009
 -1.687257290 -5.408777714 -8.499998093
 -1.559178233 -5.679134369 -8.701025009
 -0.853179395 -5.212985516 -8.499998093
 -0.784870863 -5.493687630 -8.701024055
 -0.003225008 -5.139695168 -8.499998093
 0.000008503 -5.431516647 -8.701025009
 0.842976451 -5.202910900 -8.499998093
 0.790702462 -5.493687630 -8.701025009
 1.675198078 -5.408165932 -8.499998093
 1.565009952 -5.679134369 -8.701024055
 2.475510836 -5.720326900 -8.499999046
 2.312589645 -5.984685421 -8.701024055
 3.296241760 -6.248904705 -8.499998093
 3.000000715 -6.405112267 -8.701024055
 3.296606541 -9.999996185 -8.499998093
 3.000000715 -9.999996185 -8.701025009
 3.000000715 -6.405112267 -9.999995232
 3.000000954 -9.999996185 -9.999996185
 -2.999999046 -9.999996185 -9.999998093
 -2.999999046 -6.405112267 -9.999996185
 2.312589645 -5.984685421 -9.999996185
 1.565010309 -5.679133415 -9.999996185
 0.790702820 -5.493687153 -9.999996185
 0.000008882 -5.431516171 -9.999996185
 -0.784870505 -5.493687153 -9.999996185
 -1.559177876 -5.679133415 -9.999996185
 -2.306757689 -5.984685421 -9.999996185
 4.194767952 -5.777477264 -9.166940689
 -4.198071003 -5.779094219 -9.166942596
 2.950679064 -4.924866676 -9.166940689
 2.070902348 -4.562288284 -9.166941643
 1.041287899 -4.325593472 -9.166941643
 -0.003102995 -4.257262230 -9.166941643
 -1.053787827 -4.325593472 -9.166941643
 -2.083402634 -4.562288284 -9.166941643
 -2.964936018 -4.925602436 -9.166942596
 -9.249998093 -0.000000763 0.000000477
 -8.499995232 -0.000000763 0.000001431
 -9.999998093 -0.000000763 0.000000477
 9.249997139 -0.000000763 0.000001192
 8.499997139 -0.000000763 0.000000477
 9.999996185 -0.000000763 0.000001431
 3.860298395 -9.999996185 0.000000000
 -3.864481688 -9.999996185 0.000000000
 -3.500952721 -9.999996185 0.000000000
 -3.279571056 -9.999996185 0.000001907
 -3.000001192 -9.999996185 0.000001907
 3.129541159 -9.999996185 -0.000000954
 3.497729301 -9.999996185 0.000000000
 -6.074882984 -9.999996185 -0.000000954
 6.071831226 -9.999996185 0.000000000
 0.001063108 -9.999996185 -0.000000954
 -8.499995232 -0.663770437 0.000001907
 -8.499997139 -0.663770139 -8.499998093
 8.499997139 -0.663770139 -8.499999046
 8.499997139 -0.663770437 0.000000000
 -8.892376900 7.499992371 -8.711171150
 -8.892379761 7.499992371 0.000000000
 -8.892377853 6.922248840 0.000002861
 8.865469933 7.499992371 0.000001907
 8.865473747 7.499992371 -8.711165428
 8.865470886 6.919908524 0.000000000
 -8.499995232 -2.158030272 0.000001907
 8.499997139 -2.158030272 0.000000000
 8.499997139 -6.825367451 -0.000000954
 -8.499995232 -6.824921608 -0.000000954
 -8.499997139 -0.000000763 2.999996185
 -8.213185310 -0.000000763 3.698852062
 -8.499997139 -0.000000763 3.997559547
 -8.213185310 -0.000000763 3.256088972
 8.499997139 -0.000000763 3.997563601
 8.201959610 -0.000000763 3.296607256
 8.499997139 -0.000000763 3.000000954
 8.201959610 -0.000000763 3.726113558
 -8.499995232 6.349227905 8.500000000
 -8.892379761 6.342164993 8.746459961
 -8.892379761 5.993974686 8.746459961
 8.865470886 5.993886471 8.746462822
 8.499998093 6.349139214 8.499999046
 8.865470886 6.349139214 8.746462822
 -8.892378807 0.355863899 4.194941998
 8.865471840 0.355851680 4.194442272
 8.499998093 0.111743912 8.499999046
 -8.499995232 0.111749239 8.500000000
 8.865470886 0.355852455 8.746462822
 -8.892379761 0.355857760 8.746459961
 8.201959610 3.977258921 3.726582766
 8.499997139 4.118230343 3.998603106
 8.201960564 4.680355072 2.684187412
 8.499997139 4.942952156 2.845863581
 8.201960564 5.018988132 1.863165855
 8.499998093 5.306265831 1.998846173
 8.201960564 5.204759121 0.928954303
 8.499997139 5.542961597 1.009545445
 8.201960564 4.797088623 0.842976868
 8.499997139 4.506312847 0.790702999
 8.201960564 4.591834068 1.675198317
 8.499997139 4.320865631 1.565010309
 8.201960564 4.279672623 2.475511074
 8.499998093 4.015314102 2.312589884
 8.201959610 3.751096487 3.296242476
 8.499997139 3.594887495 3.000000954
 9.999995232 3.594888926 3.000001192
 9.999996185 -0.000000763 3.000001431
 9.999996185 4.015316010 2.312590122
 9.999996185 4.320867062 1.565010786
 9.999996185 4.506312847 0.790703297
 8.865471840 4.222522736 4.194767952
 8.865471840 5.075132847 2.950679302
 8.865471840 5.437712669 2.070902824
 8.865471840 5.674407005 1.041288376
 -8.213184357 5.186121941 0.934210598
 -8.499997139 5.542960167 1.009541035
 -8.213184357 4.981318951 1.855780482
 -8.499997139 5.306263924 1.998841763
 -8.213184357 4.664705276 2.685903788
 -8.499997139 4.942949295 2.845859051
 -8.213185310 3.954036951 3.695899487
 -8.499997139 4.118227005 3.998599052
 -8.213185310 3.731308937 3.256633282
 -8.499997139 3.594886065 2.999996185
 -8.213184357 4.268831253 2.458326817
 -8.499995232 4.015312672 2.312585354
 -8.213184357 4.591220856 1.684033990
 -8.499997139 4.320863724 1.565005779
 -8.213184357 4.787013531 0.849956334
 -8.499997139 4.506309509 0.790698409
 -9.999999046 -0.000000763 2.999996185
 -10.000000000 3.594886065 2.999996185
 -9.999999046 4.506309509 0.790697992
 -9.999999046 4.320863724 1.565005302
 -9.999999046 4.015312672 2.312584877
 -8.892378807 4.220903397 4.194848061
 -8.892377853 5.674405575 1.050564528
 -8.892377853 5.437708855 2.080179214
 -8.892378807 5.074394703 2.961712599
 7.818050861 -3.652275324 8.075902939
 -7.805885315 -3.652290583 8.075903893
 -8.499995232 -3.652290583 8.500000000
 8.499998093 -3.653472424 8.499999046
 8.499997139 -4.006026268 9.165597916
 -8.499997139 -4.006114960 9.165599823
 -4.002826691 -9.999998093 8.694849968
 -4.117465496 -9.888257027 8.978286743
 -4.197664738 -9.644148827 9.165386200
 4.114160538 -9.888245583 8.978289604
 3.997559786 -9.999998093 8.694853783
 4.194941998 -9.644136429 9.165388107
 8.212199211 -9.888250351 8.978290558
 -8.215118408 -9.888255119 8.978286743
 8.499997139 -9.644141197 9.165387154
 -8.499997139 -9.644147873 9.165386200
 -3.729804754 -6.022742748 8.499999046
 -3.729335785 -9.999998093 8.499999046
 -4.004020214 -5.880155563 8.694851875
 -2.687410355 -5.319646358 8.500000000
 -2.838133574 -5.056314945 8.694852829
 -1.866388321 -4.981013298 8.499999046
 -1.992803574 -4.693735600 8.694852829
 -0.932176292 -4.795241356 8.499999046
 -1.003502727 -4.457040310 8.694852829
 -0.000001105 -4.752971172 8.499999046
 -0.000004363 -4.388710022 8.694852829
 0.934211135 -4.813877583 8.499999046
 1.009541273 -4.457040310 8.694852829
 1.855780721 -5.018680573 8.499999046
 1.998842001 -4.693735600 8.694853783
 2.685904026 -5.335294724 8.499999046
 2.845859766 -5.057050228 8.694854736
 3.695899963 -6.045962811 8.500000000
 3.998599291 -5.881772518 8.694853783
 3.698852062 -9.999998093 8.500000000
 3.256089687 -9.999998093 8.500000000
 2.999996662 -9.999998093 8.694852829
 3.256633282 -6.268691063 8.500000000
 2.999996662 -6.405113220 8.694853783
 2.458327055 -5.731168270 8.499999046
 2.312585831 -5.984686852 8.694852829
 1.684034467 -5.408779621 8.499999046
 1.565006018 -5.679136276 8.694852829
 0.849956870 -5.212986946 8.499999046
 0.790698886 -5.493689537 8.694852829
 0.000002306 -5.139697075 8.499999046
 0.000004835 -5.431518555 8.694852829
 -0.846198857 -5.202912331 8.499999046
 -0.784874558 -5.493689537 8.694852829
 -1.678420901 -5.408167839 8.499999046
 -1.559181929 -5.679136276 8.694852829
 -2.478733778 -5.720329285 8.500000000
 -2.306761742 -5.984686852 8.694852829
 -3.299465179 -6.248906136 8.499999046
 -3.000003338 -6.405113220 8.694851875
 -3.299829960 -9.999998093 8.499999046
 -3.000003099 -9.999998093 8.694849968
 -3.000003338 -6.405113697 9.999999046
 -3.000003338 -9.999998093 9.999998093
 2.999996424 -9.999998093 9.999999046
 2.999996424 -6.405113697 10.000000000
 -2.306761980 -5.984687328 9.999999046
 -1.559182405 -5.679136276 9.999999046
 -0.784874856 -5.493689537 9.999999046
 0.000004451 -5.431519508 9.999999046
 0.790698409 -5.493689537 9.999999046
 1.565005779 -5.679136276 9.999999046
 2.312585354 -5.984687328 9.999999046
 -4.197426319 -5.777479649 9.165386200
 4.194848061 -5.779095650 9.165388107
 -2.953901768 -4.924869061 9.165386200
 -2.074125051 -4.562289715 9.165387154
 -1.044510722 -4.325595379 9.165387154
 -0.000119910 -4.257264614 9.165387154
 1.050565124 -4.325595379 9.165387154
 2.080179453 -4.562289715 9.165387154
 2.961713314 -4.925604820 9.165388107
 -8.499995232 -0.663770914 8.500000000
 8.499998093 -0.663770914 8.499999046
 -8.892383575 7.499992371 8.746458054
 8.865467072 7.499992371 8.746462822
