425
 4.785432339 1.399349213 -2.507603407
 4.781279564 1.311357856 -2.910727262
 4.785431862 1.599348903 -2.108340263
 4.781280041 2.296855688 -0.905852377
 4.785432816 1.799348831 -1.703354001
 4.785432816 1.999348640 -1.320274591
 4.785434246 2.399348259 -0.524245083
 4.785433769 2.599348068 -0.126454711
 4.781279564 2.754153967 0.000001073
 -4.782375813 2.295526505 -0.905853152
 -4.770582676 2.683829308 0.000000834
 -4.767051697 2.400103092 -0.524224102
 -4.767050743 2.000103235 -1.320253611
 -4.767050743 1.800103545 -1.703333020
 -4.782375813 1.310028434 -2.910727978
 -4.767050743 1.600104451 -2.108319283
 -4.767050743 1.400103927 -2.507585287
 -4.767049789 1.000105023 -3.308546305
 -4.767049789 0.800104439 -3.707585096
 -4.782375813 0.307969153 -4.903310299
 -4.767049789 0.600104630 -4.109565735
 -4.767049789 0.400105506 -4.507832050
 -4.782375336 0.115775973 -5.345982075
 -4.767049313 -0.000450396 -4.905088425
 -4.998443604 0.552077711 -4.903357029
 -4.998442650 0.359884501 -5.345934868
 -4.998467445 5.034161568 -5.345934868
 -4.782488346 5.442876816 -4.903315067
 -4.998468399 5.226355553 -4.903357029
 -4.782486916 5.250682831 -5.345977306
 -4.782488346 5.581609726 -4.903315067
 -4.782486916 5.389415741 -5.345977306
 -4.998468399 5.574814320 -4.903357029
 -4.998467445 5.382620335 -5.345934868
 4.781945229 5.387539864 -5.345976830
 4.996310711 5.572761536 -4.903356552
 4.996311665 5.380566120 -5.345934868
 4.781945229 5.579734802 -4.903314590
 4.781944752 5.248807430 -5.345976830
 4.781944275 5.441002846 -4.903314590
 4.996311665 5.224481106 -4.903356552
 4.996311665 5.032285213 -5.345934868
 4.781278610 0.117104240 -5.345982075
 4.996313095 0.553407192 -4.903356075
 4.996313095 0.361212790 -5.345934868
 4.781279564 0.309298635 -4.903309822
 4.785430431 -0.000552133 -4.905179501
 4.785431862 0.999349475 -3.308567524
 4.785430431 0.799349666 -3.707606316
 4.785430431 0.599349797 -4.109586716
 4.785431385 0.399349958 -4.507853031
 4.785433769 2.399348259 -0.126454726
 4.785434246 2.199348450 -0.524245143
 4.785432339 1.999348521 -0.910681605
 4.785432816 1.799348593 -1.320274591
 4.785432816 1.599348783 -1.703354001
 4.785431862 1.399349093 -2.108340263
 4.785432339 1.199349284 -2.507603407
 4.785432816 0.999349475 -2.909430981
 4.785431862 0.799349606 -3.308567524
 4.785431862 0.599349737 -3.707606316
 4.785430431 0.399349868 -4.109586716
 4.785431385 0.199350059 -4.507853031
 -4.767051697 2.400425673 -0.126439840
 -4.767051697 2.200425863 -0.524228752
 -4.767050743 2.000426054 -0.910703301
 -4.767050743 1.800426245 -1.320255041
 -4.767050743 1.600103498 -1.703333020
 -4.767050743 1.400103927 -2.108319283
 -4.767050743 1.200104117 -2.507585287
 -4.767050266 1.000104904 -2.909410238
 -4.767049789 0.800105095 -3.308546305
 -4.767049789 0.600105286 -3.707585096
 -4.767049789 0.400105506 -4.109565735
 -4.767049789 0.200104862 -4.507832050
 4.781277180 0.111739419 -9.280195236
 -4.782373905 0.111745149 -9.280197144
 4.996310711 0.355848163 -9.470987320
 -4.998443604 0.355853885 -9.470987320
 4.781945229 5.383503914 -9.300117493
 4.995919704 5.383503914 -9.470987320
 -4.782491207 5.383593082 -9.300036430
 -4.998807430 5.376531601 -9.470904350
 4.781945229 5.244771957 -9.300117493
 -4.782491207 5.244860649 -9.300036430
 4.996310711 5.028250217 -9.470987320
 -4.998807430 5.028338909 -9.470904350
 4.996313095 1.555466533 -2.910773754
 -4.998444080 1.554136992 -2.910774469
 4.996311665 6.574820518 -2.910773993
 4.781945229 6.581793785 -2.910732031
 -4.782487392 6.583668232 -2.910732508
 -4.998467922 6.576872826 -2.910774469
 4.781944752 6.443061352 -2.910732031
 -4.782487392 6.444935322 -2.910732746
 4.996311665 6.226539612 -2.910773993
 -4.998467922 6.228414059 -2.910774469
 4.996314049 2.540964127 -0.905899048
 -4.998444080 2.539634943 -0.905899763
 4.996310711 7.560318470 -0.905899346
 4.781945229 7.567291737 -0.905857444
 -4.782488346 7.569167137 -0.905857623
 -4.998468399 7.562370777 -0.905899644
 4.781944275 7.428559303 -0.905857444
 -4.782488346 7.430433750 -0.905857623
 4.996310711 7.212036610 -0.905899346
 -4.998468399 7.213912010 -0.905899763
 4.996313095 2.998285770 0.000001192
 -4.900043964 2.885776758 0.000001073
 4.879569054 8.021425247 0.000001073
 4.996310711 8.017639160 0.000001192
 -4.900108337 8.022777557 0.000001073
 -4.782488346 8.026467323 0.000001192
 4.781944275 7.885859013 0.000000894
 -4.782488346 7.887734413 0.000001192
 4.898685932 7.767955303 0.000001192
 -4.998468399 7.671234608 0.000001192
 -4.002824783 0.000000600 -9.006609917
 -4.118448734 0.111750051 -9.279790878
 -4.197742939 0.355859220 -9.470905304
 4.114423275 0.111738846 -9.279792786
 4.194440842 0.355847389 -9.470905304
 3.997561932 0.000000600 -9.006608009
 3.726581097 3.977254868 -8.803430557
 3.726111889 0.000000591 -8.803430557
 3.998601437 4.118225574 -9.006607056
 2.684186220 4.680351257 -8.803430557
 2.845862627 4.942947388 -9.006607056
 1.863164544 5.018984795 -8.803430557
 1.998844862 5.306262016 -9.006607056
 0.928952754 5.204756260 -8.803430557
 1.009544015 5.542957306 -9.006607056
 -0.003222618 5.247025967 -8.803429604
 -0.003219449 5.611287594 -9.006195068
 -0.937434852 5.186120033 -8.803429604
 -1.003500223 5.542957306 -9.006607056
 -1.859004736 4.981317043 -8.803429604
 -1.992800713 5.306262016 -9.006608009
 -2.689128160 4.664703369 -8.803429604
 -2.838130713 4.943683147 -9.006607056
 -3.699124336 3.954035282 -8.803428650
 -4.004018307 4.119842052 -9.006608009
 -3.702076197 0.000000591 -8.803428650
 -3.259313107 0.000000591 -8.803428650
 -3.000000715 0.000000600 -9.006608963
 -3.259857416 3.731306791 -8.803428650
 -3.000000954 3.594884396 -9.006608009
 -2.461551189 4.268829346 -8.803429604
 -2.306758881 4.015310287 -9.006608009
 -1.687258124 4.591218472 -8.803429604
 -1.559179068 4.320861816 -9.006608009
 -0.853180468 4.787010670 -8.803429604
 -0.784871995 4.506308556 -9.006607056
 -0.003226029 4.860301018 -8.803429604
 0.000007454 4.568479061 -9.006608009
 0.842975318 4.797084808 -8.803430557
 0.790701449 4.506308556 -9.006608009
 1.675197005 4.591830254 -8.803430557
 1.565008879 4.320861816 -9.006607056
 2.475509882 4.279668808 -8.803430557
 2.312588692 4.015310287 -9.006607056
 3.296241045 3.751091957 -8.803430557
 2.999999762 3.594884396 -9.006608009
 3.296605587 0.000000591 -8.803430557
 2.999999762 0.000000600 -9.006608963
 2.999999762 3.594884396 -9.999996185
 2.999999762 0.000000643 -9.999997139
 -3.000000715 0.000000643 -9.999997139
 -3.000000715 3.594884396 -9.999996185
 2.312588453 4.015310764 -9.999996185
 1.565008879 4.320861816 -9.999996185
 0.790701509 4.506309032 -9.999997139
 0.000007541 4.568479538 -9.999996185
 -0.784871817 4.506309032 -9.999996185
 -1.559179306 4.320861816 -9.999997139
 -2.306758881 4.015310764 -9.999997139
 4.194766521 4.222518444 -9.470905304
 -4.198072433 4.220901966 -9.470904350
 2.950678110 5.075128555 -9.470905304
 2.070901394 5.437707424 -9.470905304
 1.041286826 5.674402714 -9.470905304
 -0.003104106 5.742733955 -9.470905304
 -1.053789020 5.674402714 -9.470905304
 -2.083403587 5.437707424 -9.470905304
 -2.964937210 5.074393272 -9.470904350
 1.748065233 2.599690437 0.000000983
 4.996312618 5.125591755 0.000001192
 -4.998456955 5.542467117 0.000001192
 3.616310120 6.424670219 -9.470987320
 2.539834738 6.886406898 -9.470987320
 1.282532334 7.187222481 -9.470987320
 -0.000017932 7.274063110 -9.470987320
 -1.275845885 7.187222481 -9.470987320
 -2.533147573 6.886406898 -9.470987320
 -3.607477903 6.425605297 -9.470987320
 -3.607477427 6.430962563 -5.345934868
 -3.607478619 6.623157024 -4.903356075
 -2.533147335 6.891764164 -5.345934868
 -2.533148527 7.083958626 -4.903356075
 -1.275846004 7.384775639 -4.903356552
 -1.275845051 7.192581177 -5.345934868
 -0.000017324 7.279422283 -5.345934868
 -0.000018261 7.471617222 -4.903356075
 1.282533169 7.192581177 -5.345934868
 1.282532454 7.384776115 -4.903356075
 2.539834261 7.083959103 -4.903356075
 2.539834976 6.891764164 -5.345934868
 3.616310835 6.430027485 -5.345934868
 3.616310358 6.622221947 -4.903356075
 -3.607478619 7.625216007 -2.910773993
 -2.533148527 8.086017609 -2.910773993
 -1.275846124 8.386835098 -2.910773993
 -0.000018348 8.473675728 -2.910773993
 1.282532454 8.386835098 -2.910773993
 2.539834261 8.086017609 -2.910773277
 3.616310120 7.624281883 -2.910773754
 -3.607478619 8.610713959 -0.905899286
 -2.533148527 9.071515083 -0.905898988
 -1.275846243 9.372333527 -0.905899346
 -0.000018435 9.459174156 -0.905899286
 1.282532334 9.372333527 -0.905898988
 2.539834023 9.071516037 -0.905898929
 3.616310120 8.609779358 -0.905898988
 -4.240965366 8.590597153 0.000001073
 -3.607478619 9.068035126 0.000000775
 -3.022421360 9.318977356 0.000001192
 -2.533148527 9.528836250 0.000000834
 -1.848448634 9.692655563 0.000001192
 -1.275846243 9.829654694 0.000000834
 -0.581057966 9.876946449 0.000001192
 -0.000018475 9.916495323 0.000000775
 0.698431253 9.869204521 0.000001192
 1.282532334 9.829654694 0.000000834
 1.967231989 9.665835381 0.000001192
 2.539834023 9.528837204 0.000000834
 3.126059771 9.277385712 0.000001192
 3.616310120 9.067100525 0.000000834
 4.367828846 8.495586395 0.000001192
 4.781279564 3.301028728 1.083294988
 4.785432816 2.799347878 0.271230400
 4.785434246 2.999347925 0.694719732
 4.785434723 3.399347067 1.494356394
 4.785434723 3.599346638 1.889627457
 4.785438538 3.804507732 2.285591364
 4.781279564 4.306591988 3.091302633
 4.785438061 4.004507542 2.684492588
 4.785438538 4.404507637 3.487248182
 4.785438538 4.604507446 3.887248516
 4.785439014 4.804507256 4.284696579
 4.781279564 5.103593349 4.701272488
 -4.767055035 4.805261612 4.284716129
 -4.782376289 5.102263927 4.701271534
 -4.767054558 4.605262756 3.887267828
 -4.782375813 4.305263042 3.091301918
 -4.767054558 4.405262470 3.487267971
 -4.767054081 4.005262375 2.684512138
 -4.767054081 3.805262804 2.285610914
 -4.782375813 3.299699306 1.083294034
 -4.767052174 3.600101471 1.889647007
 -4.767052174 3.400102139 1.494375825
 -4.767051697 3.000102758 0.694739103
 -4.767051697 2.800102949 0.271249890
 4.785438538 4.804506779 4.687247753
 4.785439014 4.604507446 4.284696579
 4.785438538 4.404507637 3.887248516
 4.785438538 4.204507351 3.487248182
 4.785438538 4.004507542 3.086763144
 4.785438061 3.804507732 2.684492588
 4.785435200 3.599346638 2.285823345
 4.785434723 3.399347067 1.889627457
 4.785434723 3.199347734 1.494356155
 4.785433769 2.999347687 1.084609032
 4.785434246 2.799347878 0.694719672
 4.785432816 2.599348068 0.271230400
 -4.767055511 4.805262089 4.687267303
 -4.767055035 4.604939461 4.284832001
 -4.767054558 4.404939651 3.887778997
 -4.767054558 4.204939365 3.487779140
 -4.767054558 4.005262375 3.086784124
 -4.767054081 3.805262804 2.684512138
 -4.767052650 3.600747108 2.285813808
 -4.767052174 3.400101423 1.889647007
 -4.767052174 3.200102806 1.494375706
 -4.767052174 3.000102758 1.084628582
 -4.767051697 2.800102711 0.694739103
 -4.767050743 2.600425482 0.271246791
 4.996313095 3.545137405 1.083248377
 -4.998444080 3.543808222 1.083247542
 4.996310711 8.564491272 1.083248138
 4.781945229 8.571464539 1.083290100
 -4.782488346 8.573339462 1.083289623
 -4.998468399 8.566543579 1.083247662
 4.781944275 8.432731628 1.083290100
 -4.782488346 8.434606552 1.083289623
 4.996310711 8.216209412 1.083248138
 -4.998468399 8.218085289 1.083247542
 4.996313095 4.550701141 3.091256142
 -4.998444080 4.549371719 3.091255665
 4.996310711 9.570055008 3.091255903
 4.781944752 9.577028275 3.091297865
 -4.782488823 9.578903198 3.091297626
 -4.998468876 9.572107315 3.091255665
 4.781944275 9.438296318 3.091297865
 -4.782488823 9.440170288 3.091297626
 4.996310711 9.221774101 3.091255903
 -4.998468876 9.223648071 3.091255665
 4.996313095 5.347702026 4.701225758
 -4.998444080 5.346372604 4.701225281
 4.996310711 10.367056847 4.701225281
 4.781944752 10.374030113 4.701267242
 -4.782488346 10.375904083 4.701267242
 -4.998468399 10.369109154 4.701225281
 4.781944275 10.235297203 4.701267242
 -4.782488346 10.237171173 4.701267242
 4.996310711 10.018774986 4.701225281
 -4.998468399 10.020649910 4.701225281
 4.781278610 4.999998569 9.272238731
 -4.782375813 5.111740589 9.273552895
 -4.782375813 4.986488342 9.281722069
 4.996312618 5.357177258 9.463212013
 -4.998444080 5.355849266 9.464527130
 4.781944752 10.369994164 9.301644325
 4.995919228 10.369994164 9.472514153
 -4.998809338 10.363019943 9.472430229
 -4.782493114 10.370080948 9.301562309
 4.781944752 10.231261253 9.301644325
 -4.782493114 10.231348991 9.301562309
 4.996310711 10.028249741 9.464527130
 -4.998809338 10.014826775 9.472430229
 -4.002826691 4.999998569 8.999960899
 -4.117463589 5.111739635 9.273552895
 -4.197665215 5.355848312 9.464527130
 4.114162445 5.113073826 9.272238731
 3.997561932 4.999998569 8.998645782
 4.194944382 5.357182503 9.463212013
 -3.729801893 8.977252960 8.797196388
 -3.729334831 4.999998569 8.797195435
 -4.004019260 9.119840622 8.999961853
 -2.687409163 9.680350304 8.797196388
 -2.838132381 9.943682671 8.999961853
 -1.866387129 10.018983841 8.797196388
 -1.992802382 10.306261063 8.999961853
 -0.932175457 10.204755783 8.797196388
 -1.003501773 10.542956352 8.999961853
 0.000000002 10.247025490 8.797196388
 -0.000003228 10.611286163 8.999961853
 0.934212029 10.186118126 8.797196388
 1.009542465 10.542956352 8.999961853
 1.855783463 9.981316566 8.797196388
 1.998843193 10.306261063 8.999961853
 2.685905457 9.664702415 8.797196388
 2.845860720 9.942946434 8.999961853
 3.695901155 8.954033852 8.797196388
 3.998600006 9.118225098 8.999961853
 3.698854685 4.999998569 8.795881271
 3.256092310 4.999998569 8.795881271
 2.999999523 4.999998569 8.998645782
 3.256633282 8.731306076 8.797196388
 2.999997616 8.594882965 8.999961853
 2.458328247 9.268829346 8.797196388
 2.312588453 9.016633034 8.998645782
 1.684035420 9.591217041 8.797196388
 1.565008759 9.322184563 8.998645782
 0.849957764 9.787009239 8.797196388
 0.790700138 9.506307602 8.999961853
 0.000003413 9.860300064 8.797196388
 0.000005969 9.568477631 8.999961853
 -0.846197963 9.797083855 8.797196388
 -0.784873307 9.506307602 8.999961853
 -1.678419828 9.591829300 8.797196388
 -1.559180856 9.320860863 8.999961853
 -2.478730917 9.279666901 8.797196388
 -2.306760550 9.015309334 8.999961853
 -3.299464226 8.751091003 8.797196388
 -3.000002146 8.594882965 8.999961853
 -3.299828529 4.999998569 8.797196388
 -3.000002146 4.999998569 8.999960899
 -3.000002146 8.594882965 9.999999046
 -3.000002146 4.999998569 9.999999046
 2.999997616 4.999998569 9.999999046
 2.999997616 8.594882965 9.999999046
 -2.306760788 9.015308380 9.999999046
 -1.559181094 9.320859909 9.999999046
 -0.784873366 9.506307602 9.999999046
 0.000005882 9.568477631 9.999999046
 0.790699959 9.506307602 9.999999046
 1.565007091 9.320859909 9.999999046
 2.312586784 9.015308380 9.999999046
 -4.197427273 9.222517014 9.464527130
 4.194849014 9.220901489 9.464527130
 -2.953900814 10.075127602 9.464527130
 -2.074124336 10.437706947 9.464527130
 -1.044509411 10.674401283 9.464527130
 -0.000118712 10.742732048 9.464527130
 1.050566435 10.674401283 9.464527130
 2.080182076 10.437706947 9.464527130
 2.961715937 10.074392319 9.464527130
 -3.607477903 11.426928520 9.463212013
 -2.533147812 11.887729645 9.463212013
 -1.275845647 12.188547134 9.463212013
 -0.000017971 12.275387764 9.463212013
 1.282532573 12.188547134 9.463212013
 2.539834261 11.887729645 9.463212013
 3.616308928 11.411159515 9.472514153
 -3.607478619 9.614886284 1.083248138
 -2.533148527 10.075688362 1.083248258
 -1.275846481 10.376505852 1.083248138
 -0.000018522 10.463347435 1.083248138
 1.282532215 10.376505852 1.083248258
 2.539834023 10.075689316 1.083248377
 3.616310120 9.613951683 1.083248496
 -3.607479095 10.620450020 3.091256142
 -2.533148527 11.081252098 3.091256142
 -1.275846601 11.382068634 3.091255903
 -0.000018610 11.468910217 3.091256142
 1.282531977 11.382068634 3.091256142
 2.539833784 11.081253052 3.091256142
 3.616310120 10.619516373 3.091256142
 -3.607478619 11.417451859 4.701225758
 -2.533148527 11.878253937 4.701225758
 -1.275846601 12.179071426 4.701225281
 -0.000018680 12.265912056 4.701225758
 1.282531977 12.179071426 4.701225758
 2.539833784 11.878253937 4.701225758
 3.616310120 11.416518211 4.701225758
