324
 1.383969784 1.491822243 -2.727705240
 1.383970499 1.588046074 -2.840037346
 1.383970499 1.491832972 -2.839877844
 1.383969784 1.588129759 -2.727797508
 1.471158504 1.491822243 -2.727705240
 1.471159220 1.588046074 -2.840037346
 1.471158504 1.588129759 -2.727797508
 1.471159220 1.491832972 -2.839877844
 1.471158862 2.106042147 -2.128395319
 1.471158504 1.491955519 -2.659923315
 1.471158862 2.106042147 -2.277898788
 1.383970141 2.106042147 -2.277898788
 1.383969784 1.491955519 -2.659923315
 1.383970141 2.106042147 -2.128395319
 1.383969903 2.200853109 -2.128283978
 1.383970141 2.106042147 0.001715898
 1.383970022 2.153360128 0.001716852
 1.383969903 2.200853109 0.001716852
 1.471158504 2.200853109 -2.128283978
 1.427482724 2.200853109 0.001716852
 1.471158504 2.200853109 0.001716852
 1.471158504 2.153537273 0.001716852
 1.471158862 2.106042147 0.001716852
 1.427645922 2.106042147 0.001716852
 1.383969903 2.200853109 -2.277804852
 1.471158504 2.200853109 -2.277804852
 1.383969545 2.200891495 -2.840244532
 1.383969545 2.104697704 -2.840084791
 1.471158147 2.200891495 -2.840244532
 1.471158147 2.104697704 -2.840084791
 -1.466972709 1.491822243 -2.727705240
 -1.466971993 1.588046074 -2.840037346
 -1.466971993 1.491832972 -2.839877844
 -1.466972709 1.588129759 -2.727797508
 -1.379783988 1.491822243 -2.727705240
 -1.379783273 1.588046074 -2.840037346
 -1.379783988 1.588129759 -2.727797508
 -1.379783273 1.491832972 -2.839877844
 -1.379783630 2.106042147 -2.128395319
 -1.379783988 1.491955519 -2.659923315
 -1.379783630 2.106042147 -2.277898788
 -1.466972351 2.106042147 -2.277898788
 -1.466972709 1.491955519 -2.659923315
 -1.466972351 2.106042147 -2.128395319
 -1.466972589 2.200853109 -2.128283978
 -1.466972351 2.106042147 0.001715898
 -1.466972351 2.153360128 0.001716852
 -1.466972589 2.200853109 0.001716852
 -1.379783869 2.200853109 -2.128283978
 -1.423459649 2.200853109 0.001716852
 -1.379783869 2.200853109 0.001716852
 -1.379783750 2.153537273 0.001716852
 -1.379783630 2.106042147 0.001716852
 -1.423296452 2.106042147 0.001716852
 -1.466972589 2.200853109 -2.277804852
 -1.379783869 2.200853109 -2.277804852
 -1.466972947 2.200891495 -2.840244532
 -1.466972947 2.104697704 -2.840084791
 -1.379784226 2.200891495 -2.840244532
 -1.379784226 2.104697704 -2.840084791
 1.191635370 1.491822243 -2.965716362
 1.303967476 1.588046074 -2.965715885
 1.303808093 1.491832972 -2.965715885
 1.191727638 1.588129759 -2.965716362
 1.191635370 1.491822243 -2.878527641
 1.303967476 1.588046074 -2.878527164
 1.191727638 1.588129759 -2.878527641
 1.303808093 1.491832972 -2.878527164
 0.592325509 2.106042147 -2.878527403
 1.123853564 1.491955519 -2.878527641
 0.741828799 2.106042147 -2.878527403
 0.741828799 2.106042147 -2.965716124
 1.123853564 1.491955519 -2.965716362
 0.592325509 2.106042147 -2.965716124
 -1.167187929 1.491822243 -2.878527403
 -1.279520035 1.588046074 -2.878528357
 -1.279360652 1.491832972 -2.878528357
 -1.167280197 1.588129759 -2.878527403
 -1.167187929 1.491822243 -2.965716124
 -1.279520035 1.588046074 -2.965717077
 -1.167280197 1.588129759 -2.965716124
 -1.279360652 1.491832972 -2.965717077
 -0.717080534 2.200853109 -2.965716600
 -0.567671061 2.106042147 -2.965716362
 -0.717174351 2.106042147 -2.965716362
 -0.567559659 2.200853109 -2.965716600
 -0.717080534 2.200853109 -2.878527880
 -0.567559659 2.200853109 -2.878527880
 -0.717174351 2.106042147 -2.878527641
 -0.567671061 2.106042147 -2.878527641
 -1.099406123 1.491955519 -2.965716124
 -1.099406123 1.491955519 -2.878527403
 -1.279520035 2.200891495 -2.965717077
 -1.279360652 2.104697704 -2.965717077
 -1.279520035 2.200891495 -2.878528357
 -1.279360652 2.104697704 -2.878528357
 0.592214108 2.200853109 -2.965716362
 0.592214108 2.200853109 -2.878527641
 0.741734922 2.200853109 -2.965716362
 0.741734922 2.200853109 -2.878527641
 1.304174662 2.200891495 -2.965716839
 1.304014802 2.104697704 -2.965716839
 1.304174662 2.200891495 -2.878528118
 1.304014802 2.104697704 -2.878528118
 1.381745458 2.278887749 -2.613305330
 1.122637510 2.361986160 -2.613305569
 1.122637510 2.278887749 -2.613305569
 1.381745458 2.361986160 -2.613305330
 1.381640315 2.311054468 -2.881639481
 1.122637510 2.278887749 -2.881769419
 1.122637510 2.361986160 -2.881769419
 1.381745458 0.041820027 -2.695169210
 1.196231961 0.176860020 -2.695169210
 1.196231961 0.041820027 -2.695169210
 1.381745458 0.176859975 -2.695169210
 1.381640315 -0.000000069 -2.881639481
 1.196231961 0.041820031 -2.881769657
 1.196231961 0.176859975 -2.881769657
 1.381640196 2.238101721 -2.677767038
 1.180917263 2.238101721 -2.677767038
 1.180917263 2.238101721 -2.881639481
 1.180917263 0.202549636 -2.677767038
 1.381640196 0.202549636 -2.677767038
 1.180917263 0.202549666 -2.881639719
 1.180917263 2.367560625 -2.677767038
 1.381640196 2.367560625 -2.677767038
 1.180917263 2.367560625 -2.881639481
 1.381640196 0.041761421 -2.613053799
 1.123136997 0.041761421 -2.613054037
 1.123136997 0.041761428 -2.881639719
 1.381640315 2.503500462 -2.881639481
 1.180917263 2.503500462 -2.677767038
 1.381640196 2.503500462 -2.677767038
 1.180917263 2.503500462 -2.881639481
 1.381640196 -0.000000079 -2.613053799
 1.123136997 -0.000000079 -2.613053799
 1.123136997 -0.000000069 -2.881639481
 -1.381745458 2.278887749 -2.613305330
 -1.122637510 2.278887749 -2.613305569
 -1.122637510 2.361986160 -2.613305569
 -1.381745458 2.361986160 -2.613305330
 -1.381640315 2.311054468 -2.881639481
 -1.122637510 2.361986160 -2.881769419
 -1.122637510 2.278887749 -2.881769419
 -1.381745458 0.041820027 -2.695169210
 -1.196231961 0.041820027 -2.695169210
 -1.196231961 0.176860020 -2.695169210
 -1.381745458 0.176859975 -2.695169210
 -1.381640315 -0.000000428 -2.881639481
 -1.196231961 0.176859975 -2.881769657
 -1.196231961 0.041820031 -2.881769657
 -1.381640196 2.238101721 -2.677767038
 -1.180917263 2.238101721 -2.677767038
 -1.180917263 2.238101721 -2.881639481
 -1.180917263 0.202549636 -2.677767038
 -1.381640196 0.202549636 -2.677767038
 -1.180917263 0.202549666 -2.881639719
 -1.180917263 2.367560625 -2.677767038
 -1.381640196 2.367560625 -2.677767038
 -1.180917263 2.367560625 -2.881639481
 -1.381640196 0.041761421 -2.613053799
 -1.123136997 0.041761421 -2.613054037
 -1.123136997 0.041761428 -2.881639719
 -1.381640315 2.503500462 -2.881639481
 -1.381640196 2.503500462 -2.677767038
 -1.180917263 2.503500462 -2.677767038
 -1.180917263 2.503500462 -2.881639481
 -1.381640196 -0.000000437 -2.613053799
 -1.123136997 -0.000000437 -2.613053799
 -1.123136997 -0.000000428 -2.881639481
 1.191635370 1.491822243 2.881960869
 1.303967476 1.588046074 2.881961584
 1.303808093 1.491832972 2.881961584
 1.191727638 1.588129759 2.881960869
 1.191635370 1.491822243 2.969149590
 1.303967476 1.588046074 2.969150066
 1.191727638 1.588129759 2.969149590
 1.303808093 1.491832972 2.969150066
 0.592325509 2.106042147 2.969149828
 1.123853564 1.491955519 2.969149590
 0.741828799 2.106042147 2.969149828
 0.741828799 2.106042147 2.881961346
 1.123853564 1.491955519 2.881960869
 0.592325509 2.106042147 2.881961346
 -1.167187929 1.491822243 2.969149828
 -1.279520035 1.588046074 2.969149113
 -1.279360652 1.491832972 2.969149113
 -1.167280197 1.588129759 2.969149828
 -1.167187929 1.491822243 2.881961107
 -1.279520035 1.588046074 2.881960630
 -1.167280197 1.588129759 2.881961107
 -1.279360652 1.491832972 2.881960630
 -0.717080534 2.200853109 2.881960869
 -0.567671061 2.106042147 2.881961107
 -0.717174351 2.106042147 2.881961107
 -0.567559659 2.200853109 2.881960869
 -0.717080534 2.200853109 2.969149590
 -0.567559659 2.200853109 2.969149590
 -0.717174351 2.106042147 2.969149828
 -0.567671061 2.106042147 2.969149828
 -1.099406123 1.491955519 2.881961107
 -1.099406123 1.491955519 2.969149828
 -1.279520035 2.200891495 2.881960630
 -1.279360652 2.104697704 2.881960630
 -1.279520035 2.200891495 2.969149113
 -1.279360652 2.104697704 2.969149113
 0.592214108 2.200853109 2.881961107
 0.592214108 2.200853109 2.969149828
 0.741734922 2.200853109 2.881961107
 0.741734922 2.200853109 2.969149828
 1.304174662 2.200891495 2.881960630
 1.304014802 2.104697704 2.881960630
 1.304174662 2.200891495 2.969149113
 1.304014802 2.104697704 2.969149113
 1.471158862 1.491822243 2.723396540
 1.471158147 1.588046074 2.835728645
 1.471158147 1.491832972 2.835569143
 1.471158862 1.588129759 2.723488808
 1.383970141 1.491822243 2.723396540
 1.383969545 1.588046074 2.835728645
 1.383970141 1.588129759 2.723488808
 1.383969545 1.491832972 2.835569143
 1.383969903 2.200853109 2.273288965
 1.383970141 2.106042147 2.123879433
 1.383970141 2.106042147 2.273382902
 1.383969903 2.200853109 2.123768091
 1.471158504 2.200853109 2.273288965
 1.471158504 2.200853109 2.123768091
 1.471158862 2.106042147 2.273382902
 1.471158862 2.106042147 2.123879433
 1.383970141 1.491955519 2.655614614
 1.471158862 1.491955519 2.655614614
 1.383969545 2.200891495 2.835728645
 1.383969545 2.104697704 2.835569143
 1.471158147 2.200891495 2.835728645
 1.471158147 2.104697704 2.835569143
 -1.379783511 1.491822243 2.723396540
 -1.379784226 1.588046074 2.835728645
 -1.379784226 1.491832972 2.835569143
 -1.379783511 1.588129759 2.723488808
 -1.466972232 1.491822243 2.723396540
 -1.466972947 1.588046074 2.835728645
 -1.466972232 1.588129759 2.723488808
 -1.466972947 1.491832972 2.835569143
 -1.466972589 2.200853109 2.273288965
 -1.466972351 2.106042147 2.123879433
 -1.466972351 2.106042147 2.273382902
 -1.466972589 2.200853109 2.123768091
 -1.379783869 2.200853109 2.273288965
 -1.379783869 2.200853109 2.123768091
 -1.379783630 2.106042147 2.273382902
 -1.379783630 2.106042147 2.123879433
 -1.466972232 1.491955519 2.655614614
 -1.379783511 1.491955519 2.655614614
 -1.466972947 2.200891495 2.835728645
 -1.466972947 2.104697704 2.835569143
 -1.379784226 2.200891495 2.835728645
 -1.379784226 2.104697704 2.835569143
 -1.381745458 2.278887749 2.613305330
 -1.122637510 2.361986160 2.613305569
 -1.122637510 2.278887749 2.613305569
 -1.381745458 2.361986160 2.613305330
 -1.381640315 2.311054468 2.881639481
 -1.122637510 2.278887749 2.881769419
 -1.122637510 2.361986160 2.881769419
 -1.381745458 0.041819789 2.695169210
 -1.196231961 0.176860020 2.695169210
 -1.196231961 0.041819789 2.695169210
 -1.381745458 0.176859975 2.695169210
 -1.381640315 -0.000000635 2.881639481
 -1.196231961 0.041819785 2.881769657
 -1.196231961 0.176859975 2.881769657
 -1.381640196 2.238101721 2.677767038
 -1.180917263 2.238101721 2.677767038
 -1.180917263 2.238101721 2.881639481
 -1.180917263 0.202549636 2.677767038
 -1.381640196 0.202549636 2.677767038
 -1.180917263 0.202549666 2.881639719
 -1.180917263 2.367560625 2.677767038
 -1.381640196 2.367560625 2.677767038
 -1.180917263 2.367560625 2.881639481
 -1.381640196 0.041761193 2.613053799
 -1.123136997 0.041761193 2.613054037
 -1.123136997 0.041761182 2.881639719
 -1.381640315 2.503500462 2.881639481
 -1.180917263 2.503500462 2.677767038
 -1.381640196 2.503500462 2.677767038
 -1.180917263 2.503500462 2.881639481
 -1.381640196 -0.000000626 2.613053799
 -1.123136997 -0.000000626 2.613053799
 -1.123136997 -0.000000636 2.881639481
 1.381745458 2.278887749 2.613305330
 1.122637510 2.278887749 2.613305569
 1.122637510 2.361986160 2.613305569
 1.381745458 2.361986160 2.613305330
 1.381640315 2.311054468 2.881639481
 1.122637510 2.361986160 2.881769419
 1.122637510 2.278887749 2.881769419
 1.381745458 0.041819789 2.695169210
 1.196231961 0.041819789 2.695169210
 1.196231961 0.176860020 2.695169210
 1.381745458 0.176859975 2.695169210
 1.381640315 -0.000000277 2.881639481
 1.196231961 0.176859975 2.881769657
 1.196231961 0.041819785 2.881769657
 1.381640196 2.238101721 2.677767038
 1.180917263 2.238101721 2.677767038
 1.180917263 2.238101721 2.881639481
 1.180917263 0.202549636 2.677767038
 1.381640196 0.202549636 2.677767038
 1.180917263 0.202549666 2.881639719
 1.180917263 2.367560625 2.677767038
 1.381640196 2.367560625 2.677767038
 1.180917263 2.367560625 2.881639481
 1.381640196 0.041761193 2.613053799
 1.123136997 0.041761193 2.613054037
 1.123136997 0.041761182 2.881639719
 1.381640315 2.503500462 2.881639481
 1.381640196 2.503500462 2.677767038
 1.180917263 2.503500462 2.677767038
 1.180917263 2.503500462 2.881639481
 1.381640196 -0.000000267 2.613053799
 1.123136997 -0.000000267 2.613053799
 1.123136997 -0.000000277 2.881639481
