943
 0.000903420 -1.227856994 -0.006381874
 0.047111347 -1.216132402 -0.006404339
 0.047137745 -1.232049704 0.051126748
 0.000930102 -1.242209554 0.045599546
 0.079973221 -1.185395718 -0.006430459
 0.080004297 -1.205419421 0.065675765
 0.092464231 -1.142204285 -0.006459255
 0.092513345 -1.168000460 0.086136840
 0.079920590 -1.099027634 -0.006484639
 0.079978764 -1.130596995 0.106610119
 0.047030840 -1.068328142 -0.006492271
 0.047084842 -1.104005337 0.121177532
 0.000803504 -1.056658626 -0.006486423
 0.000866081 -1.093900442 0.126733154
 -0.045404423 -1.068383098 -0.006463957
 -0.045350425 -1.104060292 0.121205851
 -0.078266278 -1.099120975 -0.006437822
 -0.078208104 -1.130691528 0.106656961
 -0.090757377 -1.142313361 -0.006404580
 -0.090717189 -1.168109298 0.086195841
 -0.078213654 -1.185489178 -0.006383642
 -0.078182571 -1.205513954 0.065722600
 -0.045315046 -1.216187358 -0.006375919
 -0.045288660 -1.232104659 0.051155172
 0.047147125 -1.242428899 0.061299648
 0.080036402 -1.242428899 0.101936080
 0.060038261 -1.242428899 0.077225290
 0.092566013 -1.236040354 0.152783155
 0.089010708 -1.242428899 0.142820239
 0.080046907 -1.213566065 0.187863141
 0.047169454 -1.197593212 0.212823465
 0.000951920 -1.191532135 0.222336531
 -0.045265801 -1.197648287 0.212851793
 -0.078140028 -1.213659525 0.187914357
 -0.090655662 -1.236148119 0.152842253
 -0.078150585 -1.242428899 0.101894207
 -0.080387406 -1.242428899 0.112114593
 -0.087157063 -1.242428899 0.143038809
 -0.045279313 -1.242428899 0.061273251
 -0.060584668 -1.242428899 0.080190547
 -0.035452463 -1.242428899 0.057987381
 0.080066279 -1.242428899 0.195769995
 0.047199201 -1.242428899 0.224911660
 0.071956500 -1.242428899 0.202866182
 0.000985578 -1.242428899 0.235986426
 0.031587720 -1.242428899 0.228610560
 -0.045236092 -1.242428899 0.224925146
 -0.015931074 -1.242428899 0.231984034
 -0.078120716 -1.242428899 0.195795625
 -0.056255642 -1.242428899 0.215292752
 -0.081161030 -1.242428899 0.185987890
 0.079944260 -1.242428899 -0.208496243
 0.079927936 -1.213774204 -0.200678810
 0.082972236 -1.242428899 -0.198728174
 0.092476062 -1.236219764 -0.165586039
 0.047062363 -1.242428899 -0.237608522
 0.047039852 -1.197823524 -0.225632682
 0.058043122 -1.242428899 -0.228017017
 0.000840284 -1.242428899 -0.248653561
 0.000815178 -1.191769242 -0.235123470
 0.017682858 -1.242428899 -0.244674295
 -0.045372922 -1.242428899 -0.237565532
 -0.045395400 -1.197878480 -0.225604340
 -0.029859107 -1.242428899 -0.241246149
 -0.078242674 -1.242428899 -0.208422750
 -0.078258939 -1.213867903 -0.200631961
 -0.070219226 -1.242428899 -0.215445071
 -0.090745553 -1.236327410 -0.165531397
 0.047109898 -1.242428899 -0.073999546
 0.047107611 -1.232126474 -0.063928381
 0.037323352 -1.242428899 -0.070719115
 0.000897407 -1.242428899 -0.058504310
 0.079976372 -1.242428899 -0.114604943
 0.079966806 -1.205509663 -0.078521110
 0.062430043 -1.242428899 -0.092930779
 0.089021213 -1.242428899 -0.155881181
 0.092453390 -1.168108344 -0.099024460
 0.082218245 -1.242428899 -0.124841392
 0.079905257 -1.130723596 -0.119519942
 0.047012817 -1.104144216 -0.134094164
 0.000787749 -1.094043970 -0.139629677
 -0.045422435 -1.104200244 -0.134065852
 -0.078281626 -1.130817890 -0.119473100
 -0.090768218 -1.168218374 -0.098969780
 -0.087336749 -1.242428899 -0.155991495
 -0.078210540 -1.242428899 -0.114465050
 -0.078220136 -1.205601931 -0.078469880
 -0.045325369 -1.242428899 -0.073917262
 -0.045327645 -1.232181430 -0.063900068
 -0.057998601 -1.242428899 -0.089543149
 0.000590327 -0.700263321 -0.006700560
 0.000596503 -0.688537955 0.039508305
 -0.056908317 -0.704525173 0.039535947
 -0.051370468 -0.714679599 -0.006675608
 0.000593063 -0.657802105 0.072365679
 -0.071489207 -0.677911162 0.072400615
 0.000564482 -0.614610136 0.084856942
 -0.092002377 -0.640517175 0.084903322
 0.000540390 -0.571434021 0.072315924
 -0.112510994 -0.603138089 0.072369285
 0.000507135 -0.540734887 0.039420288
 -0.127112836 -0.576564014 0.039481111
 0.000490416 -0.529066324 -0.006805093
 -0.132682458 -0.566466510 -0.006741686
 0.000484236 -0.540790498 -0.053013973
 -0.127144605 -0.576619744 -0.052953269
 0.000487683 -0.571528733 -0.085871309
 -0.112563692 -0.603233874 -0.085817918
 0.000516260 -0.614719510 -0.098362587
 -0.092059411 -0.640627861 -0.098320737
 0.000540356 -0.657896817 -0.085821562
 -0.071541898 -0.678007960 -0.085786581
 0.000573608 -0.688594878 -0.052925937
 -0.056940079 -0.704580903 -0.052898418
 -0.098505475 -0.747065902 0.039575424
 -0.089010209 -0.753170371 -0.006639713
 -0.123465694 -0.731083512 0.072447933
 -0.158562899 -0.708635688 0.084962718
 -0.193673342 -0.686203957 0.072445020
 -0.218654528 -0.670262575 0.039564691
 -0.228172690 -0.664211750 -0.006654459
 -0.218677446 -0.670317173 -0.052869581
 -0.193717211 -0.686299622 -0.085742101
 -0.158619970 -0.708747447 -0.098256901
 -0.123509534 -0.731179118 -0.085739180
 -0.098537229 -0.747121692 -0.052858945
 -0.116862565 -0.806275904 0.039618544
 -0.105995782 -0.806543589 -0.006603655
 -0.145421728 -0.805628657 0.072501466
 -0.185585558 -0.804737866 0.085029081
 -0.225753769 -0.803863823 0.072524272
 -0.254333854 -0.803254426 0.039654326
 -0.265223533 -0.803044677 -0.006557713
 -0.254356742 -0.803310156 -0.052779943
 -0.225797549 -0.803958476 -0.085662857
 -0.185642630 -0.804849446 -0.098190546
 -0.145465583 -0.805724442 -0.085685648
 -0.116885453 -0.806331635 -0.052815724
 -0.117529549 -0.889640152 0.039666276
 -0.106778927 -0.889661074 -0.006551927
 -0.145811722 -0.889636815 0.072552726
 -0.185573429 -0.889653206 0.085080191
 -0.225348368 -0.889685571 0.072575152
 -0.253642619 -0.889722347 0.039708864
 -0.264425039 -0.889755964 -0.006507320
 -0.253674388 -0.889778137 -0.052725509
 -0.225392252 -0.889781296 -0.085611962
 -0.185630500 -0.889764845 -0.098139428
 -0.145855561 -0.889731407 -0.085634418
 -0.117561325 -0.889694631 -0.052768119
 -0.117464364 -1.045767546 0.039759427
 -0.106704883 -1.045788646 -0.006458669
 -0.145737663 -1.045765400 0.072646007
 -0.185508236 -1.045780897 0.085173346
 -0.225274339 -1.045812011 0.072668403
 -0.253568560 -1.045849800 0.039802123
 -0.264359891 -1.045883536 -0.006409739
 -0.253600329 -1.045905590 -0.052632246
 -0.225327104 -1.045908928 -0.085514367
 -0.185565338 -1.045891404 -0.098046295
 -0.145790368 -1.045860052 -0.085541226
 -0.117496140 -1.045823455 -0.052674953
 -0.116832457 -1.130466104 0.039810695
 -0.105984449 -1.130452275 -0.006406798
 -0.145353645 -1.130556822 0.072695516
 -0.185460627 -1.130704880 0.085225038
 -0.225580901 -1.130868196 0.072722025
 -0.254123002 -1.130996704 0.039853964
 -0.264993966 -1.131068230 -0.006358343
 -0.254145890 -1.131053448 -0.052580278
 -0.225624755 -1.130962849 -0.085465118
 -0.185517728 -1.130815625 -0.097994611
 -0.145406350 -1.130653739 -0.085491695
 -0.116864219 -1.130522966 -0.052623663
 -0.099225186 -1.191938162 0.039843373
 -0.089629881 -1.186043262 -0.006378522
 -0.124465682 -1.207476616 0.072735921
 -0.159940451 -1.229342341 0.085279778
 -0.197631240 -1.242428899 0.072777785
 -0.181166723 -1.242428899 0.077804632
 -0.226682171 -1.242428899 0.039913416
 -0.221559435 -1.242428899 0.045806061
 -0.237731457 -1.242428899 -0.006301503
 -0.235402301 -1.242428899 0.003583765
 -0.226726398 -1.242428899 -0.052520946
 -0.228678495 -1.242428899 -0.044206090
 -0.197707295 -1.242428899 -0.085405365
 -0.159997478 -1.229452848 -0.097944304
 -0.181056246 -1.242428899 -0.090499885
 -0.124509521 -1.207572341 -0.085451201
 -0.099256948 -1.191995025 -0.052590989
 -0.057460334 -1.235720634 0.039858866
 -0.051851049 -1.225652456 -0.006368245
 -0.091120429 -1.242428899 0.072747037
 -0.079841420 -1.242428899 0.063488454
 -0.061204385 -1.242428899 0.048188321
 -0.147455454 -1.242428899 0.085283153
 -0.112523116 -1.242428899 0.077508442
 -0.154322505 -1.242428899 0.083760507
 -0.147618040 -1.242428899 -0.097940132
 -0.091255590 -1.242428899 -0.085440084
 -0.125358194 -1.242428899 -0.093003370
 -0.057492100 -1.235775352 -0.052575521
 -0.061202899 -1.242428899 -0.060815178
 -0.033658467 -1.242428899 0.039855998
 -0.018468339 -1.242428899 0.022865513
 0.000907356 -1.242428899 0.001281924
 -0.049156949 -1.242428899 0.044533342
 -0.033887431 -1.242428899 -0.052580144
 0.000902110 -1.242428899 -0.013990476
 0.035382152 -1.242428899 0.039834820
 0.059300508 -1.235661745 0.039823011
 0.053633515 -1.225603104 -0.006400428
 0.063092545 -1.242428899 0.048230644
 0.035546634 -1.242428899 -0.052601445
 0.059268735 -1.235716343 -0.052611370
 0.050985008 -1.242428899 -0.057271704
 0.020313423 -1.242428899 -0.035582110
 0.101017259 -1.191835999 0.039784797
 0.091384426 -1.185955048 -0.006433388
 0.092886463 -1.242428899 0.072690144
 0.126289487 -1.207337618 0.072658136
 0.149176642 -1.242428899 0.085193105
 0.161814377 -1.229151011 0.085181162
 0.126512796 -1.242428899 0.080159388
 0.183416158 -1.242428899 0.077568911
 0.161757350 -1.229262590 -0.098042898
 0.183195814 -1.242428899 -0.090483740
 0.156122595 -1.242428899 -0.096498989
 0.092930563 -1.242428899 -0.085495472
 0.126236752 -1.207433462 -0.085524671
 0.114333250 -1.242428899 -0.090260230
 0.149225712 -1.242428899 -0.098031044
 0.063021295 -1.242428899 -0.060933799
 0.100985512 -1.191893101 -0.052649558
 0.081659615 -1.242428899 -0.076238096
 0.118550844 -1.130348325 0.039739676
 0.107679650 -1.130351305 -0.006473599
 0.147102475 -1.130396008 0.072605878
 0.187214702 -1.130484581 0.085112296
 0.199456364 -1.242428899 0.072661139
 0.227322638 -1.130586624 0.072581857
 0.228477001 -1.242428899 0.039775692
 0.255844325 -1.130673170 0.039699510
 0.239498138 -1.242428899 -0.006444605
 0.266692638 -1.130727172 -0.006521460
 0.230404004 -1.242428899 0.031575449
 0.228467777 -1.242428899 -0.052658606
 0.255821437 -1.130730152 -0.052734736
 0.237194911 -1.242428899 -0.016236288
 0.199428126 -1.242428899 -0.085525818
 0.227278680 -1.130682468 -0.085600816
 0.223393902 -1.242428899 -0.058498625
 0.187157616 -1.130593896 -0.098107368
 0.147049725 -1.130490661 -0.085576944
 0.118527956 -1.130404234 -0.052694589
 0.119089045 -1.045636058 0.039689261
 0.108297758 -1.045673966 -0.006522536
 0.147383273 -1.045592666 0.072555467
 0.187158197 -1.045551300 0.085060380
 0.226919889 -1.045526147 0.072532780
 0.255193174 -1.045521617 0.039646111
 0.265952617 -1.045539379 -0.006572024
 0.255170226 -1.045577288 -0.052788153
 0.226867169 -1.045620799 -0.085654452
 0.187101111 -1.045662045 -0.098159261
 0.147339374 -1.045687199 -0.085627228
 0.119057305 -1.045692921 -0.052745085
 0.118970662 -0.889499843 0.039595347
 0.108188294 -0.889536738 -0.006620798
 0.147264883 -0.889456332 0.072461523
 0.187039822 -0.889414132 0.084966429
 0.226801530 -0.889388859 0.072438844
 0.255074739 -0.889384329 0.039552171
 0.265834212 -0.889403045 -0.006665949
 0.255051851 -0.889440060 -0.052882098
 0.226748750 -0.889483392 -0.085748389
 0.186982706 -0.889524639 -0.098253205
 0.147221044 -0.889550984 -0.085725591
 0.118938908 -0.889555514 -0.052839037
 0.118201531 -0.806135952 0.039547727
 0.107304797 -0.806419373 -0.006670807
 0.146777183 -0.805443347 0.072412744
 0.186947823 -0.804491043 0.084918663
 0.227105305 -0.803553641 0.072387621
 0.255668879 -0.802900970 0.039499883
 0.266533881 -0.802672267 -0.006720398
 0.255637050 -0.802955687 -0.052934505
 0.227061465 -0.803648233 -0.085799515
 0.186890796 -0.804601669 -0.098305397
 0.146733344 -0.805540144 -0.085774340
 0.118169829 -0.806191742 -0.052891076
 0.099777795 -0.746954858 0.039514862
 0.090266600 -0.753074646 -0.006698266
 0.124736317 -0.730935454 0.072374143
 0.159805447 -0.708433509 0.084866755
 0.194870204 -0.685947418 0.072326951
 0.219807789 -0.669966817 0.039433375
 0.229287297 -0.663902879 -0.006792299
 0.219776019 -0.670022607 -0.053000998
 0.194826394 -0.686043203 -0.085860156
 0.159748361 -0.708542883 -0.098352894
 0.124683581 -0.731030107 -0.085813075
 0.099746056 -0.747010708 -0.052919511
 0.058141556 -0.704462886 0.039501231
 0.052589323 -0.714625239 -0.006708831
 0.072699837 -0.677828670 0.072359554
 0.093160674 -0.640404224 0.084845819
 0.113617145 -0.602993369 0.072299629
 0.128154472 -0.576397061 0.039405070
 0.133683890 -0.566291451 -0.006823542
 0.128122807 -0.576453984 -0.053033713
 0.113564447 -0.603089213 -0.085887589
 0.093103603 -0.640514731 -0.098373830
 0.072656006 -0.677924335 -0.085827544
 0.058109786 -0.704519689 -0.052933116
 0.000278191 -0.167862847 -0.007019869
 0.046486124 -0.156139538 -0.007042319
 0.046512511 -0.172056720 0.050488763
 0.000304931 -0.182216629 0.044957135
 0.079339169 -0.125401616 -0.007072994
 0.079379119 -0.145425469 0.065033339
 0.091839060 -0.082209274 -0.007101696
 0.091879264 -0.108007587 0.085498765
 0.079295367 -0.039033554 -0.007122634
 0.079344720 -0.070604146 0.105967619
 0.046396751 -0.008334104 -0.007130372
 0.046459604 -0.044011261 0.120539553
 0.000178280 0.003334280 -0.007124402
 0.000231989 -0.033906378 0.126095057
 -0.046038460 -0.008389115 -0.007106491
 -0.045975588 -0.044066180 0.120563440
 -0.078891516 -0.039127965 -0.007075801
 -0.078842200 -0.070697546 0.106018841
 -0.091382548 -0.082318194 -0.007047020
 -0.091342352 -0.108116508 0.085553445
 -0.078838833 -0.125496194 -0.007026053
 -0.078807808 -0.145519853 0.065084599
 -0.045949139 -0.156194374 -0.007014006
 -0.045922689 -0.172111720 0.050512645
 0.046550985 -0.214546055 0.092131205
 0.000333262 -0.220664471 0.082646497
 0.079425149 -0.198535770 0.117073059
 0.091940783 -0.176046222 0.152145162
 0.079421692 -0.153572127 0.187225208
 0.046544231 -0.137600332 0.212185532
 0.000326688 -0.131536826 0.221698493
 -0.045891035 -0.137655243 0.212213799
 -0.078765206 -0.153665438 0.187271968
 -0.091280833 -0.176155061 0.152199835
 -0.078761719 -0.198629260 0.117119871
 -0.045884278 -0.214600891 0.092159510
 0.046594534 -0.273736537 0.110556908
 0.000373297 -0.274014473 0.099691756
 0.079478011 -0.273054540 0.139117375
 0.092006706 -0.272116959 0.179278150
 0.079500653 -0.271192551 0.219446748
 0.046632495 -0.270550013 0.248025775
 0.000418476 -0.270324826 0.258919179
 -0.045802757 -0.270604938 0.248054117
 -0.078686222 -0.271287054 0.219493583
 -0.091214910 -0.272225767 0.179332852
 -0.078708872 -0.273147970 0.139164194
 -0.045840725 -0.273790330 0.110585220
 0.046645645 -0.357098252 0.111327104
 0.000422184 -0.357131839 0.100573778
 0.079525910 -0.357061744 0.139608428
 0.092053793 -0.357030660 0.179369584
 0.079546861 -0.357014954 0.219143048
 0.046684448 -0.357018083 0.247438550
 0.000472586 -0.357039183 0.258224636
 -0.045750819 -0.357073009 0.247466877
 -0.078631133 -0.357108295 0.219190016
 -0.091167822 -0.357139468 0.179424271
 -0.078660965 -0.357156217 0.139655247
 -0.045789607 -0.357154191 0.111355431
 0.046737086 -0.513226390 0.111447178
 0.000513681 -0.513260067 0.100689411
 0.079617396 -0.513189971 0.139724061
 0.092145234 -0.513158858 0.179489672
 0.079647228 -0.513143182 0.219258785
 0.046775885 -0.513146281 0.247558638
 0.000564083 -0.513167500 0.258340240
 -0.045659378 -0.513201177 0.247586966
 -0.078539647 -0.513236523 0.219305634
 -0.091076396 -0.513266563 0.179544315
 -0.078569517 -0.513284385 0.139775321
 -0.045698177 -0.513281345 0.111475512
 0.046782132 -0.597927213 0.110919461
 0.000559741 -0.597924471 0.100068100
 0.079668693 -0.597982645 0.139437050
 0.092201650 -0.598081887 0.179545864
 0.079690993 -0.598196447 0.219662443
 0.046825837 -0.598292530 0.248207465
 0.000613017 -0.598349035 0.259082675
 -0.045609426 -0.598347485 0.248235747
 -0.078495882 -0.598291039 0.219709247
 -0.091020010 -0.598190665 0.179604962
 -0.078518234 -0.598077059 0.139488310
 -0.045653142 -0.597980976 0.110947743
 0.046812084 -0.659418821 0.093386434
 0.000589372 -0.653533220 0.083782785
 0.079712734 -0.674927711 0.118635759
 0.092253596 -0.696748912 0.154145196
 0.079759732 -0.718586683 0.189662576
 0.046899848 -0.734135151 0.214934751
 0.000687307 -0.740075588 0.224566698
 -0.045535345 -0.734190106 0.214958638
 -0.078427128 -0.718682289 0.189709440
 -0.090976946 -0.696857691 0.154204205
 -0.078474186 -0.675022185 0.118687041
 -0.045623176 -0.659473717 0.093414739
 0.046827536 -0.703250527 0.051677838
 0.000603794 -0.693190396 0.046045389
 0.079725608 -0.729725659 0.066485643
 0.092269115 -0.766965032 0.087320343
 0.079777911 -0.804217696 0.108158477
 0.046924327 -0.830732346 0.122989245
 0.000712860 -0.840846300 0.128645539
 -0.045510948 -0.830786109 0.123017535
 -0.078408957 -0.804311097 0.108205289
 -0.090952493 -0.767073870 0.087375037
 -0.078461260 -0.729819000 0.066532463
 -0.045607667 -0.703306615 0.051701728
 0.046818301 -0.719776094 -0.006694395
 0.079717085 -0.750512123 -0.006690574
 0.092261031 -0.793741226 -0.006673324
 0.079761364 -0.836983383 -0.006648354
 0.046908479 -0.867757916 -0.006621599
 0.000700648 -0.879495621 -0.006603379
 -0.045526780 -0.867812812 -0.006593286
 -0.078416668 -0.837076843 -0.006601430
 -0.090960644 -0.793848813 -0.006614233
 -0.078469828 -0.750605404 -0.006639327
 -0.045616962 -0.719832063 -0.006666066
 0.046791732 -0.703331292 -0.065088399
 0.000571977 -0.693266034 -0.059439145
 0.079679318 -0.729819953 -0.079892285
 0.092217460 -0.767078519 -0.100695565
 0.079711959 -0.804350257 -0.121491142
 0.046847932 -0.830878615 -0.136276484
 0.000632440 -0.840998590 -0.141897425
 -0.045587324 -0.830932319 -0.136248171
 -0.078474924 -0.804444790 -0.121444285
 -0.091004156 -0.767187297 -0.100640893
 -0.078507602 -0.729913354 -0.079841040
 -0.045643572 -0.703386128 -0.065055653
 0.046750311 -0.659556150 -0.106855206
 0.000540840 -0.653662741 -0.097228907
 0.079629883 -0.675088763 -0.132114232
 0.092151858 -0.696944773 -0.167606220
 0.079639152 -0.718815207 -0.203094810
 0.046767037 -0.734385073 -0.228330910
 0.000550109 -0.740334511 -0.237928778
 -0.045668226 -0.734441161 -0.228302568
 -0.078547731 -0.718908548 -0.203047976
 -0.091069765 -0.697052479 -0.167551562
 -0.078557059 -0.675182104 -0.132062986
 -0.045676094 -0.659611046 -0.106826782
 0.046715494 -0.598090231 -0.124470338
 0.000502394 -0.598077953 -0.113591634
 0.079581253 -0.598171473 -0.153012842
 0.092083916 -0.598307192 -0.193130463
 0.079551801 -0.598458409 -0.233235791
 0.046674784 -0.598578155 -0.261759669
 0.000452628 -0.598645210 -0.272610068
 -0.045760475 -0.598632991 -0.261731356
 -0.078635089 -0.598551869 -0.233188957
 -0.091137759 -0.598415971 -0.193071380
 -0.078605637 -0.598264873 -0.152966037
 -0.045719761 -0.598145187 -0.124442019
 0.046658017 -0.513378084 -0.125104323
 0.000446170 -0.513402641 -0.114318199
 0.079529300 -0.513369441 -0.153399795
 0.092036173 -0.513375163 -0.193173423
 0.079508267 -0.513396204 -0.232934728
 0.046619054 -0.513426065 -0.261211783
 0.000404502 -0.513456464 -0.271969438
 -0.045816209 -0.513479888 -0.261183500
 -0.078678623 -0.513489664 -0.232887879
 -0.091185495 -0.513483942 -0.193114311
 -0.078657582 -0.513462782 -0.153352961
 -0.045768384 -0.513432920 -0.125075907
 0.046565887 -0.357241392 -0.125171334
 0.000354099 -0.357264817 -0.114389673
 0.079437219 -0.357232749 -0.153471217
 0.091944061 -0.357239425 -0.193240374
 0.079416201 -0.357259572 -0.233006150
 0.046526995 -0.357289314 -0.261283219
 0.000303518 -0.357319713 -0.272036552
 -0.045908265 -0.357344329 -0.261254907
 -0.078770742 -0.357354105 -0.232954860
 -0.091277555 -0.357347190 -0.193185717
 -0.078749716 -0.357324898 -0.153420016
 -0.045860503 -0.357297331 -0.125142902
 0.046523772 -0.273877233 -0.124500759
 0.000311500 -0.274148554 -0.113609239
 0.079387382 -0.273219794 -0.153080210
 0.091895960 -0.272313625 -0.193252221
 0.079360865 -0.271425068 -0.233411968
 0.046472859 -0.270806134 -0.261972934
 0.000258744 -0.270590812 -0.272836000
 -0.045962386 -0.270861059 -0.261944652
 -0.078826003 -0.271518439 -0.233365193
 -0.091325708 -0.272423536 -0.193193048
 -0.078799486 -0.273313254 -0.153033391
 -0.045911498 -0.273931026 -0.124472477
 0.046491832 -0.214673594 -0.106151186
 0.000281243 -0.220781818 -0.096632138
 0.079346560 -0.198683321 -0.131128177
 0.091841973 -0.176224545 -0.166224152
 0.079302713 -0.153780296 -0.201316759
 0.046405770 -0.137829423 -0.226270795
 0.000181144 -0.131776303 -0.235765949
 -0.046029493 -0.137884423 -0.226242483
 -0.078884177 -0.153874785 -0.201269910
 -0.091379642 -0.176333472 -0.166169509
 -0.078840360 -0.198777735 -0.131076902
 -0.045943432 -0.214728519 -0.106122889
 0.046482384 -0.172132269 -0.064566374
 0.000272147 -0.182288617 -0.058998119
 0.079332724 -0.145515740 -0.079159230
 0.091819301 -0.108115487 -0.099662565
 0.079280026 -0.070729479 -0.120157920
 0.046378724 -0.044150285 -0.134732276
 0.000153715 -0.034051090 -0.140272185
 -0.046056531 -0.044205107 -0.134703949
 -0.078906856 -0.070823975 -0.120111078
 -0.091393434 -0.108224221 -0.099607773
 -0.078854159 -0.145609125 -0.079112418
 -0.045952879 -0.172187209 -0.064538062
 0.001228005 -1.776558042 -0.006051993
 0.001242997 -1.764834881 0.040161446
 -0.056270685 -1.780820966 0.040188964
 -0.050732784 -1.790975451 -0.006027026
 0.001230687 -1.734096885 0.073018670
 -0.070851572 -1.754207253 0.073053628
 0.001210973 -1.690906167 0.085510068
 -0.091355830 -1.716813087 0.085552014
 0.001178068 -1.647728562 0.072964497
 -0.111873329 -1.679433823 0.073017865
 0.001153680 -1.617030621 0.040068973
 -0.126475155 -1.652859926 0.040129695
 0.001128097 -1.605362058 -0.006156511
 -0.132044822 -1.642762542 -0.006088674
 0.001121918 -1.617086411 -0.052365396
 -0.126506925 -1.652914643 -0.052304696
 0.001134228 -1.647824645 -0.085222617
 -0.111926027 -1.679529786 -0.085169360
 0.001153942 -1.691015244 -0.097714014
 -0.091412909 -1.716923714 -0.097667627
 0.001186847 -1.734192848 -0.085168444
 -0.070904277 -1.754301667 -0.085133605
 0.001211289 -1.764891028 -0.052277356
 -0.056302458 -1.780876875 -0.052245401
 -0.097867794 -1.823360801 0.040223986
 -0.088372521 -1.829466462 -0.005991132
 -0.122828007 -1.807379484 0.073096521
 -0.157925203 -1.784932733 0.085611336
 -0.193026826 -1.762499928 0.073093712
 -0.218008041 -1.746556282 0.040217780
 -0.227535039 -1.740508676 -0.006001431
 -0.218039796 -1.746614218 -0.052216552
 -0.193079531 -1.762594223 -0.085093550
 -0.157982305 -1.785042405 -0.097608313
 -0.122871898 -1.807474971 -0.085086159
 -0.097890683 -1.823417664 -0.052210253
 -0.116224885 -1.882571936 0.040267117
 -0.105358101 -1.882838368 -0.005955089
 -0.144784063 -1.881923556 0.073150016
 -0.184947878 -1.881033540 0.085677646
 -0.225116074 -1.880158782 0.073172830
 -0.253696203 -1.879550338 0.040307336
 -0.264585853 -1.879339576 -0.005909146
 -0.253719121 -1.879606009 -0.052126925
 -0.225159883 -1.880254388 -0.085014269
 -0.184996113 -1.881144166 -0.097541891
 -0.144827902 -1.882019043 -0.085037082
 -0.116247781 -1.882627606 -0.052167140
 -0.116891861 -1.965934753 0.040314835
 -0.106141254 -1.965957046 -0.005903346
 -0.145174026 -1.965932488 0.073201299
 -0.184935734 -1.965949178 0.085728765
 -0.224701911 -1.965980530 0.073228247
 -0.253004938 -1.966017008 0.040357437
 -0.263787389 -1.966052055 -0.005854308
 -0.253027827 -1.966072679 -0.052076828
 -0.224754617 -1.966074944 -0.084958993
 -0.184992835 -1.966058612 -0.097490877
 -0.145217881 -1.966028452 -0.084985815
 -0.116923630 -1.965990663 -0.052119534
 -0.116826750 -2.122062683 0.040412422
 -0.106067203 -2.122084379 -0.005810087
 -0.145099983 -2.122060299 0.073294550
 -0.184861749 -2.122076511 0.085826442
 -0.224636719 -2.122107983 0.073321395
 -0.252930939 -2.122145414 0.040455140
 -0.263722211 -2.122179270 -0.005761157
 -0.252962619 -2.122201681 -0.051983666
 -0.224680543 -2.122204781 -0.084865689
 -0.184918776 -2.122188330 -0.097397603
 -0.145152673 -2.122155905 -0.084892653
 -0.116849646 -2.122118950 -0.052021824
 -0.116194837 -2.206761599 0.040463712
 -0.105346777 -2.206748247 -0.005758216
 -0.144716009 -2.206852674 0.073348522
 -0.184823021 -2.206999540 0.085878022
 -0.224934354 -2.207162857 0.073370695
 -0.253485322 -2.207292557 0.040502541
 -0.264356256 -2.207364082 -0.005709762
 -0.253508210 -2.207349539 -0.051931702
 -0.224987090 -2.207258701 -0.084816523
 -0.184880063 -2.207110167 -0.097346045
 -0.144759864 -2.206948280 -0.084838569
 -0.116217665 -2.206818819 -0.051974978
 -0.098587506 -2.268233061 0.040491935
 -0.088992201 -2.262338400 -0.005729956
 -0.123819143 -2.283772230 0.073384598
 -0.159302771 -2.305637121 0.085928328
 -0.194790766 -2.327516317 0.073435187
 -0.220043316 -2.343094587 0.040574994
 -0.229670390 -2.349047661 -0.005637445
 -0.220075056 -2.343151331 -0.051859353
 -0.194843471 -2.327611923 -0.084752038
 -0.159359798 -2.305747747 -0.097295746
 -0.123871870 -2.283868313 -0.084798180
 -0.098619245 -2.268290997 -0.051942401
 -0.056822650 -2.312016487 0.040507447
 -0.051204551 -2.301949263 -0.005715108
 -0.071608566 -2.338508606 0.073401928
 -0.092393607 -2.375770330 0.085950866
 -0.113182947 -2.413049936 0.073463000
 -0.127989814 -2.439580917 0.040604614
 -0.133630827 -2.449704647 -0.005602646
 -0.128012717 -2.439637661 -0.051829629
 -0.113235638 -2.413145781 -0.084724225
 -0.092450634 -2.375882626 -0.097273178
 -0.071652472 -2.338602781 -0.084780768
 -0.056854416 -2.312072515 -0.051926922
 0.001566420 -2.328471661 0.040500399
 0.001540793 -2.316790104 -0.005725275
 0.001599800 -2.359208345 0.073396571
 0.001632925 -2.402435780 0.085938416
 0.001661675 -2.445678234 0.073447846
 0.001674103 -2.476452351 0.040591124
 0.001668030 -2.488192081 -0.005621977
 0.001642399 -2.476509333 -0.051847667
 0.001608972 -2.445774317 -0.084739372
 0.001575898 -2.402545691 -0.097285643
 0.001547090 -2.359302044 -0.084790684
 0.001534658 -2.328527451 -0.051933978
 0.059938166 -2.311956406 0.040471587
 0.054280054 -2.301898003 -0.005751753
 0.074778989 -2.338426352 0.073361240
 0.095623992 -2.375659466 0.085892931
 0.116464637 -2.412908316 0.073392197
 0.131284505 -2.439418316 0.040529031
 0.136910915 -2.449532986 -0.005686439
 0.131252736 -2.439473867 -0.051905341
 0.116411939 -2.413003922 -0.084795021
 0.095566921 -2.375771284 -0.097326688
 0.074726269 -2.338521957 -0.084825978
 0.059906423 -2.312012911 -0.051962774
 0.101654939 -2.268132210 0.040433381
 0.092022106 -2.262249708 -0.005784821
 0.126927122 -2.283633471 0.073311143
 0.162452072 -2.305446625 0.085829735
 0.197963774 -2.327274799 0.073315792
 0.223215029 -2.342816353 0.040440693
 0.232824937 -2.348753452 -0.005775378
 0.223192140 -2.342872620 -0.051993564
 0.197911084 -2.327369452 -0.084871456
 0.162394971 -2.305557251 -0.097389914
 0.126883298 -2.283728123 -0.084875986
 0.101623163 -2.268187761 -0.052000996
 0.119197354 -2.206644297 0.040392797
 0.108317353 -2.206646204 -0.005825033
 0.147740111 -2.206691980 0.073258899
 0.187852353 -2.206779242 0.085765280
 0.227960199 -2.206881285 0.073234849
 0.256482005 -2.206968069 0.040348079
 0.267330289 -2.207023144 -0.005872879
 0.256459117 -2.207025051 -0.052086171
 0.227916375 -2.206977129 -0.084952250
 0.187795326 -2.206890106 -0.097458780
 0.147687390 -2.206787586 -0.084928334
 0.119165584 -2.206698895 -0.052041590
 0.119726732 -2.121932030 0.040337846
 0.108944297 -2.121970177 -0.005873846
 0.148020968 -2.121888638 0.073204026
 0.187795848 -2.121846914 0.085713372
 0.227557585 -2.121822119 0.073181354
 0.255839616 -2.121816635 0.040299218
 0.266590297 -2.121834993 -0.005923443
 0.255807877 -2.121873379 -0.052135132
 0.227513716 -2.121916533 -0.085005760
 0.187738806 -2.121956825 -0.097510695
 0.147977069 -2.121984243 -0.084978648
 0.119694985 -2.121989012 -0.052096508
 0.119608350 -1.965795636 0.040243916
 0.108825915 -1.965832710 -0.005967786
 0.147902519 -1.965752244 0.073114544
 0.187677428 -1.965711236 0.085619450
 0.227439180 -1.965684772 0.073087417
 0.255721211 -1.965679169 0.040205270
 0.266471893 -1.965698957 -0.006017367
 0.255689472 -1.965735912 -0.052229077
 0.227395326 -1.965780377 -0.085099690
 0.187620401 -1.965820551 -0.097604625
 0.147858679 -1.965846658 -0.085072577
 0.119576581 -1.965850592 -0.052190464
 0.118839189 -1.882430673 0.040196292
 0.107942410 -1.882715225 -0.006017794
 0.147414833 -1.881738424 0.073061310
 0.187585503 -1.880786896 0.085567228
 0.227743000 -1.879849792 0.073036194
 0.256306469 -1.879195809 0.040152881
 0.267171472 -1.878968120 -0.006067385
 0.256274700 -1.879251480 -0.052281488
 0.227699131 -1.879944444 -0.085150950
 0.187528476 -1.880896449 -0.097656846
 0.147371024 -1.881836295 -0.085125782
 0.118807465 -1.882487416 -0.052238058
 0.100415483 -1.823250890 0.040163446
 0.090904199 -1.829369545 -0.006045268
 0.125373960 -1.807230115 0.073022716
 0.160443112 -1.784728169 0.085515320
 0.195507899 -1.762242317 0.072975509
 0.220445424 -1.746261716 0.040081941
 0.229924932 -1.740197659 -0.006139301
 0.220413700 -1.746317148 -0.052352428
 0.195464090 -1.762339234 -0.085211575
 0.160386041 -1.784839034 -0.097704329
 0.125321269 -1.807325006 -0.085164502
 0.100392587 -1.823305488 -0.052270833
 0.058779184 -1.780759931 0.040154263
 0.053226952 -1.790921092 -0.006055818
 0.073346384 -1.754123449 0.073008209
 0.093798310 -1.716700196 0.085498817
 0.114254832 -1.679289341 0.072948202
 0.128792167 -1.652692914 0.040053651
 0.134321496 -1.642586112 -0.006170544
 0.128769279 -1.652748704 -0.052380614
 0.114202082 -1.679384828 -0.085234575
 0.093741290 -1.716808319 -0.097725287
 0.073293678 -1.754218221 -0.085179016
 0.058747474 -1.780814528 -0.052284561
 0.047176152 -1.274541140 0.092773639
 0.000967346 -1.280656219 0.083284564
 0.080050379 -1.258529782 0.117711060
 -0.078136556 -1.258623242 0.117762290
 -0.045250189 -1.274595976 0.092797644
 0.047219716 -1.333729506 0.111199319
 0.000998471 -1.334008574 0.100334175
 0.080103181 -1.333047509 0.139759779
 0.092631921 -1.332109928 0.179916143
 0.080125868 -1.331186652 0.220084757
 0.047257673 -1.330543041 0.248668194
 0.001043700 -1.330317855 0.259557158
 -0.045177590 -1.330597878 0.248696491
 -0.078061044 -1.331279993 0.220136017
 -0.090589739 -1.332219720 0.179975271
 -0.078083701 -1.333142042 0.139806613
 -0.045215551 -1.333784342 0.111227617
 0.047270812 -1.417092204 0.111969545
 0.001047409 -1.417124867 0.101211749
 0.080159999 -1.417055964 0.140246511
 0.092687882 -1.417025566 0.180007711
 0.080180965 -1.417007804 0.219781131
 0.047309667 -1.417012095 0.248076558
 0.001097811 -1.417032361 0.258862615
 -0.045125637 -1.417066932 0.248109266
 -0.078005910 -1.417103410 0.219827995
 -0.090533793 -1.417133570 0.180066794
 -0.078026883 -1.417149186 0.140293330
 -0.045164444 -1.417147160 0.111997843
 0.047362313 -1.573220491 0.112085178
 0.001147715 -1.573253036 0.101331942
 0.080251440 -1.573182821 0.140366584
 0.092779331 -1.573151946 0.180127770
 0.080272399 -1.573137045 0.219901249
 0.047401100 -1.573139071 0.248196602
 0.001189250 -1.573159337 0.258982658
 -0.045034152 -1.573194265 0.248224944
 -0.077914469 -1.573231816 0.219948053
 -0.090442292 -1.573261619 0.180182457
 -0.077935435 -1.573277473 0.140413404
 -0.045072950 -1.573275328 0.112113483
 0.047416218 -1.657920003 0.111557536
 0.001193833 -1.657918692 0.100706205
 0.080293864 -1.657975674 0.140079439
 0.092826813 -1.658075929 0.180188268
 0.080325030 -1.658190489 0.220304951
 0.047459938 -1.658287764 0.248845533
 0.001238191 -1.658343077 0.259725094
 -0.044975325 -1.658341527 0.248873845
 -0.077861853 -1.658283830 0.220351800
 -0.090394802 -1.658185959 0.180243000
 -0.077884153 -1.658070207 0.140126392
 -0.045019049 -1.657973886 0.111585826
 0.047446124 -1.719413877 0.094028972
 0.080337912 -1.734920621 0.119278155
 0.092878766 -1.756743073 0.154787645
 0.080384970 -1.778580666 0.190300554
 0.047525086 -1.794129372 0.215572730
 0.001312531 -1.800068855 0.225204691
 -0.044910178 -1.794182897 0.215601042
 -0.077801965 -1.778675199 0.190351829
 -0.090342842 -1.756852865 0.154842332
 -0.077848971 -1.735015273 0.119324997
 -0.044989143 -1.719467640 0.094057269
 0.047461636 -1.763245583 0.052315958
 0.001228968 -1.753184438 0.046687819
 0.080359653 -1.789718509 0.067128174
 0.092903204 -1.826958060 0.087958448
 0.080412000 -1.864211798 0.108796582
 0.047558405 -1.890724182 0.123627290
 0.001346955 -1.900841713 0.129283652
 -0.044876851 -1.890780210 0.123655625
 -0.077774920 -1.864306450 0.108847834
 -0.090318412 -1.827065587 0.088013105
 -0.077827223 -1.789813042 0.067175001
 -0.044973634 -1.763298631 0.052344237
 0.047452338 -1.779771447 -0.006051845
 0.080342270 -1.810506225 -0.006048149
 0.080395445 -1.896977663 -0.006010252
 0.047533710 -1.927752256 -0.005983605
 0.001325822 -1.939489961 -0.005960952
 -0.044892695 -1.927805901 -0.005955199
 -0.077791475 -1.897071004 -0.005959003
 -0.077844605 -1.810600758 -0.006001317
 -0.044982914 -1.779824853 -0.006023548
 0.047425777 -1.763325334 -0.064445861
 0.001197206 -1.753260136 -0.058801156
 0.080313362 -1.789811850 -0.079249769
 0.092842668 -1.827072740 -0.100057557
 0.080337197 -1.864344239 -0.120853111
 0.047473166 -1.890871525 -0.135638505
 0.001266481 -1.900993586 -0.141254872
 -0.044953234 -1.890926600 -0.135610074
 -0.077840827 -1.864437819 -0.120806217
 -0.090378985 -1.827180147 -0.099998467
 -0.077873506 -1.789907575 -0.079202913
 -0.045009483 -1.763380408 -0.064417556
 0.047384404 -1.719550252 -0.106217109
 0.080263905 -1.735081673 -0.131471723
 0.092785947 -1.756937981 -0.166968122
 0.080264360 -1.778807282 -0.202456787
 0.047392204 -1.794379234 -0.227688462
 0.001175341 -1.800329804 -0.237290770
 -0.045042999 -1.794434190 -0.227664575
 -0.077922560 -1.778902769 -0.202405557
 -0.090435669 -1.757046700 -0.166913465
 -0.077922970 -1.735176206 -0.131424904
 -0.045050856 -1.719605207 -0.106188796
 0.047340721 -1.658084273 -0.123832345
 0.001127623 -1.658072114 -0.112953648
 0.080206469 -1.658165455 -0.152374879
 0.092717953 -1.658301115 -0.192487925
 0.080185875 -1.658451319 -0.232597724
 0.047299955 -1.658572078 -0.261117280
 0.001077802 -1.658639193 -0.271967649
 -0.045135308 -1.658627152 -0.261088967
 -0.078001045 -1.658544660 -0.232546479
 -0.090503663 -1.658410072 -0.192433283
 -0.077971600 -1.658261299 -0.152323470
 -0.045094542 -1.658138037 -0.123804018
 0.047292054 -1.573372126 -0.124461792
 0.001080258 -1.573395610 -0.113680124
 0.080163382 -1.573362350 -0.152761683
 0.092661344 -1.573367953 -0.192530990
 0.080133490 -1.573390245 -0.232296720
 0.047253143 -1.573418856 -0.260573715
 0.001029731 -1.573450565 -0.271331459
 -0.045182116 -1.573475003 -0.260545373
 -0.078053437 -1.573483706 -0.232245475
 -0.090560280 -1.573477983 -0.192476258
 -0.078023493 -1.573456883 -0.152714863
 -0.045143213 -1.573426962 -0.124433480
 0.047199987 -1.417235255 -0.124533221
 0.000988137 -1.417258978 -0.113747127
 0.080062382 -1.417225718 -0.152828783
 0.092569277 -1.417232513 -0.192602411
 0.080041371 -1.417253733 -0.232363731
 0.047161032 -1.417283416 -0.260640681
 0.000937610 -1.417313814 -0.271398485
 -0.045274235 -1.417338252 -0.260612369
 -0.078145511 -1.417348146 -0.232316911
 -0.090652339 -1.417340279 -0.192547709
 -0.078124486 -1.417319059 -0.152781978
 -0.045235269 -1.417290211 -0.124504924
 0.047148991 -1.333870173 -0.123862803
 0.000936670 -1.334141493 -0.112966850
 0.080012619 -1.333212852 -0.152442247
 0.092521116 -1.332308769 -0.192609787
 0.079994962 -1.331418037 -0.232773870
 0.047106963 -1.330800176 -0.261334836
 0.000883973 -1.330584884 -0.272198021
 -0.045328312 -1.330854058 -0.261306524
 -0.078191973 -1.331512451 -0.232722640
 -0.090700500 -1.332417607 -0.192555115
 -0.078174263 -1.333307385 -0.152395442
 -0.045286264 -1.333926201 -0.123834476
 0.047117051 -1.274666548 -0.105513223
 0.000906468 -1.280774832 -0.095994160
 0.079980582 -1.258677244 -0.130485624
 -0.078206286 -1.258771896 -0.130438805
 -0.045318205 -1.274722695 -0.105484910
 -0.220680982 -1.266798735 0.039926425
 -0.230308056 -1.272751689 -0.006286026
 -0.220712751 -1.266855597 -0.052507941
 -0.072246261 -1.262212753 0.072753347
 -0.093031213 -1.299476027 0.085297868
 -0.113829426 -1.336755514 0.072809890
 -0.128627479 -1.363286138 0.039956048
 -0.134268522 -1.373409152 -0.006251228
 -0.128650367 -1.363343000 -0.052478202
 -0.113873318 -1.336849928 -0.085372806
 -0.093088292 -1.299586654 -0.097921759
 -0.072290100 -1.262308478 -0.085433766
 0.000928742 -1.252176881 0.039851833
 0.000953309 -1.282912731 0.072743446
 0.000986380 -1.326139808 0.085289709
 0.001015184 -1.369382739 0.072794721
 0.001027616 -1.400157452 0.039938014
 0.001021484 -1.411896110 -0.006270667
 0.001004721 -1.400214195 -0.052496232
 0.000971290 -1.369478226 -0.085387968
 0.000938220 -1.326251268 -0.097934239
 0.000909466 -1.283007383 -0.085443683
 0.000897038 -1.252233744 -0.052586958
 0.074132487 -1.262130737 0.072708130
 0.094986320 -1.299364686 0.085244343
 0.115826979 -1.336613536 0.072743624
 0.130638003 -1.363122702 0.039875902
 0.136273220 -1.373236775 -0.006335021
 0.130615130 -1.363179326 -0.052558344
 0.115774252 -1.336707950 -0.085443601
 0.094929293 -1.299475312 -0.097979717
 0.074088655 -1.262226462 -0.085478976
 0.222577333 -1.266520500 0.039792113
 0.232187286 -1.272458315 -0.006423943
 0.222554445 -1.266576052 -0.052642148
