104
 -0.370152086 0.238576785 -0.366426349
 -0.370152056 0.238576785 0.373878032
 -0.370152056 0.000000311 0.373878002
 -0.370152086 0.000000344 -0.366426378
 0.370152771 0.238576785 0.373878032
 0.370152771 0.000000311 0.373878002
 0.370152742 0.238576785 -0.366426349
 0.370152742 0.000000344 -0.366426378
 -0.499999583 0.000000306 0.503725708
 -0.494973779 0.000000361 -0.754668653
 0.494975507 0.000000361 -0.754668653
 0.500000238 0.000000306 0.503725708
 0.494975507 1.000000954 -0.754668653
 0.500000238 1.000344157 0.503725767
 -0.494973779 1.000000954 -0.754668653
 -0.499999583 1.000344157 0.503725767
 -0.494974017 4.059544086 0.113607578
 0.494975269 4.059544563 0.113606811
 0.494975269 8.395905495 0.113606237
 -0.499999404 8.395813942 0.114578232
 0.494975358 3.069252014 -0.222551927
 0.494975507 8.999997139 -0.754668295
 -0.494973928 3.069252014 -0.222551927
 -0.494973838 8.999997139 -0.754668295
 0.494975448 2.043554544 -0.426575661
 -0.494973838 2.043553829 -0.426575661
 -0.494974822 8.770008087 4.372720242
 -0.494974852 8.394392014 4.372719288
 -0.494974852 8.947789192 4.372720242
 0.494974434 8.947789192 4.372720242
 0.494974405 8.770008087 4.372720242
 0.494974405 8.394392014 4.372720242
 -0.479477465 8.386540413 4.372720242
 0.053483095 8.999997139 4.372720718
 0.494974554 7.923850060 3.502513409
 -0.494974732 7.923850060 3.502513409
 -0.423483431 8.352987289 4.372720242
 0.494974643 7.066528797 3.997488260
 0.494974434 8.184565544 4.372720242
 0.494974554 7.251572609 4.372720242
 -0.494974732 7.066528797 3.997487545
 -0.042968538 7.251572609 4.372720242
 -0.494974792 7.251572609 4.372720242
 -0.494974822 7.625106812 4.372720242
 0.494974732 7.342838764 2.632968664
 -0.494974554 7.342838764 2.632968426
 0.494974792 6.557459354 3.235611677
 -0.494974583 6.557459354 3.235611439
 0.494974881 6.653300285 1.846699834
 -0.494974405 6.653300285 1.846699834
 0.494974911 5.953299999 2.546699524
 -0.494974434 5.953299999 2.546699286
 0.494975030 5.867032051 1.157160997
 -0.494974256 5.867031574 1.157160640
 0.494975060 5.264388561 1.942540526
 -0.494974315 5.264388561 1.942540169
 0.494975150 4.997487545 0.576149464
 -0.494974107 4.997487545 0.576150239
 0.494975209 4.502511978 1.433470845
 -0.494974166 4.502511978 1.433470845
 0.494975299 3.680707216 1.028200865
 -0.494974077 3.680707216 1.028200865
 0.494975358 2.813034296 0.733665884
 -0.494974017 2.813034296 0.733665884
 0.494975448 1.914340138 0.554904521
 -0.494973928 1.914339304 0.554904521
 0.357168078 10.117368698 8.642941475
 0.357168108 10.117368698 9.357276917
 0.357168108 10.000505447 9.357276917
 0.357168078 10.000505447 8.642941475
 -0.357167393 10.117368698 9.357276917
 -0.357167393 10.000505447 9.357276917
 -0.357167423 10.117368698 8.642941475
 -0.357167423 10.000505447 8.642941475
 -0.476067662 9.997490883 8.499058723
 -0.476067662 9.997490883 9.499058723
 0.500000238 10.000505447 9.500109673
 0.494973868 9.995479584 8.500109673
 -0.476067662 8.999997139 9.499058723
 -0.499999553 8.999997139 8.500109673
 0.500000238 8.999997139 9.500109673
 0.494973868 8.999997139 8.500109673
 -0.494975060 8.722551346 5.430748940
 -0.494975269 8.926574707 6.456446171
 0.494974017 8.926574707 6.456447124
 0.494974196 8.722551346 5.430748940
 0.494974196 7.945094585 6.585660934
 0.500000238 7.999999523 8.500109673
 -0.494975150 7.945094585 6.585660934
 -0.499999553 7.999999523 8.500109673
 0.494974345 7.766333580 5.686966419
 -0.494975030 7.766333580 5.686965942
 0.494974494 7.471797943 4.819293499
 -0.494974881 7.471797943 4.819293022
 -0.370152086 8.142830849 8.629957199
 -0.370152056 8.142830849 9.370262146
 -0.370152056 7.999999523 9.370262146
 -0.370152086 7.999999523 8.629957199
 0.370152771 8.142830849 9.370262146
 0.370152771 7.999999523 9.370262146
 0.370152742 8.142830849 8.629957199
 0.370152742 7.999999523 8.629957199
 -0.499999583 7.999999523 9.500109673
 0.500000238 7.999999523 9.500109673
