642
 -14.691349983 5.383502483 8.066120148
 -14.998464584 5.378582954 9.464526176
 -14.691349983 5.244770050 8.066120148
 -14.782484055 5.246645927 9.293656349
 -14.868009567 5.028248310 8.042573929
 -14.998464584 5.030124664 9.464526176
 -14.782370567 0.111739613 9.273551941
 -14.868009567 0.355853856 8.042573929
 -14.998439789 0.355848134 9.464526176
 -14.691409111 0.111744948 8.065965652
 -14.691409111 0.000000439 8.065965652
 -14.782370567 -0.000000043 9.273551941
 -14.002823830 -0.000000023 8.999958992
 -14.117462158 0.111738957 9.273551941
 -14.197659492 0.355847389 9.464526176
 -14.117462158 -0.000000043 9.273551941
 -5.885836601 0.111750029 9.273550987
 -5.885836601 -0.000000043 9.273550987
 -6.002438545 -0.000000023 8.999958038
 -5.805055141 0.355859190 9.464524269
 -5.003687859 5.028248310 9.464525223
 -5.218052864 5.383502483 9.293655396
 -5.218052864 5.244770050 9.293655396
 -5.233220100 0.111739613 9.309600830
 -5.233220100 0.000000108 9.309600830
 -5.003687859 0.355853856 9.464525223
 -13.729802132 3.977252960 8.797194481
 -13.729331970 -0.000000014 8.797193527
 -14.004016876 4.119840145 8.999959946
 -12.687405586 4.680348873 8.797194481
 -12.838129997 4.943680763 8.999958992
 -11.866384506 5.018982410 8.797194481
 -11.992798805 5.306259632 8.999958992
 -10.932172775 5.204753876 8.797194481
 -11.003499031 5.542954922 8.999958038
 -9.999998093 5.247023582 8.797194481
 -10.000000000 5.611285686 8.999958038
 -9.065786362 5.186117649 8.797194481
 -8.990455627 5.542954922 8.999958038
 -8.144214630 4.981314659 8.797193527
 -8.001153946 5.306259632 8.999958992
 -7.314092636 4.664700985 8.797193527
 -7.154137611 4.942945004 8.999958992
 -6.304097176 3.954032898 8.797193527
 -6.001398087 4.118223667 8.999958038
 -6.301144123 -0.000000014 8.797193527
 -6.743907452 -0.000000014 8.797193527
 -7.000000000 -0.000000023 8.999957085
 -6.743364334 3.731304646 8.797193527
 -7.000000000 3.594882250 8.999958038
 -7.541670799 4.268826962 8.797193527
 -7.687410355 4.015307903 8.999958992
 -8.315961838 4.591216564 8.797193527
 -8.434989929 4.320859432 8.999958038
 -9.150040627 4.787008286 8.797193527
 -9.209298134 4.506306171 8.999958038
 -9.999994278 4.860299110 8.797194481
 -9.999991417 4.568476677 8.999958992
 -10.846195221 4.797082424 8.797194481
 -10.784871101 4.506306171 8.999958992
 -11.678416252 4.591828346 8.797194481
 -11.559178352 4.320859432 8.999958992
 -12.478730202 4.279666424 8.797194481
 -12.306757927 4.015307903 8.999959946
 -13.299462318 3.751089573 8.797194481
 -13.000000954 3.594882250 8.999959946
 -13.299824715 -0.000000014 8.797193527
 -13.000000000 -0.000000023 8.999958038
 -12.999998093 3.594881535 9.999998093
 -12.999998093 -0.000000067 9.999996185
 -7.000000000 -0.000000067 9.999995232
 -7.000000000 3.594881535 9.999995232
 -12.306757927 4.015307903 9.999997139
 -11.559177399 4.320858955 9.999997139
 -10.784871101 4.506305695 9.999997139
 -9.999990463 4.568476200 9.999996185
 -9.209297180 4.506305695 9.999996185
 -8.434988976 4.320858955 9.999995232
 -7.687410355 4.015307903 9.999996185
 -14.197420120 4.222516060 9.464525223
 -5.805149555 4.220899582 9.464525223
 -12.953896523 5.075126171 9.464526176
 -12.074121475 5.437705040 9.464525223
 -11.044507027 5.674400330 9.464524269
 -10.000116348 5.742731094 9.464524269
 -8.949431419 5.674400330 9.464525223
 -7.919816971 5.437705040 9.464524269
 -7.038283825 5.074391365 9.464523315
 -10.849358559 0.000000637 0.487602711
 -9.027013779 0.111745335 -0.811388373
 -10.849358559 0.111744925 0.487602770
 -9.027013779 0.000000666 -0.811388373
 -8.964235306 0.355853856 -1.092047691
 -10.971879959 0.355853796 0.358285278
 -8.964235306 5.028248310 -1.092047691
 -10.849409103 5.244770050 0.487760872
 -10.971879959 5.028248310 0.358285278
 -9.009754181 5.244770050 -0.821720481
 -10.849409103 5.383502483 0.487760812
 -9.009754181 5.383502483 -0.821720481
 -8.964235306 5.376529694 -1.092047691
 -4.608247280 5.378582954 8.541509628
 -4.854994774 5.246645927 8.412817955
 -4.608247280 5.030124664 8.541509628
 -13.473724365 5.028248310 3.926439285
 -13.315773010 5.244770050 4.008988380
 -13.315773010 5.383502483 4.008988380
 -13.315774918 0.000000476 4.008821487
 -13.315774918 0.111744948 4.008821011
 -4.853333473 0.111739613 8.412345886
 -4.853333473 0.000000094 8.412345886
 -13.473724365 0.355853856 3.926439285
 -4.608268738 0.355848134 8.541499138
 -4.118670464 5.378582954 7.649580956
 -4.372825623 5.246645927 7.543518543
 -4.118670464 5.030124664 7.649580956
 -4.390464306 0.111739613 7.553166866
 -4.390464306 0.000000285 7.553166866
 -4.118680477 0.355848134 7.649559498
 -5.007685661 0.000000285 7.003998280
 -4.712818146 0.111738846 6.971623898
 -4.506907940 0.355847389 6.949181080
 -8.703589439 0.111749910 -0.227916077
 -8.703589439 0.000000666 -0.227916077
 -8.886349678 0.000000666 0.006705286
 -8.575724602 0.355859190 -0.391155958
 -5.317390919 3.977252960 6.863509178
 -5.317619801 0.000000285 6.863101482
 -5.007106304 4.119840145 7.005042076
 -5.822754383 4.680348873 5.951812267
 -5.572340012 4.943680763 5.985333920
 -6.220793724 5.018982410 5.233728886
 -5.982164383 5.306259632 5.245992184
 -6.673708916 5.204753876 4.416649818
 -6.461787224 5.542954922 4.380730152
 -7.125636578 5.247023582 3.601351500
 -6.948292732 5.611285686 3.503051996
 -7.578551769 5.186117649 2.784271240
 -7.437730789 5.542954922 2.620083094
 -8.025337219 4.981314659 1.978248954
 -7.917351723 5.306259632 1.754821539
 -8.427787781 4.664700985 1.252206445
 -8.327995300 4.942945004 1.014003873
 -8.917445183 3.954032898 0.368844509
 -8.886854172 4.118223667 0.005795671
 -8.918876648 0.000000666 0.366263330
 -8.704219818 0.000000666 0.753510892
 -8.402722359 0.000000666 0.879192770
 -8.704483032 3.731304646 0.753035605
 -8.402720451 3.594882250 0.879192770
 -8.317457199 4.268826962 1.451249361
 -8.069457054 4.015307903 1.480415583
 -7.942072868 4.591216564 2.128461361
 -7.707024574 4.320859432 2.134263039
 -7.537703991 4.787008286 2.857961655
 -7.331633568 4.506306171 2.811487913
 -7.125638962 4.860299110 3.601349115
 -6.948297977 4.568476677 3.503043652
 -6.715392113 4.797082424 4.341453075
 -6.567780018 4.506306171 4.189514160
 -6.311921120 4.591828346 5.069329262
 -6.192387581 4.320859432 4.866738796
 -5.923923969 4.279666424 5.769298553
 -5.829954624 4.015307903 5.520585537
 -5.526023865 3.751089573 6.487125874
 -5.493863583 3.594882250 6.126909256
 -5.525848389 0.000000285 6.487444878
 -5.493864536 0.000000285 6.126909256
 -4.619211674 3.594881535 5.642080307
 -4.619211674 0.000000285 5.642080307
 -7.527654648 0.000001429 0.405009776
 -7.527654648 3.594884396 0.405009419
 -4.952370167 4.015310287 5.045008183
 -5.315159321 4.320861816 4.391356468
 -5.690917492 4.506308556 3.714335680
 -6.068192482 4.568479061 3.050327539
 -6.456981659 4.506305695 2.326659679
 -6.831275940 4.320861816 1.659702420
 -7.194065094 4.015310287 1.006051660
 -4.507022381 4.222516060 6.948973179
 -8.575678825 4.220899582 -0.391073555
 -5.109895229 5.075126171 5.861361027
 -5.536419868 5.437705040 5.091891289
 -6.035587788 5.674400330 4.191371441
 -6.541918755 5.742731094 3.277926922
 -7.051301003 5.674400330 2.358977556
 -7.550467491 5.437705040 1.458456516
 -7.977842808 5.074391365 0.687450409
 -8.033890724 5.028249741 -1.597197294
 -7.780460358 5.383503914 -1.492685914
 -7.780460358 5.244771957 -1.492685914
 -3.183346272 5.028338432 7.142056465
 -3.138921499 5.383592606 6.869998932
 -3.138921499 5.244860172 6.869998932
 -3.183346272 5.376531124 7.142056465
 -3.260722637 0.000001429 6.045899391
 -3.443469763 0.111749910 6.279564857
 -3.443469763 -0.000112630 6.279564857
 -3.572091818 0.355859190 6.441641331
 -7.438751221 0.111738846 -0.918897867
 -7.644682884 0.355847389 -0.896117568
 -7.143180847 0.000001429 -0.949291050
 -3.121632099 0.111745335 6.860268116
 -3.121632099 -0.000112630 6.860268116
 -7.762717724 0.111739226 -1.501770258
 -7.762717724 -0.000112630 -1.501770258
 0.000001192 0.111743577 -5.323450089
 0.000000477 -0.000112630 -5.323450089
 0.000000715 0.111743577 5.323450565
 0.000001431 -0.000112630 5.323450089
 -3.183597088 0.355853856 7.141777515
 -8.033890724 0.355848134 -1.597197294
 0.000001431 0.355852216 -5.568187714
 0.000000477 0.355852216 5.568189144
 0.000000477 5.383566856 -5.324217796
 0.000001431 5.378509521 -5.568352699
 0.000001431 5.383566856 5.324218273
 0.000000477 5.378509521 5.568353653
 0.000000477 5.244834423 -5.324217796
 0.000001431 5.244834423 5.324218273
 0.000000000 5.028313637 -5.568475723
 0.000001907 5.028313637 5.568476200
 -6.834029198 3.977254629 -0.810955584
 -6.833801270 0.000001048 -0.810545146
 -7.143683910 4.118225098 -0.950200081
 -6.328171730 4.680351257 0.100468405
 -6.584278584 4.942946911 0.057704739
 -5.929742336 5.018984795 0.818333745
 -6.173233986 5.306261539 0.798299193
 -5.476384640 5.204755783 1.635167480
 -5.693142891 5.542957306 1.663300872
 -5.024012566 5.247025490 2.450220108
 -5.201304436 5.611287117 2.548616648
 -4.570654869 5.186119556 3.267055035
 -4.716244698 5.542957306 3.423418283
 -4.123431683 4.981316566 4.072834969
 -4.236153603 5.306261539 4.288420200
 -3.720586777 4.664702892 4.798658371
 -3.825927734 4.943682671 5.027537823
 -3.230451822 3.954035044 5.681754112
 -3.260140896 4.119841576 6.046939373
 -3.229019165 0.000001048 5.684335232
 -3.443884611 0.000001048 5.297204494
 -3.747376204 0.000001429 5.169071198
 -3.443619728 3.731306791 5.297679901
 -3.747375250 3.594883919 5.169071198
 -3.831026316 4.268829346 4.599676132
 -4.083794117 4.015309811 4.562931061
 -4.206778526 4.591217995 3.922667980
 -4.446583271 4.320861816 3.909280300
 -4.611542702 4.787010670 3.193387270
 -4.822340965 4.506308079 3.232259989
 -5.024012089 4.860300541 2.450223684
 -5.203232288 4.568478584 2.545996666
 -5.434659958 4.797084332 1.710342526
 -5.586943626 4.506308079 1.854648352
 -5.838524818 4.591829777 0.982685030
 -5.962701321 4.320861816 1.177626491
 -6.226904392 4.279668808 0.282926440
 -6.325489998 4.015309811 0.523975849
 -6.625192165 3.751091719 -0.434684455
 -6.659080029 3.594883919 -0.077065438
 -6.625368595 0.000001048 -0.435003400
 -6.659080029 0.000001429 -0.077065639
 -7.644841194 4.222518444 -0.896402061
 -3.571930170 4.220901489 6.441927910
 -7.041106224 5.075128078 0.191374585
 -6.614163876 5.437706947 0.960612357
 -6.114509106 5.674402237 1.860862732
 -5.607682228 5.742733479 2.774032354
 -5.097802162 5.674402237 3.692706347
 -4.598146915 5.437706947 4.592956066
 -4.170350552 5.074392796 5.363729477
 0.000000477 0.000001306 -4.354779243
 0.000000477 0.000001048 -4.120403290
 0.000000477 0.000001306 4.354780674
 0.000001907 0.000001048 4.120403290
 0.000001907 0.000001048 3.634234428
 0.000001431 0.000001429 3.335434198
 0.000000000 0.000001178 -3.517769575
 0.000000477 -0.000077943 5.062680721
 0.000000477 -0.000077943 -5.062679768
 0.000000238 0.000001429 0.000000477
 -13.607476234 6.425602436 9.464526176
 -12.533146858 6.886404514 9.464526176
 -11.275844574 7.187220097 9.464525223
 -10.000017166 7.274060726 9.464524269
 -8.717467308 7.187220097 9.464524269
 -7.460165501 6.886404514 9.464524269
 -6.383689880 6.424667358 9.464525223
 -4.793035030 6.425602436 6.432993889
 -5.313880444 6.886404514 5.493364811
 -5.923431873 7.187220097 4.393703461
 -6.541966915 7.274060726 3.277839899
 -7.163759708 7.187220097 2.156097174
 -7.773312092 6.886404514 1.056435585
 -8.295197487 6.424667358 0.114929512
 -7.364197254 6.424669743 -0.390585124
 -6.841801643 6.886406422 0.550638497
 -6.231653690 7.187222004 1.649967790
 -5.609251499 7.274063110 2.771373272
 -4.990113258 7.187222004 3.886902094
 -4.379962921 6.886406422 4.986230373
 -3.858610153 6.425604820 5.925578117
 -0.000000954 1.681910992 -5.568187237
 0.000000477 1.681910872 5.568189144
 -6.337824821 6.425602436 9.165591240
 -7.402964592 6.886404514 9.025362968
 -8.649509430 7.187220097 8.861251831
 -9.914422035 7.274060726 8.694723129
 -11.185999870 7.187220097 8.527317047
 -12.432546616 6.886404514 8.363206863
 -13.499813080 6.424667358 8.222700119
 -9.918728828 6.424667358 1.265255332
 -9.037115097 6.886404514 1.972603202
 -8.130008698 7.187220097 2.888206482
 -7.297689915 7.274060726 3.900260210
 -6.539396763 7.187220097 4.819382668
 -5.722078800 6.886404514 5.916207314
 -6.087076187 6.425602436 7.624532700
 -6.966101170 6.886404514 7.177342892
 -8.014678955 7.187220097 6.640387535
 -9.186911583 7.274060726 6.099670410
 -10.329409599 7.187220097 5.559895992
 -11.242781639 6.886404514 5.052707195
 -12.385703087 6.424667358 4.469140530
 0.000000477 5.692868710 5.104399204
 0.000000477 6.425282955 4.022544861
 0.000000715 6.591913700 3.601136923
 0.000000477 6.886405468 2.837344885
 0.000000477 7.010675430 2.259536505
 0.000000477 7.187221050 1.438665986
 0.000000000 7.228106022 0.752229154
 0.000000477 7.274063110 0.000000477
 0.000000477 7.228065014 -0.736332059
 0.000000477 7.187220573 -1.407388449
 0.000000000 7.010414124 -2.229472399
 0.000000477 6.886404991 -2.806066513
 0.000000000 6.591771603 -3.590228081
 0.000000000 6.425282955 -4.022543907
 0.000000000 5.692868710 -5.104398251
 3.121632576 0.111745335 -6.860266685
 3.121632576 -0.000112630 -6.860266685
 7.762717724 0.111739226 1.501771927
 7.762717724 -0.000112630 1.501771927
 3.183597803 0.355853856 -7.141775608
 8.033890724 0.355848134 1.597198963
 3.138922215 5.383592606 -6.869997501
 3.183346987 5.376531124 -7.142054558
 7.780460358 5.383503914 1.492687464
 3.138922215 5.244860172 -6.869997501
 7.780460358 5.244771957 1.492687464
 3.183346987 5.028338432 -7.142054558
 8.033890724 5.028249741 1.597198963
 14.691349983 5.383502483 -8.066118240
 14.998466492 5.378582954 -9.464523315
 14.691349983 5.244770050 -8.066118240
 14.782485008 5.246645927 -9.293654442
 14.868009567 5.028248310 -8.042572021
 14.998466492 5.030124664 -9.464523315
 14.782371521 0.111739613 -9.273548126
 14.868009567 0.355853856 -8.042572021
 14.998440742 0.355848134 -9.464523315
 14.691409111 0.111744948 -8.065963745
 14.691409111 0.000000439 -8.065963745
 14.782371521 -0.000000043 -9.273548126
 14.002823830 -0.000000023 -8.999957085
 14.117463112 0.111738957 -9.273550034
 14.197661400 0.355847389 -9.464523315
 14.117463112 -0.000000043 -9.273550034
 5.885838032 0.111750029 -9.273548126
 5.885838032 -0.000000043 -9.273548126
 6.002439022 -0.000000023 -8.999957085
 5.805056095 0.355859190 -9.464523315
 5.003688812 5.028248310 -9.464523315
 5.218053818 5.383502483 -9.293653488
 5.218053818 5.244770050 -9.293653488
 5.218723297 0.111745141 -9.273550034
 5.218723297 -0.000000043 -9.273550034
 5.003688812 0.355853856 -9.464523315
 13.729802132 3.977252960 -8.797192574
 13.729331970 -0.000000014 -8.797191620
 14.004016876 4.119840145 -8.999958038
 12.687406540 4.680348873 -8.797192574
 12.838129997 4.943680763 -8.999957085
 11.866384506 5.018982410 -8.797191620
 11.992798805 5.306259632 -8.999957085
 10.932173729 5.204753876 -8.797192574
 11.003499985 5.542954922 -8.999957085
 9.999998093 5.247023582 -8.797192574
 10.000000954 5.611285686 -8.999957085
 9.065787315 5.186117649 -8.797192574
 8.990456581 5.542954922 -8.999957085
 8.144216537 4.981314659 -8.797191620
 8.001154900 5.306259632 -8.999958038
 7.314093113 4.664700985 -8.797191620
 7.154139042 4.942945004 -8.999958038
 6.304098129 3.954032898 -8.797191620
 6.001399040 4.118223667 -8.999957085
 6.301145554 -0.000000014 -8.797191620
 6.743907928 -0.000000014 -8.797191620
 7.000000000 -0.000000023 -8.999955177
 6.743364811 3.731304646 -8.797191620
 7.000000954 3.594882250 -8.999957085
 7.541671753 4.268826962 -8.797191620
 7.687411308 4.015307903 -8.999958038
 8.315962791 4.591216564 -8.797191620
 8.434990883 4.320859432 -8.999957085
 9.150041580 4.787008286 -8.797191620
 9.209299088 4.506306171 -8.999957085
 9.999994278 4.860299110 -8.797192574
 9.999992371 4.568476677 -8.999958038
 10.846196175 4.797082424 -8.797192574
 10.784872055 4.506306171 -8.999958038
 11.678417206 4.591828346 -8.797191620
 11.559179306 4.320859432 -8.999957085
 12.478731155 4.279666424 -8.797191620
 12.306758881 4.015307903 -8.999958038
 13.299462318 3.751089573 -8.797192574
 13.000000954 3.594882250 -8.999958038
 13.299824715 -0.000000014 -8.797191620
 13.000000000 -0.000000023 -8.999955177
 13.000000000 3.594881535 -9.999995232
 13.000004768 -0.000002115 -9.999992371
 7.000000954 -0.000002115 -9.999993324
 7.000000954 3.594881535 -9.999993324
 12.306758881 4.015307903 -9.999995232
 11.559178352 4.320858955 -9.999995232
 10.784872055 4.506305695 -9.999995232
 9.999991417 4.568476200 -9.999995232
 9.209298134 4.506305695 -9.999995232
 8.434989929 4.320858955 -9.999993324
 7.687411308 4.015307903 -9.999995232
 14.197422981 4.222516060 -9.464523315
 5.805150032 4.220899582 -9.464523315
 12.953898430 5.075126171 -9.464523315
 12.074121475 5.437705040 -9.464523315
 11.044507980 5.674400330 -9.464523315
 10.000116348 5.742731094 -9.464523315
 8.949432373 5.674400330 -9.464523315
 7.919816971 5.437705040 -9.464523315
 7.038284302 5.074391365 -9.464521408
 10.752984047 0.000000688 -0.576920211
 9.027013779 0.111745335 0.811390102
 10.752984047 0.111744978 -0.576920211
 9.027013779 0.000000666 0.811390102
 8.964235306 0.355853856 1.092049479
 10.875505447 0.355853856 -0.447602749
 8.964235306 5.028248310 1.092049479
 10.753034592 5.244770050 -0.577078402
 10.875505447 5.028248310 -0.447602749
 9.009754181 5.244770050 0.821722269
 10.753034592 5.383502483 -0.577078402
 9.009754181 5.383502483 0.821722269
 8.964235306 5.376529694 1.092049479
 4.608248234 5.378582954 -8.541507721
 4.854995251 5.246645927 -8.412816048
 4.608248234 5.030124664 -8.541507721
 13.473724365 5.028248310 -3.926436901
 13.315773010 5.244770050 -4.008986473
 13.315773010 5.383502483 -4.008986473
 13.315774918 0.000000476 -4.008819580
 13.315774918 0.111744948 -4.008819103
 4.853333950 0.111739613 -8.412343979
 4.853333950 0.000000094 -8.412343979
 13.473724365 0.355853856 -3.926436901
 4.608269691 0.355848134 -8.541497231
 4.118670940 5.378582954 -7.649578571
 4.372826099 5.246645927 -7.543517113
 4.118670940 5.030124664 -7.649578571
 4.390464306 0.111739613 -7.553165436
 4.390464306 0.000000285 -7.553165436
 4.118681908 0.355848134 -7.649557590
 5.007686138 0.000000285 -7.003997326
 4.712819099 0.111738846 -6.971622467
 4.506908417 0.355847389 -6.949180126
 8.703589439 0.111749910 0.227917776
 8.703589439 0.000000666 0.227917776
 8.886349678 0.000000666 -0.006703586
 8.575724602 0.355859190 0.391157597
 5.317391396 3.977252960 -6.863506794
 5.317620277 0.000000285 -6.863099575
 5.007107258 4.119840145 -7.005040646
 5.822755337 4.680348873 -5.951809883
 5.572340488 4.943680763 -5.985332489
 6.220793724 5.018982410 -5.233727932
 5.982164860 5.306259632 -5.245990276
 6.673708916 5.204753876 -4.416647911
 6.461787224 5.542954922 -4.380729198
 7.125636578 5.247023582 -3.601350307
 6.948292732 5.611285686 -3.503050566
 7.578551769 5.186117649 -2.784270048
 7.437730789 5.542954922 -2.620081663
 8.025337219 4.981314659 -1.978247285
 7.917351723 5.306259632 -1.754820108
 8.427787781 4.664700985 -1.252204657
 8.327995300 4.942945004 -1.014002323
 8.917445183 3.954032898 -0.368842810
 8.886854172 4.118223667 -0.005793971
 8.918876648 0.000000666 -0.366261661
 8.704219818 0.000000666 -0.753509164
 8.402722359 0.000000666 -0.879191101
 8.704483032 3.731304646 -0.753033876
 8.402720451 3.594882250 -0.879191101
 8.317457199 4.268826962 -1.451247811
 8.069457054 4.015307903 -1.480414033
 7.942072868 4.591216564 -2.128459930
 7.707024574 4.320859432 -2.134261608
 7.537703991 4.787008286 -2.857960463
 7.331633568 4.506306171 -2.811486006
 7.125638962 4.860299110 -3.601347923
 6.948297977 4.568476677 -3.503042221
 6.715392113 4.797082424 -4.341451645
 6.567780018 4.506306171 -4.189512253
 6.311921597 4.591828346 -5.069327354
 6.192388058 4.320859432 -4.866736889
 5.923924446 4.279666424 -5.769297600
 5.829955101 4.015307903 -5.520584583
 5.526024342 3.751089573 -6.487124443
 5.493864059 3.594882250 -6.126907349
 5.525848866 0.000000285 -6.487443924
 5.493865013 0.000000285 -6.126907349
 4.619212151 3.594881535 -5.642079830
 4.615952015 0.000001429 -5.651144981
 7.527654648 0.000001429 -0.405008227
 7.527654648 3.594884396 -0.405007839
 4.952370644 4.015310287 -5.045006275
 5.315159798 4.320861816 -4.391355515
 5.693129063 4.506305695 -3.704685211
 6.073645115 4.568476200 -3.018214941
 6.455519676 4.506308556 -2.336722374
 6.832372189 4.320858955 -1.649433255
 7.194065094 4.015310287 -1.006050110
 4.507022858 4.222516060 -6.948971272
 8.575678825 4.220899582 0.391075194
 5.109895706 5.075126171 -5.861359596
 5.536419868 5.437705040 -5.091889381
 6.035588264 5.674400330 -4.191369534
 6.541918755 5.742731094 -3.277925014
 7.051301003 5.674400330 -2.358976126
 7.550467491 5.437705040 -1.458454847
 7.977842808 5.074391365 -0.687448740
 3.260723114 0.000001429 -6.045897484
 3.443470001 0.111749910 -6.279563427
 3.443470001 -0.000112630 -6.279563427
 3.572092295 0.355859190 -6.441639423
 7.438751221 0.111738846 0.918899357
 7.644682884 0.355847389 0.896119118
 7.143180847 0.000001429 0.949292541
 6.834029198 3.977254629 0.810957134
 6.833801270 0.000001048 0.810546696
 7.143683910 4.118225098 0.950201571
 6.328171730 4.680351257 -0.100466929
 6.584278584 4.942946911 -0.057703238
 5.929742336 5.018984795 -0.818332255
 6.173233986 5.306261539 -0.798297703
 5.476384640 5.204755783 -1.635166168
 5.693142891 5.542957306 -1.663299561
 5.024012566 5.247025490 -2.450218916
 5.201304436 5.611287117 -2.548614979
 4.570655346 5.186119556 -3.267053843
 4.716245651 5.542957306 -3.423417330
 4.123432159 4.981316566 -4.072834015
 4.236154079 5.306261539 -4.288419247
 3.720587492 4.664702892 -4.798656940
 3.825927973 4.943682671 -5.027536869
 3.230452299 3.954035044 -5.681753159
 3.260141373 4.119841576 -6.046938896
 3.229019403 0.000001048 -5.684334755
 3.443885088 0.000001048 -5.297202587
 3.747376680 0.000001429 -5.169069767
 3.443619967 3.731306791 -5.297679424
 3.747375488 3.594883919 -5.169069767
 3.831026793 4.268829346 -4.599674702
 4.083794594 4.015309811 -4.562929630
 4.206779003 4.591217995 -3.922666788
 4.446584225 4.320861816 -3.909279108
 4.611543179 4.787010670 -3.193385839
 4.822341442 4.506308079 -3.232258797
 5.024012089 4.860300541 -2.450222492
 5.203232288 4.568478584 -2.545995474
 5.434659958 4.797084332 -1.710341215
 5.586943626 4.506308079 -1.854647160
 5.838524818 4.591829777 -0.982683539
 5.962701321 4.320861816 -1.177625060
 6.226904392 4.279668808 -0.282924980
 6.325489998 4.015309811 -0.523974359
 6.625192165 3.751091719 0.434685946
 6.659080029 3.594883919 0.077066951
 6.625368595 0.000001048 0.435004890
 6.659080029 0.000001429 0.077067137
 7.644841194 4.222518444 0.896403670
 3.571930408 4.220901489 -6.441926479
 7.041106224 5.075128078 -0.191373020
 6.614163876 5.437706947 -0.960610867
 6.114509106 5.674402237 -1.860861182
 5.607682228 5.742733479 -2.774031162
 5.097802162 5.674402237 -3.692704678
 4.598147392 5.437706947 -4.592954636
 4.170350552 5.074392796 -5.363728523
 13.607478142 6.425602436 -9.464523315
 12.533147812 6.886404514 -9.464523315
 11.275845528 7.187220097 -9.464523315
 10.000017166 7.274060726 -9.464523315
 8.717467308 7.187220097 -9.464523315
 7.460165501 6.886404514 -9.464523315
 6.383690834 6.424667358 -9.464523315
 4.793035030 6.425602436 -6.432992458
 5.313880920 6.886404514 -5.493363857
 5.923432350 7.187220097 -4.393702030
 6.541966915 7.274060726 -3.277838707
 7.163759708 7.187220097 -2.156095505
 7.773312092 6.886404514 -1.056434155
 8.295197487 6.424667358 -0.114927873
 7.364197254 6.424669743 0.390586734
 6.832599640 6.886404514 -0.514846325
 6.222449780 7.187220097 -1.614175200
 5.609251976 7.274063110 -2.771372080
 4.980910301 7.187220097 -3.851108313
 4.370761871 6.886404514 -4.950437546
 3.858610630 6.425604820 -5.925577164
 6.337825775 6.425602436 -9.165589333
 7.402965546 6.886404514 -9.025361061
 8.649510384 7.187220097 -8.861250877
 9.914422989 7.274060726 -8.694721222
 11.186000824 7.187220097 -8.527315140
 12.432546616 6.886404514 -8.363204956
 13.499813080 6.424667358 -8.222698212
 9.891549110 6.424667358 -1.315508366
 9.126543045 6.886404514 -2.105912685
 8.319808006 7.187220097 -2.951186419
 7.429989815 7.274060726 -3.939146757
 6.569975853 7.187220097 -4.906015396
 5.745541096 6.886404514 -5.760988712
 5.055564404 6.425602436 -6.674842834
 5.960978508 6.425602436 -7.707921982
 6.915625095 6.886404514 -7.192636967
 7.921540737 7.187220097 -6.648520470
 9.158616066 7.274060726 -6.051402569
 10.337461472 7.187220097 -5.461602688
 11.324050903 6.886404514 -4.944029331
 12.302073479 6.424666405 -4.492069244
