200
 -8.999999046 0.000001429 3.003443241
 -8.999999046 3.594884157 3.000001192
 -8.299679756 3.594884157 3.000001192
 -8.299679756 0.000001429 3.003443241
 -8.999999046 4.015310287 2.306759119
 -8.299679756 4.015310287 2.306759119
 -8.999999046 4.320861340 1.559179544
 -8.292542458 4.320861340 1.559179544
 -8.999999046 4.506308079 0.740634024
 -8.292538643 4.506308079 0.740634024
 -8.999999046 4.568479061 -0.044245351
 -8.292538643 4.568479061 -0.044245351
 -8.999999046 4.506308079 -0.834939361
 -8.299679756 4.506308079 -0.834939361
 -8.999999046 4.320861340 -1.609246850
 -8.292538643 4.320861340 -1.609246850
 -8.999999046 4.015310287 -2.356826544
 -8.292538643 4.015310287 -2.356826544
 -9.000000000 3.594884157 -3.000231028
 -8.299680710 3.594884157 -3.000231028
 -9.000000000 0.000001429 -3.000231266
 -8.299680710 0.000001429 -3.000231266
 -8.999999046 7.255913258 2.405722618
 -8.999999046 7.254601002 3.184658766
 -9.499998093 7.254601002 3.184646845
 -9.499998093 7.255913258 2.405722618
 -8.999999046 7.256733418 1.625223637
 -9.499998093 7.256733418 1.625432849
 -8.999999046 7.257230282 0.773615837
 -9.499998093 7.257230282 0.773804188
 -8.999999046 7.257396221 -0.044181671
 -9.499998093 7.257396221 -0.044181664
 -8.999999046 7.257228851 -0.869287550
 -9.499998093 7.257228851 -0.869287491
 -8.999999046 7.256732941 -1.676681638
 -9.499998093 7.256732941 -1.676681638
 -9.000000000 7.255913258 -2.456158400
 -9.499999046 7.255913258 -2.456158400
 -9.000000000 7.254603386 -3.248138428
 -9.499999046 7.254603386 -3.248138428
 -8.753146172 5.028249741 -5.040548325
 -8.582276344 5.383503914 -4.826183319
 -8.753146172 5.383503914 -5.040157318
 -8.582276344 5.244771481 -4.826183319
 -8.753062248 5.028338432 4.954569340
 -8.582194328 5.383592606 4.738253117
 -8.598055840 5.244860172 4.782491207
 -8.753062248 5.376531124 4.954569340
 -8.292538643 0.000001429 3.958587170
 -8.561948776 0.111749910 4.074211121
 -8.561948776 -0.000112630 4.074211121
 -8.753063202 0.355859190 4.153505325
 -8.561950684 0.111738838 -4.158660889
 -8.753063202 0.355847359 -4.238678455
 -8.292539597 0.000001429 -4.041799545
 -8.561950684 -0.000113012 -4.158660889
 -8.562355042 0.111745335 4.738136292
 -8.562355042 -0.000112630 4.738136292
 -8.562354088 0.111739218 -4.825515270
 -8.562354088 -0.000112630 -4.825515270
 -4.884613514 0.111741833 -4.825515270
 -4.884614944 -0.000112956 -4.825515270
 -4.884614944 0.111742884 4.738135815
 -4.884613514 -0.000112956 4.738135815
 -8.753145218 0.355853856 4.954205990
 -8.753146172 0.355848134 -5.040548325
 -4.884613514 0.355850577 -5.040548325
 -4.884614944 0.213840619 -4.915453434
 -4.884614468 0.355851382 4.954205513
 -4.884613514 0.248453617 4.859143257
 -4.884614944 5.383502960 -4.826183319
 -4.884613514 5.380500317 -5.040325642
 -4.884613514 5.384356499 4.738250732
 -4.884614468 5.380414486 4.859615326
 -4.884614944 5.244770527 -4.826183319
 -4.884613037 5.245627403 4.782489777
 -4.884614944 5.028248787 -5.040548325
 -4.884613514 5.123292446 -4.946452141
 -4.884613514 5.029107094 4.954422474
 -4.884614944 5.154541016 4.854724884
 -8.085589409 3.977254868 -3.770818949
 -8.085589409 0.000001048 -3.770349979
 -8.292543411 4.118225574 -3.998601198
 -8.085589409 4.680351257 -2.728424072
 -8.292543411 4.942946911 -2.845861912
 -8.085588455 5.018984318 -1.907402396
 -8.292538643 5.306261539 -2.043082476
 -8.085588455 5.204755783 -0.973190665
 -8.292538643 5.542956829 -1.053781986
 -8.085587502 5.247025490 -0.041015279
 -8.292538643 5.611287117 -0.041018449
 -8.085587502 5.186119556 0.893196940
 -8.292538643 5.542956829 0.959262371
 -8.085587502 4.981316566 1.814766645
 -8.292538643 5.306261539 1.948562741
 -8.085587502 4.664702892 2.644890547
 -8.292538643 4.943682671 2.793893099
 -8.085586548 3.954034567 3.654886246
 -8.292538643 4.119842052 3.959780455
 -8.085586548 0.000001048 3.657838345
 -8.085586548 0.000001048 3.215075254
 -8.085586548 3.731306314 3.215619564
 -8.085587502 4.268829346 2.417313337
 -8.085587502 4.591217995 1.643020272
 -8.085587502 4.787010193 0.808942616
 -8.085587502 4.860300541 -0.041011874
 -8.085588455 4.797084332 -0.887213230
 -8.085588455 4.591829777 -1.719434857
 -8.085589409 4.279668331 -2.519747496
 -8.085589409 3.751091480 -3.340478897
 -8.085589409 0.000001048 -3.340843439
 -8.753063202 4.222517967 -4.239004612
 -8.753062248 4.220901489 4.153833866
 -8.753063202 5.075128078 -2.994915962
 -8.753063202 5.437706947 -2.115139246
 -8.753063202 5.674402237 -1.085524678
 -8.753063202 5.742733479 -0.041133776
 -8.753063202 5.674402237 1.009551048
 -8.753063202 5.437706947 2.039165497
 -8.753062248 5.074392796 2.920699358
 -4.884614944 5.828262329 4.355461597
 -8.753145218 6.425604820 3.563239813
 -4.884614468 6.425603390 3.563240290
 -4.884614944 6.624027729 3.100626707
 -8.753145218 6.886405945 2.488909960
 -4.884614944 6.886405468 2.488910198
 -4.884614944 7.015938282 1.947507858
 -8.753145218 7.187222004 1.231608033
 -4.884614944 7.187220573 1.231608391
 -4.884614944 7.224615097 0.682228625
 -8.753145218 7.274063110 -0.044219967
 -4.884614944 7.274061680 -0.044219598
 -4.884614944 7.236667633 -0.596494079
 -8.753145218 7.187222004 -1.326770425
 -4.884614944 7.187220573 -1.326769829
 -4.884614944 7.057687759 -1.868172407
 -8.753146172 6.886405945 -2.584072828
 -4.884614944 6.886405468 -2.584071875
 -4.884614944 6.687578201 -3.047609568
 -8.753146172 6.424669743 -3.660547972
 -4.884614944 6.424668312 -3.660547256
 -4.884614944 5.973333359 -4.254785538
 -9.499999046 0.000001429 -3.000231266
 -9.499999046 3.594884157 -3.000231028
 -9.999995232 3.594884157 -2.999999285
 -9.999996185 0.000001292 -2.999999285
 -9.999995232 0.000001292 3.000000715
 -9.999995232 3.594884157 3.000000715
 -9.499998093 3.594884157 3.000001192
 -9.499998093 0.000001429 3.003443241
 -9.499998093 4.015310287 -2.356826544
 -9.999995232 4.015310287 -2.312587976
 -9.499998093 4.320861340 -1.609246850
 -9.999995232 4.320861340 -1.565008402
 -9.499998093 4.506308079 -0.834939361
 -9.999995232 4.506308556 -0.790701091
 -9.499998093 4.568479061 -0.044245336
 -9.999995232 4.568479061 -0.000007104
 -9.499998093 4.506308079 0.740634024
 -9.999995232 4.506308556 0.784872293
 -9.499998093 4.320861340 1.559179544
 -9.999995232 4.320861340 1.559179664
 -9.499998093 4.015310287 2.306759119
 -9.999995232 4.015310287 2.306759119
 -9.000000000 0.000001429 -3.252238750
 -9.499999046 0.000001429 -3.252238750
 -9.499998093 -0.002705860 3.183460712
 -8.999999046 -0.002705860 3.183460712
 -4.884614468 -0.000044036 -4.186029434
 -4.884613037 -0.000045533 -4.362339020
 -4.884614944 -0.000045533 4.277422428
 -4.884613514 -0.000044036 4.083417892
 -4.884613514 -0.000044036 3.815080881
 -4.884613514 -0.000045591 3.713810682
 -4.884614468 -0.000045591 -3.747696161
 -4.884613514 -0.000044036 -3.925726414
 -4.884614944 -0.000045591 -0.202562779
 -4.884614944 3.016285658 -5.040548325
 -4.884614468 2.368624449 4.954216003
 0.230766729 5.376529694 -5.040549278
 0.230766729 5.028248310 -5.040549278
 0.230767503 5.030124187 4.954229355
 0.230767503 5.378582954 4.954229355
 0.039793115 0.111745335 -4.825515270
 0.039793115 -0.000113393 -4.825515270
 0.039793104 -0.000113393 4.738135815
 0.039793104 0.111739613 4.738135815
 0.230766729 0.355853856 -5.040549278
 0.230767503 0.355848134 4.954205513
 0.059897322 5.385378838 4.738248348
 0.044036578 5.246645927 4.782487392
 0.059897330 5.383502483 -4.826184273
 0.059897330 5.244770050 -4.826184273
 0.230767488 6.425602436 3.563240767
 0.230766729 6.886404514 2.488910675
 0.230766743 7.187220097 1.231608748
 0.230766729 7.274060726 -0.044219121
 0.230766729 7.187220097 -1.326769352
 0.230766743 6.886404514 -2.584071636
 0.230766743 6.424667358 -3.660547256
