476
 -12.175227165 -0.000000150 -15.867063522
 -9.499999046 -0.000000128 -16.454479218
 -9.999999046 -0.000000096 -17.320503235
 -11.566465378 -0.000000179 -15.073708534
 -13.435027122 -0.000000239 -13.435026169
 -14.142134666 -0.000000213 -14.142130852
 -15.073711395 -0.000000307 -11.566463470
 -15.867064476 -0.000000285 -12.175224304
 -17.320505142 -0.000000364 -9.999996185
 -16.454481125 -0.000000383 -9.499996185
 -18.837448120 -0.000000640 -2.479995489
 -18.999996185 -0.000000731 0.000001661
 0.000000000 -0.000000713 0.000000000
 -18.352586746 -0.000000551 -4.917559624
 -17.553707123 -0.000000464 -7.270982742
 -7.270985126 -0.000000088 -17.553707123
 -4.917562008 -0.000000059 -18.352586746
 -2.479998112 -0.000000041 -18.837448120
 -0.000000873 -0.000000035 -18.999996185
 2.479996443 -0.000000041 -18.837448120
 4.917560101 -0.000000059 -18.352586746
 7.270983696 -0.000000088 -17.553707123
 9.499997139 -0.000000128 -16.454479218
 11.566464424 -0.000000179 -15.073711395
 13.435027122 -0.000000239 -13.435026169
 15.073711395 -0.000000307 -11.566465378
 16.454479218 -0.000000383 -9.499998093
 17.553707123 -0.000000464 -7.270984173
 18.352586746 -0.000000551 -4.917561054
 18.837448120 -0.000000640 -2.479997396
 18.999996185 -0.000000731 -0.000000131
 -17.320505142 3.023679733 -9.999996185
 -17.320505142 5.987504959 -9.999996185
 -16.454481125 5.987505913 -9.499996185
 -16.454481125 3.023679733 -9.499996185
 -9.999999046 5.987504959 -17.320503235
 -9.999999046 3.023679733 -17.320503235
 -9.499999046 3.023679733 -16.454479218
 -9.499999046 5.987504959 -16.454479218
 -19.828893661 5.987505913 -2.610521555
 -19.999996185 5.987504959 0.000001748
 -19.999996185 8.573446274 0.000001774
 -19.828893661 8.573446274 -2.610521793
 -19.318511963 5.987505913 -5.176378250
 -19.318511963 8.573446274 -5.176378250
 -18.477586746 5.987504959 -7.653666496
 -18.477586746 8.573446274 -7.653666496
 -17.320505142 8.573446274 -9.999996185
 -15.867064476 5.987504959 -12.175224304
 -15.867064476 8.573446274 -12.175224304
 -14.142134666 5.987505913 -14.142130852
 -14.142134666 8.573446274 -14.142130852
 -12.175227165 5.987505913 -15.867063522
 -12.175227165 8.573446274 -15.867063522
 -9.999999046 8.573446274 -17.320503235
 -7.653667927 5.987505913 -18.477586746
 -7.653667927 8.573446274 -18.477586746
 -5.176380634 5.987504959 -19.318511963
 -5.176380634 8.573446274 -19.318511963
 -2.610524178 5.987505913 -19.828893661
 -2.610524178 8.573446274 -19.828893661
 -0.000000874 5.987505913 -19.999996185
 -0.000000874 8.573446274 -19.999996185
 2.610522509 5.987505913 -19.828893661
 2.610522509 8.573446274 -19.828893661
 5.176378727 5.987504959 -19.318511963
 5.176378727 8.573446274 -19.318511963
 7.653666973 5.987505913 -18.477586746
 7.653666973 8.573446274 -18.477586746
 9.999997139 5.987504959 -17.320503235
 9.999997139 8.573446274 -17.320503235
 12.175226212 5.987505913 -15.867064476
 12.175226212 8.573446274 -15.867064476
 14.142133713 5.987505913 -14.142133713
 14.142133713 8.573446274 -14.142133713
 15.867064476 5.987504959 -12.175227165
 15.867064476 8.573446274 -12.175227165
 17.320503235 5.987504959 -9.999998093
 17.320503235 8.573446274 -9.999998093
 18.477586746 5.987504959 -7.653667450
 18.477586746 8.573446274 -7.653667450
 19.318511963 5.987505913 -5.176379681
 19.318511963 8.573446274 -5.176379681
 19.828893661 5.987505913 -2.610522985
 19.828893661 8.573446274 -2.610523224
 19.999996185 5.987505913 -0.000000001
 19.999996185 8.573446274 0.000000025
 -19.828893661 3.023679733 -2.610521555
 -19.999996185 3.023679733 0.000001706
 -19.318511963 3.023679733 -5.176378250
 -18.477586746 3.023679733 -7.653666496
 -7.653667927 3.023679733 -18.477586746
 -5.176380634 3.023679733 -19.318511963
 -2.610524178 3.023679733 -19.828893661
 -0.000000874 3.023679733 -19.999996185
 2.610522509 3.023679733 -19.828893661
 5.176378727 3.023679733 -19.318511963
 7.653666973 3.023679733 -18.477586746
 9.999997139 3.023679733 -17.320503235
 12.175226212 3.023679733 -15.867064476
 14.142133713 3.023679733 -14.142133713
 15.867064476 3.023679733 -12.175227165
 17.320503235 3.023679733 -9.999998093
 18.477586746 3.023679733 -7.653667450
 19.318511963 3.023679733 -5.176379681
 19.828893661 3.023679733 -2.610522985
 19.999996185 3.023679733 -0.000000043
 -19.828893661 -0.000000635 -2.610521793
 -19.999996185 -0.000000731 0.000001661
 -19.318511963 -0.000000541 -5.176378250
 -18.477586746 -0.000000450 -7.653666496
 -7.653667927 -0.000000054 -18.477586746
 -5.176380634 -0.000000023 -19.318511963
 -2.610524178 -0.000000004 -19.828893661
 -0.000000874 0.000000002 -19.999996185
 2.610522509 -0.000000004 -19.828893661
 5.176378727 -0.000000023 -19.318511963
 7.653666973 -0.000000054 -18.477586746
 9.999997139 -0.000000096 -17.320503235
 12.175226212 -0.000000150 -15.867064476
 14.142133713 -0.000000213 -14.142133713
 15.867064476 -0.000000285 -12.175227165
 17.320503235 -0.000000364 -9.999998093
 18.477586746 -0.000000450 -7.653667450
 19.318511963 -0.000000541 -5.176379681
 19.828893661 -0.000000635 -2.610523224
 19.999996185 -0.000000731 -0.000000087
 -19.828893661 -0.992045045 -2.610521793
 -19.999996185 -0.992045045 0.000001705
 -19.318511963 -0.992045045 -5.176378250
 -18.477586746 -0.992045045 -7.653666496
 -17.320505142 -0.992045045 -9.999996185
 -15.867064476 -0.992045045 -12.175224304
 -14.142134666 -0.992045045 -14.142130852
 -12.175227165 -0.992045045 -15.867063522
 -9.999999046 -0.992045045 -17.320503235
 -7.653667927 -0.992045045 -18.477586746
 -5.176380634 -0.992045045 -19.318511963
 -2.610524178 -0.992045045 -19.828893661
 -0.000000874 -0.992045045 -19.999996185
 2.610522509 -0.992045045 -19.828893661
 5.176378727 -0.992045045 -19.318511963
 7.653666973 -0.992045045 -18.477586746
 9.999997139 -0.992045045 -17.320503235
 12.175226212 -0.992045045 -15.867064476
 14.142133713 -0.992045045 -14.142133713
 15.867064476 -0.992045045 -12.175227165
 17.320503235 -0.992045045 -9.999998093
 18.477586746 -0.992045045 -7.653667450
 19.318511963 -0.992045045 -5.176379681
 19.828893661 -0.992045045 -2.610523224
 19.999996185 -0.992045045 -0.000000043
 -18.999996185 5.987504959 0.000001748
 -18.837448120 5.987505913 -2.479995489
 -18.999996185 8.573446274 0.000001774
 -18.837448120 8.573446274 -2.479995489
 -18.352586746 5.987505913 -4.917559624
 -18.352586746 8.573446274 -4.917559624
 -17.553707123 5.987505913 -7.270982742
 -17.553707123 8.573446274 -7.270982742
 -16.454481125 8.573446274 -9.499996185
 -15.073711395 5.987505913 -11.566463470
 -15.073711395 8.573446274 -11.566463470
 -13.435027122 5.987505913 -13.435026169
 -13.435027122 8.573446274 -13.435026169
 -11.566465378 5.987504959 -15.073708534
 -11.566465378 8.573446274 -15.073708534
 -9.499999046 8.573446274 -16.454479218
 -7.270985126 5.987505913 -17.553707123
 -7.270985126 8.573446274 -17.553707123
 -4.917562008 5.987505913 -18.352586746
 -4.917562008 8.573446274 -18.352586746
 -2.479998112 5.987504959 -18.837448120
 -2.479998112 8.573446274 -18.837448120
 -0.000000873 5.987504959 -18.999996185
 -0.000000872 8.573446274 -18.999996185
 2.479996443 5.987504959 -18.837448120
 2.479996443 8.573446274 -18.837448120
 4.917560101 5.987505913 -18.352586746
 4.917560101 8.573446274 -18.352586746
 7.270983696 5.987505913 -17.553707123
 7.270983696 8.573446274 -17.553707123
 9.499997139 5.987504959 -16.454479218
 9.499997139 8.573446274 -16.454479218
 11.566464424 5.987504959 -15.073711395
 11.566464424 8.573446274 -15.073711395
 13.435027122 5.987505913 -13.435026169
 13.435027122 8.573446274 -13.435026169
 15.073711395 5.987505913 -11.566465378
 15.073711395 8.573446274 -11.566465378
 16.454479218 5.987505913 -9.499998093
 16.454479218 8.573446274 -9.499998093
 17.553707123 5.987505913 -7.270984173
 17.553707123 8.573446274 -7.270984173
 18.352586746 5.987505913 -4.917561054
 18.352586746 8.573446274 -4.917561054
 18.837448120 5.987505913 -2.479997158
 18.837448120 8.573446274 -2.479997396
 18.999996185 5.987505913 -0.000000044
 18.999996185 8.573446274 -0.000000016
 -18.999996185 3.023679733 0.000001706
 -18.837448120 3.023679733 -2.479995489
 -18.352586746 3.023679733 -4.917559624
 -17.553707123 3.023679733 -7.270982742
 -7.270985126 3.023679733 -17.553707123
 -4.917562008 3.023679733 -18.352586746
 -2.479998112 3.023679733 -18.837448120
 -0.000000873 3.023679733 -18.999996185
 2.479996443 3.023679733 -18.837448120
 4.917560101 3.023679733 -18.352586746
 7.270983696 3.023679733 -17.553707123
 9.499997139 3.023679733 -16.454479218
 11.566464424 3.023679733 -15.073711395
 13.435027122 3.023679733 -13.435026169
 15.073711395 3.023679733 -11.566465378
 16.454479218 3.023679733 -9.499998093
 17.553707123 3.023679733 -7.270984173
 18.352586746 3.023679733 -4.917561054
 18.837448120 3.023679733 -2.479997158
 18.999996185 3.023679733 -0.000000086
 -18.999996185 -0.992045045 0.000001706
 -18.837448120 -0.992045045 -2.479995489
 0.000000095 -0.992044568 -0.000000139
 -18.352586746 -0.992045045 -4.917559624
 -17.553707123 -0.992045045 -7.270982742
 -16.454481125 -0.992045045 -9.499996185
 -15.073711395 -0.992045045 -11.566463470
 -13.435027122 -0.992045045 -13.435026169
 -11.566465378 -0.992045045 -15.073708534
 -9.499999046 -0.992045045 -16.454479218
 -7.270985126 -0.992045045 -17.553707123
 -4.917562008 -0.992045045 -18.352586746
 -2.479998112 -0.992045045 -18.837448120
 -0.000000875 -0.992045045 -18.999996185
 2.479996443 -0.992045045 -18.837448120
 4.917560101 -0.992045045 -18.352586746
 7.270983696 -0.992045045 -17.553707123
 9.499997139 -0.992045045 -16.454479218
 11.566464424 -0.992045045 -15.073711395
 13.435027122 -0.992045045 -13.435026169
 15.073711395 -0.992045045 -11.566465378
 16.454479218 -0.992045045 -9.499998093
 17.553707123 -0.992045045 -7.270984173
 18.352586746 -0.992045045 -4.917561054
 18.837448120 -0.992045045 -2.479997396
 18.999996185 -0.992045045 -0.000000088
 18.837448120 -0.000000822 2.479993820
 18.352588654 -0.000000911 4.917557716
 17.553709030 -0.000000997 7.270981312
 16.454481125 -0.000001079 9.499995232
 15.073713303 -0.000001154 11.566462517
 13.435027122 -0.000001223 13.435026169
 11.566467285 -0.000001283 15.073708534
 9.500000000 -0.000001334 16.454477310
 7.270986557 -0.000001374 17.553705215
 4.917563438 -0.000001403 18.352586746
 2.479999781 -0.000001421 18.837448120
 0.000002622 -0.000001427 18.999996185
 -2.479994535 -0.000001421 18.837448120
 -4.917558670 -0.000001403 18.352586746
 -7.270981789 -0.000001374 17.553707123
 -9.499996185 -0.000001334 16.454479218
 -11.566462517 -0.000001283 15.073713303
 -13.435026169 -0.000001223 13.435027122
 -15.073708534 -0.000001154 11.566465378
 -16.454479218 -0.000001079 9.500000000
 -17.553705215 -0.000000997 7.270985603
 -18.352586746 -0.000000911 4.917562485
 -18.837448120 -0.000000822 2.479999065
 19.828893661 5.987504959 2.610520124
 19.828893661 8.573446274 2.610519648
 19.318513870 5.987504959 5.176375866
 19.318513870 8.573446274 5.176375866
 18.477588654 5.987505913 7.653664589
 18.477588654 8.573446274 7.653664589
 17.320505142 5.987505913 9.999995232
 17.320505142 8.573446274 9.999995232
 15.867065430 5.987505913 12.175223351
 15.867065430 8.573446274 12.175223351
 14.142134666 5.987504959 14.142130852
 14.142134666 8.573446274 14.142130852
 12.175229073 5.987504959 15.867063522
 12.175229073 8.573446274 15.867063522
 10.000000000 5.987505913 17.320503235
 10.000000000 8.573446274 17.320503235
 7.653669834 5.987504959 18.477584839
 7.653669834 8.573446274 18.477584839
 5.176382542 5.987505913 19.318511963
 5.176382542 8.573446274 19.318511963
 2.610525608 5.987504959 19.828893661
 2.610525608 8.573446274 19.828893661
 0.000002623 5.987504959 19.999996185
 0.000002623 8.573446274 19.999996185
 -2.610520601 5.987504959 19.828893661
 -2.610520601 8.573446274 19.828893661
 -5.176377773 5.987505913 19.318511963
 -5.176377773 8.573446274 19.318511963
 -7.653665066 5.987504959 18.477586746
 -7.653665066 8.573446274 18.477586746
 -9.999995232 5.987505913 17.320505142
 -9.999995232 8.573446274 17.320505142
 -12.175224304 5.987504959 15.867065430
 -12.175224304 8.573446274 15.867065430
 -14.142130852 5.987504959 14.142134666
 -14.142130852 8.573446274 14.142134666
 -15.867063522 5.987505913 12.175228119
 -15.867063522 8.573446274 12.175228119
 -17.320503235 5.987505913 9.999999046
 -17.320503235 8.573446274 9.999999046
 -18.477584839 5.987505913 7.653669357
 -18.477584839 8.573446274 7.653669357
 -19.318511963 5.987504959 5.176381111
 -19.318511963 8.573446274 5.176381111
 -19.828893661 5.987504959 2.610525370
 -19.828893661 8.573446274 2.610525131
 19.828893661 3.023679733 2.610520124
 19.318513870 3.023679733 5.176375866
 18.477588654 3.023679733 7.653664589
 17.320505142 3.023679733 9.999995232
 15.867065430 3.023679733 12.175223351
 14.142134666 3.023679733 14.142130852
 12.175229073 3.023679733 15.867063522
 10.000000000 3.023679733 17.320503235
 7.653669834 3.023679733 18.477584839
 5.176382542 3.023679733 19.318511963
 2.610525608 3.023679733 19.828893661
 0.000002623 3.023679733 19.999996185
 -2.610520601 3.023679733 19.828893661
 -5.176377773 3.023679733 19.318511963
 -7.653665066 3.023679733 18.477586746
 -9.999995232 3.023679733 17.320505142
 -12.175224304 3.023679733 15.867065430
 -14.142130852 3.023679733 14.142134666
 -15.867063522 3.023679733 12.175228119
 -17.320503235 3.023679733 9.999999046
 -18.477584839 3.023679733 7.653669357
 -19.318511963 3.023679733 5.176381111
 -19.828893661 3.023679733 2.610525370
 19.828893661 -0.000000826 2.610519648
 19.318513870 -0.000000920 5.176375866
 18.477588654 -0.000001011 7.653664589
 17.320505142 -0.000001097 9.999995232
 15.867065430 -0.000001177 12.175223351
 14.142134666 -0.000001249 14.142130852
 12.175229073 -0.000001312 15.867063522
 10.000000000 -0.000001365 17.320503235
 7.653669834 -0.000001408 18.477584839
 5.176382542 -0.000001438 19.318511963
 2.610525608 -0.000001457 19.828893661
 0.000002623 -0.000001463 19.999996185
 -2.610520601 -0.000001457 19.828893661
 -5.176377773 -0.000001438 19.318511963
 -7.653665066 -0.000001408 18.477586746
 -9.999995232 -0.000001365 17.320505142
 -12.175224304 -0.000001312 15.867065430
 -14.142130852 -0.000001249 14.142134666
 -15.867063522 -0.000001177 12.175228119
 -17.320503235 -0.000001097 9.999999046
 -18.477584839 -0.000001011 7.653669357
 -19.318511963 -0.000000920 5.176381111
 -19.828893661 -0.000000826 2.610525131
 19.828893661 -0.992045045 2.610519648
 19.318513870 -0.992045045 5.176375866
 18.477588654 -0.992045045 7.653664589
 17.320505142 -0.992045045 9.999995232
 15.867065430 -0.992045045 12.175223351
 14.142134666 -0.992045045 14.142130852
 12.175229073 -0.992045045 15.867063522
 10.000000000 -0.992045045 17.320503235
 7.653669834 -0.992045045 18.477584839
 5.176382542 -0.992045045 19.318511963
 2.610525608 -0.992045045 19.828893661
 0.000002623 -0.992045045 19.999996185
 -2.610520601 -0.992045045 19.828893661
 -5.176377773 -0.992045045 19.318511963
 -7.653665066 -0.992045045 18.477586746
 -9.999995232 -0.992045045 17.320505142
 -12.175224304 -0.992045045 15.867065430
 -14.142130852 -0.992045045 14.142134666
 -15.867063522 -0.992045045 12.175228119
 -17.320503235 -0.992045045 9.999999046
 -18.477584839 -0.992045045 7.653669357
 -19.318511963 -0.992045045 5.176381111
 -19.828893661 -0.992045045 2.610525131
 18.837448120 5.987504959 2.479994059
 18.837448120 8.573446274 2.479993820
 18.352588654 5.987504959 4.917557716
 18.352588654 8.573446274 4.917557716
 17.553709030 5.987504959 7.270981312
 17.553709030 8.573446274 7.270981312
 16.454481125 5.987504959 9.499995232
 16.454481125 8.573446274 9.499995232
 15.073713303 5.987504959 11.566462517
 15.073713303 8.573446274 11.566462517
 13.435027122 5.987504959 13.435026169
 13.435027122 8.573446274 13.435026169
 11.566467285 5.987505913 15.073708534
 11.566467285 8.573446274 15.073708534
 9.500000000 5.987505913 16.454477310
 9.500000000 8.573446274 16.454477310
 7.270986557 5.987504959 17.553705215
 7.270986557 8.573446274 17.553705215
 4.917563438 5.987504959 18.352586746
 4.917563438 8.573446274 18.352586746
 2.479999781 5.987505913 18.837448120
 2.479999781 8.573446274 18.837448120
 0.000002622 5.987505913 18.999996185
 0.000002620 8.573446274 18.999996185
 -2.479994535 5.987505913 18.837448120
 -2.479994535 8.573446274 18.837448120
 -4.917558670 5.987504959 18.352586746
 -4.917558670 8.573446274 18.352586746
 -7.270981789 5.987504959 17.553707123
 -7.270981789 8.573446274 17.553707123
 -9.499996185 5.987505913 16.454479218
 -9.499996185 8.573446274 16.454479218
 -11.566462517 5.987505913 15.073713303
 -11.566462517 8.573446274 15.073713303
 -13.435026169 5.987504959 13.435027122
 -13.435026169 8.573446274 13.435027122
 -15.073708534 5.987504959 11.566465378
 -15.073708534 8.573446274 11.566465378
 -16.454479218 5.987504959 9.500000000
 -16.454479218 8.573446274 9.500000000
 -17.553705215 5.987504959 7.270985603
 -17.553705215 8.573446274 7.270985603
 -18.352586746 5.987504959 4.917562485
 -18.352586746 8.573446274 4.917562485
 -18.837448120 5.987504959 2.479999304
 -18.837448120 8.573446274 2.479999065
 18.837448120 3.023679733 2.479994059
 18.352588654 3.023679733 4.917557716
 17.553709030 3.023679733 7.270981312
 16.454481125 3.023679733 9.499995232
 15.073713303 3.023679733 11.566462517
 13.435027122 3.023679733 13.435026169
 11.566467285 3.023679733 15.073708534
 9.500000000 3.023679733 16.454477310
 7.270986557 3.023679733 17.553705215
 4.917563438 3.023679733 18.352586746
 2.479999781 3.023679733 18.837448120
 0.000002622 3.023679733 18.999996185
 -2.479994535 3.023679733 18.837448120
 -4.917558670 3.023679733 18.352586746
 -7.270981789 3.023679733 17.553707123
 -9.499996185 3.023679733 16.454479218
 -11.566462517 3.023679733 15.073713303
 -13.435026169 3.023679733 13.435027122
 -15.073708534 3.023679733 11.566465378
 -16.454479218 3.023679733 9.500000000
 -17.553705215 3.023679733 7.270985603
 -18.352586746 3.023679733 4.917562485
 -18.837448120 3.023679733 2.479999304
 18.837448120 -0.992045045 2.479993820
 18.352588654 -0.992045045 4.917558193
 17.553709030 -0.992045045 7.270981312
 16.454481125 -0.992045045 9.499995232
 15.073713303 -0.992045045 11.566462517
 13.435027122 -0.992045045 13.435026169
 11.566467285 -0.992045045 15.073708534
 9.500000000 -0.992045045 16.454477310
 7.270986557 -0.992045045 17.553705215
 4.917563438 -0.992045045 18.352586746
 2.479999781 -0.992045045 18.837448120
 0.000002624 -0.992045045 18.999996185
 -2.479994535 -0.992045045 18.837448120
 -4.917558670 -0.992045045 18.352586746
 -7.270981789 -0.992045045 17.553707123
 -9.499996185 -0.992045045 16.454479218
 -11.566462517 -0.992045045 15.073713303
 -13.435026169 -0.992045045 13.435027122
 -15.073708534 -0.992045045 11.566465378
 -16.454479218 -0.992045045 9.500000000
 -17.553705215 -0.992045045 7.270985603
 -18.352586746 -0.992045045 4.917562485
 -18.837448120 -0.992045045 2.479999065
