493
 -4.004509926 5.102263927 4.815989494
 -4.782375813 4.986488342 9.281721115
 -4.782375336 5.111740589 9.273552895
 -4.998444080 5.355849266 9.464526176
 -4.204752445 5.346372604 4.734821796
 -4.998808861 10.014826775 9.472430229
 -4.004611015 10.237171173 4.815940857
 -4.782493591 10.231348991 9.301561356
 -4.204774380 10.020649910 4.734812260
 -4.004611015 10.375904083 4.815940857
 -4.782493591 10.370080948 9.301561356
 -4.204774380 10.369109154 4.734812260
 -4.998808861 10.363019943 9.472430229
 -4.002826214 4.999998569 8.999960899
 -4.117463589 5.111739635 9.273552895
 -4.197664738 5.355848312 9.464526176
 -3.729801893 8.977252960 8.797196388
 -3.729334593 4.999998569 8.797195435
 -4.004019260 9.119840622 8.999960899
 -2.687408924 9.680350304 8.797196388
 -2.838132620 9.943682671 8.999960899
 -1.866387367 10.018983841 8.797196388
 -1.992802262 10.306261063 8.999960899
 -0.932175696 10.204755783 8.797196388
 -1.003502131 10.542956352 8.999960899
 -0.000000087 10.247025490 8.797196388
 -0.000003271 10.611286163 8.999960899
 0.934212089 10.186118126 8.797196388
 1.009542346 10.542956352 8.999960899
 1.855783224 9.981316566 8.797196388
 1.998842955 10.306261063 8.999960899
 2.500594616 9.837738991 8.851884842
 2.500594616 10.091042519 8.999960899
 2.500594854 9.216239929 8.813016891
 2.500594616 9.342352867 8.797196388
 2.500594854 8.901284218 8.999005318
 2.312588692 9.016633034 8.998645782
 1.684035420 9.591217041 8.797196388
 1.565008879 9.322184563 8.998645782
 0.849957645 9.787009239 8.797196388
 0.790700018 9.506307602 8.999960899
 0.000003148 9.860300064 8.797196388
 0.000006043 9.568477631 8.999960899
 -0.846198142 9.797083855 8.797196388
 -0.784873486 9.506307602 8.999960899
 -1.678419709 9.591829300 8.797196388
 -1.559180856 9.320860863 8.999960899
 -2.478730679 9.279666901 8.797196388
 -2.306760550 9.015309334 8.999960899
 -3.299463987 8.751091003 8.797196388
 -3.000002146 8.594882965 8.999960899
 -3.299828291 4.999998569 8.797196388
 -3.000001669 4.999998569 8.999960899
 -3.000002146 8.594882965 9.999999046
 -3.000001669 4.999998569 9.999999046
 -2.306760788 9.015308380 9.999999046
 -1.559180856 9.320859909 9.999999046
 -0.784873486 9.506307602 9.999999046
 0.000006154 9.568477631 9.999999046
 0.790700138 9.506307602 9.999999046
 1.565006971 9.320859909 9.999999046
 2.312586308 9.015308380 9.999999046
 2.500594854 8.900321007 9.726486206
 2.500594854 8.900321007 9.999999046
 -4.197427273 9.222517014 9.464526176
 -2.953900814 10.075127602 9.464526176
 -2.074124336 10.437706947 9.464526176
 -1.044509649 10.674401283 9.464527130
 -0.000119006 10.742732048 9.464527130
 1.050566077 10.674401283 9.464526176
 2.080182076 10.437706947 9.464526176
 2.500594616 10.166047096 9.209446907
 2.500594616 10.264437675 9.464526176
 -3.753947973 4.805262089 4.269100189
 -3.508648157 4.605262756 3.750709772
 -2.973881245 4.305263519 2.733730316
 -3.242615938 4.405262947 3.238496780
 -2.652231693 4.005262375 2.242145300
 -2.331631184 3.805262804 1.764103651
 -1.272887588 3.299699306 0.389589369
 -1.996083617 3.600101471 1.301658511
 -1.644382119 3.400102139 0.852646112
 -0.883704841 3.000102758 -0.014673106
 -0.455335081 2.800102949 -0.450453043
 0.812037528 2.295526505 -1.581468821
 -0.037746958 2.600102901 -0.844037890
 0.394217163 2.400103092 -1.222022653
 1.299087167 2.000103235 -1.929205537
 1.752608180 1.800103426 -2.245226860
 2.500594854 1.554296732 -2.697119713
 2.243971586 1.600104451 -2.561539888
 -3.982711554 4.805262089 4.803014755
 -3.754016876 4.604939938 4.269252777
 -3.508975983 4.404940128 3.751370907
 -3.242968082 4.204939842 3.239145279
 -2.957374573 4.005262375 2.735924721
 -2.652231693 3.805262804 2.242145300
 -2.331797600 3.600747108 1.764344811
 -1.996083617 3.400101423 1.301658511
 -1.644381881 3.200102806 0.852645934
 -1.262648940 3.000102758 0.401151836
 -0.883704782 2.800102711 -0.014673171
 -0.455331802 2.600425482 -0.450456053
 -0.037740495 2.400425673 -0.844043732
 0.394222319 2.200425863 -1.222027063
 0.827001512 2.000426054 -1.573725700
 1.299089193 1.800426245 -1.929206967
 1.752608180 1.600103498 -2.245226860
 2.243971586 1.400103927 -2.561539888
 2.500594616 1.400103927 -2.713487864
 2.500594139 1.758797288 -2.853116751
 0.678781331 2.539634943 -1.751551986
 0.811972976 7.569167137 -1.581561327
 2.500594616 6.850783825 -2.853177547
 0.678765833 7.562370777 -1.751571417
 2.500594616 6.884868145 -2.668057442
 0.811972976 7.430433750 -1.581561327
 2.500594616 6.746134758 -2.668057442
 0.678765953 7.213912010 -1.751571417
 2.500594616 6.485753536 -2.923766136
 -1.435136795 3.543808222 0.246898368
 -1.272968173 8.573339462 0.389510065
 -1.435155630 8.566543579 0.246882036
 -1.272968173 8.434606552 0.389510065
 -1.435155630 8.218085289 0.246881947
 -3.159787178 4.549371719 2.623619556
 -2.973974943 9.578903198 2.733667374
 -3.159809113 9.572107315 2.623607159
 -2.973974943 9.440170288 2.733667374
 -3.159809113 9.223648071 2.623607159
 2.500595331 2.000119686 0.562985778
 2.500594139 2.143062115 0.563054025
 2.500595570 1.800194860 -0.268744409
 2.500594616 1.957029343 -0.268742889
 2.500595570 1.799997330 -1.129985213
 2.500595331 4.804708004 7.438448906
 2.500594139 5.004708290 7.438448429
 2.500595093 4.604629040 7.088591576
 2.500593662 4.804719925 7.088539600
 2.500595093 4.404636383 6.731535912
 2.500593424 4.604732037 6.731290340
 2.500595331 4.204643726 6.358539104
 2.500593901 4.404746056 6.358274460
 2.500595331 4.004760742 5.969395161
 2.500593901 4.204761028 5.969394684
 2.500595331 3.804778099 5.561115265
 2.500594139 4.004777908 5.561114788
 2.500593901 4.004767895 5.799447060
 2.500593424 4.204647541 6.187669277
 2.500593662 4.404639721 6.559543133
 2.500594139 4.604632378 6.916637897
 2.500593662 4.804714203 7.263458252
 2.500595093 3.599883080 5.136591434
 2.500594139 3.804797173 5.136357307
 2.500595331 3.399656534 4.692412376
 2.500593901 3.599656105 4.692410946
 2.500595331 3.199680090 4.223958015
 2.500593185 3.399679899 4.223956585
 2.500595093 2.999706745 3.707822084
 2.500594139 3.199706078 3.707821131
 2.500595331 2.799734592 3.183583975
 2.500594139 2.999734640 3.183583021
 2.500595331 2.599948645 2.571846247
 2.500594616 2.799768686 2.571848154
 2.500595331 2.399999619 1.950812101
 2.500594139 2.599804401 1.950819254
 2.500595331 2.200057030 1.276882052
 2.500594139 2.331417799 1.276888013
 2.500595570 1.599997401 -1.129985213
 2.500595331 1.400065303 -2.145918131
 2.500594616 1.589838862 -2.145919323
 2.500594139 2.799743176 3.029569387
 2.500593424 3.199687958 4.063151836
 2.500593424 3.399664164 4.533209801
 2.500595331 3.599648476 4.857614994
 2.500594139 3.804785490 5.394662857
 2.500593662 5.000547886 8.379154205
 2.500593424 4.999998569 8.796030998
 2.500593901 4.999998569 8.998753548
 -3.607478380 11.426928520 9.463211060
 -2.533148050 11.887729645 9.463211060
 -1.275845766 12.188547134 9.463211060
 -0.000018176 12.275387764 9.463211060
 1.282532573 12.188547134 9.463211060
 2.500594616 11.897117615 9.463211060
 2.500594854 11.763943672 9.463323593
 2.500594139 5.265172482 -2.923758030
 -2.915502071 11.417451859 5.256951332
 -1.919733047 11.878253937 5.660223484
 -0.754371464 12.179071426 6.132178307
 0.428160697 12.265912056 6.611086845
 1.616924405 12.179071426 7.092520714
 2.500594616 11.950966835 7.450393677
 2.500594139 7.599229813 -1.957869530
 2.500595093 8.188280106 -1.276897430
 1.536974192 8.610713959 -0.656888127
 2.500594616 8.426371574 -0.830020547
 2.500595093 8.928999901 -0.004939675
 2.199811220 9.071515083 0.188589752
 2.500594616 8.994062424 0.163451850
 2.500594854 9.188155174 0.572251976
 -0.390353799 9.614886284 1.165164590
 0.416598469 10.075688362 1.874398828
 2.500594139 9.502877235 1.307303786
 2.500594854 9.667724609 1.627063274
 1.360985041 10.376505852 2.704424381
 2.500594616 9.941231728 2.456588745
 2.500595093 10.337211609 3.375275612
 2.319286585 10.463347435 3.546680689
 2.500594854 10.447002411 3.706032991
 -1.962773919 10.620450020 3.332099199
 -1.038244605 11.081252098 3.879301786
 0.043744091 11.382068634 4.519699574
 1.141675234 11.468910217 5.169533730
 2.500594616 10.775534630 4.676887035
 2.500594854 11.134660721 5.471098423
 2.245391369 11.382068634 5.822791576
 2.500594616 11.213828087 5.745599270
 2.500594854 11.311117172 5.973838806
 2.500594616 11.611906052 6.767389774
 2.500593901 4.999998569 9.916760445
 4.860432625 10.374030113 8.406118393
 4.995919228 10.369994164 9.472514153
 5.059132099 10.367056847 8.486564636
 4.781944275 10.369994164 9.301643372
 4.860431671 10.235297203 8.406118393
 4.781944275 10.231261253 9.301643372
 5.059132099 10.018774986 8.486564636
 4.996310711 10.028249741 9.464526176
 4.859814644 5.103593349 8.405872345
 4.996312141 5.357177258 9.463211060
 5.059133530 5.347701550 8.486565590
 4.781278610 5.113068581 9.272237778
 4.114162445 5.113073826 9.272237778
 3.997561693 4.999998569 8.998645782
 4.194943905 5.357182503 9.463211060
 2.685904980 9.664702415 8.797196388
 2.845860481 9.942946434 8.999960899
 3.695901155 8.954033852 8.797196388
 3.998600006 9.118225098 8.999960899
 3.698854685 4.999998569 8.795881271
 3.256092072 4.999998569 8.795881271
 2.999999285 4.999998569 8.998645782
 3.256633043 8.731306076 8.797196388
 2.999997616 8.594882965 8.999960899
 2.999997616 4.999998569 9.999999046
 2.999997616 8.594882965 9.999999046
 4.194848537 9.220901489 9.464526176
 2.961715698 10.074392319 9.464526176
 7.453303337 1.399349213 5.453477859
 7.648105145 1.311357856 5.343012810
 7.262550831 1.599348903 5.566422462
 6.712625980 2.296855688 5.944922447
 7.073480129 1.799348831 5.688136578
 6.898970604 1.999348640 5.809737682
 6.550787449 2.399348259 6.081853867
 6.384572029 2.599348068 6.227298260
 5.910604000 3.301028728 6.703141689
 6.223887920 2.799347878 6.378744602
 6.059056282 2.999347925 6.546427727
 5.766357422 3.399347067 6.880161762
 5.631026268 3.599346638 7.052937031
 5.501914501 3.804507732 7.230882168
 5.256272316 4.306591988 7.604876518
 5.378550529 4.004507542 7.414825916
 5.151378155 4.404507637 7.798210144
 5.049011230 4.604507446 7.995304108
 4.954623222 4.804507256 8.194773674
 3.243901014 1.310028434 -3.146185160
 2.739708185 1.400103927 -2.855068445
 3.765298605 1.000105023 -3.387466669
 4.290326118 0.800104439 -3.623860121
 5.906535149 0.307969064 -4.228193283
 4.827719688 0.600104570 -3.842149258
 5.367822170 0.400105447 -4.038477421
 6.522261143 0.115775883 -4.400472164
 5.913423538 -0.000450481 -4.214263916
 5.844112396 0.552077591 -4.435047626
 6.468266964 0.359884411 -4.609685421
 6.468260288 5.034161568 -4.609708309
 5.906507969 5.442876816 -4.228302479
 5.844104767 5.226355553 -4.435071468
 6.522225380 5.250682831 -4.400578499
 5.906507969 5.581609726 -4.228302479
 6.522225380 5.389415741 -4.400578499
 5.844104767 5.574814320 -4.435071468
 6.468260288 5.382620335 -4.609708309
 8.909375191 5.387540340 4.861164093
 8.734568596 5.572762012 5.132626057
 8.962855339 5.380567074 5.068751812
 8.672551155 5.579735279 4.927426338
 8.909374237 5.248807907 4.861163616
 8.672551155 5.441003323 4.927425861
 8.734568596 5.224481106 5.132626534
 8.962855339 5.032285690 5.068751812
 8.909212112 0.117104359 4.860517979
 8.734569550 0.553407311 5.132628441
 8.962857246 0.361212909 5.068752766
 8.672355652 0.309298724 4.926790237
 8.674551010 -0.000552034 4.930463791
 7.847940922 0.999349654 5.248616695
 8.049964905 0.799349666 5.157654762
 8.256747246 0.599349916 5.073660851
 8.464572906 0.399350047 4.998116016
 4.866597176 4.804506302 8.400218010
 4.954623222 4.604507446 8.194773674
 5.049011230 4.404507637 7.995304108
 5.151377678 4.204507351 7.798210144
 5.261136532 4.004507542 7.604826450
 5.378550529 3.804507732 7.414825916
 5.501838207 3.599346638 7.230986118
 5.631026268 3.399347067 7.052937031
 5.766357422 3.199347734 6.880161762
 5.913243294 2.999347687 6.706432343
 6.059056282 2.799347878 6.546427727
 6.223887920 2.599348068 6.378744602
 6.384572029 2.399348259 6.227298260
 6.550787449 2.199348450 6.081853867
 6.717298031 1.999348521 5.946536064
 6.898970604 1.799348593 5.809737682
 7.073480129 1.599348903 5.688136578
 7.262550831 1.399349093 5.566422462
 7.453303337 1.199349284 5.453477859
 7.649378300 0.999349475 5.347031116
 7.847940922 0.799349606 5.248616695
 8.049964905 0.599349737 5.157655239
 8.256747246 0.399350017 5.073660851
 8.464572906 0.199350148 4.998116016
 2.739708185 1.200103998 -2.855068445
 3.249270678 1.000104904 -3.131705761
 3.765298605 0.800105095 -3.387466669
 4.290326118 0.600105226 -3.623860121
 4.827719688 0.400105447 -3.842149258
 5.367822170 0.200104773 -4.038477421
 7.747154236 1.555466533 5.533876896
 3.144458771 1.554136992 -3.338009596
 7.747153282 6.574820518 5.533875465
 7.648414612 6.581793785 5.343602657
 3.243854761 6.583668232 -3.146287441
 3.144447565 6.576872826 -3.338031292
 7.648413658 6.443061352 5.343602180
 3.243855238 6.444935322 -3.146287680
 7.747153282 6.226539612 5.533875942
 3.144447803 6.228414059 -3.338032007
 6.845316887 2.540964127 6.114134312
 6.845315456 7.560318470 6.114132404
 6.713038445 7.567291737 5.945444584
 6.713037968 7.428559303 5.945444107
 6.845315456 7.212036610 6.114132404
 6.072137833 3.545137405 6.845079899
 6.072136402 8.564491272 6.845077991
 5.911106586 8.571464539 6.703579426
 5.911106110 8.432731628 6.703578472
 6.072136402 8.216209412 6.845077991
 5.441337109 4.550701141 7.714380264
 5.441334248 9.570055008 7.714378357
 5.256846428 9.577028275 7.605212688
 5.256845951 9.438296318 7.605212688
 5.441334248 9.221774101 7.714378357
 8.065711021 0.000000567 -4.691381931
 9.273552895 0.111745149 -4.781277180
 9.464526176 0.355853885 -4.996310711
 8.042598724 0.355853885 -4.868018627
 9.464526176 5.028248787 -4.996310711
 8.065577507 5.244770527 -4.691283703
 8.042598724 5.028248787 -4.868018627
 9.293658257 5.244770527 -4.781946182
 8.065577507 5.383502960 -4.691283703
 9.293658257 5.383502960 -4.781946182
 9.464526176 5.376529694 -4.996310711
 8.042598724 5.376529694 -4.868018627
 9.464526176 5.378583431 4.998467922
 9.293658257 5.385379314 4.782487392
 9.293658257 5.246646404 4.782487392
 9.464526176 5.030124664 4.998467922
 9.273551941 0.111739613 4.782373905
 9.464526176 0.355848163 4.998443127
 8.999960899 0.000000195 4.002825737
 9.273551941 0.111738965 4.117464542
 9.464526176 0.355847389 4.197663307
 9.273552895 0.111750029 -4.114161015
 8.999961853 0.000000545 -3.997560740
 9.464526176 0.355859220 -4.194943428
 8.797195435 3.977252960 3.729803085
 8.797194481 0.000000207 3.729334116
 8.999961853 4.119840145 4.004018784
 8.797195435 4.680349350 2.687408686
 8.999961853 4.943681240 2.838131666
 8.797195435 5.018982887 1.866386771
 8.999961853 5.306260109 1.992801905
 8.797195435 5.204754353 0.932175040
 8.999961853 5.542955399 1.003501296
 8.797195435 5.247024059 -0.000000297
 8.999961853 5.611285686 0.000002925
 8.797195435 5.186118126 -0.934212387
 8.999961853 5.542955399 -1.009542823
 8.797195435 4.981315136 -1.855782270
 8.999961853 5.306260109 -1.998843431
 8.797195435 4.664701462 -2.685905695
 8.999961853 4.942945480 -2.845860958
 8.797195435 3.954033136 -3.695901394
 8.999961853 4.118223667 -3.998600245
 8.797195435 0.000000532 -3.698853970
 8.797195435 0.000000513 -3.256091356
 8.999960899 0.000000502 -2.999998808
 8.797195435 3.731304884 -3.256634951
 8.999961853 3.594882488 -2.999998331
 8.797195435 4.268827438 -2.458328724
 8.999961853 4.015308380 -2.312587023
 8.797195435 4.591216564 -1.684035897
 8.999961853 4.320859909 -1.565007567
 8.797195435 4.787008762 -0.849958122
 8.999961853 4.506306648 -0.790700257
 8.797195435 4.860299110 -0.000003708
 8.999961853 4.568477154 -0.000006273
 8.797195435 4.797082901 0.846197605
 8.999961853 4.506306648 0.784873188
 8.797195435 4.591828346 1.678419232
 8.999961853 4.320859909 1.559180498
 8.797195435 4.279666901 2.478731871
 8.999961853 4.015308380 2.306759834
 8.797195435 3.751089811 3.299463749
 8.999961853 3.594882488 3.000001907
 8.797194481 0.000000226 3.299828291
 8.999960899 0.000000239 3.000001669
 9.999998093 3.594881773 3.000001907
 9.999998093 0.000000239 3.000001669
 9.999998093 0.000000502 -2.999998808
 9.999998093 3.594881773 -2.999998331
 9.999998093 4.015308380 2.306760073
 9.999998093 4.320859432 1.559180498
 9.999998093 4.506306171 0.784873188
 9.999998093 4.568476677 -0.000006229
 9.999998093 4.506306171 -0.790700257
 9.999998093 4.320859432 -1.565007567
 9.999998093 4.015308380 -2.312586784
 9.464526176 4.222516537 4.197424889
 9.464526176 4.220900059 -4.194849491
 9.464526176 5.075126648 2.953900337
 9.464526176 5.437705517 2.074123859
 9.464526176 5.674400806 1.044509411
 9.464526176 5.742731571 0.000118388
 9.464526176 5.674400806 -1.050566435
 9.464526176 5.437705517 -2.080180883
 9.464526176 5.074391365 -2.961714745
 3.616308928 11.411159515 9.472514153
 9.464526176 6.425602913 3.607479095
 9.464526176 6.886404514 2.533149004
 9.464526176 7.187220097 1.275847316
 9.464526176 7.274060726 0.000019173
 9.464526176 7.187220097 -1.282531023
 9.464526176 6.886404514 -2.539833307
 9.464526176 6.424667835 -3.616308928
 2.782285690 11.878253937 7.564474583
 3.780044556 11.416518211 7.968551636
 6.815437794 6.430962563 -3.262741089
 6.246375084 6.623157024 -3.103519440
 7.083580017 6.891764164 -2.222412348
 6.557068348 7.083958626 -2.075096130
 6.920677185 7.384775639 -0.871518791
 7.397389889 7.192581177 -1.004901648
 7.715823650 7.279422283 0.230548158
 7.289643288 7.471617222 0.349792242
 8.035934448 7.192581177 1.472508192
 7.660552502 7.384776115 1.577539206
 8.024162292 7.083959103 2.781115770
 8.349744797 6.891764164 2.690018177
 8.618422508 6.430027485 3.732425690
 8.335475922 6.622221947 3.811593533
 3.785012484 7.625216007 -2.103312969
 4.279753685 8.086017609 -1.149679780
 4.858755589 8.386835098 -0.033630665
 5.446288109 8.473675728 1.098863006
 6.036916256 8.386835098 2.237324476
 6.615917683 8.086017609 3.353373766
 7.111647129 7.624281883 4.308911800
 2.975538254 9.372333527 1.178062320
 3.762694836 9.459174156 2.182114840
 4.553998470 9.372333527 3.191458225
 5.329725742 9.071516037 4.180930614
 5.993885994 8.609779358 5.028097630
 3.282637835 10.376505852 4.393374443
 4.227023602 10.075689316 5.223399639
 5.035587788 9.613951683 5.934050560
 3.327379942 11.081253052 6.463190079
 4.253755093 10.619516373 7.011485100
 8.222725868 6.424667835 -3.499822140
 8.363234520 6.886404514 -2.432555914
 8.527344704 7.187220097 -1.186010242
 8.694751740 7.274060726 0.085567728
 8.861280441 7.187220097 1.350480795
 9.025391579 6.886404514 2.597026348
 9.165619850 6.425602913 3.662165642
