738
-26.4335 1200.07 2720
90.0131 758.926 2720
51.7419 1047.14 2720
-711.373 1200.07 2133
-711.373 1047.14 2040.81
-711.373 1161.83 2143.61
-36.9708 1161.83 2720
-213.003 1200.07 2386.93
-221.528 1161.83 2393.2
-213.003 1170.33 2386.93
-26.4335 1170.33 2720
-125.505 1200.07 2558.65
-125.505 1170.33 2558.65
-135.526 1161.83 2561.99
-349.286 1200.07 2250.65
-355.48 1161.83 2259.25
-349.286 1170.33 2250.65
-711.373 1170.33 2133
-521.013 1200.07 2163.15
-521.013 1170.33 2163.15
-524.269 1161.83 2173.25
-138.972 1047.14 2332.46
-105.892 991.913 2720
-221.528 991.913 2393.2
-135.526 991.913 2561.99
51.7419 991.913 2720
-138.972 991.913 2332.46
-38.4753 991.913 2529.7
-38.4753 1047.14 2529.7
-711.373 991.913 2143.61
-355.48 991.913 2259.25
-524.269 991.913 2173.25
-295.499 1047.14 2175.93
-295.499 991.913 2175.93
-711.373 991.913 2040.81
-492.735 991.913 2075.44
-492.735 1047.14 2075.44
-711.373 703.049 1882.75
85.0176 991.913 2720
-711.373 991.913 2007.29
-112.052 991.913 2312.65
73.3711 1047.14 2720
-121.474 1047.14 2319.59
-17.9048 1047.14 2522.85
85.0176 1034.39 2720
-112.052 1034.39 2312.65
-6.82834 1034.39 2519.17
-6.82834 991.913 2519.17
-711.373 1047.14 2019.02
-282.786 1047.14 2158.27
-486.051 1047.14 2054.71
-275.94 991.913 2148.77
-275.94 1034.39 2148.77
-711.373 1034.39 2007.29
-482.452 1034.39 2043.54
-482.452 991.913 2043.54
-98.0602 743.116 2272.76
39.9207 983.417 2720
-148.536 983.417 2339.5
-49.718 983.417 2533.44
-126.532 743.116 2323.31
-23.8512 758.926 2524.83
-711.373 983.417 2052.72
-302.448 983.417 2185.59
-496.388 983.417 2086.77
-265.775 727.662 2094.04
-286.461 727.662 2163.38
-711.373 703.049 1981.77
-487.983 703.049 2060.7
-477.108 703.049 1979.3
-544.737 703.049 1984.7
-550.93 703.049 1922.86
-558.906 703.049 1879.27
-664.645 703.049 1882.75
-562.217 703.049 1971.13
-648.362 703.049 1882.22
-609.89 703.049 1869.64
-581.557 703.049 1860.82
-98.1052 747.384 2348.17
-711.373 958.377 2050.27
-552.255 730.641 2058.75
-579.854 774.487 2057.39
-600.239 856.53 2055.12
-626.371 921.576 2052.92
-661.098 959.083 2051.49
-711.373 942.766 2005.2
-663.351 941.914 2006.75
-639.104 911.223 2007.78
-615.739 857.381 2009.18
-596.282 764.155 2010.7
-556.719 717.072 1998.74
-668.893 703.049 1882.75
-668.893 431.177 1748.69
181.254 431.177 2720
-543.391 431.177 1851.08
-20.6512 431.177 2200.55
62.9241 431.177 2492.59
-20.7019 431.177 2287.91
-447.541 431.177 1860.55
-209.534 431.177 1993.49
-523.705 431.177 1866.81
-565.172 431.177 1723.28
-530.679 431.177 1795.16
-539.663 431.177 1744.66
-640.409 431.177 1748.07
-597.081 431.177 1733.5
-658.747 431.177 1748.69
231.04 431.177 2720
268.542 193.289 2720
2.07324 194.235 2076.8
-24.9806 431.177 2076.8
110.273 431.177 2378.13
178.696 193.289 2378.13
-203.568 431.177 1770.56
-668.893 431.177 1650.1
-444.404 431.177 1525.29
-143.739 431.177 1981.57
-323.986 431.177 1617.9
-570.984 431.177 1491.49
-128.744 607.471 1962.49
-139.442 431.177 1972.3
-56.9331 193.289 1911.16
-111.358 607.471 1944.04
-668.893 193.289 1350.71
-264.682 193.289 1513.19
-313.741 569.379 1589.53
-321.05 431.177 1604.12
-199.723 431.177 1758.68
-190.149 601.398 1746.09
-301.864 569.379 1562.09
-174.592 601.398 1722.43
-125.891 193.289 1680.25
-668.893 454.237 1617.93
-437.333 574.109 1494.55
-442.378 431.177 1510.36
-668.893 431.177 1634.47
-569.914 431.177 1476.14
-567.25 520.808 1493.04
-403.474 193.289 1411.84
-429.136 574.109 1464.82
-668.893 454.237 1586.82
-562.921 520.808 1429.33
-549.368 193.289 1374.86
-605.889 566.982 1474.94
-586.72 567.685 1534.58
-639.521 545.753 1519.92
-620.681 545.145 1581.43
-652.036 485.212 1537.36
-655.036 482.578 1569.97
-673.037 216.692 1241.3
-668.893 193.289 1241.3
-685.885 193.289 1241.3
-681.533 216.692 1241.3
-685.885 703.049 1882.75
-685.885 390.016 1509.6
-668.893 422.286 1650.1
-685.885 490.649 1650.1
-673.037 545.383 1650.1
-673.037 726.452 1882.75
-673.037 616.551 1748.69
-681.533 545.383 1650.1
-681.533 726.452 1882.75
-681.534 616.551 1748.69
-685.885 566.626 1748.69
-673.037 424.026 1506.59
-668.893 422.286 1634.47
-673.037 498.56 1607.8
-668.893 445.346 1617.93
-673.037 463.456 1558.5
-685.885 490.649 1634.47
-681.533 498.56 1607.8
-681.533 424.026 1506.59
-681.533 463.456 1558.5
-685.885 390.016 1580.45
-668.893 193.289 1326.26
-685.885 269.753 1376.97
-673.037 312.238 1326.26
-673.037 385.793 1441.83
-681.533 312.238 1326.26
-681.533 385.793 1441.83
-685.885 269.753 1449.96
-668.893 193.289 1300.78
-673.037 269.087 1281
-668.893 193.289 1266.79
-673.037 250.399 1266.79
-685.885 232.498 1338.15
-681.533 269.087 1281
-681.533 250.399 1266.79
-685.885 208.029 1299.55
-711.373 193.289 1241.3
-711.373 390.016 1509.6
-711.373 490.649 1650.1
-711.373 566.626 1748.69
-711.373 490.649 1634.47
-711.373 390.016 1580.45
-711.373 269.753 1376.97
-711.373 269.753 1449.96
-711.373 232.498 1338.15
-711.373 208.029 1299.55
-711.373 193.289 1037.4
-740.261 193.289 1041.94
-763.219 193.289 1029.42
-789.829 193.289 1010.11
-821.656 193.289 1008.55
-851.397 193.289 998.636
-869.137 193.289 1011.16
-901.487 193.289 1004.9
-920.27 193.289 1031.51
-941.662 193.289 1038.29
-946.88 193.289 1059.16
-974.533 193.289 1065.42
-981.316 193.289 1069.6
-975.577 193.289 1085.25
-994.36 193.289 1106.12
-993.838 193.289 1153.6
-1000.1 193.289 1184.38
-984.447 193.289 1213.08
-983.245 193.289 1249.8
-972.313 193.289 1258.01
-955.478 193.289 1288.89
-953.036 193.289 1296.46
-947.248 193.289 1321.75
-955.955 193.289 1359.94
-974.428 193.289 1373.22
-981.221 193.289 1402.2
-873.377 193.289 1374.86
-753.853 193.289 1350.71
-753.853 193.289 1326.26
-753.853 193.289 1300.78
-753.853 193.289 1266.79
-753.853 193.289 1241.3
-736.861 193.289 1241.3
-1373.33 1200.07 2720
-1543.54 758.926 2720
-1483.33 1047.14 2720
-1362.79 1161.83 2720
-1209.74 1200.07 2386.93
-1201.22 1161.83 2393.2
-1209.74 1170.33 2386.93
-1373.33 1170.33 2720
-1297.24 1200.07 2558.65
-1297.24 1170.33 2558.65
-1287.22 1161.83 2561.99
-1073.46 1200.07 2250.65
-1067.27 1161.83 2259.25
-1073.46 1170.33 2250.65
-901.733 1200.07 2163.15
-901.733 1170.33 2163.15
-898.477 1161.83 2173.25
-1283.77 1047.14 2332.46
-1370.02 991.913 2720
-1201.22 991.913 2393.2
-1287.22 991.913 2561.99
-1483.33 991.913 2720
-1283.77 991.913 2332.46
-1384.27 991.913 2529.7
-1384.27 1047.14 2529.7
-1067.27 991.913 2259.25
-898.477 991.913 2173.25
-1127.25 1047.14 2175.93
-1127.25 991.913 2175.93
-930.01 991.913 2075.44
-930.01 1047.14 2075.44
-1516.61 991.913 2720
-1310.69 991.913 2312.65
-1504.96 1047.14 2720
-1301.27 1047.14 2319.59
-1404.84 1047.14 2522.85
-1516.61 1034.39 2720
-1310.69 1034.39 2312.65
-1415.92 1034.39 2519.17
-1415.92 991.913 2519.17
-1139.96 1047.14 2158.27
-936.694 1047.14 2054.71
-1146.81 991.913 2148.77
-1146.81 1034.39 2148.77
-940.293 1034.39 2043.54
-940.293 991.913 2043.54
-1324.69 743.116 2272.76
-1471.51 971.184 2720
-1274.21 983.417 2339.5
-1373.03 983.417 2533.44
-1296.21 743.116 2323.31
-1398.89 758.926 2524.83
-1120.3 983.417 2185.58
-926.357 983.417 2086.77
-1156.97 727.662 2094.04
-1136.28 727.662 2163.38
-934.762 703.049 2060.7
-945.637 703.049 1979.3
-878.008 703.049 1984.7
-871.816 703.049 1922.86
-863.839 703.049 1879.27
-758.101 703.049 1882.75
-860.528 703.049 1971.13
-774.383 703.049 1882.22
-812.855 703.049 1869.64
-841.188 703.049 1860.82
-1324.64 747.384 2348.17
-870.49 730.641 2058.75
-842.891 774.487 2057.39
-822.506 856.53 2055.12
-796.375 921.576 2052.92
-761.647 959.083 2051.49
-759.395 941.914 2006.75
-783.641 911.223 2007.78
-807.006 857.381 2009.18
-826.463 764.155 2010.7
-866.026 717.072 1998.74
-753.853 703.049 1882.75
-753.853 431.177 1748.69
-1628.53 431.177 2720
-879.354 431.177 1851.08
-1402.09 431.177 2200.55
-1485.67 431.177 2492.59
-1402.04 431.177 2287.91
-975.205 431.177 1860.55
-1213.21 431.177 1993.49
-899.04 431.177 1866.81
-857.573 431.177 1723.28
-892.066 431.177 1795.16
-883.083 431.177 1744.66
-782.336 431.177 1748.07
-825.664 431.177 1733.5
-763.998 431.177 1748.69
-1678.32 431.177 2720
-1397.76 431.177 2076.8
-1533.02 431.177 2378.13
-1219.18 431.177 1770.56
-753.853 431.177 1650.1
-978.342 431.177 1525.29
-1279.01 431.177 1981.57
-1098.76 431.177 1617.9
-851.761 431.177 1491.49
-1424.82 193.289 2076.8
-1567.23 193.289 2378.13
-1714.29 193.289 2720
-1294 607.471 1962.49
-1283.3 431.177 1972.3
-1294 619.904 1962.49
-1365.81 193.289 1911.16
-1311.39 619.904 1944.04
-1158.06 193.289 1513.19
-1109 602.753 1589.53
-1101.7 431.177 1604.12
-1223.02 431.177 1758.68
-1232.6 618.064 1746.09
-1120.88 602.753 1562.09
-1248.15 618.064 1722.43
-1296.85 193.289 1680.25
-753.853 454.237 1617.93
-985.412 612.701 1494.55
-980.368 431.177 1510.36
-753.853 431.177 1634.47
-852.831 431.177 1476.14
-855.495 599.47 1493.04
-993.609 612.701 1464.82
-753.853 454.237 1586.82
-859.825 599.47 1429.33
-816.856 600.905 1474.94
-836.025 601.607 1534.58
-783.224 579.676 1519.92
-802.064 579.068 1581.43
-770.709 524.51 1537.36
-767.709 521.877 1569.97
-944.307 608.659 1451.74
-973.635 261.257 1412.38
-1014.03 261.257 1422.65
-1151.37 261.257 1522
-934.937 612.775 1493.96
-749.708 216.692 1241.3
-741.212 216.692 1241.3
-736.861 703.049 1882.75
-736.861 390.016 1509.6
-753.853 422.286 1650.1
-736.861 490.649 1650.1
-749.708 545.383 1650.1
-749.708 726.452 1882.75
-749.708 616.551 1748.69
-741.212 545.383 1650.1
-741.212 726.452 1882.75
-741.212 616.551 1748.69
-736.861 566.626 1748.69
-749.708 424.026 1506.59
-753.853 422.286 1634.47
-749.708 498.56 1607.8
-753.853 445.346 1617.93
-749.708 463.456 1558.5
-736.861 490.649 1634.47
-741.212 498.56 1607.8
-741.212 424.026 1506.59
-741.212 463.456 1558.5
-736.861 390.016 1580.45
-736.861 269.753 1376.97
-749.708 312.238 1326.26
-749.708 385.793 1441.83
-741.212 312.238 1326.26
-741.212 385.793 1441.83
-736.861 269.753 1449.96
-749.708 269.087 1281
-749.708 250.399 1266.79
-736.861 232.498 1338.15
-741.212 269.087 1281
-741.212 250.399 1266.79
-736.861 208.029 1299.55
-549.949 193.289 1377.24
-460.92 180.457 1359.15
-403.305 174.548 1337.55
-376.556 166.395 1278.91
-383.758 158.133 1231.58
-400.219 137.093 1156.89
-395.075 125.199 1101.48
-415.651 128.908 1060.79
-458.947 116.825 1027.79
-513.854 116.825 997.826
-552.445 121.421 991.722
-615.655 116.825 964.758
-642.758 116.825 936.857
-665.078 116.825 887.434
-688.992 116.825 866.708
-694.573 116.825 840.402
-709.719 116.825 838.808
-725.662 116.825 852.359
-743.199 116.825 841.199
-771.099 116.825 845.185
-797.405 116.825 862.722
-795.811 116.825 893.811
-788.636 116.825 924.9
-792.622 116.825 951.206
-806.971 117.761 953.598
-827.115 119.653 943.301
-849.997 113.563 950.657
-871.245 115.275 965.367
-891.676 107.077 958.012
-921.097 105.512 960.463
-934.99 105.512 967.001
-964.41 105.512 961.281
-993.831 111.116 972.722
-1011.81 111.116 996.422
-1018.35 115.991 1034.83
-1037.96 115.991 1060.17
-1052.67 109.426 1082.23
-1058.39 108.329 1119.83
-1060.11 108.329 1145.54
-1058.67 108.329 1179.49
-1055.05 108.329 1228.61
-1057.94 108.329 1250.28
-980.052 108.329 1252.15
-980.052 108.329 1225.99
-999.016 108.329 1172.37
-994.98 108.329 1146.72
-995.532 109.426 1113.56
-985.583 115.991 1089.79
-970.659 115.991 1070.44
-957.394 111.116 1047.23
-938.6 105.512 1041.7
-930.309 105.512 1032.86
-912.621 105.512 1022.91
-903.225 105.512 1010.75
-891.926 107.077 1006.33
-876.951 107.077 1012.53
-857.844 113.563 1010.98
-839.254 119.653 1000.13
-817.05 117.761 990.321
-795.361 116.825 1005.3
-767.993 116.825 1026.47
-740.624 116.825 1038.86
-711.706 116.825 1038.86
-681.755 115.511 1035.25
-642.51 116.825 1031.12
-593.969 121.421 1053.84
-558.445 114.293 1062.89
-500.502 119.343 1080.17
-470.035 128.908 1094.12
-455.576 125.199 1106.62
-475.716 137.093 1153.45
-450.929 158.133 1228.89
-451.445 166.395 1261.94
-462.806 174.548 1281.56
-488.109 180.457 1291.89
-554.723 193.289 1306.35
-586.457 123.359 978.133
-605.742 123.843 1048.33
-559.203 193.289 1299.04
-597.863 193.289 1302.33
-643.103 193.289 1294.92
-979.406 261.257 1387.95
-961.959 261.257 1349.88
-953.235 261.257 1315.78
-961.959 261.257 1271.37
-983.245 261.257 1249.8
-1019.85 261.257 1258.68
-1070.61 261.257 1256.3
-1104.71 261.257 1254.72
-1119.78 261.257 1223.79
-1147.54 261.257 1226.96
-1180.84 261.257 1247.58
-1210.19 261.257 1261.06
-1219.7 261.257 1296.75
-1227.64 261.257 1356.23
-1191.95 261.257 1376.85
-1161.02 261.257 1401.43
-1145.16 261.257 1425.22
-1122.16 261.257 1436.33
-1122.16 261.257 1463.29
-1138.81 261.257 1482.32
-1240.92 193.289 1296.75
-1119.78 193.289 1223.79
-1070.61 193.289 1256.3
-1019.85 193.289 1258.68
-1104.71 193.289 1254.72
-1180.84 193.289 1220.52
-1147.54 193.289 1199.9
-1231.4 193.289 1261.06
-1145.16 193.289 1425.22
-1191.95 193.289 1376.85
-1227.64 193.289 1356.23
-1161.02 193.289 1401.43
-1122.16 193.289 1463.29
-1122.16 193.289 1436.33
-1138.81 193.289 1482.32
-467.077 193.289 1085.17
-451.449 193.289 1114.78
-464.61 193.289 1136.99
-473.658 193.289 1170.72
-453.094 193.289 1217.6
-447.336 193.289 1262.02
-472.012 193.289 1289.99
-511.495 193.289 1291.63
-467.077 171.016 1085.17
-455.365 193.289 1051.97
-457.339 193.289 1024.17
-430.885 193.289 978.241
-417.789 193.289 940.864
-453.445 193.289 916.949
-485.173 193.289 947.807
-513.766 193.289 995.153
-542.752 193.289 1026.77
-558.445 193.289 1062.89
-600.33 193.289 1055.56
-615.958 193.289 1036.64
-644.748 193.289 1029.24
-673.783 193.289 1035.44
-389.526 193.289 927.385
-356.045 193.289 926.515
-343.435 193.289 903.904
-342.13 193.289 877.38
-331.695 193.289 859.118
-334.739 193.289 834.768
-357.349 193.289 827.376
-389.091 193.289 829.115
-414.311 193.289 816.94
-443.009 193.289 833.029
-452.14 193.289 869.988
-450.836 193.289 891.729
-334.739 116.825 849.585
-356.045 116.825 926.515
-417.789 116.825 940.864
-430.885 116.825 978.241
-389.526 116.825 927.385
-325.446 116.825 892.198
-326.751 116.825 903.904
-315.01 116.825 873.935
-434.935 116.825 849.719
-389.091 116.825 843.933
-357.349 116.825 842.193
-414.311 116.825 848.448
-450.836 116.825 891.729
-444.067 116.825 869.988
-453.445 116.825 916.949
-485.173 116.825 947.807
-457.813 170.756 1025.24
-513.793 169.747 995.976
-455.365 180.594 1051.97
-558.445 171.071 1062.89
-542.752 180.23 1026.77
-1714.29 108.329 2720
-1191.95 108.329 1376.85
-1147.54 108.329 1199.9
-1104.71 108.329 1254.72
-1119.78 108.329 1223.79
-1231.4 108.329 1261.06
-1180.84 108.329 1220.52
-1240.92 108.329 1296.75
-1227.64 108.329 1356.23
-1138.81 108.329 1482.32
-1145.16 108.329 1425.22
-1161.02 108.329 1401.43
-1122.16 108.329 1436.33
-1122.16 108.329 1463.29
-1365.81 108.329 1911.16
-1158.06 108.329 1513.19
-1296.85 108.329 1680.25
-1424.82 108.329 2076.8
-1567.23 108.329 2378.13
-1714.29 -78.5825 2720
364.184 -78.5825 2720
-743.199 -78.5825 841.199
-315.691 -78.5825 877.38
-376.556 -78.5825 1278.91
-264.682 -78.5825 1513.19
50.0645 -78.5825 2076.8
50.0645 6.37744 2076.8
316.533 6.37744 2720
226.687 6.37744 2378.13
242.44 -78.5825 2378.13
19.103 -78.5825 1875.88
-8.94202 6.37744 1911.16
-264.682 6.37744 1513.19
-77.8995 6.37744 1680.25
-49.8546 -78.5825 1644.98
-407.474 -78.5825 1384.25
-446.298 6.37744 1377.24
-376.556 6.37744 1278.91
-415.651 -78.5825 1060.79
-400.219 -78.5825 1156.89
-400.219 6.37744 1156.89
-415.651 6.37744 1060.79
-417.789 -78.5825 940.864
-417.789 6.37744 940.864
-329.606 -78.5825 926.515
-356.045 6.37744 926.515
-342.13 6.37744 864.431
-485.173 -78.5825 947.807
-439.997 -78.5825 816.94
-308.3 -78.5825 834.768
-334.739 6.37744 821.818
-354.731 -78.5825 805.012
-357.349 6.37744 814.426
-414.311 6.37744 803.99
-389.091 6.37744 816.165
-389.091 -78.5825 829.115
-477.826 -78.5825 869.988
-452.14 6.37744 869.988
-443.009 6.37744 820.079
-468.695 -78.5825 833.029
-476.522 -78.5825 891.729
-450.836 6.37744 891.729
-485.173 6.37744 947.807
-453.445 6.37744 916.949
-479.131 -78.5825 916.949
-642.758 -78.5825 936.857
-552.445 -78.5825 991.722
-552.445 6.37744 991.722
-513.854 6.37744 997.826
-513.854 -78.5825 997.826
-586.457 -78.5825 978.133
-586.457 6.37744 978.133
-642.758 6.37744 966.187
-615.655 6.37744 994.087
-615.655 -78.5825 964.758
-694.573 -78.5825 840.402
-665.078 -78.5825 887.434
-665.078 6.37744 916.763
-694.573 6.37744 869.732
-688.993 6.37744 896.038
-688.992 -78.5825 866.708
-709.719 -78.5825 838.808
-709.718 6.37744 868.137
-743.199 6.37744 870.529
-725.661 6.37744 881.689
-725.662 -78.5825 852.359
-1095.57 -78.5825 1158.05
-891.676 -78.5825 886.762
-838.813 -78.595 856.384
-797.405 -78.5825 862.722
-786.736 6.37744 885.186
-760.43 6.37744 867.649
-771.099 -78.5825 845.185
-811.959 -78.5825 881.945
-785.141 6.37744 916.275
-781.953 6.37744 973.67
-777.967 6.37744 947.364
-827.115 6.37744 943.301
-796.302 6.37744 976.062
-849.997 -78.5825 879.406
-849.997 6.37744 950.657
-891.676 6.37744 914.645
-871.245 6.37744 922.001
-871.245 -78.5825 894.117
-1048.71 -78.5825 996.422
-934.99 -78.5825 891.111
-934.99 6.37744 923.635
-921.097 6.37744 917.097
-921.097 -78.5825 884.573
-1001.31 -78.5825 912.554
-988.629 6.37744 936.022
-1036.03 6.37744 996.422
-1018.05 6.37744 972.722
-1030.73 -78.5825 972.722
-1089.57 -78.5825 1082.23
-1055.25 -78.5825 1034.83
-1042.57 6.37744 1034.83
-1076.89 6.37744 1082.23
-1062.18 6.37744 1060.17
-1074.86 -78.5825 1060.17
-1095.3 -78.5825 1119.83
-1082.61 6.37744 1119.83
-1082.88 6.37744 1179.49
-1084.33 6.37744 1145.54
-1097.01 -78.5825 1145.54
-1191.95 -78.5825 1376.85
-1158.78 -78.5825 1198.51
-1107.02 -78.5825 1166.28
-1104.71 6.37744 1215.88
-1079.27 6.37744 1228.61
-1147.54 6.37744 1226.96
-1139.83 -78.5825 1178.44
-1234.91 -78.5825 1261.06
-1210.19 6.37744 1261.06
-1180.84 6.37744 1247.58
-1192.09 -78.5825 1219.13
-1219.7 -78.5825 1296.75
-1219.7 6.37744 1296.75
-1191.95 6.37744 1376.85
-1227.64 6.37744 1356.23
-1227.64 -78.5825 1356.23
-1138.81 -78.5825 1482.32
-1145.16 -78.5825 1425.22
-1145.16 6.37744 1425.22
-1161.02 6.37744 1401.43
-1161.02 -78.5825 1401.43
-1122.16 -78.5825 1436.33
-1122.16 6.37744 1436.33
-1138.81 6.37744 1482.32
-1122.16 6.37744 1463.29
-1122.16 -78.5825 1463.29
-1365.81 -78.5825 1911.16
-1158.06 -78.5825 1513.19
-1158.06 6.37744 1513.19
-1365.81 6.37744 1911.16
-1296.85 6.37744 1680.25
-1296.85 -78.5825 1680.25
-1424.82 -78.5825 2076.8
-1424.82 6.37744 2076.8
-1714.29 6.37744 2720
-1567.23 6.37744 2378.13
-1567.23 -78.5825 2378.13
