798
 -1.269652843 -0.403230786 1.255652785
 -1.251688957 -1.368636250 1.273616910
 -1.287616968 -1.368636012 1.273616910
 -1.287616968 -1.368636012 1.237688780
 -1.251688957 -1.368636012 1.237688780
 -1.269652843 -0.403230786 1.107407689
 -1.251688957 -1.368636250 1.125371695
 -1.287616968 -1.368636012 1.125371695
 -1.287616968 -1.368636012 1.089443564
 -1.251688957 -1.368636012 1.089443564
 -1.269653082 -0.403230786 0.930183887
 -1.251688957 -1.368636250 0.948147833
 -1.287617087 -1.368636012 0.948147893
 -1.287617087 -1.368636012 0.912219763
 -1.251688957 -1.368636012 0.912219763
 -1.269653082 -0.403230786 0.752959847
 -1.251688957 -1.368636250 0.770923913
 -1.287617087 -1.368636012 0.770923972
 -1.287617087 -1.368636012 0.734995842
 -1.251688957 -1.368636012 0.734995842
 -1.269652843 -0.403230786 0.575736105
 -1.251688838 -1.368636250 0.593700171
 -1.287617087 -1.368636012 0.593700171
 -1.287617087 -1.368636012 0.557772040
 -1.251688838 -1.368636012 0.557772040
 -1.269652843 -0.403230786 0.398512214
 -1.251688838 -1.368636250 0.416476220
 -1.287617087 -1.368636012 0.416476220
 -1.287617087 -1.368636012 0.380548149
 -1.251688838 -1.368636012 0.380548149
 -1.269653082 -0.403230786 0.221288398
 -1.251688957 -1.368636250 0.239252463
 -1.287617087 -1.368636012 0.239252403
 -1.287617087 -1.368636012 0.203324333
 -1.251689076 -1.368636012 0.203324407
 -1.269652843 -0.403230786 -0.034021989
 -1.251688957 -1.368636250 -0.016057925
 -1.287617087 -1.368636012 -0.016057923
 -1.287617087 -1.368636012 -0.051986050
 -1.251688957 -1.368636012 -0.051986050
 -1.269653082 -0.403230786 -0.211245775
 -1.251688957 -1.368636250 -0.193281770
 -1.287617087 -1.368636012 -0.193281770
 -1.287617087 -1.368636012 -0.229209825
 -1.251688957 -1.368636012 -0.229209825
 -1.269653082 -0.403230786 -0.388469636
 -1.251688957 -1.368636250 -0.370505601
 -1.287617087 -1.368636012 -0.370505601
 -1.287617087 -1.368636012 -0.406433672
 -1.251688957 -1.368636012 -0.406433672
 -1.269652843 -0.403230786 -0.565693438
 -1.251688957 -1.368636250 -0.547729492
 -1.287617087 -1.368636012 -0.547729492
 -1.287617087 -1.368636012 -0.583657503
 -1.251688957 -1.368636012 -0.583657503
 -1.269653082 -0.403230786 -0.742917299
 -1.251688957 -1.368636250 -0.724953353
 -1.287617087 -1.368636012 -0.724953353
 -1.287617087 -1.368636012 -0.760881305
 -1.251688957 -1.368636012 -0.760881305
 -1.269652843 -0.403230786 -0.920141041
 -1.251688957 -1.368636250 -0.902177095
 -1.287617087 -1.368636012 -0.902177095
 -1.287617087 -1.368636012 -0.938105166
 -1.251688957 -1.368636012 -0.938105166
 -1.269652843 -0.403230786 -1.097364783
 -1.251688957 -1.368636250 -1.079400897
 -1.287617087 -1.368636012 -1.079400897
 -1.287617087 -1.368636012 -1.115329027
 -1.251688957 -1.368636012 -1.115329027
 -1.269653082 -0.403230786 -1.274588704
 -1.251688957 -1.368636250 -1.256624699
 -1.287617087 -1.368636012 -1.256624699
 -1.287617087 -1.368636012 -1.292552829
 -1.251688957 -1.368636012 -1.292552829
 1.123936176 -0.403230786 1.271291733
 1.141900063 -1.368636250 1.253327608
 1.141900063 -1.368636012 1.289255619
 1.105972171 -1.368636012 1.289255619
 1.105972171 -1.368636012 1.253327608
 0.946712375 -0.403230786 1.271291733
 0.964676380 -1.368636250 1.253327608
 0.964676380 -1.368636012 1.289255857
 0.928748369 -1.368636012 1.289255738
 0.928748250 -1.368636012 1.253327608
 0.769488454 -0.403230786 1.271291733
 0.787452459 -1.368636250 1.253327608
 0.787452519 -1.368636012 1.289255857
 0.751524389 -1.368636012 1.289255738
 0.751524389 -1.368636012 1.253327608
 0.592264652 -0.403230786 1.271291733
 0.610228717 -1.368636250 1.253327608
 0.610228717 -1.368636012 1.289255738
 0.574300587 -1.368636012 1.289255738
 0.574300587 -1.368636012 1.253327608
 0.415040761 -0.403230786 1.271291733
 0.433004886 -1.368636250 1.253327608
 0.433004886 -1.368636012 1.289255738
 0.397076696 -1.368636012 1.289255738
 0.397076696 -1.368636012 1.253327608
 0.237816975 -0.403230786 1.271291733
 0.255781025 -1.368636250 1.253327608
 0.255780905 -1.368636012 1.289255857
 0.219852895 -1.368636012 1.289255857
 0.219852969 -1.368636012 1.253327727
 -0.017493410 -0.403230786 1.271291733
 0.000470650 -1.368636250 1.253327608
 0.000470653 -1.368636012 1.289255857
 -0.035457466 -1.368636012 1.289255857
 -0.035457473 -1.368636012 1.253327608
 -0.194717214 -0.403230786 1.271291733
 -0.176753193 -1.368636250 1.253327727
 -0.176753193 -1.368636012 1.289255857
 -0.212681249 -1.368636012 1.289255857
 -0.212681249 -1.368636012 1.253327727
 -0.371941060 -0.403230786 1.271291733
 -0.353976995 -1.368636250 1.253327727
 -0.353976995 -1.368636012 1.289255857
 -0.389905035 -1.368636012 1.289255857
 -0.389905035 -1.368636012 1.253327727
 -0.549164891 -0.403230786 1.271291733
 -0.531200886 -1.368636250 1.253327608
 -0.531200886 -1.368636012 1.289255857
 -0.567128837 -1.368636012 1.289255857
 -0.567128837 -1.368636012 1.253327727
 -0.726388693 -0.403230786 1.271291733
 -0.708424687 -1.368636250 1.253327727
 -0.708424687 -1.368636012 1.289255857
 -0.744352758 -1.368636012 1.289255857
 -0.744352758 -1.368636012 1.253327727
 -0.903612494 -0.403230786 1.271291733
 -0.885648549 -1.368636250 1.253327727
 -0.885648549 -1.368636012 1.289255857
 -0.921576560 -1.368636012 1.289255857
 -0.921576560 -1.368636012 1.253327727
 -1.080836296 -0.403230786 1.271291733
 -1.062872410 -1.368636250 1.253327727
 -1.062872410 -1.368636012 1.289255857
 -1.098800421 -1.368636012 1.289255857
 -1.098800421 -1.368636012 1.253327727
 1.275632143 -0.403230786 1.255652785
 1.293596268 -1.368636250 1.273616910
 1.257668257 -1.368636012 1.273616910
 1.257668257 -1.368636012 1.237688780
 1.293596268 -1.368636012 1.237688780
 1.275632143 -0.403230786 1.107407689
 1.293596268 -1.368636250 1.125371695
 1.257668257 -1.368636012 1.125371695
 1.257668257 -1.368636012 1.089443564
 1.293596268 -1.368636012 1.089443564
 1.275632143 -0.403230786 0.930183887
 1.293596148 -1.368636250 0.948147833
 1.257668138 -1.368636012 0.948147893
 1.257668138 -1.368636012 0.912219763
 1.293596268 -1.368636012 0.912219763
 1.275632143 -0.403230786 0.752959847
 1.293596148 -1.368636250 0.770923913
 1.257668138 -1.368636012 0.770923972
 1.257668138 -1.368636012 0.734995842
 1.293596268 -1.368636012 0.734995842
 1.275632143 -0.403230786 0.575736105
 1.293596387 -1.368636250 0.593700171
 1.257668257 -1.368636012 0.593700171
 1.257668257 -1.368636012 0.557772040
 1.293596387 -1.368636012 0.557772040
 1.275632143 -0.403230786 0.398512214
 1.293596387 -1.368636250 0.416476220
 1.257668257 -1.368636012 0.416476220
 1.257668257 -1.368636012 0.380548149
 1.293596387 -1.368636012 0.380548149
 1.275632143 -0.403230786 0.221288398
 1.293596268 -1.368636250 0.239252463
 1.257668257 -1.368636012 0.239252403
 1.257668138 -1.368636012 0.203324333
 1.293596148 -1.368636012 0.203324407
 1.275632143 -0.403230786 -0.034021989
 1.293596268 -1.368636250 -0.016057925
 1.257668257 -1.368636012 -0.016057923
 1.257668257 -1.368636012 -0.051986050
 1.293596268 -1.368636012 -0.051986050
 1.275632143 -0.403230786 -0.211245775
 1.293596268 -1.368636250 -0.193281770
 1.257668257 -1.368636012 -0.193281770
 1.257668257 -1.368636012 -0.229209825
 1.293596268 -1.368636012 -0.229209825
 1.275632143 -0.403230786 -0.388469636
 1.293596268 -1.368636250 -0.370505601
 1.257668257 -1.368636012 -0.370505601
 1.257668257 -1.368636012 -0.406433672
 1.293596268 -1.368636012 -0.406433672
 1.275632143 -0.403230786 -0.565693438
 1.293596268 -1.368636250 -0.547729492
 1.257668257 -1.368636012 -0.547729492
 1.257668257 -1.368636012 -0.583657503
 1.293596268 -1.368636012 -0.583657503
 1.275632143 -0.403230786 -0.742917299
 1.293596268 -1.368636250 -0.724953353
 1.257668257 -1.368636012 -0.724953353
 1.257668257 -1.368636012 -0.760881305
 1.293596268 -1.368636012 -0.760881305
 1.275632143 -0.403230786 -0.920141041
 1.293596268 -1.368636250 -0.902177095
 1.257668257 -1.368636012 -0.902177095
 1.257668257 -1.368636012 -0.938105166
 1.293596268 -1.368636012 -0.938105166
 1.275632143 -0.403230786 -1.097364783
 1.293596268 -1.368636250 -1.079400897
 1.257668257 -1.368636012 -1.079400897
 1.257668257 -1.368636012 -1.115329027
 1.293596268 -1.368636012 -1.115329027
 1.275632143 -0.403230786 -1.274588704
 1.293596268 -1.368636250 -1.256624699
 1.257668138 -1.368636012 -1.256624699
 1.257668138 -1.368636012 -1.292552829
 1.293596268 -1.368636012 -1.292552829
 1.123936176 -0.403230786 -1.274588943
 1.141900063 -1.368636250 -1.292552829
 1.141900063 -1.368636012 -1.256624937
 1.105972171 -1.368636012 -1.256624937
 1.105972171 -1.368636012 -1.292552829
 0.946712375 -0.403230786 -1.274588943
 0.964676380 -1.368636250 -1.292552829
 0.964676380 -1.368636012 -1.256624699
 0.928748369 -1.368636012 -1.256624699
 0.928748250 -1.368636012 -1.292552829
 0.769488454 -0.403230786 -1.274588943
 0.787452459 -1.368636250 -1.292552829
 0.787452519 -1.368636012 -1.256624699
 0.751524389 -1.368636012 -1.256624699
 0.751524389 -1.368636012 -1.292552829
 0.592264652 -0.403230786 -1.274588943
 0.610228717 -1.368636250 -1.292553067
 0.610228717 -1.368636012 -1.256624937
 0.574300587 -1.368636012 -1.256624937
 0.574300587 -1.368636012 -1.292552829
 0.415040761 -0.403230786 -1.274588943
 0.433004886 -1.368636250 -1.292552829
 0.433004886 -1.368636012 -1.256624937
 0.397076696 -1.368636012 -1.256624937
 0.397076696 -1.368636012 -1.292552829
 0.237816975 -0.403230786 -1.274588943
 0.255781025 -1.368636250 -1.292552829
 0.255780905 -1.368636012 -1.256624699
 0.219852895 -1.368636012 -1.256624699
 0.219852969 -1.368636012 -1.292552829
 -0.017493410 -0.403230786 -1.274588943
 0.000470650 -1.368636250 -1.292552829
 0.000470653 -1.368636012 -1.256624699
 -0.035457466 -1.368636012 -1.256624699
 -0.035457473 -1.368636012 -1.292552829
 -0.194717214 -0.403230786 -1.274588943
 -0.176753193 -1.368636250 -1.292552829
 -0.176753193 -1.368636012 -1.256624699
 -0.212681249 -1.368636012 -1.256624699
 -0.212681249 -1.368636012 -1.292552829
 -0.371941060 -0.403230786 -1.274588943
 -0.353976995 -1.368636250 -1.292552829
 -0.353976995 -1.368636012 -1.256624699
 -0.389905035 -1.368636012 -1.256624699
 -0.389905035 -1.368636012 -1.292552829
 -0.549164891 -0.403230786 -1.274588943
 -0.531200886 -1.368636250 -1.292552829
 -0.531200886 -1.368636012 -1.256624699
 -0.567128837 -1.368636012 -1.256624699
 -0.567128837 -1.368636012 -1.292552829
 -0.726388693 -0.403230786 -1.274588943
 -0.708424687 -1.368636250 -1.292552829
 -0.708424687 -1.368636012 -1.256624699
 -0.744352758 -1.368636012 -1.256624699
 -0.744352758 -1.368636012 -1.292552829
 -0.903612494 -0.403230786 -1.274588943
 -0.885648549 -1.368636250 -1.292552829
 -0.885648549 -1.368636012 -1.256624699
 -0.921576560 -1.368636012 -1.256624699
 -0.921576560 -1.368636012 -1.292552829
 -1.080836296 -0.403230786 -1.274588943
 -1.062872410 -1.368636250 -1.292552829
 -1.062872410 -1.368636012 -1.256624699
 -1.098800421 -1.368636012 -1.256624699
 -1.098800421 -1.368636012 -1.292552829
 -1.234964967 -0.389399022 -1.230065703
 1.234965205 -0.389399409 1.230065703
 -1.230065107 -0.389399409 1.234965086
 1.230065107 -0.389399022 -1.234965324
 -1.234964967 -0.315558076 1.230065465
 1.234965205 -0.315558076 -1.230065465
 -1.230065346 -0.315558076 -1.234965086
 1.230065107 -0.315558076 1.234965324
 1.316879511 -0.441900283 -1.314054251
 -1.230065346 -0.441900283 -1.234964848
 -1.314054370 -0.441900283 -1.316879272
 1.234965205 -0.441900283 -1.230065227
 1.316879511 -0.293670058 -1.314054251
 -1.314054370 -0.293670058 -1.316879272
 -1.234965205 -0.441900283 1.230065465
 -1.316879392 -0.441900283 1.314054251
 -1.316879392 -0.293670058 1.314054251
 1.230065346 -0.441900283 1.234965086
 1.314054370 -0.441900283 1.316879511
 1.314054370 -0.293670058 1.316879511
 0.331054777 -0.325733572 -0.000000096
 0.253719419 -0.325804651 -0.052126963
 0.264586121 -0.326071113 -0.005909186
 0.319774330 -0.325733572 -0.085683376
 0.319774389 -0.325733572 0.085683197
 0.253696501 -0.325860351 0.040307298
 0.286701918 -0.325733572 0.165527314
 0.225116342 -0.325251907 0.073172785
 0.234091133 -0.325733572 0.234091029
 0.184948161 -0.324376881 0.085677609
 0.165527448 -0.325733572 0.286701798
 0.144784346 -0.323487014 0.073149979
 0.116225168 -0.322838724 0.040267076
 0.085683331 -0.325733572 0.319774330
 0.000000045 -0.325733572 0.331054747
 0.105358370 -0.322572261 -0.005955129
 -0.107942127 -0.322695374 -0.006017833
 -0.085683249 -0.325733572 0.319774330
 -0.118838906 -0.322979867 0.040196251
 -0.165527359 -0.325733572 0.286701798
 -0.147414550 -0.323672205 0.073061273
 -0.187585220 -0.324623525 0.085567184
 -0.234091058 -0.325733572 0.234091088
 -0.286701828 -0.325733572 0.165527374
 -0.227742687 -0.325560898 0.073036142
 -0.319774330 -0.325733572 0.085683264
 -0.256306171 -0.326214731 0.040152840
 -0.331054777 -0.325733572 -0.000000009
 -0.267171234 -0.326442271 -0.006067425
 -0.319774330 -0.325733572 -0.085683286
 -0.256274402 -0.326158941 -0.052281529
 -0.286701918 -0.325733572 -0.165527403
 -0.227698818 -0.325466275 -0.085150979
 -0.234091118 -0.325733572 -0.234091118
 -0.187528193 -0.324514031 -0.097656891
 -0.147370741 -0.323574275 -0.085125819
 -0.165527388 -0.325733572 -0.286701918
 -0.118807174 -0.322923034 -0.052238099
 -0.085683286 -0.325733572 -0.319774389
 -0.000000013 -0.325733572 -0.331054807
 0.085683234 -0.325733572 -0.319774389
 0.116248056 -0.322782993 -0.052167181
 0.165527329 -0.325733572 -0.286701918
 0.144828185 -0.323391467 -0.085037127
 0.234091029 -0.325733572 -0.234091133
 0.184996381 -0.324266285 -0.097541928
 0.286701828 -0.325733572 -0.165527478
 0.225160152 -0.325156331 -0.085014321
 0.116892166 -0.239475772 0.040314801
 0.106141545 -0.239453539 -0.005903385
 0.145174325 -0.239477962 0.073201254
 0.184936032 -0.239461467 0.085728727
 0.224702209 -0.239430189 0.073228210
 0.253005207 -0.239393473 0.040357396
 0.263787687 -0.239358664 -0.005854347
 0.253028125 -0.239337772 -0.052076865
 0.224754900 -0.239335582 -0.084959023
 0.184993133 -0.239351884 -0.097490914
 0.145218164 -0.239382133 -0.084985845
 0.116923936 -0.239420086 -0.052119575
 0.116827056 -0.083348162 0.040412381
 0.106067531 -0.083326131 -0.005810127
 0.145100296 -0.083350167 0.073294513
 0.184862062 -0.083333857 0.085826404
 0.224637046 -0.083302669 0.073321357
 0.252931207 -0.083264910 0.040455099
 0.263722539 -0.083231047 -0.005761197
 0.252962917 -0.083208919 -0.051983707
 0.224680841 -0.083206058 -0.084865719
 0.184919089 -0.083222084 -0.097397640
 0.145153001 -0.083254509 -0.084892698
 0.116849951 -0.083291322 -0.052021861
 0.116195165 0.001351261 0.040463667
 0.105347104 0.001337719 -0.005758256
 0.144716322 0.001441955 0.073348485
 0.184823364 0.001589107 0.085877977
 0.224934697 0.001752281 0.073370650
 0.253485650 0.001881885 0.040502504
 0.264356583 0.001953506 -0.005709802
 0.253508538 0.001938820 -0.051931743
 0.224987403 0.001848125 -0.084816560
 0.184880391 0.001699924 -0.097346082
 0.144760191 0.001537800 -0.084838614
 0.116217993 0.001408195 -0.051975012
 0.098587841 0.062822424 0.040491890
 0.088992544 0.056927674 -0.005729996
 0.123819478 0.078361683 0.073384553
 0.159303129 0.100226574 0.085928284
 0.194791123 0.122106150 0.073435150
 0.220043674 0.137684226 0.040574957
 0.229670733 0.143636867 -0.005637485
 0.220075414 0.137740865 -0.051859397
 0.194843799 0.122201703 -0.084752083
 0.159360141 0.100337006 -0.097295783
 0.123872221 0.078457616 -0.084798217
 0.098619588 0.062880307 -0.051942445
 0.056823008 0.106606074 0.040507406
 0.051204901 0.096539102 -0.005715148
 0.071608931 0.133098006 0.073401891
 0.092393957 0.170359954 0.085950814
 0.113183305 0.207639456 0.073462956
 0.127990186 0.234170496 0.040604576
 0.133631214 0.244294316 -0.005602686
 0.128013074 0.234227315 -0.051829670
 0.113236010 0.207735389 -0.084724262
 0.092450984 0.170471922 -0.097273223
 0.071652830 0.133192405 -0.084780797
 0.056854755 0.106661960 -0.051926959
 -0.001566068 0.123061165 0.040500361
 -0.001540443 0.111379407 -0.005725313
 -0.001599444 0.153798059 0.073396534
 -0.001632562 0.197025076 0.085938379
 -0.001661306 0.240268096 0.073447809
 -0.001673729 0.271041632 0.040591083
 -0.001667654 0.282781363 -0.005622017
 -0.001642025 0.271098852 -0.051847707
 -0.001608603 0.240363851 -0.084739417
 -0.001575535 0.197135314 -0.097285688
 -0.001546733 0.153891727 -0.084790722
 -0.001534306 0.123117037 -0.051934015
 -0.059937824 0.106545992 0.040471550
 -0.054279707 0.096487604 -0.005751793
 -0.074778639 0.133015990 0.073361211
 -0.095623635 0.170248955 0.085892878
 -0.116464280 0.207497746 0.073392153
 -0.131284133 0.234007984 0.040528994
 -0.136910543 0.244122282 -0.005686478
 -0.131252348 0.234063670 -0.051905379
 -0.116411574 0.207593486 -0.084795050
 -0.095566563 0.170360535 -0.097326718
 -0.074725911 0.133111537 -0.084826022
 -0.059906069 0.106602654 -0.051962819
 -0.101654589 0.062721431 0.040433340
 -0.092021763 0.056839168 -0.005784861
 -0.126926765 0.078223020 0.073311098
 -0.162451729 0.100036025 0.085829698
 -0.197963417 0.121864304 0.073315755
 -0.223214671 0.137406126 0.040440656
 -0.232824579 0.143342942 -0.005775417
 -0.223191798 0.137462020 -0.051993601
 -0.197910711 0.121958897 -0.084871493
 -0.162394628 0.100146845 -0.097389944
 -0.126882955 0.078317627 -0.084876038
 -0.101622820 0.062777311 -0.052001033
 -0.119197004 0.001233673 0.040392756
 -0.108317018 0.001235580 -0.005825073
 -0.147739753 0.001281452 0.073258847
 -0.187851995 0.001368713 0.085765235
 -0.227959871 0.001470947 0.073234804
 -0.256481677 0.001557540 0.040348038
 -0.267329961 0.001612472 -0.005872919
 -0.256458789 0.001614475 -0.052086208
 -0.227916032 0.001566505 -0.084952287
 -0.187794968 0.001479435 -0.097458825
 -0.147687063 0.001377201 -0.084928371
 -0.119165234 0.001288414 -0.052041631
 -0.119726405 -0.083478622 0.040337812
 -0.108943976 -0.083440468 -0.005873886
 -0.148020625 -0.083521925 0.073203981
 -0.187795505 -0.083563410 0.085713327
 -0.227557257 -0.083588392 0.073181316
 -0.255839318 -0.083594114 0.040299181
 -0.266589999 -0.083575234 -0.005923482
 -0.255807519 -0.083537184 -0.052135170
 -0.227513388 -0.083493792 -0.085005805
 -0.187738478 -0.083453633 -0.097510740
 -0.147976756 -0.083426364 -0.084978685
 -0.119694658 -0.083421692 -0.052096549
 -0.119608037 -0.239614919 0.040243879
 -0.108825617 -0.239577815 -0.005967826
 -0.147902220 -0.239658311 0.073114492
 -0.187677145 -0.239699408 0.085619405
 -0.227438837 -0.239725739 0.073087387
 -0.255720943 -0.239731446 0.040205237
 -0.266471595 -0.239711612 -0.006017406
 -0.255689144 -0.239674628 -0.052229118
 -0.227395028 -0.239630178 -0.085099734
 -0.187620118 -0.239590019 -0.097604662
 -0.147858381 -0.239563793 -0.085072622
 -0.119576268 -0.239560068 -0.052190505
 0.085683234 -0.286778390 -0.319774389
 -0.000000013 -0.286778390 -0.331054807
 0.165527329 -0.286778390 -0.286701918
 0.234091029 -0.286778390 -0.234091133
 0.286701828 -0.286778390 -0.165527478
 0.319774330 -0.286778390 -0.085683376
 0.331054777 -0.286778390 -0.000000096
 0.319774389 -0.286778390 0.085683197
 0.286701918 -0.286778390 0.165527314
 0.234091133 -0.286778390 0.234091029
 0.165527448 -0.286778390 0.286701798
 0.085683331 -0.286778390 0.319774330
 0.000000045 -0.286778390 0.331054747
 -0.085683249 -0.286778390 0.319774330
 -0.165527359 -0.286778390 0.286701798
 -0.234091058 -0.286778390 0.234091088
 -0.286701828 -0.286778390 0.165527374
 -0.319774330 -0.286778390 0.085683264
 -0.331054777 -0.286778390 -0.000000009
 -0.319774330 -0.286778390 -0.085683286
 -0.286701918 -0.286778390 -0.165527403
 -0.234091118 -0.286778390 -0.234091118
 -0.165527388 -0.286778390 -0.286701918
 -0.085683286 -0.286778390 -0.319774389
 0.097674012 -0.272946477 -0.364524633
 -0.000000015 -0.272946477 -0.377383649
 0.188691735 -0.272946477 -0.326823860
 0.266850471 -0.272946477 -0.266850591
 0.326823771 -0.272946477 -0.188691914
 0.364524573 -0.272946477 -0.097674176
 0.377383620 -0.272946477 -0.000000104
 0.364524603 -0.272946477 0.097673967
 0.326823831 -0.272946477 0.188691705
 0.266850591 -0.272946477 0.266850471
 0.188691869 -0.272946477 0.326823741
 0.097674124 -0.272946477 0.364524513
 0.000000051 -0.272946477 0.377383620
 -0.097674020 -0.272946477 0.364524513
 -0.188691765 -0.272946477 0.326823801
 -0.266850471 -0.272946477 0.266850471
 -0.326823771 -0.272946477 0.188691795
 -0.364524573 -0.272946477 0.097674057
 -0.377383560 -0.272946477 -0.000000005
 -0.364524573 -0.272946477 -0.097674057
 -0.326823831 -0.272946477 -0.188691825
 -0.266850531 -0.272946477 -0.266850531
 -0.188691810 -0.272946477 -0.326823860
 -0.097674079 -0.272946477 -0.364524603
 0.102309287 -0.308038563 -0.381823748
 -0.000000016 -0.308038563 -0.395292997
 0.197646409 -0.308038563 -0.342333823
 0.279514313 -0.308038563 -0.279514432
 0.342333734 -0.308038563 -0.197646588
 0.381823689 -0.308038563 -0.102309451
 0.395292968 -0.308038563 -0.000000106
 0.381823719 -0.308038563 0.102309249
 0.342333823 -0.308038563 0.197646409
 0.279514432 -0.308038563 0.279514253
 0.197646528 -0.308038563 0.342333674
 0.102309413 -0.308038563 0.381823629
 0.000000053 -0.308038563 0.395292938
 -0.102309294 -0.308038563 0.381823629
 -0.197646469 -0.308038563 0.342333734
 -0.279514313 -0.308038563 0.279514313
 -0.342333704 -0.308038563 0.197646484
 -0.381823689 -0.308038563 0.102309354
 -0.395292938 -0.308038563 -0.000000003
 -0.381823689 -0.308038563 -0.102309346
 -0.342333764 -0.308038563 -0.197646484
 -0.279514343 -0.308038563 -0.279514372
 -0.197646499 -0.308038563 -0.342333794
 -0.102309354 -0.308038563 -0.381823719
 -1.287616968 -2.923257351 1.273616910
 -1.251688957 -2.923257351 1.273616910
 -1.287616968 -2.923257351 1.237688780
 -1.251688957 -2.923257351 1.237688780
 -1.287616968 -2.923257351 1.125371695
 -1.251688957 -2.923257351 1.125371695
 -1.287616968 -2.923257351 1.089443564
 -1.251688957 -2.923257351 1.089443564
 -1.287617087 -2.923257351 0.948147893
 -1.251688957 -2.923257351 0.948147893
 -1.287617087 -2.923257351 0.912219763
 -1.251688957 -2.923257351 0.912219763
 -1.287617087 -2.923257351 0.770923972
 -1.251688957 -2.923257351 0.770923972
 -1.287617087 -2.923257351 0.734995842
 -1.251688957 -2.923257351 0.734995842
 -1.287617087 -2.923257351 0.593700171
 -1.251688838 -2.923257351 0.593700171
 -1.287617087 -2.923257351 0.557772040
 -1.251688838 -2.923257351 0.557772040
 -1.287617087 -2.923257351 0.416476220
 -1.251688838 -2.923257351 0.416476220
 -1.287617087 -2.923257351 0.380548149
 -1.251688838 -2.923257351 0.380548149
 -1.287617087 -2.923257351 0.239252403
 -1.251688957 -2.923257351 0.239252463
 -1.287617087 -2.923257351 0.203324333
 -1.251689076 -2.923257351 0.203324407
 -1.287617087 -2.923257351 -0.016057923
 -1.251688957 -2.923257351 -0.016057925
 -1.287617087 -2.923257351 -0.051986050
 -1.251688957 -2.923257351 -0.051986050
 -1.287617087 -2.923257351 -0.193281770
 -1.251688957 -2.923257351 -0.193281770
 -1.287617087 -2.923257351 -0.229209825
 -1.251688957 -2.923257351 -0.229209825
 -1.287617087 -2.923257351 -0.370505601
 -1.251688957 -2.923257351 -0.370505601
 -1.287617087 -2.923257351 -0.406433672
 -1.251688957 -2.923257351 -0.406433672
 -1.287617087 -2.923257351 -0.547729492
 -1.251688957 -2.923257351 -0.547729492
 -1.287617087 -2.923257351 -0.583657503
 -1.251688957 -2.923257351 -0.583657503
 -1.287617087 -2.923257351 -0.724953353
 -1.251688957 -2.923257351 -0.724953353
 -1.287617087 -2.923257351 -0.760881305
 -1.251688957 -2.923257351 -0.760881305
 -1.287617087 -2.923257351 -0.902177095
 -1.251688957 -2.923257351 -0.902177095
 -1.287617087 -2.923257351 -0.938105166
 -1.251688957 -2.923257351 -0.938105166
 -1.287617087 -2.923257351 -1.079400897
 -1.251688957 -2.923257351 -1.079400897
 -1.287617087 -2.923257351 -1.115329027
 -1.251688957 -2.923257351 -1.115329027
 -1.287617087 -2.923257351 -1.256624699
 -1.251688957 -2.923257351 -1.256624699
 -1.287617087 -2.923257351 -1.292552829
 -1.251688957 -2.923257351 -1.292552829
 1.141900063 -2.923257351 1.289255619
 1.141900063 -2.923257351 1.253327608
 1.105972171 -2.923257351 1.289255619
 1.105972171 -2.923257351 1.253327608
 0.964676380 -2.923257351 1.289255857
 0.964676380 -2.923257351 1.253327608
 0.928748250 -2.923257351 1.289255857
 0.928748250 -2.923257351 1.253327608
 0.787452519 -2.923257351 1.289255857
 0.787452519 -2.923257351 1.253327608
 0.751524389 -2.923257351 1.289255857
 0.751524389 -2.923257351 1.253327608
 0.610228717 -2.923257351 1.289255738
 0.610228717 -2.923257351 1.253327608
 0.574300587 -2.923257351 1.289255738
 0.574300587 -2.923257351 1.253327608
 0.433004886 -2.923257351 1.289255738
 0.433004886 -2.923257351 1.253327608
 0.397076696 -2.923257351 1.289255738
 0.397076696 -2.923257351 1.253327608
 0.255780905 -2.923257351 1.289255857
 0.255781025 -2.923257351 1.253327608
 0.219852895 -2.923257351 1.289255857
 0.219852969 -2.923257351 1.253327727
 0.000470653 -2.923257351 1.289255857
 0.000470650 -2.923257351 1.253327608
 -0.035457466 -2.923257351 1.289255857
 -0.035457473 -2.923257351 1.253327608
 -0.176753193 -2.923257351 1.289255857
 -0.176753193 -2.923257351 1.253327727
 -0.212681249 -2.923257351 1.289255857
 -0.212681249 -2.923257351 1.253327727
 -0.353976995 -2.923257351 1.289255857
 -0.353976995 -2.923257351 1.253327727
 -0.389905035 -2.923257351 1.289255857
 -0.389905035 -2.923257351 1.253327727
 -0.531200886 -2.923257351 1.289255857
 -0.531200886 -2.923257351 1.253327608
 -0.567128837 -2.923257351 1.289255857
 -0.567128837 -2.923257351 1.253327727
 -0.708424687 -2.923257351 1.289255857
 -0.708424687 -2.923257351 1.253327727
 -0.744352758 -2.923257351 1.289255857
 -0.744352758 -2.923257351 1.253327727
 -0.885648549 -2.923257351 1.289255857
 -0.885648549 -2.923257351 1.253327727
 -0.921576560 -2.923257351 1.289255857
 -0.921576560 -2.923257351 1.253327727
 -1.062872410 -2.923257351 1.289255857
 -1.062872410 -2.923257351 1.253327727
 -1.098800421 -2.923257351 1.289255857
 -1.098800421 -2.923257351 1.253327727
 1.257668257 -2.923257351 1.273616910
 1.293596268 -2.923257351 1.273616910
 1.257668257 -2.923257351 1.237688780
 1.293596268 -2.923257351 1.237688780
 1.257668257 -2.923257351 1.125371695
 1.293596268 -2.923257351 1.125371695
 1.257668257 -2.923257351 1.089443564
 1.293596268 -2.923257351 1.089443564
 1.257668138 -2.923257351 0.948147893
 1.293596268 -2.923257351 0.948147893
 1.257668138 -2.923257351 0.912219763
 1.293596268 -2.923257351 0.912219763
 1.257668138 -2.923257351 0.770923972
 1.293596268 -2.923257351 0.770923972
 1.257668138 -2.923257351 0.734995842
 1.293596268 -2.923257351 0.734995842
 1.257668257 -2.923257351 0.593700171
 1.293596387 -2.923257351 0.593700171
 1.257668257 -2.923257351 0.557772040
 1.293596387 -2.923257351 0.557772040
 1.257668257 -2.923257351 0.416476220
 1.293596387 -2.923257351 0.416476220
 1.257668257 -2.923257351 0.380548149
 1.293596387 -2.923257351 0.380548149
 1.257668257 -2.923257351 0.239252403
 1.293596268 -2.923257351 0.239252463
 1.257668138 -2.923257351 0.203324333
 1.293596148 -2.923257351 0.203324407
 1.257668257 -2.923257351 -0.016057923
 1.293596268 -2.923257351 -0.016057925
 1.257668257 -2.923257351 -0.051986050
 1.293596268 -2.923257351 -0.051986050
 1.257668257 -2.923257351 -0.193281770
 1.293596268 -2.923257351 -0.193281770
 1.257668257 -2.923257351 -0.229209825
 1.293596268 -2.923257351 -0.229209825
 1.257668257 -2.923257351 -0.370505601
 1.293596268 -2.923257351 -0.370505601
 1.257668257 -2.923257351 -0.406433672
 1.293596268 -2.923257351 -0.406433672
 1.257668257 -2.923257351 -0.547729492
 1.293596268 -2.923257351 -0.547729492
 1.257668257 -2.923257351 -0.583657503
 1.293596268 -2.923257351 -0.583657503
 1.257668257 -2.923257351 -0.724953353
 1.293596268 -2.923257351 -0.724953353
 1.257668257 -2.923257351 -0.760881305
 1.293596268 -2.923257351 -0.760881305
 1.257668257 -2.923257351 -0.902177095
 1.293596268 -2.923257351 -0.902177095
 1.257668257 -2.923257351 -0.938105166
 1.293596268 -2.923257351 -0.938105166
 1.257668257 -2.923257351 -1.079400897
 1.293596268 -2.923257351 -1.079400897
 1.257668257 -2.923257351 -1.115329027
 1.293596268 -2.923257351 -1.115329027
 1.257668138 -2.923257351 -1.256624699
 1.293596268 -2.923257351 -1.256624699
 1.257668138 -2.923257351 -1.292552829
 1.293596268 -2.923257351 -1.292552829
 1.141900063 -2.923257351 -1.256624937
 1.141900063 -2.923257351 -1.292552829
 1.105972171 -2.923257351 -1.256624937
 1.105972171 -2.923257351 -1.292552829
 0.964676380 -2.923257351 -1.256624699
 0.964676380 -2.923257351 -1.292552829
 0.928748250 -2.923257351 -1.256624699
 0.928748250 -2.923257351 -1.292552829
 0.787452519 -2.923257351 -1.256624699
 0.787452519 -2.923257351 -1.292552829
 0.751524389 -2.923257351 -1.256624699
 0.751524389 -2.923257351 -1.292552829
 0.610228717 -2.923257351 -1.256624937
 0.610228717 -2.923257351 -1.292553067
 0.574300587 -2.923257351 -1.256624937
 0.574300587 -2.923257351 -1.292552829
 0.433004886 -2.923257351 -1.256624937
 0.433004886 -2.923257351 -1.292552829
 0.397076696 -2.923257351 -1.256624937
 0.397076696 -2.923257351 -1.292552829
 0.255780905 -2.923257351 -1.256624699
 0.255781025 -2.923257351 -1.292552829
 0.219852895 -2.923257351 -1.256624699
 0.219852969 -2.923257351 -1.292552829
 0.000470653 -2.923257351 -1.256624699
 0.000470650 -2.923257351 -1.292552829
 -0.035457466 -2.923257351 -1.256624699
 -0.035457473 -2.923257351 -1.292552829
 -0.176753193 -2.923257351 -1.256624699
 -0.176753193 -2.923257351 -1.292552829
 -0.212681249 -2.923257351 -1.256624699
 -0.212681249 -2.923257351 -1.292552829
 -0.353976995 -2.923257351 -1.256624699
 -0.353976995 -2.923257351 -1.292552829
 -0.389905035 -2.923257351 -1.256624699
 -0.389905035 -2.923257351 -1.292552829
 -0.531200886 -2.923257351 -1.256624699
 -0.531200886 -2.923257351 -1.292552829
 -0.567128837 -2.923257351 -1.256624699
 -0.567128837 -2.923257351 -1.292552829
 -0.708424687 -2.923257351 -1.256624699
 -0.708424687 -2.923257351 -1.292552829
 -0.744352758 -2.923257351 -1.256624699
 -0.744352758 -2.923257351 -1.292552829
 -0.885648549 -2.923257351 -1.256624699
 -0.885648549 -2.923257351 -1.292552829
 -0.921576560 -2.923257351 -1.256624699
 -0.921576560 -2.923257351 -1.292552829
 -1.062872410 -2.923257351 -1.256624699
 -1.062872410 -2.923257351 -1.292552829
 -1.098800421 -2.923257351 -1.256624699
 -1.098800421 -2.923257351 -1.292552829
 -1.316879392 -2.871822834 -1.314054251
 1.230065346 -2.871822834 -1.234964848
 1.314054608 -2.871822834 -1.316879272
 -1.234965205 -2.871822834 -1.230065227
 1.230065346 -3.020053387 -1.234964848
 -1.234965205 -3.020053148 -1.230065227
 -1.316879511 -3.020052910 -1.314054251
 1.314054370 -3.020053387 -1.316879272
 1.234965205 -2.871822834 1.230065465
 1.316879511 -2.871822834 1.314054251
 1.234965205 -3.020053387 1.230065465
 1.316879511 -3.020053387 1.314054251
 -1.230065107 -2.871822834 1.234965086
 -1.314054370 -2.871822834 1.316879511
 -1.230065107 -3.020053148 1.234965086
 -1.314054370 -3.020052910 1.316879511
 1.234964967 -2.907574177 -1.230065465
 1.230065107 -2.907573700 1.234965086
 1.234964967 -2.978815317 1.230065465
 -1.234965205 -2.978814840 -1.230065465
 1.230065346 -2.978815317 -1.234965086
 -1.230065107 -2.978814840 1.234965324
