220
 1.191635370 1.491822243 -2.965716362
 1.303967476 1.588046074 -2.965715885
 1.303808093 1.491832972 -2.965715885
 1.191727638 1.588129759 -2.965716362
 1.191635370 1.491822243 -2.878527641
 1.303967476 1.588046074 -2.878527164
 1.191727638 1.588129759 -2.878527641
 1.303808093 1.491832972 -2.878527164
 0.592325509 2.106042147 -2.878527403
 1.123853564 1.491955519 -2.878527641
 0.741828859 2.106042147 -2.878527403
 0.741828859 2.106042147 -2.965716124
 1.123853564 1.491955519 -2.965716362
 0.592325509 2.106042147 -2.965716124
 -1.167187929 1.491822243 -2.878527403
 -1.279520035 1.588046074 -2.878528357
 -1.279360652 1.491832972 -2.878528357
 -1.167280197 1.588129759 -2.878527403
 -1.167187929 1.491822243 -2.965716124
 -1.279520035 1.588046074 -2.965717077
 -1.167280197 1.588129759 -2.965716124
 -1.279360652 1.491832972 -2.965717077
 -0.717080534 2.200853109 -2.965716600
 -0.567671061 2.106042147 -2.965716362
 -0.717174351 2.106042147 -2.965716362
 -0.567559659 2.200853109 -2.965716600
 -0.717080534 2.200853109 -2.878527880
 -0.567559659 2.200853109 -2.878527880
 -0.717174351 2.106042147 -2.878527641
 -0.567671061 2.106042147 -2.878527641
 -1.099406123 1.491955519 -2.965716124
 -1.099406123 1.491955519 -2.878527403
 -1.279520035 2.200891495 -2.965717077
 -1.279360652 2.104697704 -2.965717077
 -1.279520035 2.200891495 -2.878528357
 -1.279360652 2.104697704 -2.878528357
 0.592214108 2.200853109 -2.965716362
 0.592214108 2.200853109 -2.878527641
 0.741734922 2.200853109 -2.965716362
 0.741734922 2.200853109 -2.878527641
 1.304174662 2.200891495 -2.965716839
 1.304014802 2.104697704 -2.965716839
 1.304174662 2.200891495 -2.878528118
 1.304014802 2.104697704 -2.878528118
 1.381745458 2.278887749 -2.613305330
 1.122637510 2.361986160 -2.613305569
 1.122637510 2.278887749 -2.613305569
 1.381745458 2.361986160 -2.613305330
 1.381640315 2.311054468 -2.881639481
 1.122637510 2.278887749 -2.881769419
 1.122637510 2.361986160 -2.881769419
 1.381745458 0.041814055 -2.695169210
 1.196231961 0.176860020 -2.695169210
 1.196231961 0.041814055 -2.695169210
 1.381745458 0.176859975 -2.695169210
 1.381640315 0.000000110 -2.881639481
 1.196231961 0.041814059 -2.881769657
 1.196231961 0.176859975 -2.881769657
 1.381640196 2.238101721 -2.677767038
 1.180917263 2.238101721 -2.677767038
 1.180917263 2.238101721 -2.881639481
 1.180917263 0.202549636 -2.677767038
 1.381640196 0.202549636 -2.677767038
 1.180917263 0.202549666 -2.881639719
 1.180917263 2.367560625 -2.677767038
 1.381640196 2.367560625 -2.677767038
 1.180917263 2.367560625 -2.881639481
 1.381640196 0.041767381 -2.613053799
 1.123136997 0.041767381 -2.613054037
 1.123136997 0.041767400 -2.881639719
 1.381640315 2.503500462 -2.881639481
 1.180917263 2.503500462 -2.677767038
 1.381640196 2.503500462 -2.677767038
 1.180917263 2.503500462 -2.881639481
 1.381640196 0.000000100 -2.613053799
 1.123136997 0.000000100 -2.613053799
 1.123136997 0.000000109 -2.881639481
 -1.381745458 2.278887749 -2.613305330
 -1.122637510 2.278887749 -2.613305569
 -1.122637510 2.361986160 -2.613305569
 -1.381745458 2.361986160 -2.613305330
 -1.381640315 2.311054468 -2.881639481
 -1.122637510 2.361986160 -2.881769419
 -1.122637510 2.278887749 -2.881769419
 -1.381745458 0.041814055 -2.695169210
 -1.196231961 0.041814055 -2.695169210
 -1.196231961 0.176860020 -2.695169210
 -1.381745458 0.176859975 -2.695169210
 -1.381640315 -0.000000133 -2.881639481
 -1.196231961 0.176859975 -2.881769657
 -1.196231961 0.041814059 -2.881769657
 -1.381640196 2.238101721 -2.677767038
 -1.180917263 2.238101721 -2.677767038
 -1.180917263 2.238101721 -2.881639481
 -1.180917263 0.202549636 -2.677767038
 -1.381640196 0.202549636 -2.677767038
 -1.180917263 0.202549666 -2.881639719
 -1.180917263 2.367560625 -2.677767038
 -1.381640196 2.367560625 -2.677767038
 -1.180917263 2.367560625 -2.881639481
 -1.381640196 0.041767381 -2.613053799
 -1.123136997 0.041767381 -2.613054037
 -1.123136997 0.041767400 -2.881639719
 -1.381640315 2.503500462 -2.881639481
 -1.381640196 2.503500462 -2.677767038
 -1.180917263 2.503500462 -2.677767038
 -1.180917263 2.503500462 -2.881639481
 -1.381640196 -0.000000143 -2.613053799
 -1.123136997 -0.000000143 -2.613053799
 -1.123136997 -0.000000134 -2.881639481
 1.191635370 1.491822243 2.881960869
 1.303967476 1.588046074 2.881961584
 1.303808093 1.491832972 2.881961584
 1.191727638 1.588129759 2.881960869
 1.191635370 1.491822243 2.969149590
 1.303967476 1.588046074 2.969150066
 1.191727638 1.588129759 2.969149590
 1.303808093 1.491832972 2.969150066
 0.592325509 2.106042147 2.969149828
 1.123853564 1.491955519 2.969149590
 0.741828859 2.106042147 2.969149828
 0.741828859 2.106042147 2.881961346
 1.123853564 1.491955519 2.881960869
 0.592325509 2.106042147 2.881961346
 -1.167187929 1.491822243 2.969149828
 -1.279520035 1.588046074 2.969149113
 -1.279360652 1.491832972 2.969149113
 -1.167280197 1.588129759 2.969149828
 -1.167187929 1.491822243 2.881961107
 -1.279520035 1.588046074 2.881960630
 -1.167280197 1.588129759 2.881961107
 -1.279360652 1.491832972 2.881960630
 -0.717080534 2.200853109 2.881960869
 -0.567671061 2.106042147 2.881961107
 -0.717174351 2.106042147 2.881961107
 -0.567559659 2.200853109 2.881960869
 -0.717080534 2.200853109 2.969149590
 -0.567559659 2.200853109 2.969149590
 -0.717174351 2.106042147 2.969149828
 -0.567671061 2.106042147 2.969149828
 -1.099406123 1.491955519 2.881961107
 -1.099406123 1.491955519 2.969149828
 -1.279520035 2.200891495 2.881960630
 -1.279360652 2.104697704 2.881960630
 -1.279520035 2.200891495 2.969149113
 -1.279360652 2.104697704 2.969149113
 0.592214108 2.200853109 2.881961107
 0.592214108 2.200853109 2.969149828
 0.741734922 2.200853109 2.881961107
 0.741734922 2.200853109 2.969149828
 1.304174662 2.200891495 2.881960630
 1.304014802 2.104697704 2.881960630
 1.304174662 2.200891495 2.969149113
 1.304014802 2.104697704 2.969149113
 -1.381745458 2.278887749 2.613305330
 -1.122637510 2.361986160 2.613305569
 -1.122637510 2.278887749 2.613305569
 -1.381745458 2.361986160 2.613305330
 -1.381640315 2.311054468 2.881639481
 -1.122637510 2.278887749 2.881769419
 -1.122637510 2.361986160 2.881769419
 -1.381745458 0.041813821 2.695169210
 -1.196231961 0.176860020 2.695169210
 -1.196231961 0.041813821 2.695169210
 -1.381745458 0.176859975 2.695169210
 -1.381640315 -0.000000320 2.881639481
 -1.196231961 0.041813813 2.881769657
 -1.196231961 0.176859975 2.881769657
 -1.381640196 2.238101721 2.677767038
 -1.180917263 2.238101721 2.677767038
 -1.180917263 2.238101721 2.881639481
 -1.180917263 0.202549636 2.677767038
 -1.381640196 0.202549636 2.677767038
 -1.180917263 0.202549666 2.881639719
 -1.180917263 2.367560625 2.677767038
 -1.381640196 2.367560625 2.677767038
 -1.180917263 2.367560625 2.881639481
 -1.381640196 0.041767161 2.613053799
 -1.123136997 0.041767161 2.613054037
 -1.123136997 0.041767143 2.881639719
 -1.381640315 2.503500462 2.881639481
 -1.180917263 2.503500462 2.677767038
 -1.381640196 2.503500462 2.677767038
 -1.180917263 2.503500462 2.881639481
 -1.381640196 -0.000000312 2.613053799
 -1.123136997 -0.000000312 2.613053799
 -1.123136997 -0.000000321 2.881639481
 1.381745458 2.278887749 2.613305330
 1.122637510 2.278887749 2.613305569
 1.122637510 2.361986160 2.613305569
 1.381745458 2.361986160 2.613305330
 1.381640315 2.311054468 2.881639481
 1.122637510 2.361986160 2.881769419
 1.122637510 2.278887749 2.881769419
 1.381745458 0.041813821 2.695169210
 1.196231961 0.041813821 2.695169210
 1.196231961 0.176860020 2.695169210
 1.381745458 0.176859975 2.695169210
 1.381640315 -0.000000102 2.881639481
 1.196231961 0.176859975 2.881769657
 1.196231961 0.041813813 2.881769657
 1.381640196 2.238101721 2.677767038
 1.180917263 2.238101721 2.677767038
 1.180917263 2.238101721 2.881639481
 1.180917263 0.202549636 2.677767038
 1.381640196 0.202549636 2.677767038
 1.180917263 0.202549666 2.881639719
 1.180917263 2.367560625 2.677767038
 1.381640196 2.367560625 2.677767038
 1.180917263 2.367560625 2.881639481
 1.381640196 0.041767161 2.613053799
 1.123136997 0.041767161 2.613054037
 1.123136997 0.041767143 2.881639719
 1.381640315 2.503500462 2.881639481
 1.381640196 2.503500462 2.677767038
 1.180917263 2.503500462 2.677767038
 1.180917263 2.503500462 2.881639481
 1.381640196 -0.000000093 2.613053799
 1.123136997 -0.000000093 2.613053799
 1.123136997 -0.000000103 2.881639481
