438
 -8.161248207 14.694919586 0.752277076
 -7.896852016 14.694919586 2.269776583
 -7.898026943 13.775858879 2.270107508
 -8.162462234 13.775858879 0.752398789
 -7.372962952 14.694919586 3.718306780
 -7.374063015 13.775858879 3.718836784
 -6.605497837 14.694919586 5.053858280
 -6.606488705 13.775858879 5.054570675
 -5.617776394 14.694919586 6.235850334
 -5.618628979 13.775858879 6.236724377
 -4.439809799 14.694919586 7.228369713
 -4.440497875 13.775858879 7.229377747
 -3.107390881 14.694919586 8.001258850
 -3.107892752 13.775858879 8.002370834
 -1.661003113 14.694919586 8.531032562
 -1.661304116 13.775858879 8.532216072
 -0.144594625 14.694919586 8.801597595
 -0.144685671 13.775858879 8.802814484
 1.395758986 14.694919586 8.804729462
 1.395880699 13.775858879 8.805944443
 2.913254976 14.694919586 8.540334702
 2.913586140 13.775858879 8.541509628
 4.361785412 14.694919586 8.016445160
 4.362315178 13.775858879 8.017545700
 5.697337151 14.694919586 7.248981476
 5.698049545 13.775858879 7.249972820
 6.879330158 14.694919586 6.261259556
 6.880204678 13.775858879 6.262111664
 7.871850491 14.694919586 5.083292007
 7.872858524 13.775858879 5.083979607
 8.644740105 14.694919586 3.750873327
 8.645852089 13.775858879 3.751374960
 9.174514771 14.694919586 2.304484606
 9.175697327 13.775858879 2.304785967
 9.445077896 14.694919586 0.788076520
 9.446295738 13.775858879 0.788167596
 9.448211670 14.694919586 -0.752277136
 9.449424744 13.775858879 -0.752398849
 9.183815956 14.694919586 -2.269773245
 9.184990883 13.775858879 -2.270103931
 8.659926414 14.694919586 -3.718303919
 8.661026001 13.775858879 -3.718833685
 7.892462730 14.694919586 -5.053855419
 7.893454075 13.775858879 -5.054567337
 6.904742241 14.694919586 -6.235848427
 6.905594826 13.775858879 -6.236722469
 5.726775646 14.694919586 -7.228367329
 5.727463722 13.775858879 -7.229376316
 4.394355774 14.694919586 -8.001256943
 4.394857883 13.775858879 -8.002369881
 2.947968006 14.694919586 -8.531032562
 2.948268890 13.775858879 -8.532216072
 1.431559563 14.694919586 -8.801597595
 1.431650639 13.775858879 -8.802814484
 -0.108794138 14.694919586 -8.804729462
 -0.108915851 13.775858879 -8.805944443
 -1.626290560 14.694919586 -8.540334702
 -1.626621246 13.775858879 -8.541509628
 -3.074820518 14.694919586 -8.016446114
 -3.075350285 13.775858879 -8.017545700
 -4.410372257 14.694919586 -7.248981953
 -4.411085129 13.775858879 -7.249973774
 -5.592364788 14.694919586 -6.261261463
 -5.593239307 13.775858879 -6.262114048
 -6.584884644 14.694919586 -5.083295822
 -6.585893154 13.775858879 -5.083983421
 -7.357775211 14.694919586 -3.750876665
 -7.358888149 13.775858879 -3.751378536
 -7.887550354 14.694919586 -2.304488659
 -7.888734341 13.775858879 -2.304789543
 -8.158115387 14.694919586 -0.788080215
 -8.159333229 13.775858879 -0.788171291
 -8.163677216 21.177764893 0.752520502
 -7.899202824 21.177764893 2.270438194
 -7.375163078 21.177764893 3.719367027
 -6.607479572 21.177764893 5.055284023
 -5.619481087 21.177764893 6.237598896
 -4.441184998 21.177764893 7.230387211
 -3.108394623 21.177764893 8.003483772
 -1.661605239 21.177764893 8.533399582
 -0.144776747 21.177764893 8.804032326
 1.396002412 21.177764893 8.807159424
 2.913916826 21.177764893 8.542684555
 4.362844944 21.177764893 8.018645287
 5.698761940 21.177764893 7.250963688
 6.881078243 21.177764893 6.262963772
 7.873867512 21.177764893 5.084667683
 8.646965027 21.177764893 3.751876354
 9.176879883 21.177764893 2.305087090
 9.447513580 21.177764893 0.788258672
 9.450639725 21.177764893 -0.752520680
 9.186165810 21.177764893 -2.270434856
 8.662126541 21.177764893 -3.719362974
 7.894445896 21.177764893 -5.055280209
 6.906446934 21.177764893 -6.237596035
 5.728150368 21.177764893 -7.230385303
 4.395359993 21.177764893 -8.003482819
 2.948569775 21.177764893 -8.533399582
 1.431741714 21.177764893 -8.804032326
 -0.109037563 21.177764893 -8.807159424
 -1.626951933 21.177764893 -8.542685509
 -3.075880051 21.177764893 -8.018646240
 -4.411798000 21.177764893 -7.250964165
 -5.594113350 21.177764893 -6.262966156
 -6.586901665 21.177764893 -5.084670544
 -7.360000610 21.177764893 -3.751880407
 -7.889916897 21.177764893 -2.305090666
 -8.160550117 21.177764893 -0.788262367
 -7.897450447 10.588881493 2.269944906
 -8.032169342 10.588880539 1.496729851
 -8.161867142 10.588880539 0.752339005
 -7.373523235 10.588881493 3.718576908
 -7.640462875 10.588880539 2.980503559
 -6.606002331 10.588881493 5.054221153
 -6.997052670 10.588880539 4.373714924
 -5.618210793 10.588881493 6.236295700
 -6.121488571 10.588880539 5.634032726
 -4.440160275 10.588881493 7.228882790
 -5.040373325 10.588880539 6.723163605
 -3.107646465 10.588881493 8.001825333
 -3.786558628 10.588880539 7.608014107
 -1.661156416 10.588881493 8.531635284
 -2.398138762 10.588880539 8.261698723
 -0.144641012 10.588881493 8.802217484
 -0.917300880 10.588880539 8.664357185
 1.395820975 10.588881493 8.805348396
 0.610960543 10.588880539 8.803752899
 2.913423538 10.588881493 8.540932655
 2.140209675 10.588880539 8.675652504
 4.362054825 10.588881493 8.017004967
 3.623981953 10.588880539 8.283945084
 5.697700024 10.588881493 7.249485970
 5.017193317 10.588880539 7.640535831
 6.879775524 10.588881493 6.261693001
 6.277512550 10.588880539 6.764971256
 7.872363567 10.588881493 5.083642483
 7.366643906 10.588880539 5.683856010
 8.645306587 10.588881493 3.751128674
 8.251494408 10.588880539 4.430040359
 9.175116539 10.588881493 2.304637909
 8.905180931 10.588880539 3.041620731
 9.445698738 10.588881493 0.788122952
 9.307838440 10.588880539 1.560782909
 9.448829651 10.588881493 -0.752339125
 9.447234154 10.588880539 0.032521423
 9.184413910 10.588881493 -2.269941807
 9.319133759 10.588880539 -1.496728182
 8.660487175 10.588881493 -3.718573809
 8.927426338 10.588880539 -2.980500460
 7.892967701 10.588881493 -5.054217815
 8.284016609 10.588880539 -4.373711586
 6.905176163 10.588881493 -6.236292839
 7.408453465 10.588880539 -5.634029865
 5.727125645 10.588881493 -7.228881836
 6.327339172 10.588880539 -6.723161697
 4.394611359 10.588881493 -8.001823425
 5.073523521 10.588880539 -7.608012676
 2.948121071 10.588881493 -8.531635284
 3.685103655 10.588880539 -8.261698723
 1.431605935 10.588881493 -8.802217484
 2.204265833 10.588880539 -8.664357185
 -0.108856142 10.588881493 -8.805348396
 0.676004410 10.588880539 -8.803752899
 -1.626458883 10.588881493 -8.540932655
 -0.853245258 10.588880539 -8.675652504
 -3.075090170 10.588881493 -8.017005920
 -2.337017536 10.588880539 -8.283946037
 -4.410735130 10.588881493 -7.249486923
 -3.730228424 10.588880539 -7.640535831
 -5.592810631 10.588881493 -6.261695862
 -4.990546703 10.588880539 -6.764973164
 -6.585398197 10.588881493 -5.083645821
 -6.079679012 10.588880539 -5.683858395
 -7.358342171 10.588881493 -3.751132011
 -6.964529991 10.588880539 -4.430044174
 -7.888153553 10.588881493 -2.304641724
 -7.618216991 10.588880539 -3.041624308
 -8.158734322 10.588881493 -0.788126528
 -8.020874977 10.588880539 -1.560786366
 -8.161105156 10.588881493 0.378507614
 -8.159511566 10.588880539 -0.406354874
 -8.161248207 7.278950691 0.752277076
 -7.896852016 7.278950691 2.269776583
 -7.896852016 6.373945713 2.269776583
 -8.161248207 6.373945713 0.752277076
 -7.372962952 7.278950691 3.718306780
 -7.372962952 6.373945713 3.718306780
 -6.605497837 7.278950691 5.053858280
 -6.605497837 6.373945713 5.053858280
 -5.617776394 7.278950691 6.235850334
 -5.617776394 6.373945713 6.235850334
 -4.439809799 7.278950691 7.228369713
 -4.439809799 6.373945713 7.228369713
 -3.107390881 7.278950691 8.001258850
 -3.107390881 6.373945713 8.001258850
 -1.661003113 7.278950691 8.531032562
 -1.661003113 6.373945713 8.531032562
 -0.144594625 7.278950691 8.801597595
 -0.144594625 6.373945713 8.801597595
 1.395758986 7.278950691 8.804729462
 1.395758986 6.373945713 8.804729462
 2.913254976 7.278950691 8.540334702
 2.913254976 6.373945713 8.540334702
 4.361785412 7.278950691 8.016445160
 4.361785412 6.373945713 8.016445160
 5.697337151 7.278950691 7.248981476
 5.697337151 6.373945713 7.248981476
 6.879330158 7.278950691 6.261259556
 6.879330158 6.373945713 6.261259556
 7.871850491 7.278950691 5.083292007
 7.871850491 6.373945713 5.083292007
 8.644740105 7.278950691 3.750873327
 8.644740105 6.373945713 3.750873327
 9.174514771 7.278950691 2.304484606
 9.174514771 6.373945713 2.304484606
 9.445077896 7.278950691 0.788076520
 9.445077896 6.373945713 0.788076520
 9.448211670 7.278950691 -0.752277136
 9.448211670 6.373945713 -0.752277136
 9.183815956 7.278950691 -2.269773245
 9.183815956 6.373945713 -2.269773245
 8.659926414 7.278950691 -3.718303919
 8.659926414 6.373945713 -3.718303919
 7.892462730 7.278950691 -5.053855419
 7.892462730 6.373945713 -5.053855419
 6.904742241 7.278950691 -6.235848427
 6.904742241 6.373945713 -6.235848427
 5.726775646 7.278950691 -7.228367329
 5.726775646 6.373945713 -7.228367329
 4.394355774 7.278950691 -8.001256943
 4.394355774 6.373945713 -8.001256943
 2.947968006 7.278950691 -8.531032562
 2.947968006 6.373945713 -8.531032562
 1.431559563 7.278950691 -8.801597595
 1.431559563 6.373945713 -8.801597595
 -0.108794138 7.278950691 -8.804729462
 -0.108794138 6.373945713 -8.804729462
 -1.626290560 7.278950691 -8.540334702
 -1.626290560 6.373945713 -8.540334702
 -3.074820518 7.278950691 -8.016446114
 -3.074820518 6.373945713 -8.016446114
 -4.410372257 7.278950691 -7.248981953
 -4.410372257 6.373945713 -7.248981953
 -5.592364788 7.278950691 -6.261261463
 -5.592364788 6.373945713 -6.261261463
 -6.584884644 7.278950691 -5.083295822
 -6.584884644 6.373945713 -5.083295822
 -7.357775211 7.278950691 -3.750876665
 -7.357775211 6.373945713 -3.750876665
 -7.887550354 7.278950691 -2.304488659
 -7.887550354 6.373945713 -2.304488659
 -8.158115387 7.278950691 -0.788080215
 -8.158115387 6.373945713 -0.788080275
 -8.159698486 7.278950691 -0.009808323
 -8.159698486 6.373945713 -0.009808323
 -7.745825291 3.589175940 -3.004735470
 -7.818941593 3.751091719 -3.296240807
 -7.818941593 0.000001081 -3.296605587
 -7.751823902 0.000001079 -3.015506744
 -8.002307892 4.018424988 -2.304488659
 -8.112498283 4.279668808 -2.475509167
 -8.137825012 4.320432663 -1.563293338
 -8.264680862 4.591830254 -1.675196648
 -8.272872925 4.502717018 -0.788080215
 -8.398170471 4.797084808 -0.842974961
 -8.274456024 4.565378189 -0.009805220
 -8.446777344 4.860301018 0.003226398
 -8.276005745 4.508680344 0.752277195
 -8.398170471 4.787010670 0.853180945
 -8.140433311 4.316850662 1.562729597
 -8.264679909 4.591218472 1.687258482
 -8.112497330 4.268829346 2.461551428
 -8.011283875 4.027330399 2.270675659
 -7.818939686 3.731306791 3.259857893
 -7.746265411 3.599429131 3.003442049
 -7.752335072 0.000001079 3.003216028
 -7.818939686 0.000001081 3.259313822
 -7.632751942 0.355848163 3.000000477
 -7.628249168 0.355848163 -3.012431383
 -7.457337856 0.111739613 2.940740108
 -7.460979462 0.000001023 -2.937462330
 -7.192568779 0.111739613 -3.655435085
 -7.357775211 0.355848163 -3.750876665
 -7.193658352 0.111739613 3.653100491
 -7.372962952 0.355848163 3.718306780
 -6.440240383 0.111739613 4.958505630
 -6.605497837 0.355848163 5.053858280
 -5.471587181 0.111739613 6.113250732
 -5.617776394 0.355848163 6.235850334
 -4.317131042 0.111739613 7.082246780
 -4.439809799 0.355848163 7.228369713
 -3.011949539 0.111739613 7.836052418
 -3.107390881 0.355848163 8.001258850
 -1.595699310 0.111739613 8.351764679
 -1.661003113 0.355848163 8.531032562
 -0.111412786 0.111739613 8.613711357
 -0.144594625 0.355848163 8.801597595
 1.395810723 0.111739613 8.613936424
 1.395758986 0.355848163 8.804729462
 2.880175114 0.111739613 8.352430344
 2.913254976 0.355848163 8.540334702
 4.296578884 0.111739613 7.837141991
 4.361785412 0.355848163 8.016445160
 5.601984978 0.111739613 7.083724022
 5.697337151 0.355848163 7.248981476
 6.756730556 0.111739613 6.115069866
 6.879330158 0.355848163 6.261259556
 7.725727558 0.111739613 4.960612774
 7.871850491 0.355848163 5.083292007
 8.479534149 0.111739613 3.655431986
 8.644740105 0.355848163 3.750873327
 8.995245934 0.111739613 2.239181519
 9.174514771 0.355848163 2.304484606
 9.257192612 0.111739613 0.754894793
 9.445077896 0.355848163 0.788076520
 9.257417679 0.111739613 -0.752328753
 9.448211670 0.355848163 -0.752277136
 8.995911598 0.111739613 -2.236693144
 9.183815956 0.355848163 -2.269773245
 8.480622292 0.111739613 -3.653097391
 8.659926414 0.355848163 -3.718303919
 7.727205753 0.111739613 -4.958503246
 7.892462730 0.355848163 -5.053855419
 6.758552551 0.111739613 -6.113248348
 6.904742241 0.355848163 -6.235848427
 5.604096889 0.111739613 -7.082244873
 5.726775646 0.355848163 -7.228367329
 4.298914433 0.111739613 -7.836051941
 4.394355774 0.355848163 -8.001256943
 2.882664204 0.111739613 -8.351763725
 2.947968006 0.355848163 -8.531032562
 1.398377657 0.111739613 -8.613711357
 1.431559563 0.355848163 -8.801597595
 -0.108845875 0.111739613 -8.613937378
 -0.108794138 0.355848163 -8.804729462
 -1.593210578 0.111739613 -8.352431297
 -1.626290560 0.355848163 -8.540334702
 -3.009614229 0.111739613 -7.837142467
 -3.074820518 0.355848163 -8.016446114
 -4.315020084 0.111739613 -7.083725452
 -4.410372257 0.355848163 -7.248981953
 -5.469765186 0.111739613 -6.115072727
 -5.592364788 0.355848163 -6.261261463
 -6.438761711 0.111739613 -4.960616589
 -6.584884644 0.355848163 -5.083295822
 -9.006608963 0.000001133 3.000000954
 -9.006607056 3.594884157 3.000001192
 -8.059053421 3.731306791 3.259857893
 -8.059053421 0.000001092 3.259313822
 -9.006607056 4.015310287 2.306759119
 -8.352611542 4.268829346 2.461551428
 -9.006607056 4.320861816 1.559179664
 -8.504794121 4.591218472 1.687258482
 -9.006607056 4.506308556 0.784872293
 -8.638283730 4.787010670 0.853180945
 -9.006607056 4.568479061 -0.000007060
 -8.686890602 4.860301018 0.003226409
 -9.006607056 4.506308556 -0.790701091
 -8.638285637 4.797084808 -0.842974961
 -9.006607056 4.320861816 -1.565008521
 -8.504795074 4.591830254 -1.675196648
 -9.006607056 4.015310287 -2.312587976
 -8.352611542 4.279668808 -2.475509167
 -9.006607056 3.594884157 -2.999999046
 -8.059055328 3.751091719 -3.296240807
 -9.006608963 0.000001133 -2.999999523
 -8.059055328 0.000001092 -3.296605587
 -9.999995232 3.594884634 -2.999999046
 -9.999997139 0.000001177 -2.999999523
 -9.999997139 0.000001177 3.000000954
 -9.999995232 3.594884634 3.000000954
 -9.999995232 4.015310764 -2.312587738
 -9.999995232 4.320861816 -1.565008402
 -9.999997139 4.506309032 -0.790701091
 -9.999995232 4.568479538 -0.000007104
 -9.999995232 4.506309032 0.784872234
 -9.999997139 4.320861816 1.559179664
 -9.999997139 4.015310764 2.306759357
 -6.431557655 0.000000978 2.756333113
 -6.435066223 0.000000978 -2.752378941
 -6.261806488 0.000000970 -3.216034889
 -6.261587143 0.000000970 3.216147900
 -5.596509457 0.000000941 4.368361473
 -4.743152142 0.000000904 5.385559082
 -3.726125002 0.000000860 6.239119530
 -2.576328993 0.000000809 6.903106689
 -1.328701735 0.000000755 7.357347012
 -0.021149917 0.000000698 7.588038445
 1.306596518 0.000000640 7.588171959
 2.614194155 0.000000583 7.357742310
 3.861912489 0.000000528 6.903750896
 5.011839867 0.000000478 6.239992142
 6.029039383 0.000000433 5.386634350
 6.882600307 0.000000396 4.369606495
 7.546587944 0.000000367 3.219810724
 8.000827789 0.000000347 1.972183704
 8.231518745 0.000000337 0.664631784
 8.231652260 0.000000337 -0.663114667
 8.001223564 0.000000347 -1.970712185
 7.547232151 0.000000367 -3.218430281
 6.883473873 0.000000396 -4.368358612
 6.030116081 0.000000433 -5.385557175
 5.013089180 0.000000478 -6.239117622
 3.863294125 0.000000528 -6.903106213
 2.615666151 0.000000583 -7.357346535
 1.308114886 0.000000640 -7.588038445
 -0.019631665 0.000000698 -7.588171959
 -1.327229261 0.000000755 -7.357742310
 -2.574947834 0.000000809 -6.903751850
 -3.724876404 0.000000860 -6.239994049
 -4.742074490 0.000000904 -5.386636257
 -5.595634937 0.000000941 -4.369609356
 -7.818941593 0.000001141 -3.476605415
 -8.059055328 0.000001151 -3.476605415
 -7.634851933 5.130156040 -2.994404793
 -7.630901337 5.179360867 3.005118132
 -7.818941593 6.149146080 -3.291231155
 -7.818941593 6.149302959 -3.471230984
 -7.818941593 3.751248837 -3.476240635
 -8.059055328 6.149146080 -3.291231155
 -8.059055328 3.751248837 -3.476240635
 -8.059055328 6.149302959 -3.471230984
 -7.818939686 6.149133205 3.264867544
 -8.059053421 6.149133205 3.264867544
 -8.112497330 6.149488926 2.466561079
 -8.264679909 6.149702549 1.692268133
 -8.398170471 6.149832249 0.858190358
 -8.446777344 6.149880409 0.008235883
 -8.398170471 6.149838924 -0.837965548
 -8.264680862 6.149702549 -1.670187235
 -8.112498283 6.149496078 -2.470499992
 -8.352611542 6.149488926 2.466561079
 -8.504794121 6.149702549 1.692268133
 -8.638283730 6.149832249 0.858190358
 -8.686890602 6.149880409 0.008235894
 -8.638285637 6.149838924 -0.837965548
 -8.504795074 6.149702549 -1.670187235
 -8.352611542 6.149496078 -2.470499992
