76
 3.091292620 0.027305754 -16.081924438
 3.819296122 0.028726159 -15.747869492
 3.392095804 0.024263423 -16.443363190
 2.836673975 0.023228152 -16.691562653
 6.153891563 0.028688852 -15.009744644
 7.696456909 -0.000002272 -18.580923080
 4.771121979 0.031956889 -15.009745598
 5.205314159 -0.000002272 -19.426549911
 4.436486721 0.032752283 -15.009745598
 3.938548803 0.033929769 -15.009745598
 4.846899033 0.009147164 -18.246671677
 2.680330038 0.029752066 -15.823501587
 2.730601788 0.031983618 -15.506806374
 3.707498789 0.032916930 -15.193207741
 1.944479346 0.034500759 -15.309232712
 7.920155048 0.022936877 -15.009744644
 10.055907249 -0.000002272 -17.417369843
 8.609075546 0.020744540 -15.009744644
 4.717547417 0.004378239 -18.927589417
 4.713128567 0.000022484 -19.524446487
 3.819296122 -1.101233721 -15.747869492
 3.392095804 -1.105696559 -16.443363190
 4.846898079 -1.120812893 -18.246675491
 3.874752045 -1.095940232 -15.009744644
 3.706960201 -1.097048163 -15.194375038
 2.680330038 -1.100207686 -15.823501587
 2.730601788 -1.097976089 -15.506806374
 1.944155097 -1.095490456 -15.311965942
 5.205313206 -1.129962206 -19.426549911
 4.717547417 -1.125581741 -18.927589417
 4.713128567 -1.129961967 -19.524448395
 3.091292143 -1.102653980 -16.081924438
 2.836673975 -1.106731772 -16.691562653
 4.771121025 -1.098003030 -15.009744644
 7.696455479 -1.129962206 -18.580923080
 6.153889656 -1.101271033 -15.009745598
 4.436486244 -1.097207665 -15.009744644
 7.920155525 -1.107023001 -15.009744644
 10.055907249 -1.129962206 -17.417369843
 8.609075546 -1.109215260 -15.009745598
 8.609075546 -0.372261763 -15.009745598
 3.874751091 -0.219330698 -15.009745598
 3.457375526 0.059648313 -11.500982285
 3.594778061 0.045270611 -13.507676125
 3.490637064 0.045914184 -13.448025703
 3.009976387 0.058774333 -11.772115707
 2.636030674 0.057606060 -11.998735428
 3.054185629 0.048313003 -13.198020935
 2.093124151 0.051419247 -12.953518867
 3.805928707 0.037478503 -14.547343254
 4.570849895 0.058132831 -11.344859123
 4.346189022 0.036599267 -14.490998268
 4.095490932 0.059648313 -11.284372330
 2.997007847 0.037974205 -14.631711960
 2.318259716 0.043637700 -13.981536865
 4.681617737 0.057720542 -11.358955383
 5.896023273 0.059648313 -10.495040894
 4.487275600 0.059648313 -11.151379585
 4.365765572 0.059648313 -11.192628860
 3.054185867 -1.081647038 -13.198020935
 3.490634918 -1.084045768 -13.448025703
 3.009974241 -1.071185589 -11.772117615
 2.636030436 -1.072353840 -11.998733521
 2.093123913 -1.078540802 -12.953518867
 2.997007847 -1.091985703 -14.631711960
 3.805927277 -1.092481494 -14.547343254
 2.318259478 -1.086322308 -13.981536865
 4.095491409 -1.070311546 -11.284372330
 3.457370281 -1.070311546 -11.500988007
 4.570847988 -1.071826935 -11.344859123
 3.594777584 -1.084689379 -13.507676125
 4.346189022 -1.093360782 -14.490998268
 5.896022797 -1.070311546 -10.495043755
 4.681617260 -1.072239399 -11.358953476
 4.487274647 -1.070311546 -11.151381493
 4.365765095 -1.070311546 -11.192628860
