360
 1.383969784 1.491822243 -2.727705240
 1.383970499 1.588046074 -2.840037346
 1.383970499 1.491832972 -2.839877844
 1.383969784 1.588129759 -2.727797508
 1.471158385 1.491822243 -2.727705240
 1.471159101 1.588046074 -2.840037346
 1.471158385 1.588129759 -2.727797508
 1.471159101 1.491832972 -2.839877844
 1.471158743 2.106042147 -2.128395319
 1.471158385 1.491955519 -2.659923315
 1.471158743 2.106042147 -2.277898788
 1.383970141 2.106042147 -2.277898788
 1.383969784 1.491955519 -2.659923315
 1.383970141 2.106042147 -2.128395319
 1.383969784 2.200853109 -2.128283978
 1.383970141 2.106042147 -0.000000477
 1.383970022 2.153398514 0.000000238
 1.383969784 2.200853109 0.000000238
 1.471158624 2.200853109 -2.128283978
 1.427517772 2.200853109 0.000000238
 1.471158624 2.200853109 0.000000238
 1.471158624 2.153499126 0.000000238
 1.471158743 2.106042147 0.000000238
 1.427610755 2.106042147 0.000000238
 1.383969784 2.200853109 -2.277804613
 1.471158624 2.200853109 -2.277804613
 1.383969426 2.200891495 -2.840244532
 1.383969426 2.104697704 -2.840084553
 1.471158266 2.200891495 -2.840244532
 1.471158266 2.104697704 -2.840084553
 -1.466972709 1.491822243 -2.727705240
 -1.466971993 1.588046074 -2.840037346
 -1.466971993 1.491832972 -2.839877844
 -1.466972709 1.588129759 -2.727797508
 -1.379783988 1.491822243 -2.727705240
 -1.379783273 1.588046074 -2.840037346
 -1.379783988 1.588129759 -2.727797508
 -1.379783273 1.491832972 -2.839877844
 -1.379783630 2.106042147 -2.128395319
 -1.379783988 1.491955519 -2.659923315
 -1.379783630 2.106042147 -2.277898788
 -1.466972351 2.106042147 -2.277898788
 -1.466972709 1.491955519 -2.659923315
 -1.466972351 2.106042147 -2.128395319
 -1.466972589 2.200853109 -2.128283978
 -1.466972351 2.106042147 -0.000000477
 -1.466972351 2.153398514 0.000000238
 -1.466972589 2.200853109 0.000000238
 -1.379783750 2.200853109 -2.128283978
 -1.423424363 2.200853109 0.000000238
 -1.379783750 2.200853109 0.000000238
 -1.379783750 2.153499126 0.000000238
 -1.379783630 2.106042147 0.000000238
 -1.423331618 2.106042147 0.000000238
 -1.466972589 2.200853109 -2.277804613
 -1.379783750 2.200853109 -2.277804613
 -1.466972947 2.200891495 -2.840244532
 -1.466972947 2.104697704 -2.840084553
 -1.379784107 2.200891495 -2.840244532
 -1.379784107 2.104697704 -2.840084553
 1.191635370 1.491822243 -2.965716362
 1.303967357 1.588046074 -2.965715885
 1.303808093 1.491832972 -2.965715885
 1.191727638 1.588129759 -2.965716362
 1.191635370 1.491822243 -2.878527641
 1.303967357 1.588046074 -2.878527164
 1.191727638 1.588129759 -2.878527641
 1.303808093 1.491832972 -2.878527164
 0.592325449 2.106042147 -2.878527403
 1.123853445 1.491955519 -2.878527641
 0.741828859 2.106042147 -2.878527403
 0.741828859 2.106042147 -2.965716124
 1.123853445 1.491955519 -2.965716362
 0.592325449 2.106042147 -2.965716124
 -1.167187929 1.491822243 -2.878527403
 -1.279519916 1.588046074 -2.878528357
 -1.279360652 1.491832972 -2.878528357
 -1.167280197 1.588129759 -2.878527403
 -1.167187929 1.491822243 -2.965716124
 -1.279519916 1.588046074 -2.965717077
 -1.167280197 1.588129759 -2.965716124
 -1.279360652 1.491832972 -2.965717077
 -0.717080534 2.200853109 -2.965716600
 -0.567671061 2.106042147 -2.965716362
 -0.717174351 2.106042147 -2.965716362
 -0.567559659 2.200853109 -2.965716600
 -0.717080534 2.200853109 -2.878527880
 -0.567559659 2.200853109 -2.878527880
 -0.717174351 2.106042147 -2.878527641
 -0.567671061 2.106042147 -2.878527641
 -1.099406004 1.491955519 -2.965716124
 -1.099406004 1.491955519 -2.878527403
 -1.279519916 2.200891495 -2.965717077
 -1.279360652 2.104697704 -2.965717077
 -1.279519916 2.200891495 -2.878528357
 -1.279360652 2.104697704 -2.878528357
 0.592214048 2.200853109 -2.965716362
 0.592214048 2.200853109 -2.878527641
 0.741734982 2.200853109 -2.965716362
 0.741734982 2.200853109 -2.878527641
 1.304174662 2.200891495 -2.965716839
 1.304014802 2.104697704 -2.965716839
 1.304174662 2.200891495 -2.878528118
 1.304014802 2.104697704 -2.878528118
 1.381745338 2.278887749 -2.613305330
 1.122637510 2.361986160 -2.613305569
 1.122637510 2.278887749 -2.613305569
 1.381745338 2.361986160 -2.613305330
 1.381640196 2.311054468 -2.881639481
 1.122637510 2.278887749 -2.881769419
 1.122637510 2.361986160 -2.881769419
 1.381745338 0.041793115 -2.695169210
 1.196231961 0.176860020 -2.695169210
 1.196231961 0.041793115 -2.695169210
 1.381745338 0.176859975 -2.695169210
 1.381640196 0.000001161 -2.881639481
 1.196231961 0.041793130 -2.881769657
 1.196231961 0.176859975 -2.881769657
 1.381640196 2.238101721 -2.677767038
 1.180917263 2.238101721 -2.677767038
 1.180917263 2.238101721 -2.881639481
 1.180917263 0.202549636 -2.677767038
 1.381640196 0.202549636 -2.677767038
 1.180917263 0.202549666 -2.881639719
 1.180917263 2.367560625 -2.677767038
 1.381640196 2.367560625 -2.677767038
 1.180917263 2.367560625 -2.881639481
 1.381640196 0.041788321 -2.613053799
 1.123136997 0.041788321 -2.613054037
 1.123136997 0.041788332 -2.881639719
 1.381640196 2.503500462 -2.881639481
 1.180917263 2.503500462 -2.677767038
 1.381640196 2.503500462 -2.677767038
 1.180917263 2.503500462 -2.881639481
 1.381640196 0.000001151 -2.613053799
 1.123136997 0.000001151 -2.613053799
 1.123136997 0.000001161 -2.881639481
 -1.381745338 2.278887749 -2.613305330
 -1.122637510 2.278887749 -2.613305569
 -1.122637510 2.361986160 -2.613305569
 -1.381745338 2.361986160 -2.613305330
 -1.381640196 2.311054468 -2.881639481
 -1.122637510 2.361986160 -2.881769419
 -1.122637510 2.278887749 -2.881769419
 -1.381745338 0.041793115 -2.695169210
 -1.196231961 0.041793115 -2.695169210
 -1.196231961 0.176860020 -2.695169210
 -1.381745338 0.176859975 -2.695169210
 -1.381640196 -0.000000143 -2.881639481
 -1.196231961 0.176859975 -2.881769657
 -1.196231961 0.041793130 -2.881769657
 -1.381640196 2.238101721 -2.677767038
 -1.180917263 2.238101721 -2.677767038
 -1.180917263 2.238101721 -2.881639481
 -1.180917263 0.202549636 -2.677767038
 -1.381640196 0.202549636 -2.677767038
 -1.180917263 0.202549666 -2.881639719
 -1.180917263 2.367560625 -2.677767038
 -1.381640196 2.367560625 -2.677767038
 -1.180917263 2.367560625 -2.881639481
 -1.381640196 0.041788321 -2.613053799
 -1.123136997 0.041788321 -2.613054037
 -1.123136997 0.041788332 -2.881639719
 -1.381640196 2.503500462 -2.881639481
 -1.381640196 2.503500462 -2.677767038
 -1.180917263 2.503500462 -2.677767038
 -1.180917263 2.503500462 -2.881639481
 -1.381640196 -0.000000153 -2.613053799
 -1.123136997 -0.000000153 -2.613053799
 -1.123136997 -0.000000144 -2.881639481
 1.125520349 2.373608351 -2.999998808
 1.125520349 2.499998808 -2.999999046
 1.125520349 2.499999523 -2.635389566
 -1.125520349 2.499998808 -2.999999046
 -1.125520349 2.373608351 -2.999998808
 -1.125520349 2.499999523 -2.635389566
 -1.499998927 2.373609066 -2.635389090
 -1.499998927 2.499999523 -2.635389566
 1.500000715 2.499999523 -2.635389566
 1.500000715 2.373609066 -2.635389090
 -1.499998927 2.499999523 -0.000000477
 -1.311564445 2.499999523 0.000000238
 -1.125520349 2.499999523 0.000000238
 1.500000715 2.499999523 0.000000238
 1.313955545 2.499999523 -0.000000477
 1.125520349 2.499999523 -0.000000477
 1.500000715 2.373609066 -0.000000477
 1.311565518 2.373609066 0.000000238
 1.125520349 2.373609066 0.000000238
 -1.499998927 2.373609066 0.000000238
 -1.313954711 2.373609066 -0.000000477
 -1.125520349 2.373609066 -0.000000477
 -1.499998927 2.437207460 -0.000000477
 1.500000715 2.436400890 0.000000238
 -0.007184147 2.499999523 0.000000238
 -0.007184028 2.373609066 0.000000238
 1.191635370 1.491822243 2.881960869
 1.303967357 1.588046074 2.881961584
 1.303808093 1.491832972 2.881961584
 1.191727638 1.588129759 2.881960869
 1.191635370 1.491822243 2.969149590
 1.303967357 1.588046074 2.969150305
 1.191727638 1.588129759 2.969149590
 1.303808093 1.491832972 2.969150305
 0.592325449 2.106042147 2.969150066
 1.123853445 1.491955519 2.969149590
 0.741828859 2.106042147 2.969150066
 0.741828859 2.106042147 2.881961346
 1.123853445 1.491955519 2.881960869
 0.592325449 2.106042147 2.881961346
 -1.167187929 1.491822243 2.969149828
 -1.279519916 1.588046074 2.969149351
 -1.279360652 1.491832972 2.969149351
 -1.167280197 1.588129759 2.969149828
 -1.167187929 1.491822243 2.881961107
 -1.279519916 1.588046074 2.881960630
 -1.167280197 1.588129759 2.881961107
 -1.279360652 1.491832972 2.881960630
 -0.717080534 2.200853109 2.881960869
 -0.567671061 2.106042147 2.881961107
 -0.717174351 2.106042147 2.881961107
 -0.567559659 2.200853109 2.881960869
 -0.717080534 2.200853109 2.969149590
 -0.567559659 2.200853109 2.969149590
 -0.717174351 2.106042147 2.969149828
 -0.567671061 2.106042147 2.969149828
 -1.099406004 1.491955519 2.881961107
 -1.099406004 1.491955519 2.969149828
 -1.279519916 2.200891495 2.881960630
 -1.279360652 2.104697704 2.881960630
 -1.279519916 2.200891495 2.969149351
 -1.279360652 2.104697704 2.969149351
 0.592214048 2.200853109 2.881961107
 0.592214048 2.200853109 2.969149828
 0.741734982 2.200853109 2.881961107
 0.741734982 2.200853109 2.969149828
 1.304174662 2.200891495 2.881960630
 1.304014802 2.104697704 2.881960630
 1.304174662 2.200891495 2.969149351
 1.304014802 2.104697704 2.969149351
 1.471158743 1.491822243 2.723396540
 1.471158266 1.588046074 2.835728645
 1.471158266 1.491832972 2.835569143
 1.471158743 1.588129759 2.723488808
 1.383970141 1.491822243 2.723396540
 1.383969426 1.588046074 2.835728645
 1.383970141 1.588129759 2.723488808
 1.383969426 1.491832972 2.835569143
 1.383969784 2.200853109 2.273288965
 1.383970141 2.106042147 2.123879433
 1.383970141 2.106042147 2.273382902
 1.383969784 2.200853109 2.123768091
 1.471158624 2.200853109 2.273288965
 1.471158624 2.200853109 2.123768091
 1.471158743 2.106042147 2.273382902
 1.471158743 2.106042147 2.123879433
 1.383970141 1.491955519 2.655614614
 1.471158743 1.491955519 2.655614614
 1.383969426 2.200891495 2.835728645
 1.383969426 2.104697704 2.835569143
 1.471158266 2.200891495 2.835728645
 1.471158266 2.104697704 2.835569143
 -1.379783392 1.491822243 2.723396540
 -1.379784107 1.588046074 2.835728645
 -1.379784107 1.491832972 2.835569143
 -1.379783392 1.588129759 2.723488808
 -1.466972232 1.491822243 2.723396540
 -1.466972947 1.588046074 2.835728645
 -1.466972232 1.588129759 2.723488808
 -1.466972947 1.491832972 2.835569143
 -1.466972589 2.200853109 2.273288965
 -1.466972351 2.106042147 2.123879433
 -1.466972351 2.106042147 2.273382902
 -1.466972589 2.200853109 2.123768091
 -1.379783750 2.200853109 2.273288965
 -1.379783750 2.200853109 2.123768091
 -1.379783630 2.106042147 2.273382902
 -1.379783630 2.106042147 2.123879433
 -1.466972232 1.491955519 2.655614614
 -1.379783392 1.491955519 2.655614614
 -1.466972947 2.200891495 2.835728645
 -1.466972947 2.104697704 2.835569143
 -1.379784107 2.200891495 2.835728645
 -1.379784107 2.104697704 2.835569143
 -1.381745338 2.278887749 2.613305330
 -1.122637510 2.361986160 2.613305569
 -1.122637510 2.278887749 2.613305569
 -1.381745338 2.361986160 2.613305330
 -1.381640196 2.311054468 2.881639481
 -1.122637510 2.278887749 2.881769419
 -1.122637510 2.361986160 2.881769419
 -1.381745338 0.041792884 2.695169210
 -1.196231961 0.176860020 2.695169210
 -1.196231961 0.041792884 2.695169210
 -1.381745338 0.176859975 2.695169210
 -1.381640196 -0.000000354 2.881639481
 -1.196231961 0.041792873 2.881769657
 -1.196231961 0.176859975 2.881769657
 -1.381640196 2.238101721 2.677767038
 -1.180917263 2.238101721 2.677767038
 -1.180917263 2.238101721 2.881639481
 -1.180917263 0.202549636 2.677767038
 -1.381640196 0.202549636 2.677767038
 -1.180917263 0.202549666 2.881639719
 -1.180917263 2.367560625 2.677767038
 -1.381640196 2.367560625 2.677767038
 -1.180917263 2.367560625 2.881639481
 -1.381640196 0.041788094 2.613053799
 -1.123136997 0.041788094 2.613054037
 -1.123136997 0.041788086 2.881639719
 -1.381640196 2.503500462 2.881639481
 -1.180917263 2.503500462 2.677767038
 -1.381640196 2.503500462 2.677767038
 -1.180917263 2.503500462 2.881639481
 -1.381640196 -0.000000344 2.613053799
 -1.123136997 -0.000000344 2.613053799
 -1.123136997 -0.000000354 2.881639481
 1.381745338 2.278887749 2.613305330
 1.122637510 2.278887749 2.613305569
 1.122637510 2.361986160 2.613305569
 1.381745338 2.361986160 2.613305330
 1.381640196 2.311054468 2.881639481
 1.122637510 2.361986160 2.881769419
 1.122637510 2.278887749 2.881769419
 1.381745338 0.041792884 2.695169210
 1.196231961 0.041792884 2.695169210
 1.196231961 0.176860020 2.695169210
 1.381745338 0.176859975 2.695169210
 1.381640196 0.000000951 2.881639481
 1.196231961 0.176859975 2.881769657
 1.196231961 0.041792873 2.881769657
 1.381640196 2.238101721 2.677767038
 1.180917263 2.238101721 2.677767038
 1.180917263 2.238101721 2.881639481
 1.180917263 0.202549636 2.677767038
 1.381640196 0.202549636 2.677767038
 1.180917263 0.202549666 2.881639719
 1.180917263 2.367560625 2.677767038
 1.381640196 2.367560625 2.677767038
 1.180917263 2.367560625 2.881639481
 1.381640196 0.041788094 2.613053799
 1.123136997 0.041788094 2.613054037
 1.123136997 0.041788086 2.881639719
 1.381640196 2.503500462 2.881639481
 1.381640196 2.503500462 2.677767038
 1.180917263 2.503500462 2.677767038
 1.180917263 2.503500462 2.881639481
 1.381640196 0.000000960 2.613053799
 1.123136997 0.000000960 2.613053799
 1.123136997 0.000000951 2.881639481
 -1.125520349 2.373609066 2.999999046
 -1.125520349 2.499999523 2.999999046
 -1.125520349 2.499999523 2.601960182
 1.125520349 2.499999523 2.999999046
 1.125520349 2.373609066 2.999999046
 1.125520349 2.499999523 2.601960182
 -1.499998927 2.499999523 2.601960182
 -1.499998927 2.373609066 2.601960182
 1.500000715 2.373609066 2.601960182
 1.500000715 2.499999523 2.601960182
