476
 8.999997139 7.500002384 -8.999997139
 8.999997139 7.500002384 -0.000011587
 8.499998093 7.500002384 -8.499995232
 8.499998093 7.500002384 0.000000954
 -8.999997139 7.500002384 -0.000011301
 -8.999997139 7.500002384 -8.999996185
 -8.499998093 7.500002384 -8.499998093
 -8.499998093 7.500002384 -0.000000954
 -0.000000095 7.500002384 -8.999997139
 -14.803296089 0.111745052 -14.794217110
 -14.800847054 0.111745246 -4.782373428
 -14.803297043 0.000004108 -4.778826714
 -14.803296089 0.000004546 -14.794217110
 -14.997696877 0.355853975 -14.998107910
 -14.998106956 0.355853975 -4.998442173
 -14.804277420 5.383593082 -4.782488823
 -14.803963661 5.383502483 -14.794368744
 -14.804277420 5.244860649 -4.782488823
 -14.803963661 5.244770050 -14.794368744
 -14.998189926 5.028338909 -4.998806953
 -14.997332573 5.028338909 -14.998189926
 -19.273550034 0.111739710 -4.782372952
 -19.273550034 0.000004109 -4.782372952
 -19.464523315 0.355848253 -4.998443127
 -19.293653488 5.385379314 -4.782485962
 -19.293653488 5.246646404 -4.782485962
 -19.464523315 5.030124664 -4.998466015
 -18.999959946 0.000004075 -4.002825737
 -19.273550034 0.111739047 -4.117463112
 -19.464523315 0.355847448 -4.197662354
 -18.797195435 3.977252722 -3.729801893
 -18.999959946 4.119839668 -4.004017353
 -18.797195435 4.680349350 -2.687407732
 -18.999959946 4.943681240 -2.838131666
 -18.797195435 5.018982887 -1.866385937
 -18.999959946 5.306260109 -1.992801428
 -18.797195435 5.204754353 -0.932174385
 -18.999959946 5.542954922 -1.003500819
 -18.797195435 5.247023582 0.000000859
 -18.999959946 5.611285686 -0.000002241
 -18.999958038 4.568477154 0.000006914
 -18.797195435 4.797082424 -0.846196473
 -18.797193527 4.860299110 0.000004674
 -18.999959946 4.506306648 -0.784872174
 -18.797195435 4.591828346 -1.678418159
 -18.999959946 4.320859909 -1.559179187
 -18.797195435 4.279666901 -2.478731632
 -18.999959946 4.015308380 -2.306759119
 -18.797195435 3.751089811 -3.299462795
 -18.999959946 3.594882488 -3.000001431
 -18.797195435 0.000004045 -3.299827576
 -19.999996185 3.594882011 -3.000000238
 -19.999996185 0.000003945 -3.000000238
 -19.999996185 4.015308380 -2.306759357
 -19.999996185 4.320859432 -1.559179544
 -19.999996185 4.506306171 -0.784872472
 -19.999998093 4.568476677 0.000006676
 -19.464523315 4.222516060 -4.197423935
 -19.464523315 5.075126171 -2.953900337
 -19.464523315 5.437705040 -2.074122667
 -19.464523315 5.674400806 -1.044508219
 -19.464523315 5.742731571 -0.000117556
 14.792051315 0.111739561 -4.781276703
 14.793806076 0.111745201 -14.803297043
 14.793806076 0.000004547 -14.803297043
 14.792051315 0.000004108 -4.781276703
 14.998108864 0.355848253 -4.996311188
 14.998866081 0.355853975 -14.998441696
 14.793823242 5.383502483 -14.803965569
 14.792432785 5.383504391 -4.781945229
 14.793823242 5.244770050 -14.803965569
 14.792432785 5.244771957 -4.781945229
 14.998469353 5.030124664 -14.999993324
 14.998108864 5.028250217 -4.996311188
 19.273553848 0.111745246 -4.781275272
 19.273553848 0.000004108 -4.781275272
 19.464529037 0.355853975 -4.996309757
 19.293659210 5.383502483 -4.781944275
 19.293659210 5.244770050 -4.781944275
 19.464529037 5.028248787 -4.996309757
 19.273553848 0.111750126 -4.114160061
 19.273553848 0.000004079 -4.114160061
 19.464529037 0.355859309 -4.194941521
 18.999959946 5.611285686 0.000004530
 18.797197342 5.186118126 -0.934210837
 18.797197342 5.247023582 0.000001430
 18.999959946 5.542954922 -1.009541154
 18.797197342 4.981315136 -1.855781317
 18.999959946 5.306260109 -1.998842359
 18.797197342 4.664701462 -2.685904026
 18.999959946 4.942945004 -2.845860243
 18.797197342 3.954032898 -3.695899963
 18.999959946 4.118223190 -3.998599291
 18.797197342 0.000004062 -3.698852539
 18.797197342 0.000004043 -3.256089687
 18.797197342 3.731304884 -3.256633282
 18.999959946 3.594882488 -2.999997139
 18.797197342 4.268827438 -2.458327055
 18.999959946 4.015308380 -2.312585831
 18.797197342 4.591216564 -1.684034467
 18.999959946 4.320859909 -1.565006018
 18.797197342 4.787008762 -0.849956393
 18.999959946 4.506306648 -0.790698886
 18.797197342 4.860299110 -0.000002385
 18.999959946 4.568477154 -0.000004625
 19.999998093 0.000003945 -2.999996662
 20.000000000 3.594882011 -2.999996662
 20.000000000 4.568476677 -0.000004387
 20.000000000 4.506306171 -0.790698647
 20.000000000 4.320859432 -1.565005779
 20.000000000 4.015308380 -2.312585354
 19.464529037 4.220899582 -4.194848537
 19.464471817 5.742707729 0.000000000
 19.464529037 5.674400806 -1.050565004
 19.464529037 5.437705040 -2.080179691
 19.464529037 5.074391365 -2.961712599
 4.782373428 0.111745246 -14.800848961
 4.778826714 0.000004547 -14.803299904
 4.998443127 0.355853975 -14.998107910
 4.782489777 5.383593082 -14.804278374
 4.782489777 5.244860649 -14.804278374
 4.998806000 5.028338909 -14.998192787
 -4.781278610 0.111739516 -14.800848961
 -4.781278610 0.000004546 -14.800848961
 -4.996311665 0.355848253 -14.998107910
 -4.781946659 5.383504391 -14.804196358
 -4.781946659 5.244771957 -14.804196358
 -4.996311665 5.028250217 -14.998107910
 -4.781277657 0.111745246 -19.273550034
 -4.781277657 0.000004742 -19.273550034
 4.782373428 0.111739710 -19.273550034
 4.782373428 0.000004742 -19.273550034
 -4.996311665 0.355853975 -19.464523315
 4.998443127 0.355848253 -19.464527130
 -4.781946182 5.383502483 -19.293657303
 4.782486439 5.385379314 -19.293653488
 -4.781946182 5.244770050 -19.293657303
 4.782486439 5.246646404 -19.293653488
 -4.996311665 5.028248787 -19.464523315
 4.998467445 5.030124664 -19.464527130
 4.002825737 0.000004731 -18.999959946
 4.117464066 0.111739047 -19.273550034
 4.197662354 0.355847448 -19.464527130
 -4.114161968 0.111750126 -19.273550034
 -4.114161968 0.000004742 -19.273550034
 -4.194943905 0.355859309 -19.464523315
 3.729802608 3.977252722 -18.797195435
 4.004018784 4.119839668 -18.999959946
 2.687408209 4.680349350 -18.797195435
 2.838131428 4.943681240 -18.999959946
 1.866386533 5.018982887 -18.797195435
 1.992801785 5.306260109 -18.999959946
 0.932174742 5.204754353 -18.797195435
 1.003500938 5.542954922 -18.999959946
 -0.000000599 5.247023582 -18.797197342
 0.000002626 5.611285686 -18.999959946
 -0.934212685 5.186118126 -18.797195435
 -1.009543300 5.542954922 -18.999959946
 -1.855782628 4.981315136 -18.797195435
 -1.998843789 5.306260109 -18.999959946
 -2.685905933 4.664701462 -18.797195435
 -2.845861197 4.942945004 -18.999959946
 -3.695901871 3.954032898 -18.797195435
 -3.998600721 4.118223190 -18.999959946
 -3.698853970 0.000004722 -18.797195435
 -3.256091356 0.000004722 -18.797195435
 -3.256635189 3.731304884 -18.797195435
 -2.999998569 3.594882488 -18.999959946
 -2.458328962 4.268827438 -18.797195435
 -2.312587500 4.015308380 -18.999959946
 -1.684036255 4.591216564 -18.797195435
 -1.565007925 4.320859909 -18.999959946
 -0.849958420 4.787008762 -18.797195435
 -0.790700614 4.506306648 -18.999959946
 -0.000004010 4.860299110 -18.797195435
 -0.000006571 4.568477154 -18.999959946
 0.846197307 4.797082424 -18.797195435
 0.784872770 4.506306648 -18.999959946
 1.678418875 4.591828346 -18.797195435
 1.559180021 4.320859909 -18.999959946
 2.478731871 4.279666901 -18.797195435
 2.306759596 4.015308380 -18.999959946
 3.299463272 3.751089811 -18.797195435
 3.000001431 3.594882488 -18.999959946
 3.299827814 0.000004722 -18.797195435
 3.000001431 3.594882011 -19.999998093
 3.000001192 0.000004677 -19.999998093
 -2.999998569 0.000004677 -19.999996185
 -2.999998569 3.594882011 -19.999998093
 2.306759596 4.015308380 -19.999998093
 1.559180140 4.320859432 -19.999998093
 0.784872830 4.506306171 -19.999998093
 -0.000006507 4.568476677 -19.999998093
 -0.790700495 4.506306171 -19.999998093
 -1.565007925 4.320859432 -19.999998093
 -2.312587500 4.015308380 -19.999998093
 4.197424889 4.222516060 -19.464527130
 -4.194849968 4.220899582 -19.464523315
 2.953900099 5.075126171 -19.464527130
 2.074123383 5.437705040 -19.464527130
 1.044508934 5.674400806 -19.464527130
 0.000118099 5.742731571 -19.464527130
 -1.050566554 5.674400806 -19.464523315
 -2.080181360 5.437705040 -19.464523315
 -2.961714983 5.074391365 -19.464523315
 -19.499977112 0.000003859 -0.000000238
 -18.999958038 0.000003900 0.000000477
 -19.999992371 0.000003816 -0.000000477
 19.499979019 0.000003857 0.000000477
 18.999959946 0.000003900 -0.000000477
 19.999998093 0.000003816 0.000000477
 14.792190552 0.000003899 0.000000477
 8.499998093 0.000004196 -8.499998093
 12.527823448 0.000003873 -0.000001907
 8.499998093 0.000003815 -0.000000954
 -14.802071571 0.000003899 -0.000000477
 -12.534844398 0.000003873 0.000000954
 -8.499998093 0.000003825 0.000000954
 -8.499998093 0.000004196 -8.499998093
 17.174253464 0.000003900 0.000000477
 -17.178695679 0.000003900 -0.000000477
 -19.464523315 6.425602913 -3.607478380
 -19.464523315 6.886404514 -2.533148527
 -19.464523315 7.187220573 -1.275846601
 -19.464523315 7.500002384 -0.000011507
 19.464529037 7.500002384 -0.000011381
 19.464529037 7.187220573 -1.282529831
 19.464529037 6.886404514 -2.539831638
 19.464529037 6.424667358 -3.616307020
 3.607478619 6.425602913 -19.464527130
 2.533148766 6.886404514 -19.464527130
 1.275846958 7.187220573 -19.464527130
 -0.000000095 7.500004292 -19.464529037
 -1.282531381 7.187220573 -19.464523315
 -2.539833784 6.886404514 -19.464523315
 -3.616309404 6.424667358 -19.464523315
 10.392119408 7.187222481 -1.282532811
 10.389472008 7.187222481 -10.387263298
 11.675425529 6.886407852 -2.539834976
 11.685750961 6.886407852 -11.722655296
 12.898340225 6.424670696 -3.616310358
 12.898340225 6.424670696 -12.984273911
 -10.379391670 7.187222481 -10.384578705
 -10.379490852 7.187222481 -1.275845289
 -11.702973366 6.886407852 -11.728628159
 -11.703678131 6.886407852 -2.533147573
 -12.968988419 6.425605774 -12.992383957
 -12.968988419 6.425605774 -3.607476950
 1.275845289 7.187222481 -10.388414383
 2.533147573 6.886407852 -11.723912239
 3.607477188 6.425605774 -12.988470078
 -3.616310358 6.424670696 -12.988470078
 -2.539835215 6.886407852 -11.723914146
 -1.282533050 7.187222481 -10.388413429
 8.999997139 7.500002384 8.999994278
 8.499998093 7.500002384 8.499999046
 -8.499998093 7.500002384 8.500000000
 -8.999997139 7.500002384 9.000000000
 -0.000000095 7.500002384 9.000000000
 -14.800847054 0.111739516 4.781278610
 -14.802819252 0.111745246 14.777278900
 -14.803193092 0.000003254 14.777756691
 -14.800847054 0.000003690 4.781278610
 -14.998106956 0.355848253 4.996312141
 -15.005720139 0.355848253 14.998107910
 -14.803342819 5.383593082 14.777260780
 -14.804194450 5.383504391 4.781947136
 -14.803342819 5.244860649 14.777260780
 -14.804194450 5.244771957 4.781947136
 -15.005720139 5.028250217 14.998107910
 -14.998106956 5.028250217 4.996312141
 -19.273550034 0.111745246 4.781277657
 -19.273550034 0.000003690 4.781277657
 -19.464523315 0.355853975 4.996312141
 -19.293653488 5.383502483 4.781946659
 -19.293653488 5.244770050 4.781946659
 -19.464523315 5.028248787 4.996312141
 -19.273550034 0.111750126 4.114162445
 -19.273550034 0.000003720 4.114162445
 -19.464523315 0.355859309 4.194944382
 -18.797193527 5.186118126 0.934213161
 -18.999958038 5.542954922 1.009543419
 -18.797193527 4.981315136 1.855782866
 -18.999959946 5.306260109 1.998844504
 -18.797193527 4.664701462 2.685906410
 -18.999959946 4.942945004 2.845862150
 -18.797193527 3.954032898 3.695902109
 -18.999958038 4.118223190 3.998601437
 -18.797193527 0.000003739 3.698854685
 -18.797193527 0.000003758 3.256092072
 -18.797193527 3.731304884 3.256635904
 -18.999958038 3.594882488 2.999998569
 -18.797193527 4.268827438 2.458329439
 -18.999958038 4.015308380 2.312587738
 -18.797193527 4.591216564 1.684036851
 -18.999958038 4.320859909 1.565008283
 -18.797193527 4.787008762 0.849958718
 -18.999958038 4.506306648 0.790701210
 -19.999992371 0.000003687 2.999999046
 -19.999998093 3.594882011 2.999999046
 -19.999998093 4.506306171 0.790700912
 -19.999998093 4.320859432 1.565008759
 -19.999998093 4.015308380 2.312587738
 -19.464523315 4.220899582 4.194850445
 -19.464523315 5.674400806 1.050567150
 -19.464523315 5.437705040 2.080182076
 -19.464523315 5.074391365 2.961715698
 14.795491219 0.111739762 14.782376289
 14.792051315 0.111745402 4.782374382
 14.792330742 0.000003691 4.778828144
 14.795491219 0.000003253 14.782376289
 14.998108864 0.355848253 15.005719185
 14.998108864 0.355853975 4.998443604
 14.792442322 5.383593082 4.782491207
 14.797780991 5.385379314 14.782488823
 14.792442322 5.244860649 4.782491207
 14.797780991 5.246646404 14.782488823
 14.998192787 5.028338909 4.998807430
 14.999992371 5.030124664 14.998467445
 19.273550034 0.111739710 4.782375336
 19.273550034 0.000003690 4.782375813
 19.464527130 0.355848253 4.998445034
 19.293657303 5.385379314 4.782488823
 19.293657303 5.246646404 4.782488823
 19.464527130 5.030124664 4.998469353
 18.999959946 0.000003725 4.002826691
 19.273550034 0.111739047 4.117465496
 19.464527130 0.355847448 4.197664738
 18.797195435 3.977252722 3.729804754
 18.999959946 4.119839668 4.004020691
 18.797195435 4.680349350 2.687410116
 18.999959946 4.943681240 2.838133574
 18.797195435 5.018982887 1.866388083
 18.999959946 5.306260109 1.992803574
 18.797195435 5.204754353 0.932176709
 18.999959946 5.542954922 1.003503084
 18.797195435 4.797082424 0.846198797
 18.999959946 4.506306648 0.784874558
 18.797195435 4.591828346 1.678420424
 18.999959946 4.320859909 1.559181452
 18.797195435 4.279666901 2.478733063
 18.999959946 4.015308380 2.306761503
 18.797195435 3.751089811 3.299465179
 18.999959946 3.594882488 3.000003099
 18.797195435 0.000003756 3.299829960
 19.999998093 3.594882011 3.000003338
 19.999998093 0.000003687 3.000003338
 19.999998093 4.015308380 2.306761742
 19.999998093 4.320859432 1.559182525
 19.999998093 4.506306171 0.784874737
 19.464527130 4.222516060 4.197426319
 19.464527130 5.075126171 2.953901768
 19.464527130 5.437705040 2.074125051
 19.464527130 5.674400806 1.044511318
 -4.782375336 0.111745246 14.778824806
 -4.778829098 0.000003253 14.781274796
 -4.998445034 0.355853975 14.998106956
 -4.782492161 5.383593082 14.782255173
 -4.782492161 5.244860649 14.782255173
 -4.998808384 5.028338909 14.998189926
 4.781276226 0.111739516 14.778828621
 4.781276226 0.000003253 14.778829575
 4.996309757 0.355848253 14.998108864
 4.781944275 5.383504391 14.782176018
 4.781944275 5.244771957 14.782176018
 4.996309757 5.028250217 14.998108864
 4.781274796 0.111745246 19.273553848
 4.781274796 0.000003057 19.273553848
 -4.782376766 0.111739710 19.273550034
 -4.782376766 0.000003057 19.273550034
 4.996308804 0.355853975 19.464527130
 -4.998445988 0.355848253 19.464523315
 4.781942844 5.383502483 19.293657303
 -4.782489777 5.385379314 19.293653488
 4.781942844 5.244770050 19.293657303
 -4.782489777 5.246646404 19.293653488
 4.996308804 5.028248787 19.464527130
 -4.998469830 5.030124664 19.464523315
 -4.002828598 0.000003070 18.999958038
 -4.117467403 0.111739047 19.273550034
 -4.197666168 0.355847448 19.464523315
 4.114158630 0.111750126 19.273553848
 4.114158630 0.000003057 19.273553848
 4.194940567 0.355859309 19.464527130
 -3.729805946 3.977252722 18.797195435
 -4.004021168 4.119839668 18.999959946
 -2.687411308 4.680349350 18.797195435
 -2.838134289 4.943681240 18.999959946
 -1.866389275 5.018982887 18.797195435
 -1.992804646 5.306260109 18.999959946
 -0.932177603 5.204754353 18.797195435
 -1.003503919 5.542954922 18.999959946
 -0.000002281 5.247023582 18.797195435
 -0.000005559 5.611285686 18.999959946
 0.934209824 5.186118126 18.797195435
 1.009540319 5.542954922 18.999959946
 1.855779886 4.981315136 18.797195435
 1.998840928 5.306260109 18.999959946
 2.685903311 4.664701462 18.797195435
 2.845858574 4.942945004 18.999959946
 3.695898771 3.954032898 18.797195435
 3.998597860 4.118223190 18.999959946
 3.698850870 0.000003079 18.797197342
 3.256088495 0.000003079 18.797197342
 3.256632090 3.731304884 18.797195435
 2.999995470 3.594882488 18.999959946
 2.458325863 4.268827438 18.797195435
 2.312584639 4.015308380 18.999959946
 1.684033394 4.591216564 18.797195435
 1.565005183 4.320859909 18.999959946
 0.849955559 4.787008762 18.797195435
 0.790697634 4.506306648 18.999959946
 0.000001131 4.860299110 18.797195435
 0.000003638 4.568477154 18.999959946
 -0.846200168 4.797082424 18.797195435
 -0.784875751 4.506306648 18.999959946
 -1.678421736 4.591828346 18.797195435
 -1.559183002 4.320859909 18.999959946
 -2.478734493 4.279666901 18.797195435
 -2.306762695 4.015308380 18.999959946
 -3.299466372 3.751089811 18.797195435
 -3.000004292 3.594882488 18.999959946
 -3.299831152 0.000003079 18.797193527
 -3.000004530 3.594882011 19.999998093
 -3.000004292 0.000002956 19.999998093
 2.999995232 0.000002956 19.999998093
 2.999995232 3.594882011 19.999998093
 -2.306763172 4.015308380 19.999998093
 -1.559183359 4.320859432 19.999998093
 -0.784876049 4.506306171 19.999998093
 0.000003312 4.568476677 19.999998093
 0.790697336 4.506306171 19.999998093
 1.565004587 4.320859432 19.999998093
 2.312584162 4.015308380 19.999998093
 -4.197427750 4.222516060 19.464523315
 4.194846630 4.220899582 19.464527130
 -2.953902960 5.075126171 19.464523315
 -2.074126244 5.437705040 19.464523315
 -1.044512153 5.674400806 19.464523315
 -0.000121153 5.742731571 19.464523315
 1.050563574 5.674400806 19.464527130
 2.080178261 5.437705040 19.464527130
 2.961712122 5.074391365 19.464527130
 8.499998093 0.000003433 8.499999046
 -8.499998093 0.000003453 8.499999046
 -19.464523315 7.187220573 1.282531977
 -19.464523315 6.886404514 2.539834023
 -19.464523315 6.424667358 3.616309643
 19.464527130 6.425602913 3.607480526
 19.464527130 6.886404514 2.533150434
 19.464527130 7.187220573 1.275848866
 -3.607481718 6.425602913 19.464523315
 -2.533151627 6.886404514 19.464523315
 -1.275850058 7.187220573 19.464523315
 -0.000000096 7.500002384 19.464527130
 1.282528281 7.187220573 19.464527130
 2.539830446 6.886404514 19.464527130
 3.616306305 6.424667358 19.464527130
 12.898340225 6.425605774 3.607478619
 12.898203850 6.424670696 12.898575783
 11.675425529 6.886407852 2.533147573
 11.675425529 6.886407852 11.655322075
 10.392120361 7.187222481 1.275845289
 10.392120361 7.187222481 10.376950264
 -12.968101501 6.425605774 12.898575783
 -12.968988419 6.424670696 3.616310358
 -11.697522163 6.886407852 11.655150414
 -11.703678131 6.886407852 2.539834976
 -10.378657341 7.187222481 10.385744095
 -10.379490852 7.187222481 1.282533526
 1.282531977 7.187222481 10.385745049
 2.539834023 6.886407852 11.655150414
 3.616309166 6.424670696 12.898575783
 -3.607479334 6.425605774 12.898575783
 -2.533148527 6.886407852 11.655150414
 -1.275846124 7.187222481 10.385744095
