459
 0.001363756 -0.000000763 -3.000002623
 -8.499996185 -0.000000763 -3.000003576
 0.001362800 -0.000000763 2.991848230
 -8.499996185 -0.000000763 2.999997139
 -8.499997139 -0.721121073 -3.000002623
 -8.499996185 -0.721121073 2.999997139
 -0.988993704 -0.719692886 -2.561945915
 -0.988993704 -0.719692886 2.564937830
 -0.982884765 -0.719692886 3.003340244
 -0.988993704 -0.719692886 -3.000348091
 0.001363873 -0.719692886 2.564937830
 0.001363695 -0.719692886 0.001498222
 0.001363695 -0.719692886 -2.561945915
 0.001363873 -0.719692886 -3.000348091
 0.001363695 -0.719692886 3.003340244
 -7.890963554 -2.644039392 -3.128465176
 -7.891077042 -3.152926207 -3.061946154
 -7.891081333 -3.153621197 -3.260821819
 -7.890999317 -2.817206144 -3.000348091
 -7.891154766 -3.489762306 -2.922057629
 -7.891191483 -3.641341209 -3.033193827
 -7.891079426 -3.153269529 -2.267604351
 -7.890999317 -2.817206144 -2.561945915
 -7.890963554 -2.643913507 -2.441081285
 -7.891077042 -3.152926207 -2.467331409
 -7.891191483 -3.641314030 -2.488926649
 -7.891154766 -3.489762306 -2.601308584
 -8.530121803 -2.643403053 -3.128464699
 -8.530200958 -3.152662992 -3.260821819
 -8.530274391 -3.640395164 -3.033193827
 -8.530198097 -3.152310371 -2.267604351
 -8.530121803 -2.643277168 -2.441081285
 -8.530274391 -3.640367985 -2.488926649
 -1.488491774 -0.999147654 -3.061946154
 -1.507988095 -0.749909103 -3.000348091
 -0.979434013 -0.969509661 -3.061946154
 -1.995967150 -1.049024701 -3.061946154
 -2.025368452 -0.800759733 -3.000348091
 -2.501054287 -1.119062543 -3.061946154
 -2.540314436 -0.872164786 -3.000348091
 -3.002953291 -1.209149718 -3.061946154
 -3.052010298 -0.964010477 -3.000348091
 -3.500868797 -1.319144130 -3.061946154
 -3.559644699 -1.076151013 -3.000348091
 -3.994011402 -1.448869824 -3.061946154
 -4.062412262 -1.208409667 -3.000348091
 -4.481598854 -1.598122954 -3.061946154
 -4.559517384 -1.360575557 -3.000348091
 -4.962859631 -1.766665339 -3.061946154
 -5.050172329 -1.532407880 -3.000348091
 -5.437029839 -1.954231024 -3.061946154
 -5.533598423 -1.723634839 -3.000348091
 -5.903359413 -2.160521984 -3.061946154
 -6.009029388 -1.933952689 -3.000348091
 -6.361106873 -2.385212183 -3.061946154
 -6.475711346 -2.163028240 -3.000348091
 -6.809547901 -2.627944469 -3.061946154
 -6.932906151 -2.410498381 -3.000348091
 -7.247972488 -2.888334990 -3.061946154
 -7.379887581 -2.675971508 -3.000348091
 -7.663105488 -3.102886438 -3.061946154
 -1.468995690 -1.248386145 -2.922057629
 -0.969874382 -1.219326496 -2.922057629
 -1.966565728 -1.297289729 -2.922057629
 -2.461794138 -1.365960479 -2.922057629
 -2.953896284 -1.454289794 -2.922057629
 -3.442093372 -1.562136531 -2.922057629
 -3.925609827 -1.689329982 -2.922057629
 -4.403680325 -1.835670114 -2.922057629
 -4.875546932 -2.000922680 -2.922057629
 -5.340462685 -2.184826851 -2.922057629
 -5.797688961 -2.387092113 -2.922057629
 -6.246501446 -2.607396126 -2.922057629
 -6.686190605 -2.845390558 -2.922057629
 -7.116056919 -3.100698233 -2.922057629
 -7.535419941 -3.372914314 -2.922057629
 -7.663105488 -3.102886438 -2.467331409
 -7.247972488 -2.888334990 -2.467331409
 -7.379887581 -2.675971508 -2.561945915
 -6.809547901 -2.627944469 -2.467331409
 -6.932906151 -2.410498381 -2.561945915
 -6.361106873 -2.385212183 -2.467331409
 -6.475711346 -2.163028240 -2.561945915
 -5.903359413 -2.160521984 -2.467331409
 -6.009029388 -1.933952689 -2.561945915
 -5.437029839 -1.954231024 -2.467331409
 -5.533598423 -1.723634839 -2.561945915
 -4.962859631 -1.766665339 -2.467331409
 -5.050172329 -1.532407880 -2.561945915
 -4.481598854 -1.598122954 -2.467331409
 -4.559517384 -1.360575557 -2.561945915
 -3.994011402 -1.448869824 -2.467331409
 -4.062412262 -1.208409667 -2.561945915
 -3.500868797 -1.319144130 -2.467331409
 -3.559644699 -1.076151013 -2.561945915
 -3.002953291 -1.209149718 -2.467331409
 -3.052010298 -0.964010477 -2.561945915
 -2.501054287 -1.119062543 -2.467331409
 -2.540314436 -0.872164786 -2.561945915
 -1.995967150 -1.049024701 -2.467331409
 -2.025368452 -0.800759733 -2.561945915
 -1.488491774 -0.999147654 -2.467331409
 -1.507988095 -0.749909103 -2.561945915
 -0.979434013 -0.969509661 -2.467331409
 -7.535419941 -3.372914314 -2.601308584
 -7.116056919 -3.100698233 -2.601308584
 -6.686190605 -2.845390558 -2.601308584
 -6.246501446 -2.607396126 -2.601308584
 -5.797688961 -2.387092113 -2.601308584
 -5.340462685 -2.184826851 -2.601308584
 -4.875546932 -2.000922680 -2.601308584
 -4.403680325 -1.835670114 -2.601308584
 -3.925609827 -1.689329982 -2.601308584
 -3.442093372 -1.562136531 -2.601308584
 -2.953896284 -1.454289794 -2.601308584
 -2.461794138 -1.365960479 -2.601308584
 -1.966565728 -1.297289729 -2.601308584
 -1.468995690 -1.248386145 -2.601308584
 -0.969874382 -1.219326496 -2.601308584
 -7.890963554 -2.644039392 2.436821461
 -7.891077042 -3.152926207 2.503340006
 -7.891081333 -3.153621197 2.304464340
 -7.890999317 -2.817206144 2.564937830
 -7.891154766 -3.489762306 2.643228292
 -7.891191483 -3.641341209 2.532092333
 -7.891079426 -3.153269529 3.297682047
 -7.890999317 -2.817206144 3.003340244
 -7.890963554 -2.643913507 3.124204874
 -7.891077042 -3.152926207 3.097954988
 -7.891191483 -3.641314030 3.076359510
 -7.891154766 -3.489762306 2.963977575
 -8.530121803 -2.643403053 2.436821461
 -8.530200958 -3.152662992 2.304464340
 -8.530274391 -3.640395164 2.532092333
 -8.530198097 -3.152310371 3.297682047
 -8.530121803 -2.643277168 3.124204874
 -8.530274391 -3.640367985 3.076359510
 -1.488491774 -0.999147654 2.503340006
 -1.507988095 -0.749909103 2.564937830
 -0.979434013 -0.969509661 2.503340006
 -1.995967150 -1.049024701 2.503340006
 -2.025368452 -0.800759733 2.564937830
 -2.501054287 -1.119062543 2.503340006
 -2.540314436 -0.872164786 2.564937830
 -3.002953291 -1.209149718 2.503340006
 -3.052010298 -0.964010477 2.564937830
 -3.500868797 -1.319144130 2.503340006
 -3.559644699 -1.076151013 2.564937830
 -3.994011402 -1.448869824 2.503340006
 -4.062412262 -1.208409667 2.564937830
 -4.481598854 -1.598122954 2.503340006
 -4.559517384 -1.360575557 2.564937830
 -4.962859631 -1.766665339 2.503340006
 -5.050172329 -1.532407880 2.564937830
 -5.437029839 -1.954231024 2.503340006
 -5.533598423 -1.723634839 2.564937830
 -5.903359413 -2.160521984 2.503340006
 -6.009029388 -1.933952689 2.564937830
 -6.361106873 -2.385212183 2.503340006
 -6.475711346 -2.163028240 2.564937830
 -6.809547901 -2.627944469 2.503340006
 -6.932906151 -2.410498381 2.564937830
 -7.247972488 -2.888334990 2.503340006
 -7.379887581 -2.675971508 2.564937830
 -7.663105488 -3.102886438 2.503340006
 -1.468995690 -1.248386145 2.643228292
 -0.969874382 -1.219326496 2.643228292
 -1.966565728 -1.297289729 2.643228292
 -2.461794138 -1.365960479 2.643228292
 -2.953896284 -1.454289794 2.643228292
 -3.442093372 -1.562136531 2.643228292
 -3.925609827 -1.689329982 2.643228292
 -4.403680325 -1.835670114 2.643228292
 -4.875546932 -2.000922680 2.643228292
 -5.340462685 -2.184826851 2.643228292
 -5.797688961 -2.387092113 2.643228292
 -6.246501446 -2.607396126 2.643228292
 -6.686190605 -2.845390558 2.643228292
 -7.116056919 -3.100698233 2.643228292
 -7.535419941 -3.372914314 2.643228292
 -7.663105488 -3.102886438 3.097954988
 -7.247972488 -2.888334990 3.097954988
 -7.379887581 -2.675971508 3.003340244
 -6.809547901 -2.627944469 3.097954988
 -6.932906151 -2.410498381 3.003340244
 -6.361106873 -2.385212183 3.097954988
 -6.475711346 -2.163028240 3.003340244
 -5.903359413 -2.160521984 3.097954988
 -6.009029388 -1.933952689 3.003340244
 -5.437029839 -1.954231024 3.097954988
 -5.533598423 -1.723634839 3.003340244
 -4.962859631 -1.766665339 3.097954988
 -5.050172329 -1.532407880 3.003340244
 -4.481598854 -1.598122954 3.097954988
 -4.559517384 -1.360575557 3.003340244
 -3.994011402 -1.448869824 3.097954988
 -4.062412262 -1.208409667 3.003340244
 -3.500868797 -1.319144130 3.097954988
 -3.559644699 -1.076151013 3.003340244
 -3.002953291 -1.209149718 3.097954988
 -3.052010298 -0.964010477 3.003340244
 -2.501054287 -1.119062543 3.097954988
 -2.540314436 -0.872164786 3.003340244
 -1.995967150 -1.049024701 3.097954988
 -2.025368452 -0.800759733 3.003340244
 -1.488491774 -0.999147654 3.097954988
 -1.507988095 -0.749909103 3.003340244
 -0.979434013 -0.969509661 3.097954988
 -7.535419941 -3.372914314 2.963977575
 -7.116056919 -3.100698233 2.963977575
 -6.686190605 -2.845390558 2.963977575
 -6.246501446 -2.607396126 2.963977575
 -5.797688961 -2.387092113 2.963977575
 -5.340462685 -2.184826851 2.963977575
 -4.875546932 -2.000922680 2.963977575
 -4.403680325 -1.835670114 2.963977575
 -3.925609827 -1.689329982 2.963977575
 -3.442093372 -1.562136531 2.963977575
 -2.953896284 -1.454289794 2.963977575
 -2.461794138 -1.365960479 2.963977575
 -1.966565728 -1.297289729 2.963977575
 -1.468995690 -1.248386145 2.963977575
 -0.969874382 -1.219326496 2.963977575
 0.001363814 -0.845206976 2.533989668
 0.001363873 -0.969509661 2.503340006
 0.001363873 -1.095029593 2.573626757
 0.001363873 -1.219326496 2.643228292
 0.001363635 -0.845207155 3.050876617
 0.001363695 -0.969509661 3.097954988
 0.001363575 -1.095029831 3.030637980
 0.001363635 -1.219326496 2.963977575
 0.001363635 -1.219326496 2.803602934
 0.001363814 -0.845206976 -3.031296253
 0.001363873 -0.969509661 -3.061946154
 0.001363873 -1.095029593 -2.991659403
 0.001363873 -1.219326496 -2.922057629
 0.001363635 -0.845207155 -2.514409304
 0.001363695 -0.969509661 -2.467331409
 0.001363575 -1.095029831 -2.534648180
 0.001363635 -1.219326496 -2.601308584
 0.001363635 -1.219326496 -2.761682987
 0.001363695 -0.719692886 2.784817457
 0.001363695 -0.719692886 -2.781146765
 8.499997139 -0.000000763 -3.000000477
 8.499998093 -0.000000763 3.000000000
 0.991722703 -0.719692886 -2.561945915
 0.991722703 -0.719692886 2.564937830
 0.991722703 -0.719692886 -3.000348091
 0.991722703 -0.719692886 3.003340244
 8.499997139 -0.723240554 -3.000000477
 8.499998093 -0.723240554 3.000000000
 7.893693924 -2.644039392 2.436821461
 7.893810272 -3.153621197 2.304464340
 7.893805027 -3.152926207 2.503340006
 7.893728733 -2.817206144 2.564937830
 7.893921375 -3.641341209 2.532092333
 7.893883228 -3.489762306 2.643228292
 7.893808365 -3.153269529 3.297682047
 7.893692493 -2.643913507 3.124204874
 7.893728733 -2.817206144 3.003340244
 7.893805027 -3.152926207 3.097954988
 7.893921375 -3.641314030 3.076359510
 7.893883228 -3.489762306 2.963977575
 8.532851219 -2.643403053 2.436821461
 8.532929420 -3.152662992 2.304464340
 8.533002853 -3.640395164 2.532092333
 8.532928467 -3.152310371 3.297682047
 8.532850266 -2.643277168 3.124204874
 8.533002853 -3.640367985 3.076359510
 0.982163012 -0.969509661 2.503340006
 1.510717154 -0.749909103 2.564937830
 1.491221189 -0.999147654 2.503340006
 2.028097153 -0.800759733 2.564937830
 1.998695970 -1.049024701 2.503340006
 2.543043137 -0.872164786 2.564937830
 2.503782988 -1.119062543 2.503340006
 3.054739237 -0.964010477 2.564937830
 3.005682230 -1.209149718 2.503340006
 3.562373638 -1.076151013 2.564937830
 3.503597736 -1.319144130 2.503340006
 4.065141678 -1.208409667 2.564937830
 3.996740341 -1.448869824 2.503340006
 4.562246799 -1.360575557 2.564937830
 4.484328270 -1.598122954 2.503340006
 5.052901745 -1.532407880 2.564937830
 4.965588570 -1.766665339 2.503340006
 5.536326885 -1.723634839 2.564937830
 5.439759731 -1.954231024 2.503340006
 6.011758327 -1.933952689 2.564937830
 5.906087875 -2.160521984 2.503340006
 6.478440762 -2.163028240 2.564937830
 6.363835812 -2.385212183 2.503340006
 6.935634613 -2.410498381 2.564937830
 6.812276840 -2.627944469 2.503340006
 7.382615566 -2.675971508 2.564937830
 7.250700474 -2.888334990 2.503340006
 7.665834427 -3.102886438 2.503340006
 0.972603381 -1.219326496 2.643228292
 1.471724987 -1.248386145 2.643228292
 1.969294310 -1.297289729 2.643228292
 2.464522839 -1.365960479 2.643228292
 2.956625462 -1.454289794 2.643228292
 3.444822073 -1.562136531 2.643228292
 3.928339243 -1.689329982 2.643228292
 4.406409740 -1.835670114 2.643228292
 4.878275871 -2.000922680 2.643228292
 5.343191147 -2.184826851 2.643228292
 5.800417900 -2.387092113 2.643228292
 6.249230862 -2.607396126 2.643228292
 6.688919544 -2.845390558 2.643228292
 7.118785381 -3.100698233 2.643228292
 7.538148880 -3.372914314 2.643228292
 7.665834427 -3.102886438 3.097954988
 7.382615566 -2.675971508 3.003340244
 7.250700474 -2.888334990 3.097954988
 6.935634613 -2.410498381 3.003340244
 6.812276840 -2.627944469 3.097954988
 6.478440762 -2.163028240 3.003340244
 6.363835812 -2.385212183 3.097954988
 6.011758327 -1.933952689 3.003340244
 5.906087875 -2.160521984 3.097954988
 5.536326885 -1.723634839 3.003340244
 5.439759731 -1.954231024 3.097954988
 5.052901745 -1.532407880 3.003340244
 4.965588570 -1.766665339 3.097954988
 4.562246799 -1.360575557 3.003340244
 4.484328270 -1.598122954 3.097954988
 4.065141678 -1.208409667 3.003340244
 3.996740341 -1.448869824 3.097954988
 3.562373638 -1.076151013 3.003340244
 3.503597736 -1.319144130 3.097954988
 3.054739237 -0.964010477 3.003340244
 3.005682230 -1.209149718 3.097954988
 2.543043137 -0.872164786 3.003340244
 2.503782988 -1.119062543 3.097954988
 2.028097153 -0.800759733 3.003340244
 1.998695970 -1.049024701 3.097954988
 1.510717154 -0.749909103 3.003340244
 1.491221189 -0.999147654 3.097954988
 0.982163012 -0.969509661 3.097954988
 7.538148880 -3.372914314 2.963977575
 7.118785381 -3.100698233 2.963977575
 6.688919544 -2.845390558 2.963977575
 6.249230862 -2.607396126 2.963977575
 5.800417900 -2.387092113 2.963977575
 5.343191147 -2.184826851 2.963977575
 4.878275871 -2.000922680 2.963977575
 4.406409740 -1.835670114 2.963977575
 3.928339243 -1.689329982 2.963977575
 3.444822073 -1.562136531 2.963977575
 2.956625462 -1.454289794 2.963977575
 2.464522839 -1.365960479 2.963977575
 1.969294310 -1.297289729 2.963977575
 1.471724987 -1.248386145 2.963977575
 0.972603381 -1.219326496 2.963977575
 7.893693924 -2.644039392 -3.128465176
 7.893810272 -3.153621197 -3.260821819
 7.893805027 -3.152926207 -3.061946154
 7.893728733 -2.817206144 -3.000348091
 7.893921375 -3.641341209 -3.033193827
 7.893883228 -3.489762306 -2.922057629
 7.893808365 -3.153269529 -2.267604351
 7.893692493 -2.643913507 -2.441081285
 7.893728733 -2.817206144 -2.561945915
 7.893805027 -3.152926207 -2.467331409
 7.893921375 -3.641314030 -2.488926649
 7.893883228 -3.489762306 -2.601308584
 8.532851219 -2.643403053 -3.128464699
 8.532929420 -3.152662992 -3.260821819
 8.533002853 -3.640395164 -3.033193827
 8.532928467 -3.152310371 -2.267604351
 8.532850266 -2.643277168 -2.441081285
 8.533002853 -3.640367985 -2.488926649
 0.982163012 -0.969509661 -3.061946154
 1.510717154 -0.749909103 -3.000348091
 1.491221189 -0.999147654 -3.061946154
 2.028097153 -0.800759733 -3.000348091
 1.998695970 -1.049024701 -3.061946154
 2.543043137 -0.872164786 -3.000348091
 2.503782988 -1.119062543 -3.061946154
 3.054739237 -0.964010477 -3.000348091
 3.005682230 -1.209149718 -3.061946154
 3.562373638 -1.076151013 -3.000348091
 3.503597736 -1.319144130 -3.061946154
 4.065141678 -1.208409667 -3.000348091
 3.996740341 -1.448869824 -3.061946154
 4.562246799 -1.360575557 -3.000348091
 4.484328270 -1.598122954 -3.061946154
 5.052901745 -1.532407880 -3.000348091
 4.965588570 -1.766665339 -3.061946154
 5.536326885 -1.723634839 -3.000348091
 5.439759731 -1.954231024 -3.061946154
 6.011758327 -1.933952689 -3.000348091
 5.906087875 -2.160521984 -3.061946154
 6.478440762 -2.163028240 -3.000348091
 6.363835812 -2.385212183 -3.061946154
 6.935634613 -2.410498381 -3.000348091
 6.812276840 -2.627944469 -3.061946154
 7.382615566 -2.675971508 -3.000348091
 7.250700474 -2.888334990 -3.061946154
 7.665834427 -3.102886438 -3.061946154
 0.972603381 -1.219326496 -2.922057629
 1.471724987 -1.248386145 -2.922057629
 1.969294310 -1.297289729 -2.922057629
 2.464522839 -1.365960479 -2.922057629
 2.956625462 -1.454289794 -2.922057629
 3.444822073 -1.562136531 -2.922057629
 3.928339243 -1.689329982 -2.922057629
 4.406409740 -1.835670114 -2.922057629
 4.878275871 -2.000922680 -2.922057629
 5.343191147 -2.184826851 -2.922057629
 5.800417900 -2.387092113 -2.922057629
 6.249230862 -2.607396126 -2.922057629
 6.688919544 -2.845390558 -2.922057629
 7.118785381 -3.100698233 -2.922057629
 7.538148880 -3.372914314 -2.922057629
 7.665834427 -3.102886438 -2.467331409
 7.382615566 -2.675971508 -2.561945915
 7.250700474 -2.888334990 -2.467331409
 6.935634613 -2.410498381 -2.561945915
 6.812276840 -2.627944469 -2.467331409
 6.478440762 -2.163028240 -2.561945915
 6.363835812 -2.385212183 -2.467331409
 6.011758327 -1.933952689 -2.561945915
 5.906087875 -2.160521984 -2.467331409
 5.536326885 -1.723634839 -2.561945915
 5.439759731 -1.954231024 -2.467331409
 5.052901745 -1.532407880 -2.561945915
 4.965588570 -1.766665339 -2.467331409
 4.562246799 -1.360575557 -2.561945915
 4.484328270 -1.598122954 -2.467331409
 4.065141678 -1.208409667 -2.561945915
 3.996740341 -1.448869824 -2.467331409
 3.562373638 -1.076151013 -2.561945915
 3.503597736 -1.319144130 -2.467331409
 3.054739237 -0.964010477 -2.561945915
 3.005682230 -1.209149718 -2.467331409
 2.543043137 -0.872164786 -2.561945915
 2.503782988 -1.119062543 -2.467331409
 2.028097153 -0.800759733 -2.561945915
 1.998695970 -1.049024701 -2.467331409
 1.510717154 -0.749909103 -2.561945915
 1.491221189 -0.999147654 -2.467331409
 0.982163012 -0.969509661 -2.467331409
 7.538148880 -3.372914314 -2.601308584
 7.118785381 -3.100698233 -2.601308584
 6.688919544 -2.845390558 -2.601308584
 6.249230862 -2.607396126 -2.601308584
 5.800417900 -2.387092113 -2.601308584
 5.343191147 -2.184826851 -2.601308584
 4.878275871 -2.000922680 -2.601308584
 4.406409740 -1.835670114 -2.601308584
 3.928339243 -1.689329982 -2.601308584
 3.444822073 -1.562136531 -2.601308584
 2.956625462 -1.454289794 -2.601308584
 2.464522839 -1.365960479 -2.601308584
 1.969294310 -1.297289729 -2.601308584
 1.471724987 -1.248386145 -2.601308584
 0.972603381 -1.219326496 -2.601308584
