1243
 -19.939777374 17.999996185 -2.625121593
 -20.111831665 17.999994278 0.000000763
 -22.252237320 17.999994278 0.000001526
 -22.061872482 17.999996185 -2.904500008
 -19.426536560 17.999996185 -5.205326557
 -21.494009018 17.999996185 -5.759302616
 -18.580915451 17.999996185 -7.696466923
 -20.558389664 17.999996185 -8.515563011
 -17.417356491 17.999996185 -10.055917740
 -19.271001816 17.999996185 -11.126119614
 -15.955796242 17.999996185 -12.243310928
 -17.653890610 17.999996185 -13.546307564
 -14.221212387 17.999996185 -14.221220016
 -15.734704018 17.999996185 -15.734714508
 -12.243305206 17.999996185 -15.955798149
 -13.546298027 17.999996185 -17.653892517
 -10.055918694 17.999996185 -17.417366028
 -11.126119614 17.999996185 -19.271009445
 -7.696462154 17.999996185 -18.580917358
 -8.515559196 17.999996185 -20.558391571
 -5.205325127 17.999996185 -19.426542282
 -5.759303570 17.999996185 -21.494012833
 -2.625121355 17.999996185 -19.939781189
 -2.904500484 17.999996185 -22.061870575
 0.000000655 17.999996185 -20.111839294
 0.000000361 17.999996185 -22.252239227
 2.625122309 17.999996185 -19.939779282
 2.904500484 17.999996185 -22.061870575
 5.205328465 17.999996185 -19.426546097
 5.759305000 17.999996185 -21.494012833
 7.696468830 17.999996185 -18.580919266
 8.515563965 17.999996185 -20.558391571
 10.055926323 17.999996185 -17.417360306
 11.126129150 17.999996185 -19.271003723
 12.243311882 17.999996185 -15.955796242
 13.546307564 17.999996185 -17.653890610
 14.221220016 17.999996185 -14.221210480
 15.734710693 17.999996185 -15.734704971
 15.955796242 17.999996185 -12.243310928
 17.653890610 17.999996185 -13.546304703
 17.417366028 17.999996185 -10.055920601
 19.271009445 17.999996185 -11.126120567
 18.580915451 17.999996185 -7.696468830
 20.558389664 17.999996185 -8.515563965
 19.426546097 17.999996185 -5.205326557
 21.494012833 17.999996185 -5.759302616
 19.939785004 17.999996185 -2.625121593
 22.061878204 17.999996185 -2.904500008
 20.111841202 17.999994278 0.000000000
 22.252244949 17.999994278 0.000000000
 -19.939777374 19.999996185 -2.625121593
 -20.111831665 19.999996185 0.000000763
 -19.426536560 19.999996185 -5.205326557
 -18.580915451 19.999996185 -7.696466923
 -17.417356491 19.999996185 -10.055917740
 -15.955796242 19.999996185 -12.243310928
 -14.221212387 19.999996185 -14.221220016
 -12.243305206 19.999996185 -15.955798149
 -10.055918694 19.999996185 -17.417366028
 -7.696462154 19.999996185 -18.580917358
 -5.205325127 19.999996185 -19.426546097
 -2.625121355 19.999996185 -19.939781189
 0.000000655 19.999996185 -20.111839294
 2.625122309 19.999996185 -19.939781189
 5.205328465 19.999996185 -19.426546097
 7.696468830 19.999996185 -18.580919266
 10.055926323 19.999996185 -17.417360306
 12.243311882 19.999996185 -15.955796242
 14.221220016 19.999996185 -14.221210480
 15.955796242 19.999996185 -12.243310928
 17.417366028 19.999996185 -10.055920601
 18.580915451 19.999996185 -7.696468830
 19.426546097 19.999996185 -5.205326557
 19.939785004 19.999996185 -2.625121593
 20.111841202 19.999996185 0.000000000
 24.844280243 17.999996185 -24.806970596
 24.807189941 17.999994278 -0.000001907
 22.854248047 17.999996185 -22.819925308
 0.004554137 17.999996185 -24.807184219
 -24.806970596 17.999996185 -24.844280243
 -22.819925308 17.999996185 -22.854248047
 -24.807186127 17.999994278 -0.004553985
 35.535224915 17.451635361 -35.537017822
 35.538074493 17.451635361 -0.000003815
 35.538074493 17.999914169 0.000000000
 35.535224915 17.999996185 -35.537017822
 36.803150177 15.669957161 -9.987001419
 36.803108215 15.669957161 -0.000000954
 39.293651581 7.812638283 -15.219840050
 39.293663025 7.999995232 -24.774148941
 39.464527130 7.596116066 -15.003861427
 39.464527130 7.594239712 -24.996311188
 36.798171997 0.111734904 -24.774148941
 36.799926758 0.111740239 -36.802246094
 37.004226685 0.355843425 -24.996311188
 37.004989624 0.355849177 -36.997390747
 36.799945831 7.810761452 -36.802909851
 36.798553467 7.810762882 -24.774148941
 37.004589081 7.596117973 -36.998935699
 37.004226685 7.594241619 -24.996311188
 39.273551941 0.111740239 -24.774148941
 39.464527130 0.355849177 -24.996311188
 38.999954224 -0.000000704 -15.997175217
 39.464523315 0.355842650 -15.802337646
 39.464527130 0.355854511 -24.194940567
 38.797191620 3.977247953 -16.270195007
 38.797191620 4.680344582 -17.312591553
 38.999954224 4.943675995 -17.161867142
 38.797191620 5.018977165 -18.133613586
 38.999954224 5.306254864 -18.007198334
 38.797191620 5.204749584 -19.067825317
 38.999958038 5.542950153 -18.996498108
 38.797191620 5.247019291 -19.999998093
 38.999958038 5.611279964 -19.999996185
 38.797191620 5.186112881 -20.934211731
 38.999958038 5.542950153 -21.009542465
 38.797191620 4.981310368 -21.855779648
 38.999958038 5.306254864 -21.998840332
 38.797191620 4.664696217 -22.685903549
 38.999958038 4.942940712 -22.845863342
 38.797191620 3.954028368 -23.695899963
 38.797191620 -0.000000368 -23.698852539
 38.797191620 3.731299877 -23.256633759
 38.797191620 4.268822670 -22.458326340
 38.999958038 4.015303612 -22.312587738
 38.797191620 4.591211319 -21.684032440
 38.999958038 4.320854664 -21.565006256
 38.797191620 4.787003994 -20.849958420
 38.797191620 4.860293865 -20.000001907
 38.999958038 4.568471909 -20.000005722
 38.797191620 4.797078133 -19.153800964
 38.797191620 4.591823578 -18.321580887
 38.999958038 4.320854664 -18.440818787
 38.797191620 4.279661655 -17.521266937
 38.999954224 4.015303612 -17.693239212
 38.797191620 3.751084805 -16.700536728
 38.999954224 -0.000000660 -16.999996185
 39.999996185 3.594876766 -16.999996185
 39.999996185 -0.000000660 -16.999996185
 39.999996185 -0.000000398 -22.999996185
 39.999996185 3.594876766 -22.999996185
 39.999996185 4.015303135 -17.693239212
 39.999996185 4.320854187 -18.440818787
 39.999996185 4.568471909 -20.000005722
 39.999996185 4.320854187 -21.565006256
 39.999996185 4.015303135 -22.312587738
 39.464523315 4.222511292 -15.802575111
 39.464527130 4.220895290 -24.194849014
 36.801025391 0.111740239 -15.221866608
 36.997222900 0.355849177 -15.005416870
 36.803070068 7.810806751 -15.221817017
 36.998043060 7.595224857 -15.005039215
 36.802246094 -0.000001196 -4.748524189
 36.997055054 0.355849177 -4.968141079
 36.803226471 7.810851097 -4.752186298
 36.997142792 7.594331264 -4.968503952
 39.273551941 -0.000001196 -4.752070427
 39.464530945 0.355843425 -4.968139172
 39.293655396 7.812638283 -4.752183437
 39.464530945 7.596116543 -4.968165398
 39.293651581 7.812638283 -0.000000477
 38.999961853 5.611279964 0.000000763
 38.797191620 5.186112881 -0.934213817
 38.797199249 5.247019291 -0.000002289
 38.999961853 5.542950153 -1.009544849
 38.797191620 4.981310368 -1.855783463
 38.999961853 5.306254864 -1.998845339
 38.797191620 4.664696217 -2.685907125
 38.999961853 4.942940712 -2.845863581
 38.797191620 3.954028368 -3.695903063
 38.797191620 -0.000001242 -3.698855639
 38.797191620 3.731299877 -3.256635904
 38.797191620 4.268822670 -2.458329916
 38.999961853 4.015303612 -2.312588692
 38.797191620 4.591211319 -1.684038162
 38.999961853 4.320854664 -1.565008879
 38.797191620 4.787003994 -0.849959373
 38.797191620 4.860293865 -0.000005341
 38.999961853 4.568471909 -0.000008392
 39.999996185 -0.000001272 -2.999998808
 40.000000000 3.594876766 -2.999998808
 40.000000000 4.568471909 -0.000006866
 40.000000000 4.320854187 -1.565007567
 40.000000000 4.015303135 -2.312587261
 39.464527130 4.220895290 -4.194851398
 0.005193383 17.451635361 -35.538078308
 0.005193383 17.999996185 -35.538078308
 -35.537014008 17.451635361 -35.535228729
 -35.537014008 17.999996185 -35.535228729
 9.997449875 15.669957161 -36.803070068
 36.799945831 15.669957161 -36.802909851
 -9.987000465 15.669957161 -36.803150177
 -36.802906036 15.669957161 -36.799945831
 -15.219836235 7.812638283 -39.293651581
 -24.774145126 7.999995232 -39.293663025
 -15.003857613 7.596116066 -39.464527130
 -24.996309280 7.594239712 -39.464527130
 -24.774145126 0.111734904 -36.798171997
 -36.802238464 0.111740239 -36.799926758
 -24.996309280 0.355843425 -37.004230499
 -36.997386932 0.355849177 -37.004989624
 -36.802906036 7.810761452 -36.799945831
 -24.774145126 7.810762882 -36.798553467
 -36.998931885 7.596117973 -37.004592896
 -24.996309280 7.594241619 -37.004230499
 -24.774145126 0.111740239 -39.273548126
 -24.996309280 0.355849177 -39.464527130
 -15.997171402 0.000000301 -38.999950409
 -15.802335739 0.355842650 -39.464523315
 -24.194936752 0.355854511 -39.464527130
 -16.270191193 3.977247953 -38.797191620
 -17.312585831 4.680344582 -38.797191620
 -17.161865234 4.943675995 -38.999954224
 -18.133611679 5.018977165 -38.797191620
 -18.007194519 5.306254864 -38.999954224
 -19.067821503 5.204749584 -38.797191620
 -18.996496201 5.542950153 -38.999958038
 -19.999996185 5.247019291 -38.797191620
 -19.999992371 5.611279964 -38.999958038
 -20.934209824 5.186112881 -38.797191620
 -21.009536743 5.542950153 -38.999958038
 -21.855777740 4.981310368 -38.797191620
 -21.998836517 5.306254864 -38.999958038
 -22.685901642 4.664696217 -38.797191620
 -22.845861435 4.942940712 -38.999958038
 -23.695898056 3.954028368 -38.797191620
 -23.698848724 0.000000292 -38.797187805
 -23.256631851 3.731299877 -38.797191620
 -22.458324432 4.268822670 -38.797191620
 -22.312583923 4.015303612 -38.999958038
 -21.684030533 4.591211319 -38.797191620
 -21.565002441 4.320854664 -38.999958038
 -20.849954605 4.787003994 -38.797191620
 -19.999998093 4.860293865 -38.797191620
 -20.000001907 4.568471909 -38.999958038
 -19.153797150 4.797078133 -38.797191620
 -18.321578979 4.591823578 -38.797191620
 -18.440816879 4.320854664 -38.999958038
 -17.521263123 4.279661655 -38.797191620
 -17.693235397 4.015303612 -38.999954224
 -16.700532913 3.751084805 -38.797191620
 -16.999990463 0.000000301 -38.999950409
 -16.999990463 3.594876766 -39.999996185
 -16.999990463 0.000000345 -39.999988556
 -22.999994278 0.000000345 -39.999988556
 -22.999994278 3.594876766 -39.999996185
 -17.693235397 4.015303135 -39.999996185
 -18.440816879 4.320854187 -39.999996185
 -20.000001907 4.568471909 -39.999996185
 -21.565002441 4.320854187 -39.999996185
 -22.312583923 4.015303135 -39.999996185
 -15.802572250 4.222511292 -39.464523315
 -24.194845200 4.220895290 -39.464527130
 -15.221862793 0.111740239 -36.801025391
 -15.005414009 0.355849177 -36.997222900
 -15.221815109 7.810806751 -36.803070068
 -15.005035400 7.595224857 -36.998043060
 15.212380409 0.111740239 -36.802246094
 15.218720436 0.000000313 -39.273544312
 15.003314018 0.355849177 -36.997055054
 15.003685951 0.355849177 -39.464523315
 15.218050957 7.810761929 -39.293651581
 15.212399483 7.999995232 -36.802909851
 15.003685951 7.594240665 -39.464523315
 14.989044189 7.596117973 -36.998935699
 -4.748521328 0.000000205 -36.802242279
 -4.968137741 0.355849177 -36.997058868
 -4.752183437 7.810851097 -36.803226471
 -4.968500614 7.594331264 -36.997142792
 -4.752066612 0.000000313 -39.273548126
 -4.968135834 0.355843425 -39.464530945
 -4.752180099 7.812638283 -39.293651581
 -4.968162060 7.596116543 -39.464530945
 4.782488823 7.812638283 -39.293651581
 4.998471260 7.596116543 -39.464527130
 4.782375813 0.111740239 -36.799797058
 4.998445988 0.355849177 -36.997055054
 4.782491207 7.810851097 -36.803222656
 4.998809338 7.594331264 -36.997138977
 4.782376289 0.111734904 -39.273548126
 4.998445034 0.355843425 -39.464527130
 4.197665691 0.355842650 -39.464527130
 3.729803801 3.977247953 -38.797195435
 3.729335785 0.000000292 -38.797191620
 2.687410355 4.680344582 -38.797195435
 2.838133812 4.943675995 -38.999961853
 1.866388679 5.018977165 -38.797195435
 1.992803216 5.306254864 -38.999961853
 0.932177126 5.204749584 -38.797195435
 1.003502727 5.542950153 -38.999961853
 0.000001103 5.247019291 -38.797195435
 0.000004172 5.611279964 -38.999961853
 -0.934210420 5.186112881 -38.797195435
 -1.009541512 5.542950153 -38.999961853
 -1.855780005 4.981310368 -38.797195435
 -1.998841882 5.306254864 -38.999965668
 -2.685903549 4.664696217 -38.797195435
 -2.845860004 4.942940712 -38.999965668
 -3.695899487 3.954028368 -38.797195435
 -3.698852062 0.000000292 -38.797191620
 -3.256632566 3.731299877 -38.797195435
 -2.458326578 4.268822670 -38.797195435
 -2.312585354 4.015303612 -38.999961853
 -1.684034705 4.591211319 -38.797195435
 -1.565005541 4.320854664 -38.999961853
 -0.849955976 4.787003994 -38.797195435
 -0.000001949 4.860293865 -38.797195435
 -0.000004983 4.568471909 -38.999961853
 0.846199989 4.797078133 -38.797195435
 1.678421736 4.591823578 -38.797195435
 1.559181929 4.320854664 -38.999961853
 2.478734493 4.279661655 -38.797195435
 2.306761742 4.015303612 -38.999961853
 3.299464703 3.751084805 -38.797195435
 3.000003338 3.594876766 -39.999996185
 3.000003576 0.000000345 -39.999992371
 -2.999994993 0.000000345 -39.999992371
 -2.999994993 3.594876766 -40.000000000
 2.306763172 4.015303135 -39.999996185
 1.559183598 4.320854187 -39.999996185
 -0.000003370 4.568471909 -40.000000000
 -1.565003991 4.320854187 -40.000000000
 -2.312583923 4.015303135 -40.000000000
 4.197427750 4.222511292 -39.464527130
 -4.194848061 4.220895290 -39.464527130
 24.782482147 7.812638283 -39.293651581
 24.998464584 7.596116543 -39.464527130
 24.782371521 0.111740239 -36.799797058
 24.998439789 0.355849177 -36.997055054
 24.782485962 7.810851097 -36.803222656
 24.998804092 7.594331264 -36.997138977
 24.782371521 0.111734904 -39.273548126
 24.998439789 0.355843425 -39.464527130
 24.197658539 0.355842650 -39.464527130
 15.805053711 0.355854511 -39.464523315
 23.729797363 3.977247953 -38.797195435
 23.729330063 0.000000292 -38.797191620
 22.687406540 4.680344582 -38.797195435
 22.838129044 4.943675995 -38.999961853
 21.866382599 5.018977165 -38.797195435
 21.992799759 5.306254864 -38.999961853
 20.932170868 5.204749584 -38.797195435
 21.003498077 5.542950153 -38.999961853
 19.999996185 5.247019291 -38.797195435
 19.999998093 5.611279964 -38.999961853
 19.065786362 5.186112881 -38.797191620
 18.990451813 5.542950153 -38.999958038
 18.144216537 4.981310368 -38.797191620
 18.001152039 5.306254864 -38.999961853
 17.314092636 4.664696217 -38.797191620
 17.154132843 4.942940712 -38.999961853
 16.304094315 3.954028368 -38.797191620
 16.301143646 0.000000292 -38.797187805
 16.743362427 3.731299877 -38.797191620
 17.541667938 4.268822670 -38.797191620
 17.687408447 4.015303612 -38.999958038
 18.315959930 4.591211319 -38.797191620
 18.434989929 4.320854664 -38.999958038
 19.150039673 4.787003994 -38.797191620
 19.999992371 4.860293865 -38.797191620
 19.999990463 4.568471909 -38.999958038
 20.846197128 4.797078133 -38.797195435
 21.678415298 4.591823578 -38.797195435
 21.559177399 4.320854664 -38.999961853
 22.478729248 4.279661655 -38.797195435
 22.306758881 4.015303612 -38.999961853
 23.299459457 3.751084805 -38.797195435
 22.999996185 3.594876766 -39.999996185
 22.999996185 0.000000345 -39.999992371
 17.000000000 0.000000345 -39.999988556
 17.000000000 3.594876766 -39.999996185
 22.306758881 4.015303135 -39.999996185
 21.559177399 4.320854187 -39.999996185
 19.999992371 4.568471909 -39.999996185
 18.434989929 4.320854187 -39.999996185
 17.687408447 4.015303135 -39.999996185
 24.197422028 4.222511292 -39.464527130
 15.805149078 4.220895290 -39.464523315
 -35.538074493 17.451635361 -0.005191802
 -35.538074493 17.999994278 -0.005191802
 -36.803070068 15.669957161 -9.997448921
 -36.802246094 0.111740239 -15.212380409
 -39.273551941 -0.000000738 -15.218705177
 -36.997055054 0.355849177 -15.003311157
 -39.464523315 0.355849177 -15.003683090
 -39.293655396 7.810761929 -15.218051910
 -36.802906036 7.999995232 -15.212399483
 -39.464523315 7.594240665 -15.003683090
 -36.998935699 7.596117973 -14.989042282
 -39.293651581 7.812638283 0.000000477
 -39.293651581 7.812638283 -4.782487392
 -39.464527130 7.596116543 0.000000477
 -39.464527130 7.596116543 -4.998469353
 -36.799797058 0.111740239 -4.782374382
 -36.997055054 0.355849177 -4.998445034
 -36.803222656 7.810851097 -4.782490253
 -36.997138977 7.594331264 -4.998807907
 -39.273551941 0.111734904 -4.782374382
 -39.464527130 0.355843425 -4.998443127
 -39.464527130 0.355842650 -4.197663784
 -38.797191620 3.977247953 -3.729801893
 -38.797191620 -0.000001241 -3.729333401
 -38.797191620 4.680344582 -2.687409401
 -38.999961853 4.943675995 -2.838131666
 -38.797191620 5.018977165 -1.866387486
 -38.999961853 5.306254864 -1.992802024
 -38.797191620 5.204749584 -0.932175994
 -38.999961853 5.542950153 -1.003501654
 -38.797191620 5.247019291 0.000000000
 -38.999961853 5.611279964 -0.000003052
 -38.999958038 4.568471909 0.000006104
 -38.797191620 4.797078133 -0.846198857
 -38.797191620 4.860293865 0.000003052
 -38.797191620 4.591823578 -1.678420663
 -38.999961853 4.320854664 -1.559180856
 -38.797191620 4.279661655 -2.478733063
 -38.999961853 4.015303612 -2.306760788
 -38.797191620 3.751084805 -3.299463034
 -39.999996185 3.594876766 -3.000001431
 -39.999996185 -0.000001272 -3.000001431
 -39.999996185 4.015303135 -2.306762218
 -39.999996185 4.320854187 -1.559182525
 -39.999996185 4.568471909 0.000004578
 -39.464527130 4.222511292 -4.197425842
 -39.293651581 7.812638283 -24.782482147
 -39.464527130 7.596116543 -24.998466492
 -36.799797058 0.111740239 -24.782369614
 -36.997055054 0.355849177 -24.998439789
 -36.803222656 7.810851097 -24.782487869
 -36.997138977 7.594331264 -24.998804092
 -39.273551941 0.111734904 -24.782369614
 -39.464527130 0.355843425 -24.998439789
 -39.464527130 0.355842650 -24.197658539
 -39.464523315 0.355854511 -15.805053711
 -38.797191620 3.977247953 -23.729797363
 -38.797191620 -0.000000366 -23.729330063
 -38.797191620 4.680344582 -22.687404633
 -38.999961853 4.943675995 -22.838129044
 -38.797191620 5.018977165 -21.866382599
 -38.999961853 5.306254864 -21.992799759
 -38.797191620 5.204749584 -20.932172775
 -38.999961853 5.542950153 -21.003499985
 -38.797191620 5.247019291 -19.999996185
 -38.999961853 5.611279964 -19.999998093
 -38.797191620 5.186112881 -19.065786362
 -38.999958038 5.542950153 -18.990453720
 -38.797191620 4.981310368 -18.144216537
 -38.999961853 5.306254864 -18.001152039
 -38.797191620 4.664696217 -17.314092636
 -38.999961853 4.942940712 -17.154134750
 -38.797191620 3.954028368 -16.304094315
 -38.797191620 -0.000000691 -16.301143646
 -38.797191620 3.731299877 -16.743362427
 -38.797191620 4.268822670 -17.541667938
 -38.999958038 4.015303612 -17.687410355
 -38.797191620 4.591211319 -18.315959930
 -38.999958038 4.320854664 -18.434989929
 -38.797191620 4.787003994 -19.150039673
 -38.797191620 4.860293865 -19.999990463
 -38.999958038 4.568471909 -19.999990463
 -38.797191620 4.797078133 -20.846197128
 -38.797191620 4.591823578 -21.678415298
 -38.999961853 4.320854664 -21.559177399
 -38.797191620 4.279661655 -22.478729248
 -38.999961853 4.015303612 -22.306758881
 -38.797191620 3.751084805 -23.299459457
 -39.999996185 3.594876766 -22.999996185
 -39.999996185 -0.000000398 -22.999996185
 -39.999996185 -0.000000660 -17.000000000
 -39.999996185 3.594876766 -17.000000000
 -39.999996185 4.015303135 -22.306758881
 -39.999996185 4.320854187 -21.559177399
 -39.999996185 4.568471909 -19.999990463
 -39.999996185 4.320854187 -18.434989929
 -39.999996185 4.015303135 -17.687410355
 -39.464527130 4.222511292 -24.197422028
 -39.464523315 4.220895290 -15.805149078
 39.499973297 -0.000001404 0.000000477
 -39.499973297 -0.000001404 -0.000000238
 -20.111837387 -0.000001404 0.000000763
 -19.939781189 -0.000001289 -2.625121593
 -24.819360733 -0.000001263 -3.217805624
 -24.819360733 -0.000001404 -0.000000238
 -19.426538467 -0.000001176 -5.205326557
 -18.580919266 -0.000001067 -7.696466923
 -24.819360733 -0.000000956 -10.246917725
 -17.417356491 -0.000000964 -10.055925369
 -24.819360733 -0.000000675 -16.678249359
 -15.955786705 -0.000000868 -12.243317604
 -14.221203804 -0.000000782 -14.221216202
 -24.819360733 -0.000000321 -24.768722534
 -12.243299484 -0.000000706 -15.955801010
 -16.672008514 -0.000000319 -24.815288544
 -10.055918694 -0.000000642 -17.417366028
 -7.696461678 -0.000000591 -18.580917358
 -10.244300842 -0.000000319 -24.819362640
 -5.205327034 -0.000000554 -19.426546097
 -2.625122309 -0.000000532 -19.939781189
 -3.194314480 -0.000000319 -24.819362640
 0.000004315 -0.000000524 -20.111839294
 2.625124693 -0.000000532 -19.939781189
 3.217806101 -0.000000319 -24.819360733
 5.205328941 -0.000000554 -19.426546097
 7.696465015 -0.000000591 -18.580919266
 10.246918678 -0.000000319 -24.819360733
 10.055921555 -0.000000642 -17.417366028
 12.243315697 -0.000003772 -15.955788612
 16.678249359 -0.000000319 -24.819360733
 14.221221924 -0.000003847 -14.221210480
 24.817037582 -0.000000321 -24.767187119
 15.955798149 -0.000000868 -12.243302345
 24.815286636 -0.000000675 -16.672008514
 17.417369843 -0.000000964 -10.055920601
 24.819360733 -0.000000956 -10.244303703
 18.580923080 -0.000001067 -7.696468830
 19.426548004 -0.000001176 -5.205326557
 24.819360733 -0.000001264 -3.194316149
 19.939786911 -0.000001289 -2.625121593
 20.111843109 -0.000001404 0.000000000
 22.132091522 -0.000001404 0.000000238
 24.819360733 -0.000001404 0.000000477
 36.802246094 -0.000001404 0.000000954
 29.620117188 -0.000001404 -0.000000477
 37.988754272 -0.000001404 0.000000477
 -36.802246094 -0.000001404 -0.000000477
 -29.620115280 -0.000001404 0.000000477
 -37.988754272 -0.000001404 -0.000000477
 39.464527130 7.596116543 0.000000477
 36.803070068 12.504640579 -15.221815109
 39.291290283 13.517481804 -16.496049881
 39.293651581 12.504640579 -15.219840050
 36.793598175 13.517485619 -16.496053696
 39.291290283 13.961115837 -17.530355453
 36.793598175 13.961117744 -17.530355453
 39.291290283 14.250722885 -18.740814209
 36.793598175 14.250724792 -18.740814209
 39.291290283 14.334327698 -19.969106674
 36.793598175 14.334330559 -19.969106674
 39.291290283 14.250722885 -21.203868866
 36.793598175 14.250724792 -21.203868866
 39.291290283 13.961115837 -22.414325714
 36.793598175 13.961117744 -22.414327621
 39.291290283 13.516581535 -23.450695038
 36.793598175 13.516584396 -23.450695038
 39.293663025 12.504640579 -24.774148941
 36.803226471 12.504640579 -24.771074295
 36.869068146 14.331817627 0.000000004
 39.291690826 14.250722885 -1.197650671
 39.291687012 14.331813812 -0.000000119
 36.793998718 14.250724792 -1.197652221
 39.291690826 13.961115837 -2.408106565
 36.793998718 13.961117744 -2.408109426
 39.291290283 13.516581535 -3.431816339
 36.793598175 13.516584396 -3.431817532
 39.293655396 12.504640579 -4.752189636
 36.803226471 12.504640579 -4.752193928
 -15.236379623 12.504640579 -36.803226471
 -16.496047974 13.517481804 -39.291294098
 -15.219836235 12.504640579 -39.293651581
 -16.496049881 13.517485619 -36.793601990
 -17.530351639 13.961115837 -39.291294098
 -17.530351639 13.961117744 -36.793601990
 -18.740808487 14.250722885 -39.291294098
 -18.740808487 14.250724792 -36.793601990
 -19.969102859 14.334327698 -39.291294098
 -19.969102859 14.334330559 -36.793601990
 -21.203866959 14.250722885 -39.291294098
 -21.203866959 14.250724792 -36.793601990
 -22.414323807 13.961115837 -39.291294098
 -22.414325714 13.961117744 -36.793601990
 -23.450693130 13.516581535 -39.291294098
 -23.450693130 13.516584396 -36.793601990
 -24.774145126 12.504640579 -39.293663025
 -24.771070480 12.504640579 -36.803226471
 4.769839287 12.504640579 -36.803619385
 3.510171890 13.517481804 -39.291687012
 4.769834995 12.504640579 -39.294048309
 3.510168314 13.517485619 -36.793994904
 2.475868702 13.961115837 -39.291687012
 2.475867271 13.961117744 -36.793994904
 1.265410781 14.250722885 -39.291687012
 1.265409112 14.250724792 -36.793994904
 0.037118237 14.334327698 -39.291687012
 0.037116494 14.334330559 -36.793994904
 -1.197647214 14.250722885 -39.291687012
 -1.197649002 14.250724792 -36.793998718
 -2.408103466 13.961115837 -39.291687012
 -2.408106565 13.961117744 -36.793998718
 -3.431812525 13.516581535 -39.291294098
 -3.431814432 13.516584396 -36.793601990
 -4.752185822 12.504640579 -39.293651581
 -4.752190590 12.504640579 -36.803226471
 24.782495499 12.504640579 -36.803222656
 23.472988129 13.517481804 -39.291286469
 24.782489777 12.504640579 -39.293651581
 23.472988129 13.517485619 -36.793598175
 22.438688278 13.961115837 -39.291286469
 22.438684464 13.961117744 -36.793598175
 21.228229523 14.250722885 -39.291286469
 21.228227615 14.250724792 -36.793598175
 19.999935150 14.334327698 -39.291286469
 19.999935150 14.334330559 -36.793598175
 18.765172958 14.250722885 -39.291286469
 18.765169144 14.250724792 -36.793598175
 17.554714203 13.961115837 -39.291286469
 17.554710388 13.961117744 -36.793598175
 16.518346786 13.516581535 -39.291286469
 16.518342972 13.516584396 -36.793598175
 15.218053818 12.504637718 -39.293651581
 15.212399483 12.504640579 -36.802909851
 -36.803619385 12.504640579 -4.769837856
 -39.291687012 13.517481804 -3.510170221
 -39.294048309 12.504640579 -4.769833088
 -36.793994904 13.517485619 -3.510166883
 -39.291687012 13.961115837 -2.475867748
 -36.793994904 13.961117744 -2.475866079
 -39.291687012 14.250722885 -1.265409470
 -36.793994904 14.250724792 -1.265408039
 -39.291687012 14.334327698 -0.037116997
 -36.793994904 14.334330559 -0.037115470
 -36.803222656 12.504640579 -24.782497406
 -39.291290283 13.517481804 -23.472990036
 -39.293651581 12.504640579 -24.782489777
 -36.793598175 13.517485619 -23.472988129
 -39.291290283 13.961115837 -22.438686371
 -36.793598175 13.961117744 -22.438684464
 -39.291290283 14.250722885 -21.228231430
 -36.793598175 14.250724792 -21.228225708
 -39.291290283 14.334327698 -19.999937057
 -36.793598175 14.334330559 -19.999933243
 -39.291290283 14.250722885 -18.765172958
 -36.793598175 14.250724792 -18.765169144
 -39.291290283 13.961115837 -17.554714203
 -36.793598175 13.961117744 -17.554710388
 -39.291290283 13.516581535 -16.518346786
 -36.793598175 13.516584396 -16.518342972
 -39.293655396 12.504637718 -15.218051910
 -36.802906036 12.504640579 -15.212399483
 39.291519165 13.774815559 -0.000000238
 39.291481018 13.517026901 -0.000000477
 39.292446136 13.093153954 0.000000954
 39.293846130 12.504640579 -0.000000477
 39.293846130 10.248144150 0.000000954
 -39.291687012 13.961115837 0.000000238
 -39.291481018 13.517026901 0.000000477
 -39.292442322 13.093153954 -0.000000477
 -39.293846130 12.504640579 0.000000477
 -39.293846130 10.248143196 -0.000000477
 19.939785004 17.999994278 2.625119209
 22.061874390 17.999994278 2.904497862
 19.426548004 17.999994278 5.205323219
 21.494018555 17.999994278 5.759300232
 18.580915451 17.999994278 7.696464539
 20.558389664 17.999994278 8.515561104
 17.417366028 17.999994278 10.055916786
 19.271013260 17.999994278 11.126118660
 15.955788612 17.999994278 12.243315697
 17.653884888 17.999994278 13.546310425
 14.221210480 17.999994278 14.221225739
 15.734704018 17.999994278 15.734720230
 12.243313789 17.999994278 15.955792427
 13.546307564 17.999994278 17.653886795
 10.055912018 17.999994278 17.417366028
 11.126112938 17.999994278 19.271009445
 7.696473598 17.999994278 18.580917358
 8.515570641 17.999994278 20.558391571
 5.205332279 17.999994278 19.426542282
 5.759309769 17.999994278 21.494012833
 2.625127077 17.999994278 19.939775467
 2.904506207 17.999994278 22.061866760
 0.000005582 17.999994278 20.111843109
 0.000005812 17.999994278 22.252248764
 -2.625116348 17.999994278 19.939779282
 -2.904495001 17.999994278 22.061870575
 -5.205321789 17.999994278 19.426542282
 -5.759297848 17.999994278 21.494012833
 -7.696462154 17.999994278 18.580919266
 -8.515559196 17.999994278 20.558391571
 -10.055907249 17.999994278 17.417360306
 -11.062018394 17.999994278 19.289821625
 -12.243305206 17.999994278 15.955796242
 -13.482211113 17.999994278 17.672706604
 -14.221215248 17.999994278 14.221220016
 -15.670617104 17.999994278 15.753533363
 -15.955788612 17.999994278 12.243310928
 -17.589794159 17.999994278 13.565125465
 -17.417360306 17.999994278 10.055919647
 -19.206911087 17.999994278 11.144937515
 -18.580913544 17.999994278 7.696466923
 -20.558387756 17.999994278 8.515563965
 -19.426538467 17.999994278 5.205327511
 -21.494009018 17.999994278 5.759305000
 -19.939775467 17.999994278 2.625122309
 -22.061864853 17.999994278 2.904502392
 19.939785004 19.999996185 2.625119209
 19.426548004 19.999996185 5.205323219
 18.580915451 19.999996185 7.696464539
 17.417366028 19.999996185 10.055916786
 15.955788612 19.999996185 12.243315697
 14.221210480 19.999994278 14.221225739
 12.243313789 19.999996185 15.955792427
 10.055912018 19.999996185 17.417366028
 7.696473598 19.999996185 18.580915451
 5.205332279 19.999996185 19.426544189
 2.625127077 19.999996185 19.939775467
 0.000005581 19.999996185 20.111841202
 -2.625116348 19.999996185 19.939779282
 -5.205321789 19.999996185 19.426542282
 -7.696462154 19.999996185 18.580917358
 -10.055907249 19.999996185 17.417362213
 -12.243305206 19.999996185 15.955796242
 -14.221215248 19.999996185 14.221220016
 -15.955788612 19.999996185 12.243310928
 -17.417360306 19.999996185 10.055919647
 -18.580913544 19.999996185 7.696466923
 -19.426538467 19.999996185 5.205327511
 -19.939775467 19.999996185 2.625122309
 24.806970596 17.999994278 24.844278336
 22.819929123 17.999994278 22.854246140
 -24.844278336 17.999994278 24.806970596
 -22.790157318 17.999994278 22.838741302
 -0.004552027 17.999994278 24.807184219
 35.537017822 17.451635361 35.535221100
 35.537017822 17.999992371 35.535221100
 36.803070068 15.669957161 9.997447014
 36.802913666 15.669957161 36.799942017
 36.802246094 0.111740239 15.212379456
 39.273551941 -0.000002069 15.218720436
 36.997055054 0.355849177 15.003311157
 39.464523315 0.355849177 15.003683090
 39.293655396 7.810761929 15.218049049
 36.802906036 7.999995232 15.212397575
 39.464523315 7.594240665 15.003683090
 36.998935699 7.596117973 14.989042282
 39.293651581 7.812638283 4.782485962
 39.464527130 7.596116543 4.998467922
 36.799797058 0.111740239 4.782373428
 36.997055054 0.355849177 4.998443127
 36.803222656 7.810851097 4.782489300
 36.997138977 7.594331264 4.998806953
 39.273551941 0.111734904 4.782373428
 39.464527130 0.355843425 4.998442173
 39.464527130 0.355842650 4.197662354
 38.797191620 3.977247953 3.729800701
 38.797191620 -0.000001567 3.729332209
 38.797191620 4.680344582 2.687407017
 38.999961853 4.943675995 2.838130474
 38.797191620 5.018977165 1.866385341
 38.999961853 5.306254864 1.992799759
 38.797191620 5.204749584 0.932173729
 38.999961853 5.542950153 1.003499389
 38.797191620 4.797078133 0.846196532
 38.797191620 4.591823578 1.678418279
 38.999961853 4.320854664 1.559178591
 38.797191620 4.279661655 2.478730679
 38.999961853 4.015303612 2.306758404
 38.797191620 3.751084805 3.299461603
 39.999996185 3.594876766 3.000000000
 39.999996185 -0.000001535 3.000000000
 39.999996185 4.015303135 2.306759834
 39.999996185 4.320854187 1.559180140
 39.464527130 4.222511292 4.197424412
 39.293651581 7.812638283 24.782480240
 39.464527130 7.596116543 24.998462677
 36.802246094 0.111740239 36.799926758
 36.799797058 0.111740239 24.782367706
 36.997390747 0.355849177 37.004985809
 36.997055054 0.355849177 24.998437881
 36.803222656 7.810851097 24.782482147
 36.802913666 7.810761452 36.799942017
 36.997138977 7.594331264 24.998800278
 36.998939514 7.596117973 37.004589081
 39.273551941 0.111734904 24.782367706
 39.464527130 0.355843425 24.998437881
 39.464527130 0.355842650 24.197658539
 39.464523315 0.355854511 15.805052757
 38.797191620 3.977247953 23.729795456
 38.797191620 -0.000002441 23.729345322
 38.797191620 4.680344582 22.687402725
 38.999961853 4.943675995 22.838127136
 38.797191620 5.018977165 21.866380692
 38.999961853 5.306254864 21.992794037
 38.797191620 5.204749584 20.932170868
 38.999961853 5.542950153 21.003496170
 38.797191620 5.247019291 19.999990463
 38.999961853 5.611279964 19.999996185
 38.797191620 5.186112881 19.065782547
 38.999958038 5.542950153 18.990449905
 38.797191620 4.981310368 18.144212723
 38.999961853 5.306254864 18.001150131
 38.797191620 4.664696217 17.314088821
 38.999961853 4.942940712 17.154130936
 38.797191620 3.954028368 16.304092407
 38.797191620 -0.000002116 16.301141739
 38.797191620 3.731299877 16.743358612
 38.797191620 4.268822670 17.541664124
 38.999958038 4.015303612 17.687408447
 38.797191620 4.591211319 18.315956116
 38.999958038 4.320854664 18.434988022
 38.797191620 4.787003994 19.150035858
 38.797191620 4.860293865 19.999990463
 38.999958038 4.568471909 19.999986649
 38.797191620 4.797078133 20.846191406
 38.797191620 4.591823578 21.678413391
 38.999961853 4.320854664 21.559175491
 38.797191620 4.279661655 22.478727341
 38.999961853 4.015303612 22.306753159
 38.797191620 3.751084805 23.299459457
 39.999996185 3.594876766 22.999996185
 39.999996185 -0.000002409 23.000009537
 39.999996185 -0.000002147 16.999998093
 39.999996185 3.594876766 16.999996185
 39.999996185 4.015303135 22.306753159
 39.999996185 4.320854187 21.559175491
 39.999996185 4.568471909 19.999990463
 39.999996185 4.320854187 18.434988022
 39.999996185 4.015303135 17.687408447
 39.464527130 4.222511292 24.197420120
 39.464523315 4.220895290 15.805145264
 -35.535224915 17.451635361 35.537017822
 -35.535224915 17.999992371 35.537014008
 -36.803146362 15.669957161 9.987001419
 -36.803108215 15.669957161 0.000000954
 -39.293651581 7.812638283 15.219838142
 -39.293655396 7.999995232 24.774148941
 -39.464523315 7.596116066 15.003857613
 -39.464523315 7.594239712 24.996311188
 -36.798171997 0.111734904 24.774145126
 -36.799926758 0.111740239 36.802246094
 -37.004226685 0.355843425 24.996311188
 -37.004989624 0.355849177 36.997390747
 -36.799942017 7.810761452 36.802909851
 -36.798553467 7.810762882 24.774145126
 -37.004589081 7.596117973 36.998935699
 -37.004226685 7.594241619 24.996311188
 -39.273548126 0.111740239 24.774148941
 -39.464523315 0.355849177 24.996311188
 -38.999950409 -0.000002103 15.997175217
 -39.464515686 0.355842650 15.802335739
 -39.464523315 0.355854511 24.194940567
 -38.797187805 3.977247953 16.270195007
 -38.797187805 4.680344582 17.312589645
 -38.999950409 4.943675995 17.161865234
 -38.797191620 5.018977165 18.133613586
 -38.999950409 5.306254864 18.007196426
 -38.797191620 5.204749584 19.067823410
 -38.999954224 5.542950153 18.996498108
 -38.797191620 5.247019291 19.999998093
 -38.999954224 5.611279964 19.999994278
 -38.797191620 5.186112881 20.934207916
 -38.999954224 5.542950153 21.009538651
 -38.797191620 4.981310368 21.855777740
 -38.999954224 5.306254864 21.998838425
 -38.797191620 4.664696217 22.685903549
 -38.999954224 4.942940712 22.845863342
 -38.797191620 3.954028368 23.695899963
 -38.797191620 -0.000002439 23.698867798
 -38.797191620 3.731299877 23.256633759
 -38.797191620 4.268822670 22.458326340
 -38.999954224 4.015303612 22.312585831
 -38.797191620 4.591211319 21.684032440
 -38.999954224 4.320854664 21.565004349
 -38.797191620 4.787003994 20.849958420
 -38.797191620 4.860293865 20.000000000
 -38.999954224 4.568471909 20.000003815
 -38.797191620 4.797078133 19.153800964
 -38.797191620 4.591823578 18.321578979
 -38.999954224 4.320854664 18.440818787
 -38.797187805 4.279661655 17.521265030
 -38.999950409 4.015303612 17.693237305
 -38.797187805 3.751084805 16.700534821
 -38.999950409 -0.000002147 16.999996185
 -39.999992371 3.594876766 16.999994278
 -39.999992371 -0.000002147 16.999996185
 -39.999992371 -0.000002409 23.000013351
 -39.999996185 3.594876766 22.999996185
 -39.999992371 4.015303135 17.693237305
 -39.999996185 4.320854187 18.440818787
 -39.999996185 4.568471909 20.000003815
 -39.999996185 4.320854187 21.565004349
 -39.999996185 4.015303135 22.312585831
 -39.464515686 4.222511292 15.802574158
 -39.464523315 4.220895290 24.194849014
 -36.801017761 0.111740239 15.221863747
 -36.997222900 0.355849177 15.005414009
 -36.803070068 7.810806751 15.221815109
 -36.998039246 7.595224857 15.005035400
 -36.802246094 -0.000001611 4.748522282
 -36.997055054 0.355849177 4.968139172
 -36.803222656 7.810851097 4.752184391
 -36.997138977 7.594331264 4.968502045
 -39.273551941 -0.000001611 4.752068520
 -39.464527130 0.355843425 4.968137264
 -39.293651581 7.812638283 4.752181530
 -39.464527130 7.596116543 4.968163490
 -38.797191620 5.186112881 0.934211612
 -38.999958038 5.542950153 1.009542584
 -38.797191620 4.981310368 1.855781198
 -38.999961853 5.306254864 1.998842955
 -38.797191620 4.664696217 2.685904980
 -38.999961853 4.942940712 2.845861197
 -38.797191620 3.954028368 3.695901155
 -38.797191620 -0.000001565 3.698853731
 -38.797191620 3.731299877 3.256633759
 -38.797191620 4.268822670 2.458327770
 -38.999958038 4.015303612 2.312586546
 -38.797191620 4.591211319 1.684035897
 -38.999958038 4.320854664 1.565006614
 -38.797191620 4.787003994 0.849957049
 -39.999996185 -0.000001535 2.999996424
 -39.999996185 3.594876766 2.999996424
 -39.999996185 4.320854187 1.565005183
 -39.999996185 4.015303135 2.312584877
 -39.464523315 4.220895290 4.194849491
 -0.005190276 17.451635361 35.538078308
 -0.005190276 17.999992371 35.538074493
 -9.997447014 15.669957161 36.803070068
 -36.799942017 15.669957161 36.802909851
 9.987002373 15.669957161 36.803146362
 15.219839096 7.812638283 39.293651581
 24.774150848 7.999995232 39.293659210
 15.003860474 7.596116066 39.464523315
 24.996311188 7.594239712 39.464523315
 24.774150848 0.111734904 36.798171997
 24.996311188 0.355843425 37.004226685
 24.774150848 7.810762882 36.798553467
 24.996311188 7.594241619 37.004226685
 24.774150848 0.111740239 39.273548126
 24.996311188 0.355849177 39.464523315
 15.997174263 -0.000003108 38.999958038
 15.802337646 0.355842650 39.464519501
 24.194940567 0.355854511 39.464523315
 16.270195007 3.977247953 38.797187805
 17.312591553 4.680344582 38.797187805
 17.161867142 4.943675995 38.999950409
 18.133613586 5.018977165 38.797191620
 18.007198334 5.306254864 38.999950409
 19.067823410 5.204749584 38.797191620
 18.996498108 5.542950153 38.999954224
 19.999998093 5.247019291 38.797191620
 19.999996185 5.611279964 38.999954224
 20.934211731 5.186112881 38.797191620
 21.009542465 5.542950153 38.999954224
 21.855779648 4.981310368 38.797191620
 21.998840332 5.306254864 38.999954224
 22.685903549 4.664696217 38.797191620
 22.845861435 4.942940712 38.999954224
 23.695899963 3.954028368 38.797191620
 23.698854446 -0.000003099 38.797195435
 23.256635666 3.731299877 38.797191620
 22.458326340 4.268822670 38.797191620
 22.312585831 4.015303612 38.999954224
 21.684032440 4.591211319 38.797191620
 21.565008163 4.320854664 38.999954224
 20.849956512 4.787003994 38.797191620
 20.000001907 4.860293865 38.797191620
 20.000003815 4.568471909 38.999954224
 19.153800964 4.797078133 38.797191620
 18.321580887 4.591823578 38.797191620
 18.440818787 4.320854664 38.999954224
 17.521266937 4.279661655 38.797187805
 17.693239212 4.015303612 38.999950409
 16.700536728 3.751084805 38.797187805
 16.999996185 -0.000003108 38.999958038
 16.999996185 3.594876766 39.999992371
 16.999996185 -0.000003152 39.999996185
 22.999996185 -0.000003152 39.999996185
 22.999996185 3.594876766 39.999996185
 17.693239212 4.015303135 39.999992371
 18.440818787 4.320854187 39.999996185
 20.000003815 4.568471909 39.999996185
 21.565008163 4.320854187 39.999996185
 22.312585831 4.015303135 39.999996185
 15.802575111 4.222511292 39.464519501
 24.194850922 4.220895290 39.464523315
 15.221865654 0.111740239 36.801021576
 15.005416870 0.355849177 36.997222900
 15.221817017 7.810806751 36.803070068
 15.005038261 7.595224857 36.998039246
 -15.212378502 0.111740239 36.802246094
 -15.218716621 -0.000003120 39.273555756
 -15.003311157 0.355849177 36.997055054
 -15.003683090 0.355849177 39.464523315
 -15.218048096 7.810761929 39.293651581
 -15.212395668 7.999995232 36.802909851
 -15.003683090 7.594240665 39.464523315
 -14.989042282 7.596117973 36.998935699
 4.748523712 -0.000003012 36.802249908
 4.968140602 0.355849177 36.997055054
 4.752185822 7.810851097 36.803222656
 4.968503952 7.594331264 36.997138977
 4.752070427 -0.000003120 39.273555756
 4.968139172 0.355843425 39.464527130
 4.752183437 7.812638283 39.293651581
 4.968165398 7.596116543 39.464527130
 -4.782485962 7.812638283 39.293651581
 -4.998467445 7.596116543 39.464527130
 -4.782372952 0.111740239 36.799797058
 -4.998443127 0.355849177 36.997055054
 -4.782488823 7.810851097 36.803222656
 -4.998806000 7.594331264 36.997138977
 -4.782372952 0.111734904 39.273548126
 -4.998441219 0.355843425 39.464527130
 -4.197662354 0.355842650 39.464527130
 -3.729800463 3.977247953 38.797195435
 -3.729331970 -0.000003099 38.797203064
 -2.687407017 4.680344582 38.797195435
 -2.838130236 4.943675995 38.999961853
 -1.866385341 5.018977165 38.797195435
 -1.992799759 5.306254864 38.999961853
 -0.932173729 5.204749584 38.797195435
 -1.003499389 5.542950153 38.999961853
 0.000002289 5.247019291 38.797195435
 -0.000000763 5.611279964 38.999961853
 0.934213817 5.186112881 38.797191620
 1.009544849 5.542950153 38.999958038
 1.855783463 4.981310368 38.797191620
 1.998845339 5.306254864 38.999961853
 2.685907125 4.664696217 38.797191620
 2.845863342 4.942940712 38.999961853
 3.695903063 3.954028368 38.797191620
 3.698855639 -0.000003099 38.797199249
 3.256635904 3.731299877 38.797191620
 2.458329916 4.268822670 38.797191620
 2.312588692 4.015303612 38.999958038
 1.684038162 4.591211319 38.797191620
 1.565008879 4.320854664 38.999958038
 0.849959373 4.787003994 38.797191620
 0.000005341 4.860293865 38.797191620
 0.000008392 4.568471909 38.999958038
 -0.846196532 4.797078133 38.797195435
 -1.678418279 4.591823578 38.797195435
 -1.559178591 4.320854664 38.999961853
 -2.478730917 4.279661655 38.797195435
 -2.306758404 4.015303612 38.999961853
 -3.299461603 3.751084805 38.797195435
 -3.000000000 3.594876766 39.999996185
 -3.000000000 -0.000003152 40.000003815
 2.999998569 -0.000003152 40.000000000
 2.999998569 3.594876766 39.999996185
 -2.306759596 4.015303135 39.999996185
 -1.559180021 4.320854187 39.999996185
 0.000006866 4.568471909 39.999996185
 1.565007567 4.320854187 39.999996185
 2.312587261 4.015303135 39.999996185
 -4.197423935 4.222511292 39.464527130
 4.194851398 4.220895290 39.464523315
 -24.782480240 7.812638283 39.293651581
 -24.998464584 7.596116543 39.464527130
 -24.782367706 0.111740239 36.799797058
 -24.998437881 0.355849177 36.997055054
 -24.782482147 7.810851097 36.803222656
 -24.998800278 7.594331264 36.997138977
 -24.782367706 0.111734904 39.273548126
 -24.998437881 0.355843425 39.464527130
 -24.197656631 0.355842650 39.464527130
 -15.805050850 0.355854511 39.464523315
 -23.729793549 3.977247953 38.797195435
 -23.729328156 -0.000003099 38.797203064
 -22.687402725 4.680344582 38.797195435
 -22.838127136 4.943675995 38.999961853
 -21.866380692 5.018977165 38.797195435
 -21.992794037 5.306254864 38.999961853
 -20.932170868 5.204749584 38.797195435
 -21.003496170 5.542950153 38.999961853
 -19.999992371 5.247019291 38.797195435
 -19.999996185 5.611279964 38.999961853
 -19.065782547 5.186112881 38.797191620
 -18.990449905 5.542950153 38.999958038
 -18.144212723 4.981310368 38.797191620
 -18.001148224 5.306254864 38.999961853
 -17.314088821 4.664696217 38.797191620
 -17.154130936 4.942940712 38.999961853
 -16.304092407 3.954028368 38.797191620
 -16.301137924 -0.000003099 38.797199249
 -16.743356705 3.731299877 38.797191620
 -17.541664124 4.268822670 38.797191620
 -17.687408447 4.015303612 38.999958038
 -18.315956116 4.591211319 38.797191620
 -18.434988022 4.320854664 38.999958038
 -19.150035858 4.787003994 38.797191620
 -19.999990463 4.860293865 38.797191620
 -19.999986649 4.568471909 38.999958038
 -20.846191406 4.797078133 38.797195435
 -21.678411484 4.591823578 38.797195435
 -21.559173584 4.320854664 38.999961853
 -22.478725433 4.279661655 38.797195435
 -22.306753159 4.015303612 38.999961853
 -23.299457550 3.751084805 38.797195435
 -22.999994278 3.594876766 39.999996185
 -22.999994278 -0.000003152 40.000003815
 -16.999996185 -0.000003152 40.000000000
 -16.999996185 3.594876766 39.999996185
 -22.306753159 4.015303135 39.999996185
 -21.559173584 4.320854187 39.999996185
 -19.999990463 4.568471909 39.999996185
 -18.434988022 4.320854187 39.999996185
 -17.687408447 4.015303135 39.999996185
 -24.197418213 4.222511292 39.464527130
 -15.805145264 4.220895290 39.464523315
 19.939786911 -0.000001518 2.625119925
 24.819360733 -0.000001544 3.217803955
 19.426546097 -0.000001631 5.205324650
 18.580915451 -0.000001740 7.696465015
 24.819360733 -0.000001851 10.246916771
 17.417373657 -0.000001843 10.055917740
 15.955788612 -0.000001939 12.243315697
 24.819360733 -0.000002133 16.678249359
 14.221206665 -0.000005091 14.221227646
 24.767189026 -0.000002488 24.817052841
 12.243304253 -0.000005166 15.955801010
 16.672008514 -0.000002488 24.815303802
 10.055928230 -0.000002165 17.417366028
 7.696472168 -0.000002216 18.580913544
 10.244303703 -0.000002488 24.819377899
 5.205336094 -0.000002253 19.426549911
 3.194316626 -0.000002488 24.819377899
 2.625131845 -0.000002275 19.939779282
 0.000005269 -0.000002283 20.111835480
 -3.217803478 -0.000002488 24.819377899
 -2.625115156 -0.000002275 19.939783096
 -5.205319405 -0.000002253 19.426544189
 -7.696461678 -0.000002216 18.580924988
 -10.246916771 -0.000002488 24.819377899
 -10.055911064 -0.000002165 17.417367935
 -16.678249359 -0.000002488 24.819377899
 -12.243311882 -0.000002101 15.955788612
 -14.221221924 -0.000002025 14.221207619
 -24.768718719 -0.000002488 24.819377899
 -15.955798149 -0.000001939 12.243302345
 -24.815286636 -0.000002132 16.672008514
 -17.417356491 -0.000001843 10.055921555
 -18.580915451 -0.000001740 7.696468830
 -24.819360733 -0.000001851 10.244301796
 -19.426542282 -0.000001631 5.205329418
 -24.819360733 -0.000001543 3.194315672
 -19.939777374 -0.000001518 2.625122309
 36.803619385 12.504640579 4.769836426
 39.291687012 13.517481804 3.510168314
 39.294048309 12.504640579 4.769832134
 36.793994904 13.517485619 3.510165453
 39.291687012 13.961115837 2.475866079
 36.793994904 13.961117744 2.475864649
 39.291687012 14.250722885 1.265408039
 36.793994904 14.250724792 1.265406370
 36.803222656 12.504640579 24.782491684
 39.291290283 13.517481804 23.472988129
 39.293651581 12.504640579 24.782487869
 36.793598175 13.517485619 23.472982407
 39.291290283 13.961115837 22.438684464
 36.793598175 13.961117744 22.438682556
 39.291290283 14.250722885 21.228225708
 36.793598175 14.250724792 21.228223801
 39.291290283 14.334327698 19.999933243
 36.793598175 14.334330559 19.999931335
 39.291290283 14.250722885 18.765169144
 36.793598175 14.250724792 18.765167236
 39.291290283 13.961115837 17.554710388
 36.793598175 13.961117744 17.554708481
 39.291290283 13.516581535 16.518342972
 36.793598175 13.516584396 16.518341064
 39.293655396 12.504637718 15.218051910
 36.802906036 12.504640579 15.212397575
 -36.803070068 12.504640579 15.221810341
 -39.291290283 13.517481804 16.496047974
 -39.293651581 12.504640579 15.219836235
 -36.793598175 13.517485619 16.496051788
 -39.291290283 13.961115837 17.530351639
 -36.793598175 13.961117744 17.530353546
 -39.291290283 14.250722885 18.740810394
 -36.793598175 14.250724792 18.740812302
 -39.291290283 14.334327698 19.969100952
 -36.793598175 14.334330559 19.969104767
 -39.291290283 14.250722885 21.203866959
 -36.793598175 14.250724792 21.203868866
 -39.291290283 13.961115837 22.414325714
 -36.793598175 13.961117744 22.414325714
 -39.291290283 13.516581535 23.450693130
 -36.793598175 13.516584396 23.450695038
 -39.293655396 12.504640579 24.774148941
 -36.803222656 12.504640579 24.771074295
 -39.291687012 14.250722885 1.197648406
 -36.793994904 14.250724792 1.197649956
 -39.291687012 13.961115837 2.408104897
 -36.793994904 13.961117744 2.408107996
 -39.291290283 13.516581535 3.431813955
 -36.793598175 13.516584396 3.431815386
 -39.293651581 12.504640579 4.752187729
 -36.803222656 12.504640579 4.752192020
 15.221815109 12.504640579 36.803070068
 16.496049881 13.517481804 39.291286469
 15.219839096 12.504640579 39.293651581
 16.496053696 13.517485619 36.793598175
 17.530355453 13.961115837 39.291286469
 17.530355453 13.961117744 36.793598175
 18.740814209 14.250722885 39.291286469
 18.740814209 14.250724792 36.793598175
 19.969106674 14.334327698 39.291286469
 19.969106674 14.334330559 36.793598175
 21.203870773 14.250722885 39.291286469
 21.203870773 14.250724792 36.793598175
 22.414325714 13.961115837 39.291286469
 22.414327621 13.961117744 36.793598175
 23.450695038 13.516581535 39.291286469
 23.450695038 13.516584396 36.793598175
 24.774150848 12.504640579 39.293659210
 24.771072388 12.504640579 36.803222656
 -4.769835949 12.504640579 36.803619385
 -3.510168314 13.517481804 39.291687012
 -4.769831181 12.504640579 39.294048309
 -3.510165453 13.517485619 36.793994904
 -2.475865602 13.961115837 39.291687012
 -2.475863934 13.961117744 36.793994904
 -1.265407324 14.250722885 39.291687012
 -1.265405774 14.250724792 36.793994904
 -0.037114803 14.334327698 39.291687012
 -0.037113279 14.334330559 36.793994904
 1.197650552 14.250722885 39.291687012
 1.197652221 14.250724792 36.793994904
 2.408106565 13.961115837 39.291687012
 2.408109903 13.961117744 36.793994904
 3.431816101 13.516581535 39.291286469
 3.431817532 13.516584396 36.793598175
 4.752189636 12.504640579 39.293651581
 4.752193928 12.504640579 36.803222656
 -24.782491684 12.504640579 36.803222656
 -23.472988129 13.517481804 39.291286469
 -24.782485962 12.504640579 39.293651581
 -23.472982407 13.517485619 36.793598175
 -22.438684464 13.961115837 39.291286469
 -22.438680649 13.961117744 36.793598175
 -21.228227615 14.250722885 39.291286469
 -21.228221893 14.250724792 36.793598175
 -19.999935150 14.334327698 39.291286469
 -19.999931335 14.334330559 36.793598175
 -18.765169144 14.250722885 39.291286469
 -18.765165329 14.250724792 36.793598175
 -17.554710388 13.961115837 39.291286469
 -17.554708481 13.961117744 36.793598175
 -16.518342972 13.516581535 39.291286469
 -16.518341064 13.516584396 36.793598175
 -15.218050957 12.504637718 39.293651581
 -15.212395668 12.504640579 36.802909851
