488
 -5.162585735 6.440885067 -9.912071228
 -4.998804092 6.440885067 -9.470905304
 -4.998804092 6.440885067 -10.182141304
 -5.162585735 6.440885067 -9.200904846
 5.201383114 6.440885067 -9.912153244
 4.995922089 6.440885067 -9.470986366
 5.201382637 6.440885067 -9.200986862
 4.995922565 6.440885067 -10.182149887
 10.182107925 6.440885067 -10.182279587
 9.911770821 6.440885067 -9.912413597
 -10.182278633 6.440885067 -10.182107925
 -9.912411690 6.440885067 -9.911770821
 -4.998804092 9.122780800 -10.182141304
 -4.781835556 9.784355164 -8.499998093
 -8.499995232 9.784355164 -8.499997139
 -10.182265282 9.122780800 -10.181178093
 -8.499861717 9.999885559 -8.499999046
 4.781816006 9.784355164 -8.499995232
 4.995923042 9.122780800 -10.182149887
 10.181178093 9.122780800 -10.182266235
 8.499999046 9.784355164 -8.499998093
 8.500000000 9.999885559 -8.499861717
 -4.998804092 5.999999046 -10.182141304
 -5.162585735 6.275300503 -9.912071228
 -9.912411690 6.275300503 -9.911770821
 -10.182278633 5.999999046 -10.182107925
 5.201383114 6.275300503 -9.912153244
 4.995922565 5.999999046 -10.182149887
 10.182107925 5.999999046 -10.182279587
 9.911770821 6.275300503 -9.912413597
 -5.222733974 -0.000000097 -10.002745628
 -5.222370148 0.111744948 -10.002745628
 -10.004020691 0.111742087 -10.001394272
 -10.004172325 0.000003456 -10.001205444
 5.280556202 0.111739613 -10.002745628
 5.280143261 -0.000000097 -10.002745628
 10.001206398 0.000003456 -10.004172325
 10.001395226 0.111742087 -10.004022598
 -4.998441219 0.355853856 -10.182149887
 -10.182265282 0.355850995 -10.181181908
 4.996313572 0.355848163 -10.182149887
 10.181182861 0.355850995 -10.182266235
 -4.998804092 5.999999046 -9.470905304
 -5.162585735 6.275300503 -9.200904846
 5.201383114 6.275300503 -9.200986862
 4.995922565 5.999999046 -9.470986366
 4.995923042 9.122780800 -9.470986366
 -4.998804092 9.122780800 -9.470905304
 -5.222810745 0.000000005 -9.280197144
 -5.222446442 0.111745141 -9.280197144
 5.280468941 0.111739419 -9.280194283
 5.280055523 0.000000005 -9.280194283
 -4.998441219 0.355853856 -9.470988274
 4.996313572 0.355848163 -9.470986366
 -4.005371094 0.000000009 -9.006610870
 -4.118446350 0.111750044 -9.279791832
 -4.120995522 0.000000006 -9.279791832
 -4.197740555 0.355859190 -9.470905304
 4.114425182 0.111738846 -9.279791832
 4.194442749 0.355847359 -9.470904350
 3.995015383 0.000000009 -9.006607056
 4.111876488 0.000000006 -9.279791832
 3.726583719 3.977254868 -8.803429604
 3.723565340 0.000000000 -8.803429604
 3.998604059 4.118225574 -9.006607056
 2.684189081 4.680351257 -8.803429604
 2.845865488 4.942947388 -9.006607056
 1.863167405 5.018984795 -8.803429604
 1.998847723 5.306261539 -9.006607056
 0.928955555 5.204755783 -8.803429604
 1.009546757 5.542957306 -9.006607056
 -0.003219828 5.247025967 -8.803429604
 -0.003216624 5.611287117 -9.006195068
 -0.937432051 5.186119556 -8.803429604
 -1.003497481 5.542957306 -9.006607056
 -1.859001756 4.981317043 -8.803429604
 -1.992797971 5.306261539 -9.006607056
 -2.689125538 4.664702892 -8.803429604
 -2.838127851 4.943683147 -9.006607056
 -3.699121714 3.954035044 -8.803429604
 -4.004014969 4.119842052 -9.006608963
 -3.704622984 0.000000000 -8.803429604
 -3.261859894 0.000000000 -8.803429604
 -3.002546549 0.000000009 -9.006609917
 -3.259854794 3.731306791 -8.803429604
 -2.999997854 3.594884157 -9.006608963
 -2.461548090 4.268829346 -8.803429604
 -2.306756020 4.015309811 -9.006607056
 -1.687255263 4.591217995 -8.803429604
 -1.559176445 4.320861816 -9.006607056
 -0.853177726 4.787010193 -8.803429604
 -0.784869075 4.506308556 -9.006607056
 -0.003223239 4.860301018 -8.803429604
 0.000010279 4.568479061 -9.006607056
 0.842978120 4.797084808 -8.803429604
 0.790704250 4.506308556 -9.006607056
 1.675199866 4.591830254 -8.803429604
 1.565011740 4.320861816 -9.006607056
 2.475512505 4.279668331 -8.803429604
 2.312591553 4.015309811 -9.006607056
 3.296243668 3.751091719 -8.803429604
 3.000002384 3.594884157 -9.006607056
 3.294059038 0.000000000 -8.803429604
 2.997453451 0.000000009 -9.006607056
 3.000002384 3.594884157 -9.999995232
 3.000000954 0.000000401 -9.999996185
 -2.999998808 0.000000401 -9.999998093
 -2.999997616 3.594884157 -9.999997139
 2.312591553 4.015310764 -9.999996185
 1.565011978 4.320861816 -9.999996185
 0.790704489 4.506308556 -9.999997139
 0.000010540 4.568479061 -9.999996185
 -0.784868836 4.506308556 -9.999996185
 -1.559176207 4.320861816 -9.999997139
 -2.306756020 4.015310764 -9.999997139
 4.194769382 4.222517967 -9.470904350
 -4.198069572 4.220901489 -9.470905304
 2.950681210 5.075128078 -9.470904350
 2.070904493 5.437707424 -9.470905304
 1.041289687 5.674402237 -9.470905304
 -0.003101200 5.742733479 -9.470905304
 -1.053786159 5.674402237 -9.470905304
 -2.083400488 5.437707424 -9.470905304
 -2.964933872 5.074392796 -9.470905304
 -9.912153244 6.440885067 -5.201379776
 -9.470985413 6.440885067 -4.995919704
 -9.200984955 6.440885067 -5.201379299
 -10.182147980 6.440885067 -4.995919704
 -8.499995232 9.784355164 -4.781813622
 -10.182147980 9.122780800 -4.995919704
 -9.912153244 6.275300503 -5.201379776
 -10.182147980 5.999999046 -4.995919704
 -10.002743721 0.111739613 -5.280553341
 -10.002743721 -0.000000097 -5.280139923
 -10.182147980 0.355848163 -4.996310234
 -9.200984955 6.275300503 -5.201379776
 -9.470985413 5.999999046 -4.995919704
 -9.470985413 9.122780800 -4.995919704
 -9.280192375 0.111739419 -5.280466557
 -9.280192375 0.000000005 -5.280053139
 -9.470985413 0.355848163 -4.996310234
 -9.200943947 6.440885067 0.000000477
 -9.470944405 6.440885067 -0.000000477
 -9.200943947 6.275300503 -0.000000954
 -9.338624001 6.134915829 0.000000477
 -9.470944405 5.999999046 0.000000477
 -8.499995232 9.784355164 0.000000477
 -8.499931335 9.999885559 -0.000000954
 -9.470944405 9.122780800 0.000000477
 -8.974678040 9.460905075 -0.000000954
 -9.279789925 0.111738846 -4.114423275
 -9.470903397 0.355847359 -4.194440842
 -9.006607056 0.000000009 -3.995012283
 -9.279789925 0.000000006 -4.111873627
 -8.803427696 3.977254868 -3.726581097
 -8.803427696 0.000000000 -3.723562479
 -9.006606102 4.118225574 -3.998601437
 -8.803427696 4.680351257 -2.684186459
 -9.006606102 4.942947388 -2.845862389
 -8.803427696 5.018984795 -1.863164663
 -9.006606102 5.306261539 -1.998844862
 -8.803427696 5.204755783 -0.928952813
 -9.006606102 5.542957306 -1.009544134
 -8.804074287 5.247966766 0.000000000
 -9.006193161 5.611069679 -0.000000119
 -9.006607056 4.568479061 -0.000007561
 -8.803427696 4.797084808 -0.842975438
 -8.803427696 4.860059738 -0.000000119
 -9.006607056 4.506308556 -0.790701509
 -8.803427696 4.591830254 -1.675197244
 -9.006606102 4.320861816 -1.565008998
 -8.803427696 4.279668331 -2.475510120
 -9.006606102 4.015309811 -2.312588692
 -8.803427696 3.751091719 -3.296241283
 -9.006607056 3.594884157 -2.999999762
 -8.803427696 0.000000000 -3.294056416
 -9.006607056 0.000000009 -2.997450590
 -9.999995232 3.594884157 -2.999999762
 -9.999995232 0.000000401 -2.999997616
 -9.999995232 4.015310764 -2.312588215
 -9.999995232 4.320861816 -1.565009117
 -9.999995232 4.506308556 -0.790701568
 -9.999995232 4.568479061 -0.000007660
 -9.470903397 4.222517967 -4.194766998
 -9.470903397 5.075128078 -2.950677872
 -9.470903397 5.437707424 -2.070901155
 -9.470903397 5.674402237 -1.041286945
 -9.470903397 5.742530346 -0.000000119
 9.912071228 6.440885067 -5.162588120
 9.470905304 6.440885067 -4.998806477
 10.182143211 6.440885067 -4.998806477
 9.200904846 6.440885067 -5.162588120
 10.182143211 9.122780800 -4.998806477
 8.499999046 9.784355164 -4.781837463
 10.182143211 5.999999046 -4.998806477
 9.912071228 6.275300503 -5.162588120
 10.002747536 -0.000000097 -5.222736359
 10.002747536 0.111744948 -5.222372532
 10.182151794 0.355853856 -4.998443604
 9.470905304 5.999999046 -4.998806477
 9.200904846 6.275300503 -5.162588120
 9.470905304 9.122780800 -4.998806477
 9.280197144 0.000000005 -5.222813129
 9.280197144 0.111745141 -5.222448826
 9.470988274 0.355853856 -4.998442650
 9.200946808 6.440885067 -0.000000477
 9.470946312 6.440885067 0.000000477
 9.200946808 6.275300503 0.000000954
 9.338626862 6.134915829 -0.000000477
 9.470946312 5.999999046 -0.000000954
 8.499998093 9.784355164 -0.000000954
 8.499931335 9.999885559 0.000000954
 9.470946312 9.122780800 -0.000000954
 8.974679947 9.460905075 0.000000477
 9.006610870 0.000000009 -4.005373955
 9.279791832 0.111750044 -4.118447781
 9.279791832 0.000000006 -4.120997906
 9.470906258 0.355859190 -4.197742462
 8.803431511 5.247025967 -0.003222233
 9.006196976 5.611069679 0.000000119
 8.803431511 5.186119556 -0.937434494
 9.006608963 5.542957306 -1.003499866
 8.803431511 4.981317043 -1.859004140
 9.006609917 5.306261539 -1.992800355
 8.803431511 4.664702892 -2.689127922
 9.006608963 4.943683147 -2.838130713
 8.803429604 3.954035044 -3.699123621
 9.006609917 4.119842052 -4.004017830
 8.803429604 0.000000000 -3.704625368
 8.803429604 0.000000000 -3.261862040
 9.006610870 0.000000009 -3.002548933
 8.803429604 3.731306791 -3.259857178
 9.006609917 3.594884157 -3.000000477
 8.803431511 4.268829346 -2.461550474
 9.006609917 4.015309811 -2.306758404
 8.803431511 4.591217995 -1.687257767
 9.006609917 4.320861816 -1.559178710
 8.803431511 4.787010193 -0.853180110
 9.006608963 4.506308556 -0.784871519
 8.803431511 4.860301018 -0.003225644
 9.006609917 4.568479061 0.000007848
 9.999998093 0.000000401 -3.000001431
 9.999998093 3.594884157 -3.000000000
 9.999998093 4.568479061 0.000007978
 9.999998093 4.506308556 -0.784871459
 9.999998093 4.320861816 -1.559178710
 9.999998093 4.015310764 -2.306758404
 9.470905304 4.220901489 -4.198071480
 9.470906258 5.742733479 -0.003103692
 9.470906258 5.674402237 -1.053788662
 9.470906258 5.437707424 -2.083403111
 9.470905304 5.074392796 -2.964936972
 -8.499728203 0.000001713 -8.499998093
 8.500000000 0.000001713 -8.499728203
 -8.803427696 0.000000000 -0.000000715
 -8.499861717 0.000001713 0.000000954
 -9.503511429 0.000000205 -0.000000477
 -9.999995232 0.000000401 -0.000000477
 8.803429604 0.000000000 0.000000715
 8.499865532 0.000001713 -0.000000954
 9.503515244 0.000000205 0.000000238
 9.999998093 0.000000401 0.000000477
 -9.470944405 7.782219887 -0.000000477
 9.470946312 7.782219887 0.000000477
 -9.912070274 6.440885067 5.162588596
 -9.470903397 6.440885067 4.998807430
 -10.182139397 6.440885067 4.998807430
 -9.200903893 6.440885067 5.162588596
 -10.182105064 6.440885067 10.182280540
 -9.911768913 6.440885067 9.912413597
 -10.182139397 9.122780800 4.998807430
 -8.499995232 9.784355164 4.781837940
 -8.499995232 9.784355164 8.499998093
 -10.181176186 9.122780800 10.182266235
 -8.500000000 9.999885559 8.499863625
 -10.182139397 5.999999046 4.998807430
 -9.912070274 6.275300503 5.162588596
 -9.911768913 6.275300503 9.912413597
 -10.182105064 5.999999046 10.182280540
 -10.002745628 -0.000000097 5.222737312
 -10.002745628 0.111744948 5.222372532
 -10.001390457 0.111742087 10.004022598
 -10.001203537 0.000003456 10.004173279
 -10.182149887 0.355853856 4.998443604
 -10.181180000 0.355850995 10.182266235
 -9.470903397 5.999999046 4.998807430
 -9.200903893 6.275300503 5.162588596
 -9.470903397 9.122780800 4.998807430
 -9.280196190 0.000000005 5.222813606
 -9.280196190 0.111745141 5.222449303
 -9.470986366 0.355853856 4.998443604
 -9.006608963 0.000000009 4.005374432
 -9.279789925 0.111750044 4.118448734
 -9.279789925 0.000000006 4.120998383
 -9.470904350 0.355859190 4.197742939
 -8.803427696 5.186119556 0.937434733
 -9.006606102 5.542957306 1.003500104
 -8.803427696 4.981317043 1.859004378
 -9.006607056 5.306261539 1.992800593
 -8.803427696 4.664702892 2.689127922
 -9.006607056 4.943683147 2.838130713
 -8.803427696 3.954035044 3.699124098
 -9.006607056 4.119842052 4.004018307
 -8.803427696 0.000000000 3.704625607
 -8.803427696 0.000000000 3.261862516
 -9.006607056 0.000000009 3.002549648
 -8.803427696 3.731306791 3.259857416
 -9.006607056 3.594884157 3.000000954
 -8.803427696 4.268829346 2.461550951
 -9.006607056 4.015309811 2.306758881
 -8.803427696 4.591217995 1.687257886
 -9.006607056 4.320861816 1.559179068
 -8.803427696 4.787010193 0.853180408
 -9.006606102 4.506308556 0.784871817
 -9.999996185 0.000000401 3.000002146
 -9.999995232 3.594884157 3.000000477
 -9.999995232 4.506308556 0.784871757
 -9.999995232 4.320861816 1.559179068
 -9.999995232 4.015310764 2.306758881
 -9.470903397 4.220901489 4.198072433
 -9.470903397 5.674402237 1.053788781
 -9.470903397 5.437707424 2.083403587
 -9.470903397 5.074392796 2.964937210
 5.162589073 6.440885067 9.912070274
 4.998807430 6.440885067 9.470904350
 4.998807430 6.440885067 10.182141304
 5.162589073 6.440885067 9.200904846
 -5.201379299 6.440885067 9.912153244
 -4.995919228 6.440885067 9.470986366
 -5.201378822 6.440885067 9.200987816
 -4.995919228 6.440885067 10.182149887
 10.182281494 6.440885067 10.182106018
 9.912413597 6.440885067 9.911770821
 4.998807430 9.122780800 10.182141304
 4.781838417 9.784355164 8.499997139
 8.499999046 9.784355164 8.499995232
 10.182268143 9.122780800 10.181178093
 8.499861717 9.999885559 8.499999046
 -4.781812668 9.784355164 8.499997139
 -4.995919704 9.122780800 10.182149887
 4.998807430 5.999999046 10.182141304
 5.162589073 6.275300503 9.912070274
 9.912413597 6.275300503 9.911770821
 10.182281494 5.999999046 10.182106018
 -5.201379299 6.275300503 9.912153244
 -4.995919228 5.999999046 10.182149887
 5.222737312 -0.000000097 10.002745628
 5.222373009 0.111744948 10.002745628
 10.004024506 0.111742087 10.001393318
 10.004174232 0.000003456 10.001205444
 -5.280552864 0.111739613 10.002745628
 -5.280139446 -0.000000097 10.002745628
 4.998444557 0.355853856 10.182149887
 10.182268143 0.355850995 10.181181908
 -4.996310234 0.355848163 10.182149887
 4.998807430 5.999999046 9.470904350
 5.162589073 6.275300503 9.200904846
 -5.201379299 6.275300503 9.200987816
 -4.995919704 5.999999046 9.470986366
 -4.995919704 9.122780800 9.470986366
 4.998807430 9.122780800 9.470904350
 5.222813606 0.000000005 9.280197144
 5.222449303 0.111745141 9.280197144
 -5.280466080 0.111739419 9.280195236
 -5.280052662 0.000000005 9.280195236
 4.998443604 0.355853856 9.470986366
 -4.996310234 0.355848163 9.470986366
 4.005374432 0.000000009 9.006609917
 4.118449211 0.111750044 9.279789925
 4.120998383 0.000000006 9.279789925
 4.197743416 0.355859190 9.470905304
 -4.114422798 0.111738846 9.279791832
 -4.194440365 0.355847359 9.470905304
 -3.995012283 0.000000009 9.006607056
 -4.111873627 0.000000006 9.279791832
 -3.726581097 3.977254868 8.803429604
 -3.723562241 0.000000000 8.803429604
 -3.998600960 4.118225574 9.006607056
 -2.684185505 4.680351257 8.803429604
 -2.845862150 4.942947388 9.006607056
 -1.863163948 5.018984795 8.803429604
 -1.998844385 5.306261539 9.006607056
 -0.928952336 5.204755783 8.803429604
 -1.009543538 5.542957306 9.006607056
 0.003223099 5.247025967 8.803429604
 0.003219912 5.611287117 9.006195068
 0.937435329 5.186119556 8.803429604
 1.003500700 5.542957306 9.006607056
 1.859005094 4.981317043 8.803429604
 1.992801070 5.306261539 9.006607056
 2.689128876 4.664702892 8.803429604
 2.838131189 4.943683147 9.006607056
 3.699124575 3.954035044 8.803427696
 4.004018307 4.119842052 9.006607056
 3.704626083 0.000000000 8.803427696
 3.261862993 0.000000000 8.803427696
 3.002549648 0.000000009 9.006608963
 3.259857893 3.731306791 8.803427696
 3.000001192 3.594884157 9.006607056
 2.461551428 4.268829346 8.803429604
 2.306759119 4.015309811 9.006607056
 1.687258840 4.591217995 8.803429604
 1.559179544 4.320861816 9.006607056
 0.853180945 4.787010193 8.803429604
 0.784872413 4.506308556 9.006607056
 0.003226510 4.860301018 8.803429604
 -0.000006991 4.568479061 9.006607056
 -0.842974842 4.797084808 8.803429604
 -0.790700972 4.506308556 9.006607056
 -1.675196409 4.591830254 8.803429604
 -1.565008402 4.320861816 9.006607056
 -2.475509167 4.279668331 8.803429604
 -2.312588215 4.015309811 9.006607056
 -3.296240568 3.751091719 8.803429604
 -2.999999046 3.594884157 9.006607056
 -3.294055939 0.000000000 8.803429604
 -2.997450352 0.000000009 9.006608963
 -2.999999046 3.594884157 9.999996185
 -2.999997616 0.000000401 9.999997139
 3.000002384 0.000000401 9.999997139
 3.000000954 3.594884157 9.999996185
 -2.312587976 4.015310764 9.999996185
 -1.565008521 4.320861816 9.999996185
 -0.790701151 4.506308556 9.999997139
 -0.000007165 4.568479061 9.999996185
 0.784872174 4.506308556 9.999996185
 1.559179544 4.320861816 9.999997139
 2.306759357 4.015310764 9.999997139
 -4.194766521 4.222517967 9.470905304
 4.198072433 4.220901489 9.470904350
 -2.950677395 5.075128078 9.470905304
 -2.070900917 5.437707424 9.470905304
 -1.041286349 5.674402237 9.470905304
 0.003104529 5.742733479 9.470905304
 1.053789496 5.674402237 9.470905304
 2.083403826 5.437707424 9.470905304
 2.964937449 5.074392796 9.470904350
 9.912155151 6.440885067 5.201380730
 9.470988274 6.440885067 4.995919704
 9.200988770 6.440885067 5.201379776
 10.182149887 6.440885067 4.995919704
 8.499998093 9.784355164 4.781814098
 10.182149887 9.122780800 4.995919704
 9.912155151 6.275300503 5.201380730
 10.182149887 5.999999046 4.995919704
 10.002745628 0.111739613 5.280553818
 10.002745628 -0.000000097 5.280140877
 10.182149887 0.355848163 4.996310234
 9.200988770 6.275300503 5.201380730
 9.470988274 5.999999046 4.995919704
 9.470988274 9.122780800 4.995920658
 9.280196190 0.111739419 5.280467033
 9.280196190 0.000000005 5.280053139
 9.470988274 0.355848163 4.996311188
 9.279791832 0.111738846 4.114423752
 9.470905304 0.355847359 4.194440842
 9.006608963 0.000000009 3.995012999
 9.279791832 0.000000006 4.111874104
 8.803431511 3.977254868 3.726581573
 8.803431511 0.000000000 3.723562717
 9.006607056 4.118225574 3.998601913
 8.803431511 4.680351257 2.684186459
 9.006607056 4.942947388 2.845863104
 8.803432465 5.018984795 1.863164902
 9.006608963 5.306261539 1.998845220
 8.803432465 5.204755783 0.928953171
 9.006608963 5.542957306 1.009544373
 8.803432465 4.797084808 0.842975676
 9.006609917 4.506308556 0.790701807
 8.803432465 4.591830254 1.675197363
 9.006608963 4.320861816 1.565009475
 8.803431511 4.279668331 2.475510359
 9.006608963 4.015309811 2.312588692
 8.803431511 3.751091719 3.296241283
 9.006608963 3.594884157 3.000000000
 8.803431511 0.000000000 3.294056654
 9.006609917 0.000000009 2.997451305
 9.999997139 3.594884157 3.000000000
 9.999998093 0.000000401 2.999998093
 9.999998093 4.015310764 2.312588692
 9.999998093 4.320861816 1.565009475
 9.999998093 4.506308556 0.790701985
 9.470905304 4.222517967 4.194766998
 9.470905304 5.075128078 2.950678349
 9.470906258 5.437707424 2.070901871
 9.470906258 5.674402237 1.041287184
 -8.499997139 0.000001713 8.499730110
 8.499731064 0.000001713 8.499998093
