133
 0.907998383 3.343663454 -2.576549053
 0.732080519 3.487252712 -2.769082546
 0.732082784 -0.004780325 -2.799218655
 0.907999098 -0.004780325 -2.576225996
 0.907998383 3.827391863 -1.858843446
 0.732078314 4.008056641 -1.964920402
 0.907998383 4.060369492 -1.293555975
 0.732081413 4.258015633 -1.404893637
 0.907998502 4.188179970 -0.650335729
 0.732081413 4.420861244 -0.714747429
 0.918759644 4.217261791 -0.008215668
 0.732080638 4.467871666 -0.008233554
 1.055487514 3.951196909 -0.008213320
 1.166460037 3.779698133 0.000000714
 1.055486798 3.907705069 -0.598532259
 1.170120597 3.707651615 -0.600740135
 1.055486679 3.766489983 -1.179099083
 1.175033212 3.580065012 -1.177716136
 1.055486679 3.551723957 -1.737405896
 1.175033212 3.369846582 -1.734775543
 1.055486679 3.188064575 -2.309956312
 1.173893332 3.080595016 -2.214209318
 1.055487514 -0.004780325 -2.310210943
 1.173894048 -0.004780293 -2.214209318
 0.546236932 3.595739126 -2.997025013
 0.546236932 -0.003328038 -2.996791840
 0.546235383 4.098996639 -2.123972654
 0.546235502 4.348449707 -1.493853450
 0.546235502 4.511294842 -0.756416380
 0.546234727 4.558306217 -0.008395934
 -0.000000894 3.594884634 -2.999999046
 -0.000000894 0.000001429 -2.999999285
 -0.000000864 4.015310764 -2.312587738
 -0.000000831 4.320862293 -1.565008402
 -0.000000798 4.506309032 -0.790701032
 -0.000000763 4.568479538 -0.000007104
 -0.000000763 0.000001429 0.000000238
 0.273303509 -0.001664417 0.000000954
 0.546236277 -0.003328016 0.000000954
 3.093637943 -0.004780293 -1.110884786
 3.291776180 -0.004780293 0.000000596
 3.358838558 -0.004780293 0.000000745
 3.358071804 -0.004780293 -0.388792008
 3.095827579 -0.004780293 0.000000596
 2.598182201 -0.004780293 -1.698988318
 2.901213646 -0.004780293 0.000000477
 2.601530790 -0.004780293 0.000000477
 1.931461692 -0.004780293 -2.082168818
 2.302837610 -0.004780293 0.000000238
 1.935566068 -0.004780293 0.000000238
 1.568549633 -0.004780293 0.000001192
 1.178259015 -0.004780293 0.000000477
 0.732082129 -0.004780325 0.000000238
 0.823417127 -0.004780325 0.000000954
 0.907999873 -0.004780325 0.000001192
 0.985211849 -0.004780325 0.000001192
 1.055488110 -0.004780325 0.000001192
 1.116574049 -0.004780307 0.000000954
 0.642313182 -0.004078806 0.000000954
 3.358837843 1.555158854 0.000000775
 3.358837366 3.080595016 0.000000745
 3.358071089 3.080595016 -0.388792813
 3.093637228 3.080595016 -1.110885501
 2.598181248 3.080595016 -1.698988676
 1.931460857 3.080595016 -2.082168818
 1.769114256 3.707651615 -0.108616717
 1.769903541 3.707651615 0.000000700
 2.338177443 3.580065012 -0.203969344
 2.338083029 3.580065012 0.000000685
 1.957363844 3.665673018 0.000000723
 2.886774778 3.369846582 -0.300701916
 2.886679888 3.369846582 0.000000685
 2.560482979 3.494835854 0.000000745
 3.092623234 3.243444204 0.000000745
 1.696332932 3.707651615 -0.304150879
 2.198464394 3.580065012 -0.588384390
 2.680892467 3.369846582 -0.866914272
 1.935699940 3.580065012 -0.901831090
 1.561063051 3.707651615 -0.462999791
 2.293770790 3.369846582 -1.328563690
 1.581575274 3.580065012 -1.106503844
 1.379622221 3.707651615 -0.566004217
 1.772101164 3.369846582 -1.629968643
 0.907999158 4.175358772 0.634703279
 0.732080758 4.420861244 0.689572215
 0.907999277 4.034454346 1.269219279
 0.732080758 4.258015633 1.379717827
 0.907999277 3.816625834 1.840773463
 0.732080817 4.008562565 1.969429016
 0.907999277 3.327688456 2.536172152
 0.732083082 3.488364935 2.782763481
 1.055487514 3.174452543 2.360025644
 1.182624698 3.080594778 2.214209318
 1.182623863 -0.004780293 2.214209795
 1.055489182 -0.004780325 2.359645844
 1.055487514 3.544266701 1.706740379
 1.177711964 3.369846582 1.734775901
 1.055487514 3.766068459 1.166585326
 1.177711964 3.580065012 1.177716136
 1.055487514 3.900773048 0.584724069
 1.182624578 3.707651615 0.600740314
 0.732081532 -0.004780325 2.781931400
 0.908000767 -0.004780325 2.538204908
 0.546235681 -0.003327994 2.995915651
 0.546235681 3.594626904 2.996151447
 0.546234787 4.348449707 1.481569290
 0.546234787 4.511294842 0.744132280
 0.546234787 4.098490238 2.112946987
 -0.000000632 0.000001429 3.000000715
 -0.000000632 3.594884634 3.000000715
 -0.000000729 4.506309032 0.784872234
 -0.000000695 4.320862293 1.559179783
 -0.000000662 4.015310764 2.306759357
 3.359587908 -0.004780293 0.380194992
 3.098002672 -0.004780293 1.103324771
 2.604868650 -0.004780293 1.693377137
 1.939664841 -0.004780293 2.079183340
 1.939665556 3.080595016 2.079183102
 2.604869127 3.080595016 1.693376541
 3.098002672 3.080595016 1.103323817
 3.359586954 3.080595016 0.380194187
 1.387827039 3.707651615 0.563018024
 1.580547810 3.580065012 1.106878161
 1.771073580 3.369846582 1.630343080
 1.567751050 3.707651615 0.457387507
 1.934860706 3.580065012 0.902534485
 2.292932510 3.369846582 1.329266787
 1.700697660 3.707651615 0.296589494
 2.197916508 3.580065012 0.589331925
 2.680344582 3.369846582 0.867861450
 1.770630240 3.707651615 0.100018300
 2.337987900 3.580065012 0.205047190
 2.886584759 3.369846582 0.301779479
