333
 -10.546870232 -1.639203787 -6.089197636
 -10.723016739 -1.479839087 -5.732005596
 -17.708282471 -1.479839087 -9.466018677
 -17.417394638 -1.639203787 -10.055888176
 -10.899156570 -1.266294241 -5.374821663
 -17.999170303 -1.266294241 -8.876152992
 -11.151377678 -1.070312023 -4.487278938
 -18.580919266 -1.129962444 -7.696461201
 -10.546869278 -0.559366524 -6.089196205
 -10.723014832 -0.400002033 -5.732004642
 -17.708282471 -0.400002033 -9.466018677
 -17.417394638 -0.559366524 -10.055888176
 -17.999170303 -0.186457142 -8.876152992
 -10.899155617 -0.186457142 -5.374820709
 -18.580919266 -0.000002570 -7.696463585
 -11.151377678 0.059648011 -4.487279892
 -10.546874046 -0.400002033 -6.089188576
 -17.417398453 -0.400002033 -10.055884361
 -17.708282471 -0.186457142 -9.466018677
 -10.723014832 -0.186457142 -5.732004642
 -17.999170303 0.027087778 -8.876152992
 -10.899155617 0.027087778 -5.374820709
 -9.661840439 -2.439203739 -7.413748264
 -9.883102417 -2.279838324 -7.082603455
 -16.321224213 -2.279838324 -11.696433067
 -15.955830574 -2.439203739 -12.243288040
 -10.104359627 -2.066293478 -6.751466751
 -16.686614990 -2.066293478 -11.149583817
 -10.325613022 -1.852748513 -6.420334339
 -17.052005768 -1.852748513 -10.602731705
 -9.661838531 -1.359365821 -7.413747311
 -9.883100510 -1.200001240 -7.082602501
 -16.321224213 -1.200001240 -11.696433067
 -15.955830574 -1.359365821 -12.243288040
 -16.686614990 -0.986456335 -11.149583817
 -10.104356766 -0.986456335 -6.751465797
 -10.325613022 -0.772911429 -6.420333862
 -17.052005768 -0.772911429 -10.602731705
 -9.661845207 -1.200001240 -7.413739681
 -15.955832481 -1.200001240 -12.243284225
 -16.321224213 -0.986456335 -11.696433067
 -9.883100510 -0.986456335 -7.082602501
 -10.325613022 -0.559366524 -6.420333862
 -17.052005768 -0.559366524 -10.602731705
 -16.686614990 -0.772911429 -11.149583817
 -10.104356766 -0.772911429 -6.751465797
 -8.611492157 -3.239203691 -8.611448288
 -8.874084473 -3.079838276 -8.312016487
 -14.654902458 -3.079838276 -13.726717949
 -14.221249580 -3.239203691 -14.221200943
 -9.136671066 -2.866293430 -8.012592316
 -15.088542938 -2.866293430 -13.232239723
 -9.399253845 -2.652748346 -7.713172913
 -15.522186279 -2.652748346 -12.737758636
 -8.611492157 -2.159365654 -8.611447334
 -8.874083519 -2.000001192 -8.312015533
 -14.654902458 -2.000001192 -13.726717949
 -14.221249580 -2.159365654 -14.221200943
 -15.088542938 -1.786456227 -13.232239723
 -9.136669159 -1.786456227 -8.012591362
 -9.399251938 -1.572911501 -7.713171482
 -15.522186279 -1.572911501 -12.737758636
 -8.611495972 -2.000001192 -8.611438751
 -14.221257210 -2.000001192 -14.221200943
 -14.654902458 -1.786456227 -13.726717949
 -8.874083519 -1.786456227 -8.312015533
 -9.399251938 -1.359366655 -7.713171482
 -15.522186279 -1.359366655 -12.737758636
 -15.088542938 -1.572911501 -13.232239723
 -9.136669159 -1.572911501 -8.012591362
 -7.413797855 -4.039203167 -9.661802292
 -7.713227272 -3.879838705 -9.399209023
 -12.737825394 -3.879838467 -15.522138596
 -12.243343353 -4.039203167 -15.955785751
 -8.012648582 -3.666293621 -9.136621475
 -13.232299805 -3.666293621 -15.088491440
 -8.312067986 -3.452748537 -8.874037743
 -13.726778984 -3.452748537 -14.654844284
 -7.413795948 -2.959366083 -9.661801338
 -7.713226318 -2.800001383 -9.399208069
 -12.737825394 -2.800001383 -15.522138596
 -12.243343353 -2.959366083 -15.955785751
 -13.232299805 -2.586456537 -15.088491440
 -8.012646675 -2.586456537 -9.136619568
 -8.312067032 -2.372911453 -8.874035835
 -13.726778984 -2.372911453 -14.654844284
 -7.413803101 -2.800000668 -9.661795616
 -12.243349075 -2.800000668 -15.955784798
 -12.737825394 -2.586456537 -15.522138596
 -7.713226318 -2.586456537 -9.399208069
 -8.312067032 -2.159366369 -8.874035835
 -13.726778984 -2.159366369 -14.654844284
 -13.232299805 -2.372911453 -15.088491440
 -8.012646675 -2.372911453 -9.136619568
 -6.089249611 -4.839202881 -10.546840668
 -6.420394897 -4.679838181 -10.325574875
 -10.602800369 -4.679838181 -17.051963806
 -10.055946350 -4.839202881 -17.417356491
 -6.751527786 -4.466292381 -10.104315758
 -11.149648666 -4.466292381 -16.686569214
 -7.082659245 -4.252748013 -9.883059502
 -11.696496964 -4.252748013 -16.321172714
 -6.089249611 -3.759365797 -10.546839714
 -6.420393467 -3.600000858 -10.325573921
 -10.602800369 -3.600000381 -17.051963806
 -10.055946350 -3.759365082 -17.417356491
 -11.149648666 -3.386455059 -16.686569214
 -6.751528263 -3.386455774 -10.104314804
 -7.082659245 -3.172910690 -9.883058548
 -11.696496964 -3.172910213 -16.321172714
 -6.089257717 -3.600000858 -10.546833992
 -10.055952072 -3.600000858 -17.417356491
 -10.602800369 -3.386455774 -17.051963806
 -6.420393467 -3.386455774 -10.325573921
 -7.082659245 -2.959366083 -9.883058548
 -11.696496964 -2.959366083 -16.321172714
 -11.149648666 -3.172910690 -16.686569214
 -6.751528263 -3.172910690 -10.104314804
 -4.685309410 -5.628139496 -11.239191055
 -5.017706394 -5.479838848 -11.075270653
 -8.286360741 -5.479837894 -18.290027618
 -7.696490765 -5.639202595 -18.580919266
 -5.374887466 -5.266292572 -10.899126053
 -8.876222610 -5.266292572 -17.999135971
 -5.732064724 -5.052748203 -10.722983360
 -9.466088295 -5.052748203 -17.708244324
 -4.685309410 -4.548302650 -11.239190102
 -5.017704964 -4.400001049 -11.075267792
 -8.286360741 -4.400000572 -18.290027618
 -7.696490765 -4.559365273 -18.580919266
 -8.876222610 -4.186455250 -17.999135971
 -5.374886513 -4.186455727 -10.899125099
 -5.732065201 -3.972911119 -10.722982407
 -9.466088295 -3.972910643 -17.708244324
 -4.685309410 -4.400000572 -11.239190102
 -7.696496010 -4.400001049 -18.580917358
 -8.286360741 -4.186455727 -18.290027618
 -5.017704964 -4.186455727 -11.075267792
 -5.732065201 -3.759365797 -10.722982407
 -9.466088295 -3.759365559 -17.708244324
 -8.876222610 -3.972911119 -17.999135971
 -5.374886513 -3.972911119 -10.899125099
 -4.685309410 -6.279837608 -15.447254181
 -5.828139305 -6.279837608 -19.215141296
 -4.685309410 -6.347894192 -16.032911301
 -5.205347538 -6.439201832 -19.426549911
 -4.685309410 -6.439201832 -17.485738754
 -4.685309410 -6.066292763 -13.802394867
 -6.450923920 -6.066292763 -19.003734589
 -4.685309410 -6.195337296 -14.551104546
 -4.685309887 -5.827600956 -12.227458954
 -7.073711395 -5.852747440 -18.792320251
 -4.685309410 -5.852747440 -12.447181702
 -4.685309887 -6.013771534 -13.299160957
 -5.828139305 -5.199999809 -19.215141296
 -5.205347538 -5.359364510 -19.426549911
 -6.450923920 -4.986455441 -19.003734589
 -7.073711395 -4.772910118 -18.792320251
 -5.205351830 -5.199999809 -19.426551819
 -5.828139305 -4.986455441 -19.215141296
 -7.073711395 -4.559365273 -18.792320251
 -6.450923920 -4.772910595 -19.003734589
 -4.685309410 -6.484641552 -17.812465668
 -4.685309410 -6.611362457 -19.529989243
 -4.685309410 -5.531524658 -19.529989243
 -4.685309410 -6.402092457 -19.529989243
 -4.685309410 -5.359364510 -19.529989243
 -11.663435936 -1.070311546 -2.978808880
 -19.426544189 -1.129962087 -5.205318451
 -11.663434029 0.059648309 -2.978810072
 -19.426544189 -0.000002272 -5.205319881
 -4.685309887 -4.559365273 -12.447180748
 -4.685309410 -4.742151737 -12.447178841
 -4.685309410 -4.772910595 -13.802395821
 -4.685309410 -4.921079159 -13.802394867
 -4.685309410 -4.986455441 -15.447253227
 -4.685309410 -5.199999809 -15.447252274
 -4.685309410 -4.772910595 -12.793172836
 -4.685309410 -4.986455441 -14.631775856
 -4.685309410 -5.199999809 -17.485719681
 -4.685309410 -5.359364510 -17.485736847
 -4.685309410 -5.199999809 -17.009344101
 10.055925369 -9.999999046 -17.417373657
 5.896028042 -9.940350533 -10.495037079
 5.896027565 -11.070311546 -10.495039940
 10.055912018 -11.129961967 -17.417360306
 -3.152035236 -6.439201832 -11.763481140
 -3.529162884 -6.279837608 -11.635463715
 -3.906280994 -6.066292763 -11.507448196
 -4.283393383 -5.852747440 -11.379433632
 -3.152035475 -5.359365463 -11.763479233
 -3.529163361 -5.199999809 -11.635461807
 -3.906280041 -4.986455441 -11.507445335
 -4.283393860 -4.772910595 -11.379432678
 -3.152044773 -5.199999809 -11.763477325
 -3.529163361 -4.986455441 -11.635461807
 -4.283393860 -4.559365749 -11.379432678
 -3.906280041 -4.772910595 -11.507445335
 -1.589624524 -7.239202499 -12.074268341
 -1.980237722 -7.079836845 -11.996568680
 -3.270196438 -7.079836845 -19.811479568
 -2.625135899 -7.239202499 -19.939786911
 -2.370838165 -6.866291523 -11.918871880
 -3.915246964 -6.866291523 -19.683166504
 -2.761433125 -6.652747631 -11.841176033
 -1.589623570 -6.159364700 -12.074264526
 -1.980236411 -6.000000000 -11.996567726
 -3.270196438 -5.999999523 -19.811479568
 -2.625135899 -6.159364700 -19.939786911
 -3.915246964 -5.786454678 -19.683166504
 -2.370836735 -5.786455154 -11.918870926
 -2.761433601 -5.572910309 -11.841175079
 -1.589634061 -5.999999523 -12.074262619
 -2.625141859 -6.000000000 -19.939790726
 -3.270196438 -5.786455154 -19.811479568
 -1.980236411 -5.786455154 -11.996567726
 -2.761433601 -5.359365463 -11.841175079
 -3.915246964 -5.572910309 -19.683166504
 -2.370836735 -5.572910309 -11.918870926
 -0.000012799 -8.039200783 -12.178458214
 -0.397424340 -7.879837036 -12.152408600
 -0.656295598 -7.879835606 -20.068834305
 -0.000008390 -8.039200783 -20.111846924
 -0.794826031 -7.666293144 -12.126359940
 -1.312578082 -7.666290760 -20.025817871
 -1.192220211 -7.452747345 -12.100314140
 -1.968860507 -7.452746868 -19.982799530
 -0.000013432 -6.959364414 -12.178454399
 -0.397424966 -6.799999237 -12.152406693
 -0.656295598 -6.799999237 -20.068834305
 -0.000008390 -6.959364414 -20.111846924
 -1.312578082 -6.586453915 -20.025817871
 -0.794826388 -6.586454868 -12.126358986
 -1.192220688 -6.372909546 -12.100312233
 -1.968860507 -6.372909546 -19.982799530
 -0.000023507 -6.799999237 -12.178454399
 -0.000012690 -6.799999237 -20.111852646
 -0.656295598 -6.586453915 -20.068834305
 -0.397424966 -6.586454868 -12.152406693
 -1.192220688 -6.159364700 -12.100312233
 -1.968860507 -6.159364700 -19.982799530
 -1.312578082 -6.372909546 -20.025817871
 -0.794826388 -6.372909546 -12.126358986
 1.589595795 -8.839201927 -12.074271202
 1.192185640 -8.679836273 -12.100317001
 1.968831539 -8.679836273 -19.982807159
 2.625118732 -8.839200020 -19.939790726
 0.794784665 -8.466291428 -12.126363754
 1.312550187 -8.466291428 -20.025821686
 0.397389412 -8.252746582 -12.152409554
 0.656267345 -8.252746582 -20.068834305
 1.589595318 -7.759363651 -12.074270248
 1.192185879 -7.599998951 -12.100316048
 1.968831539 -7.599998951 -19.982807159
 2.625118732 -7.759363651 -19.939790726
 1.312550187 -7.386454105 -20.025821686
 0.794784904 -7.386454105 -12.126360893
 0.397388995 -7.172909260 -12.152407646
 0.656267345 -7.172909260 -20.068834305
 1.589586139 -7.599998951 -12.074271202
 2.625113010 -7.599998951 -19.939792633
 1.968831539 -7.386454105 -19.982807159
 1.192185879 -7.386454105 -12.100316048
 0.397388995 -6.959364414 -12.152407646
 0.656267345 -6.959364414 -20.068834305
 1.312550187 -7.172909260 -20.025821686
 0.794784904 -7.172909260 -12.126360893
 3.152007341 -9.639201164 -11.763489723
 2.761394024 -9.479835510 -11.841186523
 4.560269356 -9.479835510 -19.554868698
 5.205328941 -9.639201164 -19.426557541
 2.370792866 -9.266290665 -11.918880463
 3.915217638 -9.266290665 -19.683174133
 1.980196118 -9.052746773 -11.996573448
 3.270162582 -9.052746773 -19.811481476
 3.152006149 -8.559363365 -11.763487816
 2.761394262 -8.399997711 -11.841184616
 4.560269356 -8.399997711 -19.554868698
 5.205328941 -8.559363365 -19.426557541
 3.915217638 -8.186453819 -19.683174133
 2.370792150 -8.186454773 -11.918878555
 1.980196834 -7.972909927 -11.996573448
 3.270162582 -7.972908497 -19.811481476
 3.151998043 -8.399997711 -11.763489723
 5.205324650 -8.399997711 -19.426559448
 4.560269356 -8.186453819 -19.554868698
 2.761394262 -8.186454773 -11.841184616
 1.980196834 -7.759364128 -11.996573448
 3.270162582 -7.759363651 -19.811481476
 3.915217638 -7.972908497 -19.683174133
 2.370792150 -7.972909927 -11.918878555
 4.660488129 -10.439200401 -11.251429558
 4.283359528 -10.279834747 -11.379447937
 7.073683739 -10.279834747 -18.792335510
 7.696475983 -10.439200401 -18.580924988
 3.906241417 -10.066290855 -11.507461548
 6.450898647 -10.066290855 -19.003744125
 3.529127836 -9.852746010 -11.635474205
 5.828109264 -9.852746010 -19.215150833
 4.660487652 -9.359363556 -11.251428604
 4.283359528 -9.199998856 -11.379446983
 7.073683739 -9.199998856 -18.792335510
 7.696475983 -9.359363556 -18.580924988
 6.450898647 -8.986454010 -19.003744125
 3.906240463 -8.986454010 -11.507460594
 3.529126644 -8.772908211 -11.635473251
 5.828109264 -8.772908211 -19.215150833
 4.660478115 -9.199998856 -11.251431465
 7.696471691 -9.199998856 -18.580930710
 7.073683739 -8.986454010 -18.792335510
 4.283359528 -8.986454010 -11.379446983
 3.529126644 -8.559363365 -11.635473251
 5.828109264 -8.559363365 -19.215150833
 6.450898647 -8.772908211 -19.003744125
 3.906240463 -8.772908211 -11.507460594
 5.679068089 -11.079835892 -10.671772003
 9.466063499 -11.079835892 -17.708261490
 5.374849796 -10.866291046 -10.899144173
 8.876197815 -10.866291046 -17.999147415
 5.017671108 -10.652745247 -11.075285912
 8.286332130 -10.652745247 -18.290037155
 5.732031822 -9.945864677 -10.723001480
 9.466063499 -9.999999046 -17.708261490
 8.876197815 -9.786453247 -17.999147415
 5.374849319 -9.786453247 -10.899142265
 5.017670631 -9.572909355 -11.075284004
 8.286332130 -9.572909355 -18.290037155
 9.466063499 -9.786453247 -17.708261490
 5.732031822 -9.786453247 -10.723001480
 5.017670631 -9.359363556 -11.075284004
 8.286332130 -9.359363556 -18.290037155
 8.876197815 -9.572909355 -17.999147415
 5.374849319 -9.572909355 -10.899142265
