122
 -5.205327511 -0.000001527 -9.300590515
 -5.202020645 0.111734755 -9.300590515
 -5.201870441 0.111734912 -4.999998093
 -5.205336094 -0.000000984 -4.999998093
 -5.366007328 0.355843276 -9.470987320
 -5.414105892 0.355843455 -4.999998093
 -5.205367565 7.810763359 -9.470987320
 -5.205326557 7.999998093 -9.470987320
 -5.205335140 7.999998093 -5.000000000
 -5.205218792 7.810763359 -5.000000000
 -5.366007328 7.594243050 -9.470987320
 -5.414104462 7.594243050 -5.000000000
 -5.201866627 0.111734912 0.573466837
 -5.205335617 -0.000001468 0.573457718
 -5.414102077 0.355843455 0.644194365
 -5.205334663 7.999998093 0.573460758
 -5.205213070 7.810763359 0.573468387
 -5.414102077 7.594243050 0.644194365
 -4.002823830 0.000001247 -9.006609917
 -4.215135574 0.111750051 -9.301920891
 -4.215135574 -0.000112702 -9.301920891
 -4.197741985 0.355859220 -9.470905304
 -0.003221368 5.247025967 -8.803429604
 -0.000002742 5.611070633 -9.006196022
 -0.937433600 5.186120033 -8.803429604
 -1.003499031 5.542957306 -9.006607056
 -1.859003305 4.981317043 -8.803429604
 -1.992799520 5.306262016 -9.006608009
 -2.689126968 4.664703369 -8.803429604
 -2.838129520 4.943683147 -9.006607056
 -3.699122906 3.954035282 -8.803428650
 -4.004016876 4.119842052 -9.006608009
 -3.702075243 0.000001234 -8.803428650
 -3.259312153 0.000001234 -8.803428650
 -2.999999285 0.000001247 -9.006608963
 -3.259856462 3.731307030 -8.803428650
 -2.999999762 3.594884396 -9.006608009
 -2.461549759 4.268829346 -8.803429604
 -2.306757450 4.015310287 -9.006608009
 -1.687256932 4.591218472 -8.803429604
 -1.559177995 4.320861816 -9.006608009
 -0.853179336 4.787010670 -8.803429604
 -0.784870684 4.506308556 -9.006607056
 -0.003224779 4.860301018 -8.803429604
 0.000008704 4.568479061 -9.006608009
 -2.999999285 0.000001292 -9.999996185
 -2.999999285 3.594884634 -9.999996185
 0.000008791 4.568479538 -9.999996185
 -0.784870625 4.506309032 -9.999996185
 -1.559178114 4.320861816 -9.999996185
 -2.306757689 4.015310764 -9.999996185
 -4.198071003 4.220901966 -9.470904350
 -0.003102856 5.742733955 -9.470905304
 -1.053787708 5.674402714 -9.470905304
 -2.083402157 5.437707424 -9.470905304
 -2.964936018 5.074393272 -9.470904350
 -0.000002146 0.000001269 -9.503300667
 -0.000003338 0.000001247 -9.006608963
 -0.000002146 0.000001292 -9.999996185
 -0.000005229 -0.000001747 -4.999999046
 -2.625131607 -0.000001889 0.060225137
 -0.000004959 -0.000001897 -0.111836217
 0.000000364 7.999998093 -9.470988274
 -2.625120878 7.999998093 -9.470988274
 -0.000005229 7.999998093 -4.999999046
 -2.625129461 7.999998093 -4.999998093
 -2.625130415 7.999998093 0.060223609
 -0.000008195 7.999998093 -0.111837745
 5.201858997 0.111734755 -9.300590515
 5.205327988 -0.000001527 -9.300590515
 5.205314636 -0.000000984 -4.999999523
 5.202010155 0.111734912 -5.000000954
 5.414094448 0.355843276 -9.470989227
 5.414100170 0.355843455 -4.999993324
 5.205327034 7.999998093 -9.470989227
 5.205205441 7.810763359 -9.470989227
 5.205356598 7.810763359 -5.000000954
 5.205314636 7.999998093 -5.000000954
 5.414094448 7.594243050 -9.470989227
 5.414100170 7.594243050 -4.999989510
 5.205319881 -0.000001338 0.573453665
 5.202013016 0.111734912 0.573331594
 5.365999699 0.355843455 0.627983987
 5.205359936 7.810763359 0.573331594
 5.205318928 7.999998093 0.573456764
 5.365999699 7.594243050 0.627983987
 4.211112499 0.111738853 -9.301920891
 4.194441795 0.355847389 -9.470905304
 3.997563362 0.000001247 -9.006608009
 4.211112499 -0.000112821 -9.301920891
 3.726582527 3.977255106 -8.803430557
 3.726113319 0.000001234 -8.803430557
 3.998602867 4.118225574 -9.006607056
 2.684187651 4.680351257 -8.803430557
 2.845864058 4.942947388 -9.006607056
 1.863165975 5.018984795 -8.803430557
 1.998846292 5.306262016 -9.006607056
 0.928954065 5.204756260 -8.803430557
 1.009545326 5.542957306 -9.006607056
 0.842976630 4.797084808 -8.803430557
 0.790702701 4.506308556 -9.006608009
 1.675198436 4.591830254 -8.803430557
 1.565010190 4.320861816 -9.006607056
 2.475511312 4.279668808 -8.803430557
 2.312589884 4.015310287 -9.006607056
 3.296242237 3.751091957 -8.803430557
 3.000000954 3.594884396 -9.006608009
 3.296607018 0.000001234 -8.803430557
 3.000000954 0.000001247 -9.006608963
 3.000000954 3.594884634 -9.999996185
 3.000000954 0.000001292 -9.999996185
 2.312589645 4.015310764 -9.999996185
 1.565010190 4.320861816 -9.999996185
 0.790702701 4.506309032 -9.999996185
 4.194767952 4.222518444 -9.470905304
 2.950679541 5.075128555 -9.470905304
 2.070902824 5.437707424 -9.470905304
 1.041288018 5.674402714 -9.470905304
 2.625115156 -0.000001889 0.060218569
 2.625122786 7.999998093 -9.470988274
 2.625116110 7.999998093 -4.999999523
 2.625113249 7.999998093 0.060223144
