28
 -0.000001408 2.284238815 2.999999285
 -0.109921880 4.568478584 2.999999523
 -0.109921880 2.284239531 2.999999046
 0.109919012 2.284238815 2.999999285
 0.109919012 4.568478107 2.999999523
 0.109918945 2.284238815 1.499999523
 -0.109921947 2.284239531 1.499999881
 0.109918900 4.015310287 0.683506846
 0.109918892 2.284239531 0.388835132
 0.109918885 2.284238815 0.000000496
 0.109918885 3.594883204 0.000000566
 0.109918945 4.320861340 1.431473851
 0.109918907 2.284239531 0.756754041
 0.109918982 4.506307602 2.207994461
 0.109918930 2.284239531 1.119228601
 -0.109921999 2.284238815 0.390025139
 -0.109921984 4.015310287 0.685598791
 -0.109922014 3.594883680 0.000000575
 -0.109922014 2.284239531 0.000000575
 -0.109921947 4.320861816 1.433594108
 -0.109921977 2.284238815 0.757874668
 -0.109921962 2.284238577 1.120191455
 -0.109921925 4.506308079 2.209895134
 -0.029771056 2.284238815 0.000000502
 0.109919012 0.000000579 2.999999285
 -0.109921880 0.000000579 2.999999046
 0.109918885 0.000000769 0.000000375
 -0.109922014 0.000000769 0.000000575
