28
 -0.000001609 2.284239054 2.999998569
 0.109919012 4.568479061 2.999999285
 -0.109921888 4.568479538 2.999999762
 -0.109922044 2.284239769 2.999999046
 0.109918848 2.284239054 2.999999285
 0.109918773 2.284239054 1.499998927
 -0.109922104 2.284239769 1.499999881
 0.109918900 4.015310764 0.683508158
 0.109918743 2.284239531 0.388835639
 0.109918751 2.284239054 -0.000000197
 0.109918877 3.594884396 -0.000000197
 0.109918937 4.320861816 1.431475163
 0.109918751 2.284239769 0.756754518
 0.109918974 4.506308556 2.207995653
 0.109918758 2.284239769 1.119228959
 -0.109922133 2.284239054 0.390025735
 -0.109921992 4.015310764 0.685600162
 -0.109922014 3.594884634 0.000000194
 -0.109922133 2.284239531 0.000000124
 -0.109921947 4.320862293 1.433595300
 -0.109922133 2.284239054 0.757875204
 -0.109922118 2.284238815 1.120191693
 -0.109921910 4.506309032 2.209896326
 -0.029771181 2.284239054 0.000000051
 -0.109922215 0.000000156 2.999998569
 0.109918684 0.000000156 2.999999762
 0.109918542 0.000000346 -0.000000197
 -0.109922342 0.000000346 0.000000003
