141
 -16.696548462 4.100180626 9.335103989
 -16.696548462 4.999999523 9.335106850
 -14.014806747 4.999999523 9.535758018
 -13.759714127 4.100180626 9.527068138
 -13.922102928 3.905450344 9.704035759
 -16.719070435 3.905450344 9.577726364
 -9.841203690 4.099736691 17.202640533
 -10.055920601 4.099548340 17.417358398
 -9.841205597 4.012393951 17.103807449
 -10.298546791 3.905428171 17.439876556
 -9.841205597 3.905441761 16.982534409
 -17.439884186 3.905450344 10.298545837
 -17.417364120 4.099547863 10.055922508
 -9.841203690 4.999621868 17.202644348
 -10.055923462 4.999461651 17.417364120
 -9.841205597 4.731581688 17.202642441
 -17.417364120 4.999998093 10.055923462
 -12.361473083 3.905450344 16.109777451
 -12.243314743 4.099547863 15.955792427
 -14.358469009 3.905450344 14.358458519
 -14.221220970 4.099547863 14.221210480
 -16.109786987 3.905450344 12.361464500
 -15.955798149 4.099547863 12.243305206
 -12.243314743 4.999998093 15.955785751
 -14.221222878 4.999998093 14.221208572
 -15.955800056 4.999998093 12.243305206
 -10.037596703 3.905449629 12.318818092
 -9.841205597 3.905449629 12.562137604
 -9.841203690 3.905449629 12.753829956
 -11.628545761 3.905449629 15.371811867
 -9.874960899 3.905445576 12.221401215
 -9.841203690 4.999999523 12.382832527
 -9.841205597 4.999999523 12.548545837
 -11.522501945 4.999999523 15.234971046
 -9.841205597 4.999999523 13.113030434
 -15.397912025 3.905450344 11.626781464
 -13.637763023 3.905449629 13.637101173
 -10.515766144 3.905449629 12.068716049
 -10.211372375 4.999999523 12.149336815
 -10.373759270 4.999999523 12.220750809
 -13.500408173 4.999999523 13.500390053
 -15.234985352 4.999999523 11.522487640
 -13.985973358 4.999999523 9.878156662
 -13.876863480 3.905450344 10.020575523
 -12.953763962 4.999999523 10.399234772
 -13.516580582 3.905450344 10.334223747
 -12.870092392 3.905450344 10.326006889
 -11.267451286 3.905449629 11.260092735
 -12.220053673 3.891828775 9.734309196
 -11.876490593 3.874875784 9.795677185
 -11.927432060 4.999999523 9.703889847
 -12.226071358 4.999999523 9.577432632
 -11.267249107 4.999999523 11.259890556
 -12.333289146 4.999999523 10.106535912
 -12.309073448 3.905450344 10.140479088
 -12.359379768 3.860647440 9.172255516
 -13.633275032 4.999999523 10.267648697
 -12.359379768 4.999999523 9.172255516
 -9.841203690 3.905449629 16.545976639
 -9.841205597 4.999999523 16.358383179
 -9.841205597 4.999998569 16.567638397
 -12.862600327 4.093416691 10.387935638
 -13.314614296 4.580880165 10.317385674
 -13.633275032 4.093416691 10.267648697
 -12.706962585 4.639395714 10.282809258
 -12.333289146 4.093416691 10.106535912
 -12.240476608 4.620063305 9.711070061
 -12.222409248 4.093416691 9.708631516
 -12.359379768 4.093416691 9.172255516
 -12.277799606 4.498031616 9.439565659
 -11.260267258 4.708811283 10.893439293
 -11.267249107 4.093416691 11.259890556
 -12.037201881 3.931851387 9.344486237
 -11.928436279 4.549987793 9.481511116
 -11.877055168 4.093416691 9.794481277
 -11.485544205 4.443575859 10.348716736
 -11.605571747 4.028970242 10.447109222
 -10.746365547 3.963085413 11.560705185
 -10.418791771 4.096792221 12.030623436
 -10.958329201 4.511447430 11.660183907
 -9.884828568 4.098487854 12.268766403
 -10.239733696 4.367002487 12.186198235
 -10.161946297 3.984659672 12.115968704
 -9.841203690 4.054711342 12.290769577
 -9.841205597 4.069775105 12.295074463
 -9.841203690 3.919043064 12.251994133
 -9.841203690 4.255609989 12.339578629
 -9.841205597 4.386136055 12.281953812
 -13.898947716 4.097237110 9.939063072
 -5.413945675 4.999997616 2.242530823
 -4.143653870 4.999997616 4.143657207
 -4.142093658 4.105769634 4.145143986
 -4.029159546 3.905213833 4.029292583
 -5.162643909 3.905213833 2.302130222
 -5.413945675 4.099548817 2.242530823
 -2.242526293 4.099548817 5.413949490
 -2.248164654 3.905213833 5.261350155
 -9.468814850 4.100168228 12.680188179
 -9.591528893 3.905444860 12.445649147
 -9.613611221 4.999999523 12.825785637
 -9.419869423 4.999999523 12.630973816
 -9.197028160 4.099872112 6.017055511
 -9.180648804 4.999998569 6.000714302
 -9.147972107 3.905338526 6.248886108
 -6.302696705 4.999998093 9.496566772
 -6.188359737 4.099880219 9.319766998
 -2.242526293 4.999997616 5.413949490
 -6.272521496 3.905339956 9.214279175
 -9.335108757 4.100181103 16.696542740
 -9.577732086 3.905449629 16.719062805
 -9.335110664 4.999999523 16.696548462
 -6.678545952 3.905335426 8.370242119
 -7.318096638 3.905332804 8.012821198
 -7.021473408 3.905303478 6.374032021
 -7.856979370 3.905332804 6.948234558
 -7.526643753 3.905330420 7.353757858
 -7.304632187 4.999998093 7.888138294
 -7.407693863 4.999998093 7.234744072
 -8.406560898 3.905334711 6.619900227
 -7.880064487 4.999998569 6.712832451
 -8.434879303 4.999998569 6.378929138
 -6.783734322 4.999998093 8.206646919
 -9.744734764 3.957904100 12.339428902
 -9.757256508 4.557969570 12.475847244
 -6.310329914 4.014676094 8.837059975
 -6.583968163 4.098911285 8.362468719
 -6.589588642 4.602496624 8.899753571
 -7.187932968 4.098439693 7.987998962
 -7.158159256 4.572106361 8.126737595
 -6.749297142 3.997334480 8.198579788
 -7.263213158 3.961941004 7.692476749
 -7.462206841 4.592670441 7.605930805
 -7.411413193 4.097888947 7.238462448
 -7.648799896 4.407114983 7.156516075
 -7.541687965 3.973199606 7.134260178
 -7.923488617 4.009281635 6.751905441
 -7.700481415 4.098404884 6.873940468
 -8.753196716 3.970855951 6.331967831
 -8.289625168 4.098747253 6.515974998
 -8.899433136 4.550229073 6.279805660
 -8.180298805 4.558513641 6.689366341
