432
 -4.781276703 0.111739427 -4.778828621
 -9.273551941 0.111739613 -4.782373428
 -9.273551941 0.000001113 -4.782373428
 -4.781276703 0.000001114 -4.778828621
 -4.996310234 0.355848163 -4.998108864
 -9.470985413 0.355848163 -4.996310711
 -9.293657303 5.385379314 -4.782486439
 -4.781944752 5.383503914 -4.782175541
 -4.995919228 5.383503914 -4.998108864
 -9.470985413 5.383503914 -4.995919704
 -9.293657303 5.246646404 -4.782486439
 -4.781944752 5.244771957 -4.782175541
 -9.470985413 5.028250217 -4.996310711
 -4.996310234 5.028250217 -4.998108864
 9.273555756 0.111745141 -4.781277180
 4.782375336 0.111745141 -4.778827667
 4.782375336 0.000001114 -4.778827667
 9.273555756 0.000001113 -4.781277180
 9.464529037 0.355853885 -4.996311188
 4.998444557 0.355853885 -4.998109341
 4.782491684 5.383593082 -4.782258034
 9.293659210 5.383502960 -4.781946182
 9.464529037 5.376529694 -4.996311188
 4.998109818 5.383503914 -4.995920181
 4.782491684 5.244860172 -4.782258034
 9.293659210 5.244770050 -4.781946182
 4.998807907 5.028338909 -4.998192787
 9.464529037 5.028248310 -4.996311188
 9.273555756 0.111750036 -4.114161491
 9.273555756 0.000001084 -4.114161491
 8.999962807 0.000001209 -3.997560740
 9.464529037 0.355859220 -4.194943428
 -9.279790878 0.111738853 -4.114422798
 -9.470903397 0.355847389 -4.194440365
 -8.999958992 0.000001209 -4.002825260
 -9.279790878 0.000001085 -4.114422798
 -8.803428650 3.977254868 -3.726581097
 -8.803428650 0.000001198 -3.726111889
 -9.006606102 4.118225574 -3.998601198
 -8.803428650 4.680350780 -2.684185982
 -9.006606102 4.942946911 -2.845862150
 -8.803428650 5.018984318 -1.863164186
 -9.006606102 5.306262016 -1.998844624
 -8.803428650 5.204756260 -0.928952456
 -9.006606102 5.542956829 -1.009543657
 -8.804074287 5.247967243 0.000000954
 -9.006194115 5.611070156 0.000000834
 -9.006607056 4.568478584 -0.000007060
 -8.803428650 4.797084808 -0.842975020
 -8.803428650 4.860059738 0.000000894
 -9.006607056 4.506308556 -0.790701091
 -8.803428650 4.591830254 -1.675196767
 -9.006606102 4.320861816 -1.565008521
 -8.803428650 4.279668808 -2.475509405
 -9.006606102 4.015310287 -2.312588215
 -8.803428650 3.751091957 -3.296240807
 -9.006607056 3.594884396 -2.999999046
 -8.803428650 0.000001179 -3.296605587
 -9.006607056 0.000001166 -2.999999523
 -9.999995232 3.594884396 -2.999999046
 -9.999995232 0.000001166 -2.999999523
 -9.999995232 4.015310764 -2.312587976
 -9.999995232 4.320861816 -1.565008521
 -9.999995232 4.506309032 -0.790701091
 -9.999995232 4.568479538 -0.000007104
 -9.470903397 4.222518444 -4.194766521
 -9.470903397 5.075128555 -2.950677395
 -9.470903397 5.437707424 -2.070900917
 -9.470903397 5.674402714 -1.041286469
 -9.470903397 5.742530346 0.000000834
 8.999962807 5.611285686 0.000002925
 8.797198296 5.186118126 -0.934212446
 8.797198296 5.247024059 -0.000000297
 8.999962807 5.542955399 -1.009542942
 8.797198296 4.981315136 -1.855782390
 8.999963760 5.306260109 -1.998843551
 8.797198296 4.664701462 -2.685905933
 8.999963760 4.942945480 -2.845861197
 8.797198296 3.954033375 -3.695901394
 8.999962807 4.118223667 -3.998600245
 8.797198296 0.000001196 -3.698853970
 8.797198296 0.000001177 -3.256091118
 8.999961853 0.000001165 -2.999998331
 8.797198296 3.731304646 -3.256635189
 8.999962807 3.594882250 -2.999998331
 8.797198296 4.268827438 -2.458328724
 8.999962807 4.015308380 -2.312587261
 8.797198296 4.591216564 -1.684036016
 8.999962807 4.320859909 -1.565007687
 8.797198296 4.787008762 -0.849958181
 8.999962807 4.506306648 -0.790700257
 8.797198296 4.860299110 -0.000003708
 8.999962807 4.568477154 -0.000006273
 10.000000000 0.000001165 -2.999998331
 10.000000954 3.594882011 -2.999998331
 10.000000954 4.568476677 -0.000006229
 10.000000954 4.506306171 -0.790700197
 10.000000954 4.320859432 -1.565007687
 10.000000954 4.015308380 -2.312587023
 9.464529037 4.220900059 -4.194849491
 9.464474678 5.742708206 0.000000954
 9.464529037 5.674400330 -1.050566435
 9.464529037 5.437705517 -2.080181122
 9.464529037 5.074391365 -2.961714745
 -4.781276703 0.111745141 -9.273552895
 -4.781276703 0.000001309 -9.273552895
 4.782374859 0.111739613 -9.273553848
 4.782374859 0.000001309 -9.273553848
 -4.998442650 0.355853885 -9.470987320
 4.996312141 0.355848163 -9.470987320
 -4.781945229 5.383502960 -9.293657303
 -4.998806000 5.376531601 -9.470904350
 4.782487869 5.385379314 -9.293659210
 4.995921135 5.383503914 -9.470987320
 -4.781945229 5.244770050 -9.293657303
 4.782487869 5.246646404 -9.293659210
 -4.998806000 5.028338909 -9.470904350
 4.996312141 5.028250217 -9.470987320
 -4.002823830 0.000001429 -9.006609917
 -4.118447781 0.111750051 -9.279790878
 -4.118447781 0.000001310 -9.279790878
 -4.197741985 0.355859220 -9.470905304
 4.114424229 0.111738853 -9.279792786
 4.194441795 0.355847389 -9.470905304
 4.002826691 0.000001427 -8.999960899
 4.114424229 0.000001310 -9.279792786
 3.726582289 3.977254868 -8.803430557
 3.726113319 0.000001420 -8.803430557
 3.998602629 4.118225574 -9.006607056
 2.684187412 4.680350780 -8.803430557
 2.845863819 4.942946911 -9.006607056
 1.863165975 5.018984318 -8.803430557
 1.998846292 5.306262016 -9.006607056
 0.928954065 5.204756260 -8.803430557
 1.009545326 5.542956829 -9.006607056
 -0.003221368 5.247025967 -8.803429604
 -0.003218199 5.611287117 -9.006195068
 -0.937433660 5.186119556 -8.803429604
 -1.003499031 5.542956829 -9.006607056
 -1.859003186 4.981317043 -8.803429604
 -1.992799520 5.306262016 -9.006608009
 -2.689126968 4.664702892 -8.803429604
 -2.838129520 4.943682671 -9.006607056
 -3.699123144 3.954035044 -8.803428650
 -4.004016876 4.119842052 -9.006608009
 -3.702075243 0.000001420 -8.803428650
 -3.256090403 0.000001419 -8.797196388
 -2.999999046 0.000001429 -9.006608963
 -3.259856462 3.731306791 -8.803428650
 -2.999999762 3.594884396 -9.006608009
 -2.461549759 4.268829346 -8.803429604
 -2.306757450 4.015310287 -9.006608009
 -1.687256932 4.591218472 -8.803429604
 -1.559177995 4.320861816 -9.006608009
 -0.853179336 4.787010670 -8.803429604
 -0.784870744 4.506308556 -9.006607056
 -0.003224779 4.860301018 -8.803429604
 0.000008704 4.568478584 -9.006608009
 0.842976630 4.797084808 -8.803430557
 0.790702760 4.506308556 -9.006608009
 1.675198436 4.591830254 -8.803430557
 1.565010309 4.320861816 -9.006607056
 2.475511312 4.279668808 -8.803430557
 2.312589884 4.015310287 -9.006607056
 3.296242237 3.751091957 -8.803430557
 3.000000954 3.594884396 -9.006608009
 3.296607018 0.000001420 -8.803430557
 3.000001192 0.000001429 -9.006608963
 3.000000954 3.594884396 -9.999996185
 3.000001192 0.000001472 -9.999997139
 -2.999999046 0.000001472 -9.999997139
 -2.999999046 3.594884396 -9.999996185
 2.312589645 4.015310764 -9.999996185
 1.565010309 4.320861816 -9.999996185
 0.790702760 4.506309032 -9.999997139
 0.000008791 4.568479538 -9.999996185
 -0.784870565 4.506309032 -9.999996185
 -1.559177995 4.320861816 -9.999997139
 -2.306757689 4.015310764 -9.999997139
 4.194767952 4.222518444 -9.470905304
 -4.198071003 4.220901966 -9.470904350
 2.950679541 5.075128555 -9.470905304
 2.070902824 5.437707424 -9.470905304
 1.041288018 5.674402714 -9.470905304
 -0.003102856 5.742733955 -9.470905304
 -1.053787708 5.674402714 -9.470905304
 -2.083402157 5.437707424 -9.470905304
 -2.964936018 5.074393272 -9.470904350
 9.499980927 0.000001034 0.000001431
 8.999961853 0.000001034 0.000000477
 10.000000000 0.000001034 0.000001431
 -9.503300667 0.000001035 0.000000477
 -9.006607056 0.000001035 0.000001431
 -9.999995232 0.000001035 0.000000477
 0.001801729 0.000001036 0.000001431
 3.000001431 0.000001167 -2.998198748
 -2.999998808 0.000001167 -2.998198271
 -2.999097824 0.000001036 0.000000715
 3.000001192 0.000001036 0.000001192
 -3.726111412 0.000001198 -3.712078094
 -3.997561693 0.000001210 -4.001473427
 -3.296604872 0.000001179 -3.280680656
 -6.002401352 0.000001036 0.000000715
 4.002825737 0.000001210 -4.001472473
 3.712079763 0.000001198 -3.726112127
 3.280682087 0.000001180 -3.296605825
 5.999080181 0.000001035 0.000001192
 -9.470985413 6.424669743 -3.616309881
 -9.470985413 6.886406898 -2.539834261
 -9.470985413 7.187222481 -1.282531977
 -9.470985413 7.274063110 0.000018346
 9.464529037 7.274061203 0.000019173
 9.464529037 7.187220573 -1.282531142
 9.464529037 6.886404991 -2.539833069
 9.464529037 6.424667835 -3.616308928
 3.616311312 6.424669743 -9.470987320
 2.539836168 6.886406898 -9.470987320
 1.282533646 7.187222481 -9.470987320
 -0.000016681 7.274063110 -9.470987320
 -1.275844693 7.187222481 -9.470987320
 -2.533146620 6.886406898 -9.470987320
 -3.607476711 6.425605297 -9.470987320
 -3.605686665 6.425605297 -3.607477665
 -2.539833784 6.886406898 -2.540453672
 -1.282531261 7.187222481 -1.282048464
 -0.000016648 7.274063110 -0.000353670
 1.275846958 7.187222481 -1.282048821
 2.533149004 6.886406898 -2.540453911
 3.607478857 6.425605297 -3.605687857
 -9.273551941 0.111745141 4.781278133
 -4.782373428 0.111745141 4.778827667
 -4.778827190 0.000000696 4.781278133
 -9.273551941 0.000000695 4.781278133
 -9.470985413 0.355853885 4.998444080
 -4.998442650 0.355853885 4.998109341
 -4.782489777 5.383593082 4.782257557
 -9.293655396 5.383502960 4.781946659
 -9.470902443 5.376531601 4.998807430
 -4.998806000 5.376531601 4.998192310
 -4.782489777 5.244860172 4.782257557
 -9.293655396 5.244770050 4.781946659
 -4.998806000 5.028338909 4.998192310
 -9.470902443 5.028338909 4.998807430
 4.781278610 0.111739427 4.778829098
 9.273554802 0.111739613 4.782373905
 9.273554802 0.000000695 4.782373905
 4.781278610 0.000000696 4.778829098
 4.996312141 0.355848163 4.998109341
 9.464529037 0.355848163 4.998443604
 9.293659210 5.385379314 4.782487392
 4.781946659 5.383503914 4.782176018
 4.995921135 5.383503914 4.998109341
 9.464529037 5.378582954 4.998467922
 9.293659210 5.246646404 4.782487392
 4.781946659 5.244771957 4.782176018
 9.464529037 5.030124664 4.998467922
 4.996312141 5.028250217 4.998109341
 8.999961853 0.000000860 4.002826214
 9.273554802 0.111738965 4.117464542
 9.464529037 0.355847389 4.197663307
 9.273554802 0.000000724 4.117464542
 -9.006608009 0.000000861 4.002825260
 -9.279788971 0.111750051 4.118449211
 -9.279788971 0.000000725 4.118449211
 -9.470903397 0.355859220 4.197743416
 -8.803428650 5.186119556 0.937435269
 -9.006606102 5.542956829 1.003500581
 -8.803428650 4.981317043 1.859004974
 -9.006607056 5.306262016 1.992801189
 -8.803428650 4.664702892 2.689128637
 -9.006606102 4.943682671 2.838131428
 -8.803427696 3.954035044 3.699124813
 -9.006607056 4.119842052 4.004018784
 -8.803427696 0.000000874 3.702076912
 -8.797195435 0.000000892 3.256091595
 -9.006607056 0.000000904 3.000000954
 -8.803427696 3.731306791 3.259858131
 -9.006607056 3.594884396 3.000001431
 -8.803428650 4.268829346 2.461551428
 -9.006607056 4.015310287 2.306759119
 -8.803428650 4.591218472 1.687258601
 -9.006607056 4.320861816 1.559179664
 -8.803428650 4.787010670 0.853180945
 -9.006606102 4.506308556 0.784872353
 -9.999995232 0.000000904 3.000000954
 -9.999995232 3.594884396 3.000000954
 -9.999995232 4.506309032 0.784872293
 -9.999995232 4.320861816 1.559179783
 -9.999995232 4.015310764 2.306759357
 -9.470902443 4.220901966 4.198072433
 -9.470903397 5.674402714 1.053789377
 -9.470903397 5.437707424 2.083403826
 -9.470902443 5.074393272 2.964937687
 8.797198296 3.977252960 3.729803324
 8.797197342 0.000000872 3.729334354
 8.999962807 4.119840145 4.004018784
 8.797198296 4.680349350 2.687408924
 8.999962807 4.943681240 2.838131905
 8.797198296 5.018982887 1.866386890
 8.999962807 5.306260109 1.992802024
 8.797198296 5.204753876 0.932175100
 8.999962807 5.542955399 1.003501415
 8.797198296 4.797082901 0.846197665
 8.999962807 4.506306648 0.784873188
 8.797198296 4.591828346 1.678419352
 8.999962807 4.320859909 1.559180617
 8.797198296 4.279666901 2.478732109
 8.999962807 4.015308380 2.306760073
 8.797198296 3.751089811 3.299463511
 8.999962807 3.594882250 3.000001907
 8.797197342 0.000000890 3.299828291
 8.999961853 0.000000904 3.000001431
 10.000000954 3.594882011 3.000001907
 10.000000000 0.000000903 3.000001431
 10.000000954 4.015308380 2.306760311
 10.000000954 4.320859432 1.559180617
 10.000000954 4.506306171 0.784873188
 9.464529037 4.222516060 4.197425365
 9.464529037 5.075126171 2.953900576
 9.464529037 5.437705517 2.074123859
 9.464529037 5.674400330 1.044509411
 4.781278133 0.111745141 9.273553848
 4.781278133 0.000000499 9.273553848
 -4.782373428 0.111739613 9.273552895
 -4.782373428 0.000000499 9.273552895
 4.996312141 0.355853885 9.464527130
 -4.998443127 0.355848163 9.464527130
 4.781946659 5.383502960 9.293658257
 4.996312141 5.376529694 9.464527130
 -4.782486439 5.385379314 9.293658257
 -4.998466969 5.378582954 9.464527130
 4.781946659 5.244770050 9.293658257
 -4.782486439 5.246646404 9.293658257
 4.996312141 5.028248310 9.464527130
 -4.998466969 5.030124664 9.464527130
 -4.002825260 0.000000642 8.999960899
 -4.117464066 0.111738965 9.273552895
 -4.197662354 0.355847389 9.464527130
 -4.117464066 0.000000499 9.273552895
 4.114162445 0.111750036 9.273553848
 4.114162445 0.000000499 9.273553848
 3.997561693 0.000000642 8.999961853
 4.194944382 0.355859220 9.464527130
 -3.729802608 3.977252960 8.797196388
 -3.729333639 0.000000650 8.797195435
 -4.004018307 4.119840145 8.999961853
 -2.687407970 4.680349350 8.797196388
 -2.838130713 4.943681240 8.999961853
 -1.866385818 5.018982887 8.797196388
 -1.992801189 5.306260109 8.999961853
 -0.932174265 5.204753876 8.797196388
 -1.003500462 5.542955399 8.999961853
 0.000001162 5.247024059 8.797196388
 -0.000002068 5.611285686 8.999961853
 0.934213281 5.186118126 8.797196388
 1.009543777 5.542955399 8.999961853
 1.855783343 4.981315136 8.797196388
 1.998844624 5.306260109 8.999961853
 2.685906887 4.664701462 8.797196388
 2.845862150 4.942945480 8.999961853
 3.695902348 3.954033375 8.797196388
 3.998601198 4.118223667 8.999961853
 3.698854685 0.000000650 8.797196388
 3.256091595 0.000000650 8.797196388
 2.999999046 0.000000642 8.999960899
 3.256635904 3.731304646 8.797196388
 2.999999046 3.594882250 8.999961853
 2.458329678 4.268827438 8.797196388
 2.312588215 4.015308380 8.999961853
 1.684036970 4.591216564 8.797196388
 1.565008521 4.320859909 8.999961853
 0.849959016 4.787008762 8.797196388
 0.790701091 4.506306648 8.999961853
 0.000004574 4.860299110 8.797196388
 0.000007130 4.568477154 8.999961853
 -0.846196771 4.797082901 8.797196388
 -0.784872293 4.506306648 8.999961853
 -1.678418398 4.591828346 8.797196388
 -1.559179664 4.320859909 8.999961853
 -2.478731155 4.279666901 8.797196388
 -2.306759119 4.015308380 8.999961853
 -3.299463034 3.751089811 8.797196388
 -3.000000954 3.594882250 8.999961853
 -3.299827814 0.000000650 8.797195435
 -3.000000715 0.000000642 8.999960899
 -3.000000954 3.594882011 9.999999046
 -3.000000715 0.000000598 9.999999046
 2.999999046 0.000000598 9.999999046
 2.999999046 3.594882011 9.999999046
 -2.306759357 4.015308380 9.999999046
 -1.559179783 4.320859432 9.999999046
 -0.784872353 4.506306171 9.999999046
 0.000007042 4.568476677 9.999999046
 0.790701091 4.506306171 9.999999046
 1.565008521 4.320859432 9.999999046
 2.312587976 4.015308380 9.999999046
 -4.197424412 4.222516060 9.464527130
 4.194850445 4.220900059 9.464527130
 -2.953899622 5.075126171 9.464527130
 -2.074122906 5.437705517 9.464527130
 -1.044508457 5.674400330 9.464527130
 -0.000117551 5.742731571 9.464527130
 1.050567269 5.674400330 9.464527130
 2.080182076 5.437705517 9.464527130
 2.961715698 5.074391365 9.464527130
 -2.998196602 0.000000905 3.000000238
 3.000001192 0.000000905 2.998198509
 -4.001472473 0.000000861 3.997562885
 -3.712076902 0.000000873 3.726112604
 -3.280679464 0.000000892 3.296606064
 3.726113319 0.000000874 3.712078571
 3.997563839 0.000000861 4.001473904
 3.296607018 0.000000892 3.280680895
 -9.470985413 7.187222481 1.275846362
 -9.470985413 6.886406898 2.533148050
 -9.470985413 6.425605297 3.607478619
 9.464529037 6.425602913 3.607479095
 9.464529037 6.886404991 2.533149004
 9.464529037 7.187220573 1.275847197
 -3.607478619 6.425602913 9.464527130
 -2.533148050 6.886404991 9.464527130
 -1.275846362 7.187220573 9.464527130
 -0.000018337 7.274061203 9.464527130
 1.282531977 7.187220573 9.464527130
 2.539834261 6.886404991 9.464527130
 3.616309881 6.424667835 9.464527130
 -1.275844574 7.187222481 1.282048583
 -2.533146620 6.886406898 2.540453672
 -3.607476711 6.425605297 3.605687380
 3.616311312 6.424669743 3.605687380
 2.539836168 6.886406898 2.540453672
 1.282533646 7.187222481 1.282048583
