76
 0.339268416 2.906362295 1.199685454
 0.338764131 2.906234264 0.903577268
 0.345447063 2.583092690 0.830932438
 -0.100986846 2.794506788 1.199685454
 0.002984619 3.124381065 1.199685454
 0.599003851 2.541767836 0.003118133
 0.599003851 2.834204435 0.003118133
 0.599004269 2.474772215 0.686629295
 0.599003494 2.587895393 -0.467487991
 -0.190830663 1.886431217 0.532209992
 -0.190980121 3.640338182 0.532210410
 -0.190421268 3.607216597 -0.532353878
 -0.190569162 1.886431694 0.031583544
 -0.190527141 1.886431694 -0.532353878
 -0.408919573 1.886431217 0.532209992
 -0.598868012 1.886431098 0.532209992
 -0.599004984 3.493892670 0.532210410
 -0.598448813 3.770002365 -0.532353878
 -0.373256326 1.886431456 -0.532353878
 -0.598564625 1.886431456 -0.532353878
 -0.101664864 1.886431098 1.199685454
 -0.199497372 1.886431456 1.133591413
 -0.404729396 3.142480135 0.996506333
 -0.404365510 1.886431694 0.996505618
 0.042364411 1.886431098 1.199685454
 0.339089990 1.886431098 1.199685454
 0.599004447 1.886431098 0.996506095
 0.599004447 2.444398642 0.996506333
 0.430511117 1.886431456 1.128310323
 0.599004269 1.886431217 0.769475281
 0.599004149 1.886431098 0.523938715
 0.599003851 1.886431217 0.003117936
 -0.492270708 1.886431456 0.787004471
 -0.238616988 1.886431217 -1.119565964
 -0.130696461 3.116806984 -1.199684620
 -0.130551457 1.886431456 -1.199684858
 -0.272408217 1.886431217 -1.094560981
 -0.161109120 3.481604815 -1.177256584
 -0.404366791 1.886431217 -0.996920109
 -0.404830098 3.486569166 -0.996919811
 -0.303171098 3.578265429 -0.996919811
 0.599002898 2.639788866 -0.996919811
 0.599002898 1.886431456 -0.996919990
 0.513340175 1.886431098 -1.054851413
 0.299359441 1.886431098 -1.199684858
 0.299433082 2.643567324 -1.199684620
 0.599003613 1.886431456 -0.255020916
 0.599003375 1.886431098 -0.611158907
 0.176207423 1.886431098 -1.199684858
 -0.501132190 1.886431694 -0.764644206
 0.345446676 3.022798061 0.012337491
 0.345445961 2.661242247 -0.375462234
 0.345445573 2.715769768 -0.811736882
 -0.100656874 3.236608028 0.903577268
 0.345446676 2.613466263 0.575580478
 -0.111406311 0.114724278 0.723323703
 -0.190700501 0.358833402 0.532209635
 -0.190621153 0.358821601 -0.532353878
 -0.110422499 0.114713170 -0.723328292
 -0.111406311 0.002861499 0.723323703
 -0.110422499 0.002860641 -0.723328292
 -0.519443750 0.002861523 0.723323703
 -0.519443750 0.114724264 0.723323703
 -0.598737955 0.358833402 0.532209635
 -0.598658621 0.358821601 -0.532353878
 -0.518459976 0.114713177 -0.723328292
 -0.518459976 0.002860641 -0.723328292
 -0.403819978 0.002975472 0.996504843
 -0.103071198 0.002975459 1.199685454
 0.339691848 0.002975459 1.199685454
 0.599004626 0.002975472 0.996505618
 0.599003851 0.002975071 0.003117370
 -0.403821498 0.002974671 -0.996920645
 -0.130329490 0.002974680 -1.199685454
 0.599003077 0.002974671 -0.996920645
 0.299176335 0.002974680 -1.199685454
