642
 -14.782481194 5.385378838 -9.293661118
 -14.691346169 5.383502483 -8.066124916
 -14.782481194 5.246645927 -9.293661118
 -14.691346169 5.244770050 -8.066124916
 -14.998461723 5.030124664 -9.464530945
 -14.868006706 5.028248310 -8.042578697
 -14.998436928 0.355848134 -9.464530945
 -14.868006706 0.355853856 -8.042578697
 -14.782368660 0.111739613 -9.273555756
 -14.691407204 0.111744948 -8.065970421
 -14.782368660 -0.000000043 -9.273555756
 -14.691407204 0.000000439 -8.065970421
 -14.197658539 0.355847389 -9.464530945
 -14.117459297 0.111738957 -9.273556709
 -14.002820969 -0.000000023 -8.999963760
 -14.117459297 -0.000000043 -9.273556709
 -6.002435684 -0.000000023 -8.999959946
 -5.885834217 -0.000000043 -9.273551941
 -5.885834217 0.111750029 -9.273551941
 -5.805052280 0.355859190 -9.464526176
 -5.218050003 5.244770050 -9.293656349
 -5.218050003 5.383502483 -9.293656349
 -5.003685474 5.028248310 -9.464527130
 -5.233217239 0.000000108 -9.309601784
 -5.233217239 0.111739613 -9.309601784
 -5.003685474 0.355853856 -9.464527130
 -13.729329109 -0.000000014 -8.797198296
 -13.729798317 3.977252960 -8.797199249
 -14.004014015 4.119840145 -8.999964714
 -12.687403679 4.680348873 -8.797199249
 -12.838127136 4.943680763 -8.999963760
 -11.866381645 5.018982410 -8.797199249
 -11.992795944 5.306259632 -8.999963760
 -10.932170868 5.204753876 -8.797199249
 -11.003496170 5.542954922 -8.999962807
 -9.999994278 5.247023582 -8.797197342
 -9.999997139 5.611285686 -8.999961853
 -9.065783501 5.186117649 -8.797197342
 -8.990452766 5.542954922 -8.999961853
 -8.144211769 4.981314659 -8.797196388
 -8.001151085 5.306259632 -8.999961853
 -7.314089775 4.664700985 -8.797196388
 -7.154135704 4.942945004 -8.999961853
 -6.304094791 3.954032898 -8.797195435
 -6.001395226 4.118223667 -8.999959946
 -6.301141739 -0.000000014 -8.797195435
 -6.743904591 -0.000000014 -8.797196388
 -6.743361473 3.731304646 -8.797196388
 -6.999996662 -0.000000023 -8.999959946
 -6.999997616 3.594882250 -8.999961853
 -7.541667461 4.268826962 -8.797196388
 -7.687407970 4.015307903 -8.999961853
 -8.315959930 4.591216564 -8.797196388
 -8.434987068 4.320859432 -8.999961853
 -9.150037766 4.787008286 -8.797196388
 -9.209296227 4.506306171 -8.999961853
 -9.999990463 4.860299110 -8.797197342
 -9.999989510 4.568476677 -8.999961853
 -10.846193314 4.797082424 -8.797197342
 -10.784869194 4.506306171 -8.999961853
 -11.678413391 4.591828346 -8.797199249
 -11.559175491 4.320859432 -8.999963760
 -12.478727341 4.279666424 -8.797199249
 -12.306755066 4.015307903 -8.999964714
 -13.299459457 3.751089573 -8.797199249
 -12.999998093 3.594882250 -8.999964714
 -13.299823761 -0.000000014 -8.797198296
 -12.999997139 -0.000000023 -8.999962807
 -12.999995232 3.594881535 -10.000002861
 -12.999995232 -0.000000067 -10.000000954
 -6.999997616 3.594881535 -9.999999046
 -6.999997616 -0.000000067 -9.999999046
 -12.306755066 4.015307903 -10.000001907
 -11.559174538 4.320858955 -10.000001907
 -10.784869194 4.506305695 -10.000000000
 -9.999988556 4.568476200 -9.999999046
 -9.209295273 4.506305695 -9.999999046
 -8.434986115 4.320858955 -9.999999046
 -7.687407970 4.015307903 -9.999999046
 -14.197418213 4.222516060 -9.464529991
 -5.805146694 4.220899582 -9.464527130
 -12.953893661 5.075126171 -9.464530945
 -12.074117661 5.437705040 -9.464529991
 -11.044504166 5.674400330 -9.464529037
 -10.000113487 5.742731094 -9.464527130
 -8.949428558 5.674400330 -9.464528084
 -7.919814110 5.437705040 -9.464527130
 -7.038280964 5.074391365 -9.464527130
 -10.849358559 0.111744925 -0.487606555
 -9.027014732 0.111745335 0.811385214
 -10.849358559 0.000000637 -0.487606525
 -9.027014732 0.000000666 0.811385214
 -10.971879959 0.355853796 -0.358289093
 -8.964235306 0.355853856 1.092044711
 -10.971879959 5.028248310 -0.358289093
 -10.849410057 5.244770050 -0.487764716
 -8.964235306 5.028248310 1.092044711
 -9.009754181 5.244770050 0.821717262
 -10.849410057 5.383502483 -0.487764627
 -9.009754181 5.383502483 0.821717262
 -8.964235306 5.376529694 1.092044711
 -4.854991913 5.385378838 -8.412818909
 -4.854991913 5.246645927 -8.412818909
 -4.608244896 5.030124664 -8.541511536
 -13.315773010 5.244770050 -4.008993149
 -13.473724365 5.028248310 -3.926444054
 -13.315773010 5.383502483 -4.008993149
 -13.315776825 0.111744948 -4.008825302
 -13.315776825 0.000000476 -4.008825779
 -4.853330135 0.000000094 -8.412346840
 -4.853330135 0.111739613 -8.412346840
 -13.473724365 0.355853856 -3.926444054
 -4.608266354 0.355848134 -8.541500092
 -4.372822762 5.385378838 -7.543520927
 -4.372822762 5.246645927 -7.543520927
 -4.118667603 5.030124664 -7.649581909
 -4.390461445 0.000000285 -7.553168774
 -4.390461445 0.111739613 -7.553168774
 -4.118677616 0.355848134 -7.649560452
 -4.506905556 0.355847389 -6.949183464
 -4.712816238 0.111738846 -6.971625805
 -5.007683754 0.000000285 -7.004000664
 -8.886349678 0.000000666 -0.006708392
 -8.703590393 0.000000666 0.227913037
 -8.703590393 0.111749910 0.227913037
 -8.575725555 0.355859190 0.391152948
 -5.317617416 0.000000285 -6.863102913
 -5.317388535 3.977252960 -6.863510609
 -5.007103920 4.119840145 -7.005043507
 -5.822752953 4.680348873 -5.951813698
 -5.572337627 4.943680763 -5.985336781
 -6.220791817 5.018982410 -5.233731270
 -5.982163429 5.306259632 -5.245994091
 -6.673707485 5.204753876 -4.416652203
 -6.461786270 5.542954922 -4.380733013
 -7.125636101 5.247023582 -3.601354122
 -6.948291779 5.611285686 -3.503054619
 -7.578550339 5.186117649 -2.784274101
 -7.437729359 5.542954922 -2.620085955
 -8.025337219 4.981314659 -1.978251696
 -7.917351723 5.306259632 -1.754824400
 -8.427787781 4.664700985 -1.252209306
 -8.327995300 4.942945004 -1.014006734
 -8.917446136 3.954032898 -0.368847638
 -8.886855125 4.118223667 -0.005798779
 -8.918877602 0.000000666 -0.366266459
 -8.704219818 0.000000666 -0.753513992
 -8.704483032 3.731304646 -0.753038645
 -8.402722359 0.000000666 -0.879195631
 -8.402721405 3.594882250 -0.879195631
 -8.317457199 4.268826962 -1.451252341
 -8.069458008 4.015307903 -1.480418563
 -7.942072868 4.591216564 -2.128463984
 -7.707024574 4.320859432 -2.134265900
 -7.537702560 4.787008286 -2.857964516
 -7.331632137 4.506306171 -2.811490297
 -7.125637531 4.860299110 -3.601351738
 -6.948296070 4.568476677 -3.503046274
 -6.715390682 4.797082424 -4.341455460
 -6.567778587 4.506306171 -4.189516544
 -6.311920166 4.591828346 -5.069331646
 -6.192386627 4.320859432 -4.866740704
 -5.923922062 4.279666424 -5.769301414
 -5.829952240 4.015307903 -5.520588398
 -5.526021481 3.751089573 -6.487127781
 -5.493861198 3.594882250 -6.126911163
 -5.525846481 0.000000285 -6.487446785
 -5.493862629 0.000000285 -6.126911163
 -4.619209290 3.594881535 -5.642082214
 -4.619209290 0.000000285 -5.642082214
 -7.527655125 3.594884396 -0.405012101
 -7.527655125 0.000001429 -0.405012459
 -4.952368736 4.015310287 -5.045009613
 -5.315157890 4.320861816 -4.391358376
 -5.690916061 4.506308556 -3.714337826
 -6.068191528 4.568479061 -3.050329924
 -6.456980705 4.506305695 -2.326662064
 -6.831276417 4.320861816 -1.659704804
 -7.194065094 4.015310287 -1.006054163
 -4.507019997 4.222516060 -6.948974609
 -8.575678825 4.220899582 0.391070545
 -5.109892845 5.075126171 -5.861362457
 -5.536417961 5.437705040 -5.091893673
 -6.035586357 5.674400330 -4.191373825
 -6.541917324 5.742731094 -3.277929068
 -7.051300049 5.674400330 -2.358979940
 -7.550467968 5.437705040 -1.458459258
 -7.977842808 5.074391365 -0.687453151
 -8.033699036 5.383503914 1.596852183
 -8.033890724 5.028249741 1.597194433
 -7.780460358 5.244771957 1.492683172
 -3.138919353 5.244860172 -6.870000839
 -3.138919353 5.383592606 -6.870000839
 -3.183343649 5.028338432 -7.142057896
 -3.183343649 5.376531124 -7.142057896
 -3.443467617 -0.000112630 -6.279566765
 -3.443467617 0.111749910 -6.279566765
 -3.260720491 0.000001429 -6.045899868
 -3.572089672 0.355859190 -6.441643238
 -7.143181324 0.000001429 0.949288607
 -7.644682407 0.355847389 0.896114826
 -7.438751698 0.111738846 0.918895125
 -3.121629715 -0.000112630 -6.860270500
 -3.121629715 0.111745335 -6.860270500
 -7.762717724 0.111739226 1.501767516
 -7.762717724 -0.000112630 1.501767516
 0.000000477 0.111743577 5.323450089
 0.000001192 -0.000112630 5.323451519
 0.000001431 0.111743577 -5.323451996
 0.000000477 -0.000112630 -5.323452473
 -3.183594465 0.355853856 -7.141778946
 -8.033890724 0.355848134 1.597194433
 -0.000000954 0.355852216 5.568188667
 0.000001907 0.355852216 -5.568189144
 0.000001192 5.383566856 5.324219227
 -0.000000954 5.378509521 5.568352699
 0.000000477 5.383566856 -5.324220181
 0.000002861 5.378509521 -5.568353653
 0.000001192 5.244834423 5.324219227
 0.000000477 5.244834423 -5.324220181
 0.000001431 5.028313637 5.568477631
 0.000000715 5.028313637 -5.568479061
 -6.833801270 0.000001048 0.810542703
 -6.834029198 3.977254629 0.810953200
 -7.143684387 4.118225098 0.950197577
 -6.328171730 4.680351257 -0.100470632
 -6.584278584 4.942946911 -0.057707038
 -5.929742336 5.018984795 -0.818335831
 -6.173233986 5.306261539 -0.798301399
 -5.476384163 5.204755783 -1.635169506
 -5.693142891 5.542957306 -1.663302898
 -5.024011612 5.247025490 -2.450222015
 -5.201303482 5.611287117 -2.548618317
 -4.570653915 5.186119556 -3.267056227
 -4.716243744 5.542957306 -3.423420191
 -4.123430729 4.981316566 -4.072836399
 -4.236152172 5.306261539 -4.288421631
 -3.720585585 4.664702892 -4.798659801
 -3.825926542 4.943682671 -5.027539730
 -3.230449915 3.954035044 -5.681755066
 -3.260138750 4.119841576 -6.046940327
 -3.229016781 0.000001048 -5.684336662
 -3.443883419 0.000001048 -5.297205448
 -3.443618298 3.731306791 -5.297681808
 -3.747374773 0.000001429 -5.169072151
 -3.747373819 3.594883919 -5.169072151
 -3.831025362 4.268829346 -4.599677563
 -4.083793163 4.015309811 -4.562932491
 -4.206776619 4.591217995 -3.922669888
 -4.446582317 4.320861816 -3.909282207
 -4.611541748 4.787010670 -3.193388700
 -4.822340488 4.506308079 -3.232261658
 -5.024011135 4.860300541 -2.450225830
 -5.203231335 4.568478584 -2.545998812
 -5.434659004 4.797084332 -1.710344553
 -5.586943626 4.506308079 -1.854650378
 -5.838524818 4.591829777 -0.982687116
 -5.962700844 4.320861816 -1.177628517
 -6.226904392 4.279668808 -0.282928646
 -6.325489998 4.015309811 -0.523977995
 -6.625192165 3.751091719 0.434682190
 -6.659080982 3.594883919 0.077063121
 -6.625369072 0.000001048 0.435001105
 -6.659080982 0.000001429 0.077063315
 -7.644841194 4.222518444 0.896399379
 -3.571928024 4.220901489 -6.441929817
 -7.041106224 5.075128078 -0.191377014
 -6.614164352 5.437706947 -0.960614681
 -6.114508629 5.674402237 -1.860864997
 -5.607681751 5.742733479 -2.774034500
 -5.097800255 5.674402237 -3.692708015
 -4.598145485 5.437706947 -4.592957497
 -4.170348644 5.074392796 -5.363730907
 0.000001431 0.000001306 4.354780674
 0.000001192 0.000001048 4.120403767
 0.000001431 0.000001306 -4.354780674
 0.000000715 0.000001048 -4.120404720
 0.000000715 0.000001048 -3.634236097
 0.000000715 0.000001429 -3.335435390
 0.000001431 0.000001178 3.517771006
 0.000001431 -0.000077943 -5.062681675
 0.000001431 -0.000077944 5.062682152
 0.000001431 0.000001429 0.000001431
 -13.607473373 6.425602436 -9.464530945
 -12.533143997 6.886404514 -9.464530945
 -11.275841713 7.187220097 -9.464529991
 -10.000014305 7.274060726 -9.464527130
 -8.717463493 7.187220097 -9.464527130
 -7.460162163 6.886404514 -9.464527130
 -6.383687019 6.424667358 -9.464527130
 -4.793032646 6.425602436 -6.432995796
 -5.313878536 6.886404514 -5.493366241
 -5.923430443 7.187220097 -4.393705845
 -6.541965485 7.274060726 -3.277842283
 -7.163759708 7.187220097 -2.156099796
 -7.773311615 6.886404514 -1.056438446
 -8.295197487 6.424667358 -0.114932425
 -7.364197254 6.424669743 0.390582591
 -6.841802120 6.886406422 -0.550640881
 -6.231652737 7.187222004 -1.649970055
 -5.609250546 7.274063110 -2.771375179
 -4.990111828 7.187222004 -3.886903763
 -4.379961491 6.886406422 -4.986232281
 -3.858608007 6.425604820 -5.925580502
 0.000001669 1.681909442 5.568189144
 0.000001907 1.681910753 -5.568189144
 -6.337821960 6.425602436 -9.165592194
 -7.402961731 6.886404514 -9.025365829
 -8.649507523 7.187220097 -8.861255646
 -9.914419174 7.274060726 -8.694725990
 -11.185997963 7.187220097 -8.527320862
 -12.432542801 6.886404514 -8.363211632
 -13.499811172 6.424667358 -8.222704887
 -9.918727875 6.424667358 -1.265258789
 -9.037115097 6.886404514 -1.972606301
 -8.130006790 7.187220097 -2.888209343
 -7.297688961 7.274060726 -3.900262356
 -6.539394855 7.187220097 -4.819385052
 -5.722076416 6.886404514 -5.916210175
 -6.087073803 6.425602436 -7.624533653
 -6.966097832 6.886404514 -7.177346230
 -8.014676094 7.187220097 -6.640391350
 -9.186909676 7.274060726 -6.099673748
 -10.329409599 7.187220097 -5.559899807
 -11.242781639 6.886404514 -5.052711487
 -12.385702133 6.424667358 -4.469144821
 0.000001907 5.692868710 -5.104400635
 0.000001907 6.425282955 -4.022544861
 0.000001431 6.591913700 -3.601137638
 0.000001431 6.886405468 -2.837344646
 0.000002384 7.010675430 -2.259536028
 0.000001431 7.187221050 -1.438665748
 0.000001431 7.228106022 -0.752228379
 0.000001907 7.274063110 0.000000238
 0.000001431 7.228065014 0.736332774
 0.000001431 7.187220573 1.407388926
 0.000001907 7.010413647 2.229473829
 0.000001431 6.886404991 2.806068182
 0.000001431 6.591771126 3.590230703
 0.000001192 6.425282955 4.022545338
 0.000001192 5.692868710 5.104400635
 3.121630430 0.111745335 6.860268593
 3.121630430 -0.000112630 6.860268593
 7.762717724 -0.000112630 -1.501769185
 7.762717724 0.111739226 -1.501769185
 3.183595419 0.355853856 7.141777039
 8.033890724 0.355848134 -1.597196102
 3.183344364 5.376531124 7.142055988
 3.138920069 5.383592606 6.869998932
 7.780460358 5.383503914 -1.492684841
 3.138920069 5.244860172 6.869998932
 7.780460358 5.244771957 -1.492684841
 3.183344364 5.028338432 7.142055988
 8.033890724 5.028249741 -1.597196102
 14.782483101 5.385378838 9.293659210
 14.691346169 5.383502483 8.066123009
 14.782483101 5.246645927 9.293659210
 14.691346169 5.244770050 8.066123009
 14.998464584 5.030124664 9.464528084
 14.868006706 5.028248310 8.042575836
 14.998438835 0.355848134 9.464528084
 14.868006706 0.355853856 8.042575836
 14.782369614 0.111739613 9.273553848
 14.691407204 0.111744948 8.065967560
 14.782369614 -0.000000043 9.273553848
 14.691407204 0.000000439 8.065967560
 14.197659492 0.355847389 9.464528084
 14.117460251 0.111738957 9.273554802
 14.002820969 -0.000000023 8.999961853
 14.117460251 -0.000000043 9.273554802
 6.002436161 -0.000000023 8.999958038
 5.885834694 -0.000000043 9.273550987
 5.885834694 0.111750029 9.273550987
 5.805052757 0.355859190 9.464524269
 5.218050957 5.244770050 9.293655396
 5.218050957 5.383502483 9.293655396
 5.003686428 5.028248310 9.464525223
 5.218720436 -0.000000043 9.273551941
 5.218720436 0.111745141 9.273551941
 5.003686428 0.355853856 9.464525223
 13.729329109 -0.000000014 8.797195435
 13.729798317 3.977252960 8.797197342
 14.004014015 4.119840145 8.999961853
 12.687404633 4.680348873 8.797197342
 12.838127136 4.943680763 8.999961853
 11.866382599 5.018982410 8.797196388
 11.992796898 5.306259632 8.999961853
 10.932171822 5.204753876 8.797197342
 11.003496170 5.542954922 8.999961853
 9.999995232 5.247023582 8.797195435
 9.999999046 5.611285686 8.999959946
 9.065783501 5.186117649 8.797195435
 8.990453720 5.542954922 8.999959946
 8.144212723 4.981314659 8.797195435
 8.001151085 5.306259632 8.999960899
 7.314090729 4.664700985 8.797195435
 7.154135704 4.942945004 8.999960899
 6.304095268 3.954032898 8.797193527
 6.001396179 4.118223667 8.999958038
 6.301142693 -0.000000014 8.797193527
 6.743905544 -0.000000014 8.797195435
 6.743362427 3.731304646 8.797195435
 6.999997616 -0.000000023 8.999958038
 6.999998569 3.594882250 8.999959946
 7.541668415 4.268826962 8.797195435
 7.687408924 4.015307903 8.999960899
 8.315959930 4.591216564 8.797195435
 8.434988022 4.320859432 8.999959946
 9.150038719 4.787008286 8.797195435
 9.209296227 4.506306171 8.999959946
 9.999991417 4.860299110 8.797195435
 9.999989510 4.568476677 8.999960899
 10.846194267 4.797082424 8.797195435
 10.784869194 4.506306171 8.999960899
 11.678414345 4.591828346 8.797196388
 11.559175491 4.320859432 8.999961853
 12.478727341 4.279666424 8.797196388
 12.306756973 4.015307903 8.999961853
 13.299459457 3.751089573 8.797197342
 12.999998093 3.594882250 8.999961853
 13.299823761 -0.000000014 8.797195435
 12.999997139 -0.000000023 8.999960899
 12.999997139 3.594881535 10.000000000
 13.000002861 -0.000002115 9.999997139
 6.999998569 3.594881535 9.999997139
 6.999998569 -0.000002115 9.999997139
 12.306756973 4.015307903 9.999999046
 11.559175491 4.320858955 9.999999046
 10.784869194 4.506305695 9.999999046
 9.999989510 4.568476200 9.999998093
 9.209296227 4.506305695 9.999998093
 8.434987068 4.320858955 9.999997139
 7.687408924 4.015307903 9.999998093
 14.197419167 4.222516060 9.464527130
 5.805147648 4.220899582 9.464525223
 12.953895569 5.075126171 9.464528084
 12.074118614 5.437705040 9.464527130
 11.044504166 5.674400330 9.464527130
 10.000114441 5.742731094 9.464526176
 8.949429512 5.674400330 9.464527130
 7.919814587 5.437705040 9.464526176
 7.038282394 5.074391365 9.464525223
 10.752984047 0.111744978 0.576924026
 9.027014732 0.111745335 -0.811386883
 10.752984047 0.000000688 0.576924026
 9.027014732 0.000000666 -0.811386883
 10.875505447 0.355853856 0.447606593
 8.964235306 0.355853856 -1.092046380
 10.875505447 5.028248310 0.447606593
 10.753035545 5.244770050 0.577082157
 8.964235306 5.028248310 -1.092046380
 9.009754181 5.244770050 -0.821718991
 10.753035545 5.383502483 0.577082157
 9.009754181 5.383502483 -0.821718991
 8.964235306 5.376529694 -1.092046380
 4.854992867 5.385378838 8.412817955
 4.854992867 5.246645927 8.412817955
 4.608245850 5.030124664 8.541509628
 13.315773010 5.244770050 4.008991241
 13.473724365 5.028248310 3.926441669
 13.315773010 5.383502483 4.008991241
 13.315776825 0.111744948 4.008823395
 13.315776825 0.000000476 4.008823872
 4.853331089 0.000000094 8.412345886
 4.853331089 0.111739613 8.412345886
 13.473724365 0.355853856 3.926441669
 4.608266830 0.355848134 8.541499138
 4.372823238 5.385378838 7.543518543
 4.372823238 5.246645927 7.543518543
 4.118668556 5.030124664 7.649580956
 4.390462875 0.000000285 7.553167343
 4.390462875 0.111739613 7.553167343
 4.118678570 0.355848134 7.649559498
 4.506906033 0.355847389 6.949181557
 4.712817192 0.111738846 6.971624374
 5.007684231 0.000000285 7.003998756
 8.886349678 0.000000666 0.006706693
 8.703590393 0.000000666 -0.227914706
 8.703590393 0.111749910 -0.227914706
 8.575725555 0.355859190 -0.391154617
 5.317618370 0.000000285 6.863101006
 5.317389011 3.977252960 6.863508701
 5.007105350 4.119840145 7.005042553
 5.822752953 4.680348873 5.951812744
 5.572338104 4.943680763 5.985335350
 6.220792294 5.018982410 5.233729839
 5.982163429 5.306259632 5.245992661
 6.673707485 5.204753876 4.416650772
 6.461786270 5.542954922 4.380731583
 7.125636101 5.247023582 3.601352215
 6.948291779 5.611285686 3.503053188
 7.578550339 5.186117649 2.784272432
 7.437729359 5.542954922 2.620084286
 8.025337219 4.981314659 1.978250027
 7.917351723 5.306259632 1.754822850
 8.427787781 4.664700985 1.252207637
 8.327995300 4.942945004 1.014005184
 8.917446136 3.954032898 0.368845940
 8.886855125 4.118223667 0.005797079
 8.918877602 0.000000666 0.366264790
 8.704219818 0.000000666 0.753512263
 8.704483032 3.731304646 0.753036916
 8.402722359 0.000000666 0.879193962
 8.402721405 3.594882250 0.879193962
 8.317457199 4.268826962 1.451250672
 8.069458008 4.015307903 1.480417013
 7.942072868 4.591216564 2.128462553
 7.707024574 4.320859432 2.134264231
 7.537702560 4.787008286 2.857963085
 7.331632137 4.506306171 2.811488867
 7.125637531 4.860299110 3.601350069
 6.948296070 4.568476677 3.503044605
 6.715390682 4.797082424 4.341453552
 6.567778587 4.506306171 4.189515114
 6.311920643 4.591828346 5.069329739
 6.192387104 4.320859432 4.866739273
 5.923922539 4.279666424 5.769299507
 5.829952717 4.015307903 5.520586491
 5.526021957 3.751089573 6.487126350
 5.493862152 3.594882250 6.126910210
 5.525846958 0.000000285 6.487444878
 5.493863106 0.000000285 6.126910210
 4.619209766 3.594881535 5.642081261
 4.615949631 0.000001429 5.651146889
 7.527655125 3.594884396 0.405010492
 7.527655125 0.000001429 0.405010909
 4.952368736 4.015310287 5.045008183
 5.315157890 4.320861816 4.391356945
 5.693128109 4.506305695 3.704687595
 6.073644638 4.568476200 3.018216848
 6.455518246 4.506308556 2.336724758
 6.832372189 4.320858955 1.649435759
 7.194065094 4.015310287 1.006052613
 4.507020473 4.222516060 6.948973656
 8.575678825 4.220899582 -0.391072214
 5.109893322 5.075126171 5.861361504
 5.536418438 5.437705040 5.091892242
 6.035586357 5.674400330 4.191371918
 6.541917324 5.742731094 3.277927637
 7.051300049 5.674400330 2.358978271
 7.550467968 5.437705040 1.458457470
 7.977842808 5.074391365 0.687451541
 3.443468094 -0.000112630 6.279565334
 3.443468094 0.111749910 6.279565334
 3.260720730 0.000001429 6.045898438
 3.572090149 0.355859190 6.441641808
 7.143181324 0.000001429 -0.949290097
 7.644682407 0.355847389 -0.896116495
 7.438751698 0.111738846 -0.918896735
 6.833801270 0.000001048 -0.810544252
 6.834029198 3.977254629 -0.810954690
 7.143684387 4.118225098 -0.950199127
 6.328171730 4.680351257 0.100469157
 6.584278584 4.942946911 0.057705544
 5.929742336 5.018984795 0.818334401
 6.173233986 5.306261539 0.798299968
 5.476384163 5.204755783 1.635168195
 5.693142891 5.542957306 1.663301587
 5.024011612 5.247025490 2.450220823
 5.201303482 5.611287117 2.548617125
 4.570654869 5.186119556 3.267055035
 4.716243744 5.542957306 3.423418999
 4.123431206 4.981316566 4.072835445
 4.236152172 5.306261539 4.288420677
 3.720586061 4.664702892 4.798658371
 3.825926781 4.943682671 5.027538776
 3.230450153 3.954035044 5.681754589
 3.260138988 4.119841576 6.046939373
 3.229017258 0.000001048 5.684334755
 3.443883657 0.000001048 5.297204494
 3.443618774 3.731306791 5.297680855
 3.747375011 0.000001429 5.169071674
 3.747374296 3.594883919 5.169071674
 3.831025600 4.268829346 4.599676132
 4.083793640 4.015309811 4.562931061
 4.206777096 4.591217995 3.922668695
 4.446582794 4.320861816 3.909281015
 4.611542225 4.787010670 3.193387508
 4.822340965 4.506308079 3.232260227
 5.024011135 4.860300541 2.450224638
 5.203231335 4.568478584 2.545997381
 5.434659004 4.797084332 1.710343122
 5.586943626 4.506308079 1.854649067
 5.838524818 4.591829777 0.982685685
 5.962700844 4.320861816 1.177627087
 6.226904392 4.279668808 0.282927155
 6.325489998 4.015309811 0.523976564
 6.625192165 3.751091719 -0.434683681
 6.659080982 3.594883919 -0.077064626
 6.625369072 0.000001048 -0.435002595
 6.659080982 0.000001429 -0.077064812
 7.644841194 4.222518444 -0.896401048
 3.571928263 4.220901489 6.441927910
 7.041106224 5.075128078 0.191375494
 6.614164352 5.437706947 0.960613191
 6.114508629 5.674402237 1.860863566
 5.607682228 5.742733479 2.774033308
 5.097801208 5.674402237 3.692706585
 4.598145962 5.437706947 4.592956543
 4.170349121 5.074392796 5.363730431
 13.607475281 6.425602436 9.464528084
 12.533143997 6.886404514 9.464528084
 11.275842667 7.187220097 9.464527130
 10.000015259 7.274060726 9.464526176
 8.717464447 7.187220097 9.464526176
 7.460163116 6.886404514 9.464526176
 6.383687496 6.424667358 9.464525223
 4.793033123 6.425602436 6.432994366
 5.313878536 6.886404514 5.493365288
 5.923430443 7.187220097 4.393704414
 6.541965485 7.274060726 3.277841091
 7.163759708 7.187220097 2.156098366
 7.773311615 6.886404514 1.056436777
 8.295197487 6.424667358 0.114930771
 7.364197254 6.424669743 -0.390584141
 6.832599640 6.886404514 0.514848709
 6.222449303 7.187220097 1.614177465
 5.609251499 7.274063110 2.771373987
 4.980908394 7.187220097 3.851109743
 4.370759964 6.886404514 4.950438976
 3.858608484 6.425604820 5.925578594
 6.337822914 6.425602436 9.165591240
 7.402962208 6.886404514 9.025363922
 8.649508476 7.187220097 8.861253738
 9.914419174 7.274060726 8.694725037
 11.185998917 7.187220097 8.527319908
 12.432543755 6.886404514 8.363208771
 13.499811172 6.424667358 8.222702026
 9.891549110 6.424667358 1.315511823
 9.126543999 6.886404514 2.105915785
 8.319807053 7.187220097 2.951189756
 7.429988861 7.274060726 3.939149380
 6.569974422 7.187220097 4.906017780
 5.745538712 6.886404514 5.760990620
 5.055562019 6.425602436 6.674844265
 5.960976124 6.425602436 7.707922935
 6.915623188 6.886404514 7.192640305
 7.921538353 7.187220097 6.648524284
 9.158614159 7.274060726 6.051405907
 10.337459564 7.187220097 5.461606503
 11.324048996 6.886404514 4.944033146
 12.302073479 6.424666405 4.492073536
