296
 -0.161735594 3.499441385 2.301186800
 -0.380898565 3.482192993 2.301187038
 -0.241124824 4.508178711 2.301186800
 -0.460280061 4.490827560 2.301186800
 -0.065542787 2.277195692 2.301186800
 -0.209563613 2.277195215 2.301186800
 -0.286063164 2.277195215 2.301186800
 -0.245440722 4.563017845 3.001769066
 -0.464603990 4.545769691 3.001769781
 -0.065542683 2.277195215 3.001769304
 -0.175803110 2.277195930 3.001768589
 -0.286063462 2.277196169 3.001769066
 -0.065542705 2.277195215 2.650151253
 -0.286063313 2.277195692 2.543020725
 -0.294238061 2.742536306 2.058517694
 -0.071367353 2.750249624 2.058517694
 -0.069644123 2.700453758 2.092489958
 -0.292514831 2.692740917 2.092489958
 -0.289720505 2.611990452 2.284980536
 -0.066849463 2.619703531 2.284980536
 -0.069642439 2.700401068 2.315138817
 -0.292513132 2.692687988 2.315138578
 -0.287295848 2.541927814 2.248145580
 -0.064424813 2.549640894 2.248145580
 -0.289473951 2.604865789 2.187546968
 -0.066602916 2.612578630 2.187546968
 -0.285405248 2.487302780 2.138830185
 -0.062534541 2.495015860 2.138830423
 -0.131803155 4.496584415 2.159255266
 -0.354673862 4.488871574 2.159255028
 -0.355131090 4.502079487 2.315138817
 -0.132260382 4.509792328 2.315138817
 -0.130998075 4.473320484 2.058517694
 -0.353868812 4.465608120 2.058517694
 -0.087378509 2.651921988 1.993867517
 0.131989405 2.692029953 1.993867517
 0.156171516 2.559767008 2.056377411
 -0.063196391 2.519659042 2.056377411
 -0.077334389 2.596986294 1.958221436
 0.142033517 2.637094259 1.958221436
 -0.095285468 2.695168734 1.930891991
 0.124082446 2.735276699 1.930891991
 -0.120929815 2.835428953 1.913069129
 0.098437764 2.875537157 1.913069010
 -0.064084679 2.524518728 1.888116479
 0.155283228 2.564626694 1.888116479
 -0.038654018 2.385427237 1.835835218
 0.180713892 2.425534964 1.835835218
 -0.045270156 2.421615124 1.789553761
 0.174097419 2.461723089 1.789553761
 -0.187459454 4.439229488 2.056377411
 -0.176073208 4.376954079 1.789553761
 -0.406827003 4.399120808 2.056377411
 -0.395441145 4.336845875 1.789553761
 -0.165685251 2.384943485 1.502812147
 0.057091195 2.395024300 1.502812147
 0.048340581 2.588407993 1.562546372
 -0.174435869 2.578327417 1.562546372
 -0.176584110 2.625807524 1.705132246
 0.046192013 2.635887861 1.705132246
 0.053258993 2.479709625 1.786853909
 -0.169517115 2.469629049 1.786853909
 -0.170138717 2.483367682 1.659979701
 0.052637391 2.493448019 1.659979701
 -0.176154390 2.616311550 1.631462693
 0.046621721 2.626391888 1.631462693
 -0.030399203 4.328536510 1.775055528
 -0.253175616 4.318455696 1.775055528
 -0.027638104 4.267517567 1.503688574
 -0.250414550 4.257436752 1.503688455
 -0.178317413 2.724897861 1.234722376
 0.042035397 2.759185314 1.234722376
 0.074691713 2.549315929 1.284502864
 -0.145660758 2.515028477 1.284502864
 -0.170141742 2.672355652 1.381936193
 0.050211057 2.706643343 1.381936312
 0.014777867 2.448247194 1.497991920
 -0.129409075 2.425811529 1.497991920
 -0.191918328 4.262704849 1.307309866
 -0.412270784 4.228416443 1.307309866
 -0.421447784 4.287392616 1.497991920
 -0.201095313 4.321680069 1.497991920
 -0.186849311 4.230128765 1.234722614
 -0.407201767 4.195840836 1.234722376
 -0.162906319 3.252852678 2.456877470
 -0.146011591 3.252852678 2.456877470
 -0.118286438 3.252852678 2.364815474
 -0.135181159 3.252852678 2.364814997
 -0.071307629 3.252852678 2.304265976
 -0.088202372 3.252852678 2.304265976
 -0.085193358 3.252852678 2.143229008
 -0.102087766 3.252852678 2.143229008
 0.040642969 3.252852678 2.048803806
 0.023748232 3.252852678 2.048803568
 0.050497212 3.228611231 1.800387979
 0.033602476 3.228611231 1.800387979
 0.025808230 3.195645571 1.737937689
 0.008913831 3.195645571 1.737937689
 0.009823233 3.171435833 1.512263894
 0.026717972 3.171435833 1.512263894
 0.003726044 3.212057352 1.471124411
 -0.013168693 3.212057352 1.471124411
 0.071276471 3.212057352 1.301708102
 0.054382071 3.212057352 1.301708102
 0.119140536 3.212057352 1.228947759
 0.102245785 3.212057352 1.228947759
 0.119140856 3.212057352 1.110587239
 0.102246121 3.212057352 1.110587239
 -0.362091750 3.227520943 2.456877232
 -0.345196992 3.227520943 2.456877470
 -0.345196992 3.227520943 2.317628145
 -0.362091750 3.227520943 2.317628145
 -0.301770657 3.227520943 2.060485125
 -0.318665057 3.227520943 2.060485363
 -0.187466845 3.195720673 1.808879495
 -0.204361588 3.195720673 1.808879137
 -0.250778854 3.223032713 1.484282970
 -0.267673254 3.223032713 1.484282970
 -0.246631354 3.223032713 1.243909597
 -0.263526052 3.223032713 1.243909359
 -0.096768878 3.251918077 1.096693277
 -0.113663271 3.251918077 1.096693277
 -0.109811954 3.211123228 1.024899483
 -0.092917547 3.211123228 1.024899602
 -0.130588129 2.846285343 2.525710106
 -0.113693401 2.846285343 2.525710106
 -0.074261956 2.846285343 2.413368940
 -0.091156356 2.846285343 2.413368940
 0.102245823 2.805490017 2.042063236
 0.119140230 2.805490017 2.042063475
 0.119140223 2.805490017 1.792981863
 0.102245808 2.805490017 1.792981863
 0.119140536 2.805490017 1.264885664
 0.102245785 2.805490017 1.264885664
 0.119140536 2.805490017 1.228947759
 0.102245785 2.805490017 1.228947759
 0.102759033 2.805490017 1.110587239
 0.085864291 2.805490017 1.110587239
 -0.319119573 2.827842474 2.456877470
 -0.302225173 2.827842474 2.456877470
 -0.317932397 2.827842474 2.364814997
 -0.334827155 2.827842474 2.364814997
 -0.294559091 2.827842236 2.056784391
 -0.311453819 2.827842236 2.056784391
 -0.169394344 2.765858412 1.776834488
 -0.186288744 2.765858412 1.776834488
 -0.169354424 2.760096550 1.500671625
 -0.186249182 2.760096550 1.500671625
 -0.189136088 2.799656868 1.244806647
 -0.206030816 2.799656868 1.244806647
 -0.098889612 2.843132973 1.113637447
 -0.115783997 2.843132973 1.113637447
 -0.108420156 2.802338123 0.994377315
 -0.091525421 2.802338123 0.994377494
 0.109918930 4.245052338 1.245905399
 -0.109921969 2.540585756 1.245905399
 0.109918930 3.760724306 1.245905399
 0.109918930 2.542772293 1.245905399
 -0.109921969 2.277195692 1.245905399
 0.019466808 2.277195454 1.245905399
 0.109918796 2.277195454 1.245905399
 -0.109921969 3.755162716 1.245905399
 -0.109921969 4.244191170 1.245905399
 0.109918892 2.277195692 1.115778327
 0.109918773 2.277194977 0.754421115
 0.109918900 4.015309334 0.683508158
 0.109918743 2.277195930 0.387636870
 0.109918758 2.277194977 -0.000000197
 0.109918877 3.594882727 -0.000000197
 0.109918743 2.277195692 0.668347716
 -0.109922141 2.277194977 0.388823271
 -0.109921992 4.015309334 0.685600162
 -0.109922022 3.594882965 0.000000194
 -0.109922141 2.277195930 0.000000124
 -0.109922126 2.277194977 0.755538523
 -0.109922141 2.277195692 0.668483436
 -0.109922007 2.277194977 1.116738319
 -0.029340541 2.277195930 0.000000050
 0.112997755 0.008622705 2.301186800
 -0.106165186 -0.008625791 2.301186800
 0.112997793 0.008622660 3.001769781
 -0.106165498 -0.008625862 3.001768589
 -0.228418559 1.735714316 2.529418707
 -0.245312944 1.735714316 2.529418707
 -0.274648607 1.719814062 2.244919300
 -0.260932624 1.717679024 2.235288858
 -0.378218293 1.759791374 2.180903673
 -0.391933948 1.765589356 2.188884020
 -0.420671463 1.639161110 2.124570847
 -0.511844158 1.601620317 2.104997396
 -0.606116414 1.579763889 2.178404570
 -0.526274979 1.634623885 2.085847139
 -0.620546937 1.612767577 2.159254789
 -0.435102344 1.672164679 2.105420589
 -0.053097907 1.789011955 2.456877470
 -0.036203511 1.789011955 2.456877470
 -0.012414894 1.789011955 2.308907509
 -0.029309632 1.789011955 2.308907509
 0.019251829 1.763611436 2.190871477
 0.003194384 1.762251973 2.195945740
 -0.044498604 1.796101213 2.086577415
 -0.053110339 1.756696582 2.080468655
 -0.086689822 1.807276845 2.073966503
 -0.095301233 1.767872214 2.067857504
 -0.010576986 1.972167611 1.460682154
 -0.001387596 1.976363778 1.474223852
 0.095542781 1.851038575 1.419038653
 0.080405824 1.846842527 1.412817955
 -0.013977469 1.942543149 1.493247151
 -0.023166858 1.938347220 1.479705453
 0.117172763 1.826639175 1.382865071
 0.102035798 1.822443247 1.376644135
 0.114031576 1.789011836 1.123310447
 0.097136848 1.789011836 1.123310447
 0.109695181 1.789011836 1.077878952
 0.092800446 1.789011836 1.077878952
 -0.475973606 1.410260797 1.333884716
 -0.466144830 1.423714876 1.331090331
 -0.400906682 1.540558934 1.266417861
 -0.494258791 1.438997149 1.305786133
 -0.504087210 1.425542593 1.308580756
 -0.444166631 1.542386651 1.275070310
 -0.094763480 1.748217225 2.456877232
 -0.111658223 1.789011955 2.456877232
 -0.376815468 1.600187063 1.315073490
 -0.154137969 1.663189292 1.325183153
 -0.094763197 1.748216748 1.228947759
 -0.111657932 1.748216748 1.228947759
 -0.090823315 1.748216748 1.110587239
 -0.107717700 1.748216748 1.110587239
 -0.174843118 1.698339224 1.325183034
 -0.414639771 1.615468979 1.315073729
 0.045537911 0.574298441 2.456877470
 0.062432315 0.574298441 2.456877470
 0.114031635 0.574298322 2.364814997
 0.097136900 0.574298322 2.364814997
 0.114031576 0.574297845 1.234416842
 0.097136848 0.574297845 1.234416842
 0.105755299 0.574297786 1.117866874
 0.088860556 0.574297786 1.117866874
 -0.193136975 0.533503711 2.416018248
 -0.210031360 0.533503711 2.416018248
 -0.154977560 0.533503711 2.305607319
 -0.138083160 0.533503711 2.305607319
 -0.118393108 0.533503652 2.178747177
 -0.135287836 0.533503652 2.178747177
 -0.094763510 0.533503592 1.902946115
 -0.111657910 0.533503592 1.902946115
 -0.094763197 0.533503354 1.228947759
 -0.111657932 0.533503354 1.228947759
 -0.090823315 0.533503354 1.110587239
 -0.107717700 0.533503354 1.110587239
 0.109918602 0.692038953 1.245905280
 -0.014096560 0.734369099 1.360171437
 0.109918602 0.657010972 1.401056170
 0.109918617 0.678595722 1.669362426
 0.108018942 0.880242169 1.702970147
 0.109918952 0.571169078 1.817336202
 0.109918602 0.503835618 1.460994601
 0.042083044 0.584494174 1.555096507
 -0.109922610 0.571169078 1.817336202
 -0.109922282 0.678595722 1.669362664
 -0.042087726 0.584494174 1.555096507
 -0.109922297 0.503835678 1.460994601
 -0.102871068 0.792862058 1.360171556
 -0.109922297 0.657010972 1.401056170
 -0.109922297 0.692038953 1.245905399
 0.046683110 0.792862058 1.615589857
 -0.046688121 0.724170506 1.615589857
 -0.057889219 0.880242169 1.702970028
 0.067161165 0.658188403 1.890967965
 -0.067165479 0.658267856 1.891196489
 -0.109922275 0.631544948 1.971832037
 0.109918639 0.631544948 1.971832037
 0.036254238 0.819748402 1.958389163
 -0.036259219 0.819748402 1.958389163
 -0.036259215 0.947457671 2.025603771
 0.036254242 0.874909103 2.025603771
 0.109918639 0.537443340 2.039047718
 -0.109922595 0.537443340 2.039047956
 -0.109922275 0.705482006 2.079376698
 0.109918639 0.705482006 2.079376698
 0.086771734 0.786140501 2.119705677
 -0.053353541 0.786140561 2.119705915
 -0.053353541 0.853356063 2.173478365
 0.086771742 0.853356063 2.173478365
 0.109918639 0.685317338 2.180199862
 -0.109922260 0.685317338 2.180200100
 -0.109922260 0.772697508 2.220529079
 0.109918639 0.772697508 2.220528841
 0.109918639 0.532550335 2.333485842
 -0.109922260 0.532550395 2.333486319
 -0.109921969 1.897296667 1.245905399
 0.109918602 1.897296906 1.245905399
 0.109918542 -0.000001262 -0.000000197
 -0.109922357 -0.000001262 0.000000003
