1122
 0.033171158 2.764341831 -3.202256441
 0.042639144 2.764550209 -2.976463795
 0.033171102 2.764399052 -2.975712538
 0.042639039 2.764549971 -3.202256441
 -0.034212589 2.764342070 -2.976463795
 -0.042638671 2.764549971 -3.202256441
 -0.034212638 2.764341831 -3.202256441
 -0.042638566 2.764550209 -2.976463795
 0.023302939 2.764399052 -2.999536276
 0.023303190 2.764284611 -3.201977968
 -0.000520822 2.764399052 -3.009403706
 -0.000520571 2.764284611 -3.201862574
 -0.024344588 2.764399052 -2.999536276
 -0.024344336 2.764284611 -3.201977968
 0.042639039 2.851733923 -3.202256441
 0.042639144 2.851734400 -2.976463795
 -0.042638559 2.851734400 -2.976463795
 -0.042638663 2.851733923 -3.202256441
 0.033171218 2.851733923 -3.202256441
 0.033171330 2.851734400 -2.976463795
 -0.034212463 2.851734400 -2.976463795
 -0.034212574 2.851733923 -3.202256441
 0.023303190 2.851733923 -3.201977968
 0.023303188 2.851734400 -3.000287533
 -0.000520571 2.851733923 -3.201862574
 -0.000520577 2.851734400 -3.010155678
 -0.024344336 2.851733923 -3.201977968
 -0.024344342 2.851734400 -3.000287533
 0.033170968 0.585465312 -3.202256441
 0.042639185 0.585616350 -2.975543976
 0.033171088 0.585465312 -2.976463795
 0.042639039 0.585616350 -3.202256441
 -0.034212716 0.585465312 -2.976463795
 -0.042638671 0.585616350 -3.202256441
 -0.034212828 0.585465312 -3.202256441
 -0.042638566 0.585616350 -2.976463795
 0.023302937 0.585465312 -3.000287771
 0.023302939 0.585465312 -3.201977968
 -0.000520828 0.585465312 -3.010155916
 -0.000520822 0.585465312 -3.201862574
 -0.024344591 0.585465312 -3.000287771
 -0.024344588 0.585465312 -3.201977968
 0.042639039 0.663206756 -3.202256441
 0.042639144 0.663206756 -2.976463795
 -0.042638559 0.663206756 -2.976463795
 -0.042638663 0.663206756 -3.202256441
 0.033171218 0.663206756 -3.202256441
 0.033171330 0.663206756 -2.976463795
 -0.034212437 0.663206756 -2.975628614
 -0.034212574 0.663206756 -3.202256441
 0.023303190 0.663206756 -3.201977968
 0.023303188 0.663206756 -3.000287771
 -0.000520571 0.663206756 -3.201862574
 -0.000520577 0.663206756 -3.010155916
 -0.024344336 0.663206756 -3.201977968
 -0.024344342 0.663206756 -3.000287771
 0.033171032 2.764370441 -0.119201660
 0.037910827 2.764460564 -0.000000022
 0.033171095 2.764356136 0.000000015
 0.042639039 2.764550209 -0.119117297
 0.042639039 2.764550209 -0.000000022
 -0.038420498 2.764445782 0.000000015
 -0.042638671 2.764550209 -0.119201660
 -0.034212764 2.764370441 -0.119201660
 -0.034212701 2.764356136 -0.000000015
 -0.042638671 2.764550209 0.000000015
 0.027681883 2.764322996 -0.000000015
 0.023303064 2.764284849 0.000000007
 0.023302939 2.764284849 -0.095293559
 0.010726376 2.764284849 -0.000000015
 -0.000520699 2.764284849 0.000000007
 -0.000520822 2.764284849 -0.085425630
 -0.011795028 2.764284849 -0.000000007
 -0.024344463 2.764284849 0.000000007
 -0.024344588 2.764284849 -0.095293559
 -0.028734611 2.764310360 -0.000000007
 0.042639039 2.851734161 -0.119117297
 0.042639039 2.851734161 -0.000000022
 -0.042638663 2.851734161 0.000000015
 -0.042638663 2.851734161 -0.119201660
 0.033171218 2.851734161 -0.119201660
 0.033171218 2.851734161 -0.000000022
 0.037910920 2.851734161 0.000000015
 -0.034212556 2.851734161 0.000000015
 -0.034212541 2.851734161 -0.119201660
 -0.038420465 2.851734161 -0.000000022
 0.023302939 2.851734161 -0.095293559
 0.023303002 2.851734161 -0.000000015
 0.027681882 2.851734161 0.000000015
 -0.000520822 2.851734161 -0.085425332
 -0.000520760 2.851734161 -0.000000015
 0.010726307 2.851734161 0.000000015
 -0.024344588 2.851734161 -0.095293559
 -0.024344524 2.851734161 -0.000000015
 -0.011795108 2.851734161 0.000000007
 -0.028734591 2.851734161 0.000000015
 0.033171065 4.903902531 -0.119117297
 0.023302939 4.903902531 -0.095293559
 -0.000520822 4.903902531 -0.085425332
 -0.024344588 4.903902531 -0.095293559
 -0.034212716 4.903902531 -0.119117297
 -0.000520699 2.851734161 -0.152893335
 -0.000520828 4.903902531 -0.152809277
 0.033170968 0.585465372 -0.119201660
 0.037910793 0.585540950 -0.000000022
 0.033170968 0.585465372 0.000000015
 0.042639039 0.585616410 -0.119117595
 0.042639039 0.585616410 -0.000000015
 -0.038420592 0.585540771 0.000000015
 -0.042638671 0.585616410 -0.119201660
 -0.034212828 0.585465372 -0.119201660
 -0.034212828 0.585465372 -0.000000022
 -0.042638671 0.585616410 0.000000015
 0.027681632 0.585465372 -0.000000015
 0.023302751 0.585465372 0.000000015
 0.023302691 0.585465372 -0.095293559
 0.010726061 0.585465372 -0.000000015
 -0.000521011 0.585465372 0.000000007
 -0.000521073 0.585465372 -0.085425630
 -0.011795375 0.585465372 -0.000000007
 -0.024344776 0.585465372 0.000000015
 -0.024344839 0.585465372 -0.095293559
 -0.028734840 0.585465372 -0.000000015
 -0.007299363 0.001949747 -0.119117297
 -0.000520950 0.585465372 -0.152893335
 0.042639039 0.663206756 -0.119117595
 0.042639039 0.663206756 -0.000000015
 -0.042638663 0.663206756 0.000000015
 -0.042638663 0.663206756 -0.119201660
 0.033171218 0.663206756 -0.119201660
 0.033171218 0.663206756 -0.000000022
 0.037910920 0.663206756 0.000000015
 -0.034212556 0.663206756 0.000000015
 -0.034212541 0.663206756 -0.119201958
 -0.038420465 0.663206756 -0.000000022
 0.023302939 0.663206756 -0.095293559
 0.023303002 0.663206756 -0.000000015
 0.027681882 0.663206756 0.000000015
 -0.000520822 0.663206756 -0.085425630
 -0.000520760 0.663206756 -0.000000015
 0.010726307 0.663206756 0.000000015
 -0.024344588 0.663206756 -0.095293559
 -0.024344524 0.663206756 -0.000000015
 -0.011795128 0.663206756 0.000000015
 -0.028734591 0.663206756 0.000000015
 -0.000520825 2.764342070 -0.152893335
 -0.000520699 0.663206756 -0.152893335
 0.033171032 2.764370441 -0.595426440
 0.042639039 2.764550209 -0.357314110
 0.033171158 2.764342070 -0.357313812
 0.042639039 2.764550209 -0.595341861
 -0.034212638 2.764342070 -0.357313812
 -0.042638671 2.764550209 -0.595426440
 -0.034212764 2.764370441 -0.595426440
 -0.042638671 2.764550209 -0.357314110
 0.023303188 2.764285088 -0.381137460
 0.023302939 2.764284849 -0.571518242
 -0.000520577 2.764285088 -0.391005486
 -0.000520822 2.764284849 -0.561650097
 -0.024344342 2.764285088 -0.381137460
 -0.024344588 2.764284849 -0.571518242
 -0.000520571 2.764285088 -0.323621839
 0.042639039 2.851734161 -0.595342040
 0.042639039 2.851734161 -0.357314110
 -0.042638663 2.851734161 -0.357314110
 -0.042638663 2.851734161 -0.595426440
 0.033171218 2.851734161 -0.595426440
 0.033171218 2.851734161 -0.357314110
 -0.034212574 2.851734161 -0.357314110
 -0.034212541 2.851734161 -0.595426440
 0.023302939 2.851734161 -0.571518183
 0.023303065 2.851734161 -0.381137878
 -0.000520822 2.851734161 -0.561650097
 -0.000520699 2.851734161 -0.391005635
 -0.024344588 2.851734161 -0.571518183
 -0.024344463 2.851734161 -0.381137878
 0.033171065 4.903902531 -0.595341861
 0.023302939 4.903902531 -0.571518183
 -0.000520822 4.903902531 -0.561650097
 -0.024344588 4.903902531 -0.571518183
 -0.034212716 4.903902531 -0.595341861
 -0.000520699 2.851734161 -0.629117727
 -0.000520828 4.903902531 -0.629033864
 -0.000520571 2.851734161 -0.323621690
 0.033171311 4.903902531 -0.357313514
 0.023303190 4.903902531 -0.333489746
 -0.000520571 4.903902531 -0.323621690
 -0.024344336 4.903902531 -0.333489746
 -0.034212470 4.903902531 -0.357313514
 -0.000520577 4.903902531 -0.391005486
 0.033170968 0.585465431 -0.595426440
 0.042639039 0.585616410 -0.357314289
 0.033170968 0.585465372 -0.357314289
 0.042639039 0.585616291 -0.595342040
 -0.034212828 0.585465372 -0.357314289
 -0.042638671 0.585616291 -0.595426440
 -0.034212828 0.585465431 -0.595426440
 -0.042638671 0.585616410 -0.357314289
 0.023302814 0.585465431 -0.381138057
 0.023302691 0.585465431 -0.571518242
 -0.000520950 0.585465431 -0.391005635
 -0.000521073 0.585465431 -0.561650097
 -0.024344716 0.585465431 -0.381138057
 -0.024344839 0.585465431 -0.571518242
 -0.007299363 0.001949747 -0.595342040
 -0.000520950 0.585465431 -0.629117727
 -0.000520822 0.585465372 -0.323621839
 -0.007299112 0.001949399 -0.357313693
 0.042639039 0.663206756 -0.595342040
 0.042639039 0.663206756 -0.357314289
 -0.042638663 0.663206756 -0.357314289
 -0.042638663 0.663206756 -0.595426440
 0.033171218 0.663206756 -0.595426440
 0.033171218 0.663206756 -0.357314289
 -0.034212574 0.663206756 -0.357314289
 -0.034212541 0.663206756 -0.595426500
 0.023302939 0.663206756 -0.571518242
 0.023303065 0.663206756 -0.381138057
 -0.000520822 0.663206756 -0.561650097
 -0.000520699 0.663206756 -0.391005635
 -0.024344588 0.663206756 -0.571518242
 -0.024344463 0.663206756 -0.381138057
 -0.000520825 2.764341831 -0.629117727
 -0.000520699 0.663206756 -0.629117727
 -0.000520571 0.663206756 -0.323621839
 0.033171032 2.764370441 -1.071650386
 0.042639039 2.764550209 -0.833538532
 0.033171158 2.764342070 -0.833538234
 0.042639039 2.764550209 -1.071566224
 -0.034212638 2.764342070 -0.833538234
 -0.042638671 2.764550209 -1.071650386
 -0.034212764 2.764370441 -1.071650386
 -0.042638671 2.764550209 -0.833538532
 0.023303188 2.764285088 -0.857361674
 0.023302939 2.764284849 -1.047742844
 -0.000520577 2.764285088 -0.867229939
 -0.000520822 2.764284849 -1.037874222
 -0.024344342 2.764285088 -0.857361674
 -0.024344588 2.764284849 -1.047742844
 -0.000520571 2.764284849 -0.799846292
 0.042639039 2.851734161 -1.071566224
 0.042639039 2.851734161 -0.833538532
 -0.042638663 2.851734161 -0.833538532
 -0.042638663 2.851734161 -1.071650386
 0.033171218 2.851734161 -1.071650386
 0.033171218 2.851734161 -0.833538532
 -0.034212574 2.851734161 -0.833538532
 -0.034212541 2.851734161 -1.071650386
 0.023302939 2.851734161 -1.047742486
 0.023303065 2.851734161 -0.857362330
 -0.000520822 2.851734161 -1.037874222
 -0.000520699 2.851734161 -0.867230117
 -0.024344588 2.851734161 -1.047742486
 -0.024344463 2.851734161 -0.857362330
 0.033171065 4.903902531 -1.071566224
 0.023302939 4.903902531 -1.047742486
 -0.000520822 4.903902531 -1.037874222
 -0.024344588 4.903902531 -1.047742486
 -0.034212716 4.903902531 -1.071566224
 -0.000520699 2.851734161 -1.105342269
 -0.000520828 4.903902531 -1.105258346
 -0.000520571 2.851734161 -0.799846172
 0.033171311 4.903902531 -0.833537936
 0.023303190 4.903902531 -0.809714019
 -0.000520571 4.903902531 -0.799846172
 -0.024344336 4.903902531 -0.809714019
 -0.034212470 4.903902531 -0.833537936
 -0.000520577 4.903902531 -0.867229939
 0.033170968 0.585465431 -1.071650863
 0.042639039 0.585616291 -0.833538532
 0.033170968 0.585465431 -0.833538532
 0.042639039 0.585616291 -1.071566224
 -0.034212828 0.585465431 -0.833538532
 -0.042638671 0.585616291 -1.071650863
 -0.034212828 0.585465431 -1.071650863
 -0.042638671 0.585616291 -0.833538532
 0.023302814 0.585465431 -0.857362449
 0.023302691 0.585465431 -1.047742844
 -0.000520950 0.585465431 -0.867230117
 -0.000521073 0.585465431 -1.037874222
 -0.024344716 0.585465431 -0.857362449
 -0.024344839 0.585465431 -1.047742844
 -0.007299363 0.001949608 -1.071566582
 -0.000520950 0.585465431 -1.105342269
 -0.000520822 0.585465431 -0.799846172
 -0.007299112 0.001949399 -0.833538115
 0.042639039 0.663206637 -1.071566224
 0.042639039 0.663206756 -0.833538711
 -0.042638663 0.663206756 -0.833538711
 -0.042638663 0.663206637 -1.071650863
 0.033171218 0.663206637 -1.071650863
 0.033171218 0.663206756 -0.833538711
 -0.034212574 0.663206756 -0.833538711
 -0.034212541 0.663206637 -1.071650386
 0.023302939 0.663206637 -1.047742844
 0.023303065 0.663206756 -0.857362449
 -0.000520822 0.663206637 -1.037874222
 -0.000520699 0.663206756 -0.867230117
 -0.024344588 0.663206637 -1.047742844
 -0.024344463 0.663206756 -0.857362449
 -0.000520825 2.764342070 -1.105342150
 -0.000520699 0.663206637 -1.105342269
 -0.000520571 0.663206637 -0.799846172
 0.033171032 2.764370441 -1.547875166
 0.042639039 2.764550209 -1.309762716
 0.033171158 2.764342070 -1.309762716
 0.042639039 2.764550209 -1.547790766
 -0.034212638 2.764342070 -1.309762716
 -0.042638671 2.764550209 -1.547875047
 -0.034212764 2.764370441 -1.547875166
 -0.042638671 2.764550209 -1.309762716
 0.023303188 2.764285088 -1.333585978
 0.023302939 2.764284849 -1.523967028
 -0.000520577 2.764285088 -1.343454123
 -0.000520822 2.764284849 -1.514098883
 -0.024344342 2.764285088 -1.333585978
 -0.024344588 2.764284849 -1.523967028
 -0.000520571 2.764285088 -1.276070476
 0.042639039 2.851734161 -1.547790766
 0.042639039 2.851734161 -1.309762716
 -0.042638663 2.851734161 -1.309762716
 -0.042638663 2.851734161 -1.547875166
 0.033171218 2.851734161 -1.547875166
 0.033171218 2.851734161 -1.309762716
 -0.034212574 2.851734161 -1.309762716
 -0.034212541 2.851734161 -1.547875047
 0.023302939 2.851734161 -1.523967028
 0.023303065 2.851734161 -1.333586574
 -0.000520822 2.851734161 -1.514098883
 -0.000520699 2.851734161 -1.343454480
 -0.024344588 2.851734161 -1.523967028
 -0.024344463 2.851734161 -1.333586574
 0.033171065 4.903902531 -1.547790766
 0.023302939 4.903902531 -1.523966789
 -0.000520822 4.903902531 -1.514098883
 -0.024344588 4.903902531 -1.523966789
 -0.034212716 4.903902531 -1.547790766
 -0.000520699 2.851734161 -1.581566572
 -0.000520828 4.903902531 -1.581482649
 -0.000520571 2.851734161 -1.276070356
 0.033171311 4.903902531 -1.309762239
 0.023303190 4.903902531 -1.285938382
 -0.000520571 4.903902531 -1.276070356
 -0.024344336 4.903902531 -1.285938382
 -0.034212470 4.903902531 -1.309762239
 -0.000520577 4.903902531 -1.343454123
 0.033170968 0.585465431 -1.547875166
 0.042639039 0.585616291 -1.309762716
 0.033170968 0.585465431 -1.309762716
 0.042639039 0.585616291 -1.547790766
 -0.034212828 0.585465431 -1.309762716
 -0.042638671 0.585616291 -1.547875166
 -0.034212828 0.585465431 -1.547875166
 -0.042638671 0.585616291 -1.309762716
 0.023302814 0.585465431 -1.333586693
 0.023302691 0.585465431 -1.523967028
 -0.000520950 0.585465431 -1.343454480
 -0.000521073 0.585465431 -1.514098883
 -0.024344716 0.585465431 -1.333586693
 -0.024344839 0.585465431 -1.523967028
 -0.007299363 0.001949608 -1.547790766
 -0.000520950 0.585465431 -1.581566572
 -0.000520822 0.585465431 -1.276070356
 -0.007299112 0.001949399 -1.309762359
 0.042639039 0.663206637 -1.547790766
 0.042639039 0.663206756 -1.309762716
 -0.042638663 0.663206756 -1.309762716
 -0.042638663 0.663206637 -1.547875166
 0.033171218 0.663206637 -1.547875166
 0.033171218 0.663206756 -1.309762716
 -0.034212574 0.663206756 -1.309762716
 -0.034212541 0.663206637 -1.547875166
 0.023302939 0.663206637 -1.523967028
 0.023303065 0.663206756 -1.333586693
 -0.000520822 0.663206637 -1.514098883
 -0.000520699 0.663206756 -1.343454480
 -0.024344588 0.663206637 -1.523967028
 -0.024344463 0.663206756 -1.333586693
 -0.000520825 2.764341831 -1.581566572
 -0.000520699 0.663206637 -1.581566572
 -0.000520571 0.663206637 -1.276070356
 0.033171032 2.764370441 -2.024099588
 0.042639039 2.764550209 -1.785987258
 0.033171158 2.764341831 -1.785986900
 0.042639039 2.764550209 -2.024015188
 -0.034212638 2.764341831 -1.785986900
 -0.042638671 2.764550209 -2.024099350
 -0.034212764 2.764370441 -2.024099588
 -0.042638671 2.764550209 -1.785987258
 0.023303188 2.764284849 -1.809810638
 0.023302939 2.764284611 -2.000191450
 -0.000520577 2.764284849 -1.819678664
 -0.000520822 2.764284611 -1.990323067
 -0.024344342 2.764284849 -1.809810638
 -0.024344588 2.764284611 -2.000191450
 -0.000520571 2.764284849 -1.752294898
 0.042639039 2.851734161 -2.024015188
 0.042639039 2.851734161 -1.785987258
 -0.042638663 2.851734161 -1.785987258
 -0.042638663 2.851734161 -2.024099588
 0.033171218 2.851734161 -2.024099350
 0.033171218 2.851734161 -1.785987258
 -0.034212574 2.851734161 -1.785987258
 -0.034212541 2.851734161 -2.024099588
 0.023302939 2.851734161 -2.000191450
 0.023303065 2.851734161 -1.809810877
 -0.000520822 2.851734161 -1.990323067
 -0.000520699 2.851734161 -1.819678664
 -0.024344588 2.851734161 -2.000191450
 -0.024344463 2.851734161 -1.809810877
 0.033171065 4.903902531 -2.024014950
 0.023302939 4.903902531 -2.000191212
 -0.000520822 4.903902531 -1.990323305
 -0.024344588 4.903902531 -2.000191212
 -0.034212716 4.903902531 -2.024014950
 -0.000520699 2.851734161 -2.057790756
 -0.000520828 4.903902531 -2.057706594
 -0.000520571 2.851734161 -1.752294898
 0.033171311 4.903902531 -1.785986900
 0.023303190 4.903902531 -1.762163162
 -0.000520571 4.903902531 -1.752294898
 -0.024344336 4.903902531 -1.762163162
 -0.034212470 4.903902531 -1.785986900
 -0.000520577 4.903902531 -1.819678426
 0.033170968 0.585465431 -2.024099588
 0.042639039 0.585616350 -1.785987258
 0.033170968 0.585465431 -1.785987258
 0.042639039 0.585616350 -2.024015188
 -0.034212828 0.585465431 -1.785987258
 -0.042638671 0.585616350 -2.024099588
 -0.034212828 0.585465431 -2.024099588
 -0.042638671 0.585616350 -1.785987258
 0.023302814 0.585465431 -1.809811234
 0.023302691 0.585465431 -2.000191212
 -0.000520950 0.585465431 -1.819678783
 -0.000521073 0.585465431 -1.990323305
 -0.024344716 0.585465431 -1.809811234
 -0.024344839 0.585465431 -2.000191212
 -0.007299363 0.001949678 -2.024015188
 -0.000520950 0.585465431 -2.057790518
 -0.000520822 0.585465431 -1.752294898
 -0.007299112 0.001949469 -1.785986900
 0.042639039 0.663206697 -2.024015188
 0.042639039 0.663206697 -1.785987258
 -0.042638663 0.663206697 -1.785987258
 -0.042638663 0.663206697 -2.024099588
 0.033171218 0.663206697 -2.024099588
 0.033171218 0.663206697 -1.785987258
 -0.034212574 0.663206697 -1.785987258
 -0.034212541 0.663206697 -2.024099588
 0.023302939 0.663206697 -2.000191450
 0.023303065 0.663206697 -1.809811234
 -0.000520822 0.663206697 -1.990323305
 -0.000520699 0.663206697 -1.819678783
 -0.024344588 0.663206697 -2.000191450
 -0.024344463 0.663206697 -1.809811234
 -0.000520825 2.764342070 -2.057790756
 -0.000520699 0.663206697 -2.057790518
 -0.000520571 0.663206697 -1.752294898
 0.033171158 2.764370918 -2.500324011
 0.042639039 2.764550209 -2.262211800
 0.033171158 2.764342070 -2.262211323
 0.042639166 2.764550209 -2.500239372
 -0.034212638 2.764342070 -2.262211323
 -0.042638544 2.764550209 -2.500324011
 -0.034212638 2.764370918 -2.500324011
 -0.042638671 2.764550209 -2.262211800
 0.023303188 2.764285088 -2.286034822
 0.023302939 2.764284849 -2.476415634
 -0.000520577 2.764285088 -2.295902967
 -0.000520822 2.764284849 -2.466547489
 -0.024344342 2.764285088 -2.286034822
 -0.024344588 2.764284849 -2.476415634
 -0.000520571 2.764285088 -2.228519201
 0.042639166 2.851734400 -2.500239372
 0.042639039 2.851734161 -2.262211800
 -0.042638663 2.851734161 -2.262211800
 -0.042638537 2.851734400 -2.500324011
 0.033171345 2.851734400 -2.500324011
 0.033171218 2.851734161 -2.262211800
 -0.034212574 2.851734161 -2.262211800
 -0.034212373 2.851734400 -2.500324011
 0.023302939 2.851734161 -2.476415634
 0.023303065 2.851734161 -2.286035538
 -0.000520822 2.851734161 -2.466547489
 -0.000520699 2.851734161 -2.295902967
 -0.024344588 2.851734161 -2.476415634
 -0.024344463 2.851734161 -2.286035538
 0.033171065 4.903902531 -2.500239372
 0.023302939 4.903902531 -2.476415634
 -0.000520822 4.903902531 -2.466547489
 -0.024344588 4.903902531 -2.476415634
 -0.034212716 4.903902531 -2.500239372
 -0.000520574 2.851734400 -2.534015179
 -0.000520828 4.903902531 -2.533931255
 -0.000520571 2.851734161 -2.228519201
 0.033171311 4.903902531 -2.262211084
 0.023303190 4.903902531 -2.238387346
 -0.000520571 4.903902531 -2.228519201
 -0.024344336 4.903902531 -2.238387346
 -0.034212470 4.903902531 -2.262211084
 -0.000520577 4.903902531 -2.295902967
 0.033171095 0.585465431 -2.500324011
 0.042639039 0.585616350 -2.262211800
 0.033170968 0.585465431 -2.262211800
 0.042639166 0.585616350 -2.500239849
 -0.034212828 0.585465431 -2.262211800
 -0.042638544 0.585616350 -2.500324011
 -0.034212708 0.585465431 -2.500324011
 -0.042638671 0.585616350 -2.262211800
 0.023302814 0.585465431 -2.286035538
 0.023302691 0.585465431 -2.476416111
 -0.000520950 0.585465431 -2.295903206
 -0.000521073 0.585465431 -2.466547489
 -0.024344716 0.585465431 -2.286035538
 -0.024344839 0.585465431 -2.476416111
 -0.007299363 0.001949678 -2.500239372
 -0.000520825 0.585465431 -2.534015179
 -0.000520822 0.585465431 -2.228519201
 -0.007299112 0.001949469 -2.262211084
 0.042639166 0.663206697 -2.500239849
 0.042639039 0.663206697 -2.262211800
 -0.042638663 0.663206697 -2.262211800
 -0.042638537 0.663206697 -2.500324011
 0.033171345 0.663206697 -2.500324011
 0.033171218 0.663206697 -2.262211800
 -0.034212574 0.663206697 -2.262211800
 -0.034212373 0.663206697 -2.500324011
 0.023302939 0.663206697 -2.476416111
 0.023303065 0.663206697 -2.286035538
 -0.000520822 0.663206697 -2.466547489
 -0.000520699 0.663206697 -2.295903206
 -0.024344588 0.663206697 -2.476416111
 -0.024344463 0.663206697 -2.286035538
 -0.000520699 2.764342070 -2.534015179
 -0.000520574 0.663206697 -2.534015179
 -0.000520571 0.663206697 -2.228519201
 0.042639285 2.764550209 -2.738435984
 0.033171408 2.764342070 -2.738435745
 -0.034212388 2.764342070 -2.738435745
 -0.042638414 2.764550209 -2.738435984
 0.023303438 2.764285088 -2.762259245
 -0.000520326 2.764285088 -2.772127390
 -0.000520571 2.764284849 -2.942771912
 -0.024344090 2.764285088 -2.762259245
 -0.000520320 2.764285088 -2.704743624
 0.042639285 2.851734400 -2.738435984
 -0.042638414 2.851734400 -2.738435984
 0.033171471 2.851734400 -2.738435984
 -0.034212325 2.851734400 -2.738435984
 0.023303319 2.851734400 -2.762259722
 -0.000520571 2.851734400 -2.942771912
 -0.000520448 2.851734400 -2.772127390
 -0.024344215 2.851734400 -2.762259722
 0.033171311 4.903902531 -2.976463795
 0.023303190 4.903902531 -2.952640057
 -0.000520571 4.903902531 -2.942771912
 -0.024344336 4.903902531 -2.952640057
 -0.034212463 4.903902531 -2.976463795
 -0.000520577 4.903902531 -3.010155678
 -0.000520320 2.851734400 -2.704743624
 0.033171561 4.903902531 -2.738435507
 0.023303442 4.903902531 -2.714611769
 -0.000520320 4.903902531 -2.704743624
 -0.024344085 4.903902531 -2.714611769
 -0.034212213 4.903902531 -2.738435507
 -0.000520326 4.903902531 -2.772127390
 0.042639285 0.585616350 -2.738436460
 0.033171218 0.585465252 -2.738436460
 -0.034212574 0.585465252 -2.738436460
 -0.042638414 0.585616350 -2.738436460
 0.023303065 0.585465312 -2.762260199
 -0.000520699 0.585465312 -2.772127628
 -0.000520822 0.585465312 -2.942772150
 -0.024344463 0.585465312 -2.762260199
 -0.007299112 0.001949678 -2.976463795
 -0.000520571 0.585465431 -2.704743624
 -0.007298861 0.001949469 -2.738435507
 0.042639285 0.663206697 -2.738436460
 -0.042638414 0.663206697 -2.738436460
 0.033171471 0.663206697 -2.738436460
 -0.034212325 0.663206697 -2.738436460
 0.023303319 0.663206697 -2.762260199
 -0.000520571 0.663206756 -2.942772150
 -0.000520448 0.663206697 -2.772127628
 -0.024344215 0.663206697 -2.762260199
 -0.000520320 0.663206697 -2.704743624
 0.033171032 2.764370441 2.737920046
 0.042639039 2.764550209 2.975807667
 0.033171158 2.764342070 2.975808144
 0.042639039 2.764550209 2.738004208
 -0.034212638 2.764342070 2.975808144
 -0.042638671 2.764550209 2.737920046
 -0.034212764 2.764370441 2.737920046
 -0.042638671 2.764550209 2.975807667
 0.042639185 2.764550209 3.202256441
 0.033171102 2.764399529 3.202256441
 -0.034212694 2.764399529 3.202256441
 -0.042638522 2.764550209 3.202256441
 0.023303188 2.764285088 2.951984406
 0.023302939 2.764284849 2.761603355
 -0.000520577 2.764285088 2.942116499
 -0.000520822 2.764284849 2.771471739
 -0.024344342 2.764285088 2.951984406
 -0.024344588 2.764284849 2.761603355
 0.023302939 2.764399529 3.202232599
 -0.000520822 2.764399529 3.202223063
 -0.000520571 2.764285088 3.009499788
 -0.024344588 2.764399529 3.202232599
 0.042639039 2.851734161 2.738004208
 0.042639039 2.851734161 2.975807667
 -0.042638663 2.851734161 2.975807667
 -0.042638663 2.851734161 2.737920046
 0.042639185 2.851734161 3.202256441
 -0.042638518 2.851734161 3.202256441
 0.033171218 2.851734161 2.737920046
 0.033171218 2.851734161 2.975807667
 -0.034212574 2.851734161 2.975807667
 -0.034212533 2.851734161 2.738023043
 0.033171352 2.851734161 3.202256441
 -0.034212437 2.851734161 3.202256441
 0.023302939 2.851734161 2.761603355
 0.023303065 2.851734161 2.951983929
 -0.000520822 2.851734161 2.771471739
 -0.000520699 2.851734161 2.942116499
 -0.024344588 2.851734161 2.761603355
 -0.024344463 2.851734161 2.951983929
 0.033171065 4.903902531 2.737779856
 0.023302939 4.903902531 2.761603355
 -0.000520822 4.903902531 2.771471739
 -0.024344588 4.903902531 2.761603355
 -0.034212716 4.903902531 2.737779856
 -0.000520699 2.851734161 2.704228640
 -0.000520828 4.903902531 2.704087973
 0.023303190 2.851734161 3.202232599
 -0.000520571 2.851734161 3.009500504
 -0.000520571 2.851734161 3.202223063
 -0.024344336 2.851734161 3.202232599
 0.033171311 4.903902531 2.975808144
 0.023303190 4.903902531 2.999631882
 -0.000520571 4.903902531 3.009500504
 -0.024344336 4.903902531 2.999631882
 -0.034212470 4.903902531 2.975808144
 -0.000520577 4.903902531 2.942116499
 0.033170968 0.585465431 2.737920046
 0.042639039 0.585616291 2.975807667
 0.033170968 0.585465431 2.975807667
 0.042639039 0.585616291 2.738004208
 -0.034212828 0.585465431 2.975807667
 -0.042638671 0.585616291 2.737920046
 -0.034212828 0.585465431 2.737920046
 -0.042638671 0.585616291 2.975807667
 0.042639185 0.585616291 3.202256441
 0.033171102 0.585465431 3.202256441
 -0.034212694 0.585465431 3.202256441
 -0.042638522 0.585616291 3.202256441
 0.023302814 0.585465431 2.951983929
 0.023302691 0.585465431 2.761603355
 -0.000520950 0.585465431 2.942115784
 -0.000521073 0.585465431 2.771471739
 -0.024344716 0.585465431 2.951983929
 -0.024344839 0.585465431 2.761603355
 -0.007299363 0.001949608 2.737779856
 -0.000520950 0.585465431 2.704228640
 0.023302939 0.585465431 3.202232599
 -0.000520822 0.585465431 3.202223063
 -0.000520822 0.585465431 3.009499788
 -0.024344588 0.585465431 3.202232599
 -0.007299112 0.001949469 2.975808144
 0.042639039 0.663206637 2.738004208
 0.042639039 0.663206756 2.975807667
 -0.042638663 0.663206756 2.975807667
 -0.042638663 0.663206637 2.737920046
 0.042639185 0.663206637 3.202256441
 -0.042638518 0.663206637 3.202256441
 0.033171218 0.663206637 2.737920046
 0.033171218 0.663206756 2.975807667
 -0.034212574 0.663206756 2.975807667
 -0.034212533 0.663206637 2.738023043
 0.033171352 0.663206637 3.202256441
 -0.034212437 0.663206637 3.202256441
 0.023302939 0.663206637 2.761603355
 0.023303065 0.663206756 2.951983929
 -0.000520822 0.663206637 2.771471739
 -0.000520699 0.663206756 2.942115784
 -0.024344588 0.663206637 2.761603355
 -0.024344463 0.663206756 2.951983929
 -0.000520825 2.764341831 2.704228640
 -0.000520699 0.663206637 2.704228640
 0.023303190 0.663206637 3.202232599
 -0.000520571 0.663206637 3.009499788
 -0.000520571 0.663206637 3.202223063
 -0.024344336 0.663206637 3.202232599
 0.033171032 2.764370441 2.261919975
 0.042639039 2.764550209 2.500032187
 0.033171158 2.764342070 2.500032187
 0.042639039 2.764550209 2.262004137
 -0.034212638 2.764342070 2.500032187
 -0.042638671 2.764550209 2.261919975
 -0.034212764 2.764370441 2.261919975
 -0.042638671 2.764550209 2.500032187
 0.023303188 2.764284849 2.476208925
 0.023302939 2.764284611 2.285828114
 -0.000520577 2.764284849 2.466340780
 -0.000520822 2.764284611 2.295696020
 -0.024344342 2.764284849 2.476208925
 -0.024344588 2.764284611 2.285828114
 -0.000520571 2.764284849 2.533724308
 0.042639039 2.851734161 2.262004137
 0.042639039 2.851734161 2.500032187
 -0.042638663 2.851734161 2.500032187
 -0.042638663 2.851734161 2.261919975
 0.033171218 2.851734161 2.261919975
 0.033171218 2.851734161 2.500032187
 -0.034212574 2.851734161 2.500032187
 -0.034212541 2.851734161 2.261919975
 0.023302939 2.851734161 2.285828114
 0.023303065 2.851734161 2.476208448
 -0.000520822 2.851734161 2.295696020
 -0.000520699 2.851734161 2.466340780
 -0.024344588 2.851734161 2.285828114
 -0.024344463 2.851734161 2.476208448
 0.033171065 4.903902531 2.262004375
 0.023302939 4.903902531 2.285828114
 -0.000520822 4.903902531 2.295696259
 -0.024344588 4.903902531 2.285828114
 -0.034212716 4.903902531 2.262004375
 -0.000520699 2.851734161 2.228228331
 -0.000520828 4.903902531 2.228312254
 -0.000520571 2.851734161 2.533725023
 0.033171311 4.903902531 2.500032663
 0.023303190 4.903902531 2.523856401
 -0.000520571 4.903902531 2.533725023
 -0.024344336 4.903902531 2.523856401
 -0.034212470 4.903902531 2.500032663
 -0.000520577 4.903902531 2.466340780
 0.033170968 0.585465431 2.261919975
 0.042639039 0.585616350 2.500032187
 0.033170968 0.585465431 2.500032187
 0.042639039 0.585616350 2.262004375
 -0.034212828 0.585465431 2.500032187
 -0.042638671 0.585616350 2.261919975
 -0.034212828 0.585465431 2.261919975
 -0.042638671 0.585616350 2.500032187
 0.023302814 0.585465431 2.476208448
 0.023302691 0.585465431 2.285828114
 -0.000520950 0.585465431 2.466340303
 -0.000521073 0.585465431 2.295696020
 -0.024344716 0.585465431 2.476208448
 -0.024344839 0.585465431 2.285828114
 -0.007299363 0.001949678 2.262004375
 -0.000520950 0.585465431 2.228228331
 -0.000520822 0.585465431 2.533724308
 -0.007299112 0.001949469 2.500032663
 0.042639039 0.663206697 2.262004375
 0.042639039 0.663206697 2.500032187
 -0.042638663 0.663206697 2.500032187
 -0.042638663 0.663206697 2.261919975
 0.033171218 0.663206697 2.261919975
 0.033171218 0.663206697 2.500032187
 -0.034212574 0.663206697 2.500032187
 -0.034212541 0.663206697 2.261919975
 0.023302939 0.663206697 2.285828114
 0.023303065 0.663206697 2.476208448
 -0.000520822 0.663206697 2.295696020
 -0.000520699 0.663206697 2.466340303
 -0.024344588 0.663206697 2.285828114
 -0.024344463 0.663206697 2.476208448
 -0.000520825 2.764342070 2.228228331
 -0.000520699 0.663206697 2.228228331
 -0.000520571 0.663206697 2.533724308
 0.033171032 2.764370441 1.785695672
 0.042639039 2.764550209 2.023807526
 0.033171158 2.764342070 2.023808241
 0.042639039 2.764550209 1.785780191
 -0.034212638 2.764342070 2.023808241
 -0.042638671 2.764550209 1.785695672
 -0.034212764 2.764370441 1.785695672
 -0.042638671 2.764550209 2.023807526
 0.023303188 2.764285088 1.999984741
 0.023302939 2.764284849 1.809603930
 -0.000520577 2.764285088 1.990116358
 -0.000520822 2.764284849 1.819471478
 -0.024344342 2.764285088 1.999984741
 -0.024344588 2.764284849 1.809603930
 -0.000520571 2.764285088 2.057500362
 0.042639039 2.851734161 1.785780191
 0.042639039 2.851734161 2.023807526
 -0.042638663 2.851734161 2.023807526
 -0.042638663 2.851734161 1.785695672
 0.033171218 2.851734161 1.785695672
 0.033171218 2.851734161 2.023807526
 -0.034212574 2.851734161 2.023807526
 -0.034212541 2.851734161 1.785695672
 0.023302939 2.851734161 1.809603930
 0.023303065 2.851734161 1.999984145
 -0.000520822 2.851734161 1.819472075
 -0.000520699 2.851734161 1.990116358
 -0.024344588 2.851734161 1.809603930
 -0.024344463 2.851734161 1.999984145
 0.033171065 4.903902531 1.785780191
 0.023302939 4.903902531 1.809603930
 -0.000520822 4.903902531 1.819472075
 -0.024344588 4.903902531 1.809603930
 -0.034212716 4.903902531 1.785780191
 -0.000520699 2.851734161 1.752004385
 -0.000520828 4.903902531 1.752088308
 -0.000520571 2.851734161 2.057500362
 0.033171311 4.903902531 2.023808479
 0.023303190 4.903902531 2.047631741
 -0.000520571 4.903902531 2.057500362
 -0.024344336 4.903902531 2.047631741
 -0.034212470 4.903902531 2.023808479
 -0.000520577 4.903902531 1.990116715
 0.033170968 0.585465252 1.785695672
 0.042639039 0.585616350 2.023807526
 0.033170968 0.585465431 2.023807526
 0.042639039 0.585616350 1.785780191
 -0.034212828 0.585465431 2.023807526
 -0.042638671 0.585616350 1.785695672
 -0.034212828 0.585465252 1.785695672
 -0.042638671 0.585616350 2.023807526
 0.023302814 0.585465431 1.999984145
 0.023302691 0.585465252 1.809603930
 -0.000520950 0.585465431 1.990116358
 -0.000521073 0.585465252 1.819471955
 -0.024344716 0.585465431 1.999984145
 -0.024344839 0.585465252 1.809603930
 -0.007299363 0.001949678 1.785780191
 -0.000520950 0.585465252 1.752004147
 -0.000520822 0.585465431 2.057500362
 -0.007299112 0.001949469 2.023808241
 0.042639039 0.663206697 1.785779834
 0.042639039 0.663206697 2.023807526
 -0.042638663 0.663206697 2.023807526
 -0.042638663 0.663206697 1.785695672
 0.033171218 0.663206697 1.785695672
 0.033171218 0.663206697 2.023807526
 -0.034212574 0.663206697 2.023807526
 -0.034212541 0.663206697 1.785695672
 0.023302939 0.663206697 1.809603930
 0.023303065 0.663206697 1.999984145
 -0.000520822 0.663206697 1.819471955
 -0.000520699 0.663206697 1.990116358
 -0.024344588 0.663206697 1.809603930
 -0.024344463 0.663206697 1.999984145
 -0.000520825 2.764342070 1.752004385
 -0.000520699 0.663206697 1.752004147
 -0.000520571 0.663206697 2.057500362
 0.033171032 2.764370441 1.309471369
 0.042639039 2.764550209 1.547583580
 0.033171158 2.764341831 1.547583818
 0.042639039 2.764550209 1.309555888
 -0.034212638 2.764341831 1.547583818
 -0.042638671 2.764550209 1.309471369
 -0.034212764 2.764370441 1.309471369
 -0.042638671 2.764550209 1.547583580
 0.023303188 2.764284849 1.523760319
 0.023302939 2.764284611 1.333379507
 -0.000520577 2.764284849 1.513892174
 -0.000520822 2.764284611 1.343247533
 -0.024344342 2.764284849 1.523760319
 -0.024344588 2.764284611 1.333379507
 -0.000520571 2.764284849 1.581276178
 0.042639039 2.851734161 1.309555888
 0.042639039 2.851734161 1.547583580
 -0.042638663 2.851734161 1.547583580
 -0.042638663 2.851734161 1.309471369
 0.033171218 2.851734161 1.309471369
 0.033171218 2.851734161 1.547583580
 -0.034212574 2.851734161 1.547583580
 -0.034212541 2.851734161 1.309471369
 0.023302939 2.851734161 1.333379507
 0.023303065 2.851734161 1.523759723
 -0.000520822 2.851734161 1.343247771
 -0.000520699 2.851734161 1.513892174
 -0.024344588 2.851734161 1.333379507
 -0.024344463 2.851734161 1.523759723
 0.033171065 4.903902531 1.309555888
 0.023302939 4.903902531 1.333379507
 -0.000520822 4.903902531 1.343247771
 -0.024344588 4.903902531 1.333379507
 -0.034212716 4.903902531 1.309555888
 -0.000520699 2.851734161 1.275779843
 -0.000520828 4.903902531 1.275864005
 -0.000520571 2.851734161 1.581276178
 0.033171311 4.903902531 1.547584176
 0.023303190 4.903902531 1.571407914
 -0.000520571 4.903902531 1.581276178
 -0.024344336 4.903902531 1.571407914
 -0.034212470 4.903902531 1.547584176
 -0.000520577 4.903902531 1.513892412
 0.033170968 0.585465312 1.309471369
 0.042639039 0.585616350 1.547583580
 0.033170968 0.585465312 1.547583580
 0.042639039 0.585616350 1.309555888
 -0.034212828 0.585465312 1.547583580
 -0.042638671 0.585616350 1.309471369
 -0.034212828 0.585465312 1.309471369
 -0.042638671 0.585616350 1.547583580
 0.023302814 0.585465312 1.523759723
 0.023302691 0.585465312 1.333379507
 -0.000520950 0.585465312 1.513892174
 -0.000521073 0.585465312 1.343247533
 -0.024344716 0.585465312 1.523759723
 -0.024344839 0.585465312 1.333379507
 -0.007299363 0.001949678 1.309555888
 -0.000520950 0.585465312 1.275779843
 -0.000520822 0.585465312 1.581276178
 -0.007299112 0.001949469 1.547584176
 0.042639039 0.663206756 1.309555888
 0.042639039 0.663206697 1.547583580
 -0.042638663 0.663206697 1.547583580
 -0.042638663 0.663206756 1.309471369
 0.033171218 0.663206756 1.309471369
 0.033171218 0.663206697 1.547583580
 -0.034212574 0.663206697 1.547583580
 -0.034212541 0.663206756 1.309471369
 0.023302939 0.663206756 1.333379507
 0.023303065 0.663206697 1.523759723
 -0.000520822 0.663206756 1.343247533
 -0.000520699 0.663206697 1.513892174
 -0.024344588 0.663206756 1.333379507
 -0.024344463 0.663206697 1.523759723
 -0.000520825 2.764342070 1.275779843
 -0.000520699 0.663206756 1.275779843
 -0.000520571 0.663206697 1.581276178
 0.033171032 2.764370441 0.833246887
 0.042639039 2.764550209 1.071359038
 0.033171158 2.764342070 1.071359515
 0.042639039 2.764550209 0.833331585
 -0.034212638 2.764342070 1.071359515
 -0.042638671 2.764550209 0.833246887
 -0.034212764 2.764370441 0.833246887
 -0.042638671 2.764550209 1.071359038
 0.023303188 2.764285088 1.047536135
 0.023302939 2.764284849 0.857155323
 -0.000520577 2.764285088 1.037667871
 -0.000520822 2.764284849 0.867023289
 -0.024344342 2.764285088 1.047536135
 -0.024344588 2.764284849 0.857155323
 -0.000520571 2.764285088 1.105051756
 0.042639039 2.851734161 0.833331585
 0.042639039 2.851734161 1.071359038
 -0.042638663 2.851734161 1.071359038
 -0.042638663 2.851734161 0.833246887
 0.033171218 2.851734161 0.833246887
 0.033171218 2.851734161 1.071359038
 -0.034212574 2.851734161 1.071359038
 -0.034212541 2.851734161 0.833246887
 0.023302939 2.851734161 0.857155323
 0.023303065 2.851734161 1.047535300
 -0.000520822 2.851734161 0.867023468
 -0.000520699 2.851734161 1.037667871
 -0.024344588 2.851734161 0.857155323
 -0.024344463 2.851734161 1.047535300
 0.033171065 4.903902531 0.833331585
 0.023302939 4.903902531 0.857155323
 -0.000520822 4.903902531 0.867023468
 -0.024344588 4.903902531 0.857155323
 -0.034212716 4.903902531 0.833331585
 -0.000520699 2.851734161 0.799555600
 -0.000520828 4.903902531 0.799639583
 -0.000520571 2.851734161 1.105051756
 0.033171311 4.903902531 1.071359873
 0.023303190 4.903902531 1.095183611
 -0.000520571 4.903902531 1.105051756
 -0.024344336 4.903902531 1.095183611
 -0.034212470 4.903902531 1.071359873
 -0.000520577 4.903902531 1.037668109
 0.033170968 0.585465312 0.833246887
 0.042639039 0.585616350 1.071359038
 0.033170968 0.585465312 1.071359038
 0.042639039 0.585616350 0.833331585
 -0.034212828 0.585465312 1.071359038
 -0.042638671 0.585616350 0.833246887
 -0.034212828 0.585465312 0.833246887
 -0.042638671 0.585616350 1.071359038
 0.023302814 0.585465312 1.047535300
 0.023302691 0.585465312 0.857155323
 -0.000520950 0.585465312 1.037667871
 -0.000521073 0.585465312 0.867023289
 -0.024344716 0.585465312 1.047535300
 -0.024344839 0.585465312 0.857155323
 -0.007299363 0.001949747 0.833331585
 -0.000520950 0.585465372 0.799555600
 -0.000520822 0.585465312 1.105051756
 -0.007299112 0.001949329 1.071359873
 0.042639039 0.663206756 0.833331585
 0.042639039 0.663206756 1.071359038
 -0.042638663 0.663206756 1.071359038
 -0.042638663 0.663206756 0.833246887
 0.033171218 0.663206756 0.833246887
 0.033171218 0.663206756 1.071359038
 -0.034212574 0.663206756 1.071359038
 -0.034212541 0.663206756 0.833246887
 0.023302939 0.663206756 0.857155323
 0.023303065 0.663206756 1.047535300
 -0.000520822 0.663206756 0.867023289
 -0.000520699 0.663206756 1.037667871
 -0.024344588 0.663206756 0.857155323
 -0.024344463 0.663206756 1.047535300
 -0.000520825 2.764342070 0.799555600
 -0.000520699 0.663206756 0.799555600
 -0.000520571 0.663206756 1.105051756
 0.033171032 2.764370441 0.357022613
 0.042639039 2.764550209 0.595134616
 0.033171158 2.764341831 0.595134914
 0.042639039 2.764550209 0.357106984
 -0.034212638 2.764341831 0.595134914
 -0.042638671 2.764550209 0.357022613
 -0.034212764 2.764370441 0.357022613
 -0.042638671 2.764550209 0.595134616
 0.023303188 2.764285088 0.571311474
 0.023302939 2.764284611 0.380930722
 -0.000520577 2.764284849 0.561443210
 -0.000520822 2.764284611 0.390798658
 -0.024344342 2.764285088 0.571311474
 -0.024344588 2.764284611 0.380930722
 -0.000520571 2.764285088 0.628827155
 0.042639039 2.851734161 0.357106984
 0.042639039 2.851734161 0.595134616
 -0.042638663 2.851734161 0.595134616
 -0.042638663 2.851734161 0.357022613
 0.033171218 2.851734161 0.357022613
 0.033171218 2.851734161 0.595134616
 -0.034212574 2.851734161 0.595134616
 -0.034212541 2.851734161 0.357022613
 0.023302939 2.851734161 0.380930722
 0.023303065 2.851734161 0.571310818
 -0.000520822 2.851734161 0.390798956
 -0.000520699 2.851734161 0.561443210
 -0.024344588 2.851734161 0.380930722
 -0.024344463 2.851734161 0.571310818
 0.033171065 4.903902531 0.357106984
 0.023302939 4.903902531 0.380930722
 -0.000520822 4.903902531 0.390798956
 -0.024344588 4.903902531 0.380930722
 -0.034212716 4.903902531 0.357106984
 -0.000520699 2.851734161 0.323331237
 -0.000520828 4.903902531 0.323415011
 -0.000520571 2.851734161 0.628827155
 0.033171311 4.903902531 0.595135152
 0.023303190 4.903902531 0.618959010
 -0.000520571 4.903902531 0.628827155
 -0.024344336 4.903902531 0.618959010
 -0.034212470 4.903902531 0.595135152
 -0.000520577 4.903902531 0.561443508
 0.033170968 0.585465372 0.357022613
 0.042639039 0.585616410 0.595134616
 0.033170968 0.585465372 0.595134616
 0.042639039 0.585616410 0.357106984
 -0.034212828 0.585465372 0.595134616
 -0.042638671 0.585616410 0.357022613
 -0.034212828 0.585465372 0.357022613
 -0.042638671 0.585616410 0.595134616
 0.023302814 0.585465372 0.571310818
 0.023302691 0.585465372 0.380930722
 -0.000520950 0.585465372 0.561443210
 -0.000521073 0.585465372 0.390798658
 -0.024344716 0.585465372 0.571310818
 -0.024344839 0.585465372 0.380930722
 -0.007299363 0.001949747 0.357106984
 -0.000520950 0.585465372 0.323331237
 -0.000520822 0.585465372 0.628827155
 -0.007299112 0.001949329 0.595135152
 0.042639039 0.663206756 0.357106984
 0.042639039 0.663206756 0.595134616
 -0.042638663 0.663206756 0.595134616
 -0.042638663 0.663206756 0.357022613
 0.033171218 0.663206756 0.357022613
 0.033171218 0.663206756 0.595134616
 -0.034212574 0.663206756 0.595134616
 -0.034212541 0.663206756 0.357022613
 0.023302939 0.663206756 0.380930722
 0.023303065 0.663206756 0.571310818
 -0.000520822 0.663206756 0.390798658
 -0.000520699 0.663206756 0.561443210
 -0.024344588 0.663206756 0.380930722
 -0.024344463 0.663206756 0.571310818
 -0.000520825 2.764342070 0.323331237
 -0.000520699 0.663206756 0.323331237
 -0.000520571 0.663206756 0.628827155
 0.042639039 2.764550209 0.118910335
 0.033171158 2.764342070 0.118910633
 -0.034212638 2.764342070 0.118910633
 -0.042638671 2.764550209 0.118910335
 0.023303188 2.764285088 0.095087186
 -0.000520577 2.764285088 0.085218959
 -0.024344342 2.764285088 0.095087186
 -0.000520571 2.764285088 0.152602881
 0.042639039 2.851734161 0.118910335
 -0.042638663 2.851734161 0.118910335
 0.033171218 2.851734161 0.118910335
 -0.034212574 2.851734161 0.118910335
 0.023303065 2.851734161 0.095086582
 -0.000520699 2.851734161 0.085218959
 -0.024344463 2.851734161 0.095086582
 -0.000520571 2.851734161 0.152602881
 0.033171311 4.903902531 0.118910931
 0.023303190 4.903902531 0.142734692
 -0.000520571 4.903902531 0.152602881
 -0.024344336 4.903902531 0.142734692
 -0.034212470 4.903902531 0.118910931
 -0.000520577 4.903902531 0.085219257
 0.042639039 0.585616410 0.118910335
 0.033170968 0.585465372 0.118910335
 -0.034212828 0.585465372 0.118910335
 -0.042638671 0.585616410 0.118910335
 0.023302814 0.585465372 0.095086582
 -0.000520950 0.585465372 0.085218959
 -0.024344716 0.585465372 0.095086582
 -0.000520822 0.585465372 0.152602881
 -0.007299112 0.001949399 0.118910931
 0.042639039 0.663206756 0.118910335
 -0.042638663 0.663206756 0.118910335
 0.033171218 0.663206756 0.118910335
 -0.034212574 0.663206756 0.118910335
 0.023303065 0.663206756 0.095086582
 -0.000520699 0.663206756 0.085218959
 -0.024344463 0.663206756 0.095086582
 -0.000520571 0.663206756 0.152602881
