1209
38.32501 47.37347 -82.5364
26.85718 24.46212 -475.6755
87.84211 10.34646 -888.8947
37.9122 26.61925 411.0425
72.30348 21.88488 389.3521
57.84109 29.66223 -882.1834
45.13134 29.86913 1232.289
62.92998 31.92831 -674.2762
80.37306 25.85383 -1669.868
86.23178 13.42838 605.6285
25.57387 30.27877 188.9397
48.27202 61.53657 118.7341
68.39898 31.67345 -390.2899
51.30529 47.39618 -612.4138
87.89116 10.71061 -174.1749
67.64645 70.48557 628.3864
47.98478 60.10324 -702.8821
56.20653 56.67178 217.3306
28.1505 36.30031 -451.3874
80.87695 58.30179 1138.399
76.06461 70.6051 790.9695
91.48239 10.895 1784.896
50.6249 77.19092 345.886
21.74946 20.81365 -68.96167
37.51282 55.61288 -373.7306
30.21308 41.13345 -759.6575
90.10755 13.33858 -1603.1
32.27754 68.20596 -652.7501
67.05598 52.59892 1418.025
48.88911 73.58774 297.3412
86.96128 72.33458 918.1094
59.90563 58.56154 -184.6213
65.10128 39.76304 -1161.8
88.65418 8.968733 -631.0959
68.09483 32.42816 10.59435
47.49619 69.57046 271.5876
64.56149 48.67783 -955.3212
74.00773 33.79045 -1064.394
88.69715 9.572173 187.3831
89.95386 12.60164 -1258.934
69.39393 34.97939 231.4699
58.64179 78.20117 369.1372
74.14427 33.91575 -1234.537
30.59164 25.18095 -951.7401
89.07537 21.26008 1198.022
68.36692 80.6515 563.6572
82.83272 75.24634 803.9607
28.95178 13.94568 -1417.361
73.1649 32.39339 -904.6859
70.38894 43.03094 553.3724
83.96874 23.10937 538.6792
74.68968 23.98672 638.1565
54.09245 31.03205 571.8577
78.68819 16.44253 464.4895
54.31257 47.42751 565.7971
73.40804 31.75969 502.3613
79.50528 75.52208 995.1673
84.12286 76.48728 901.1212
73.76928 33.18146 -1493.282
67.43857 35.63681 -1551.299
73.24015 21.80234 374.5223
80.91633 29.50985 450.917
75.87203 17.52235 480.1896
76.17752 18.26179 515.9714
76.28858 19.01624 433.7224
44.70254 30.23621 544.0098
75.50487 29.65607 549.712
68.97194 54.1935 904.9346
77.66797 68.4057 1052.603
72.27999 36.23076 1587.032
66.78474 42.49927 1685.563
31.50802 13.21879 1750.271
76.56732 35.70682 1777.818
73.73786 49.30591 1286.805
67.59296 60.33702 1403.047
77.24458 59.18574 1415.806
69.98793 50.93535 766.2346
70.62702 52.78927 1075.959
79.65002 70.83892 1137.379
24.31068 14.04057 418.4909
-11.67499 197.3735 217.4636
-23.14282 -125.5379 -775.6755
-23.14282 -125.5379 -475.6755
-23.14282 24.46212 -775.6755
-23.14282 24.46212 -475.6755
-23.14282 174.4621 -775.6755
-23.14282 174.4621 -475.6755
-23.14282 174.4621 -175.6755
26.85718 -125.5379 -775.6755
26.85718 -125.5379 -475.6755
37.84211 -139.6535 -1188.895
37.84211 -139.6535 -888.8947
37.84211 -139.6535 -588.8947
87.84211 -139.6535 -1188.895
137.8421 -139.6535 -1188.895
137.8421 160.3465 -888.8947
137.8421 160.3465 -588.8947
-12.0878 176.6193 711.0425
122.3035 171.8849 89.35206
7.84109 179.6622 -1182.183
-4.868657 -120.1309 932.2893
-4.868657 -120.1309 1232.289
-4.868657 29.86913 932.2893
-4.868657 29.86913 1232.289
-4.868657 179.8691 932.2893
-4.868657 179.8691 1232.289
-4.868657 179.8691 1532.289
112.93 181.9283 -374.2762
130.3731 175.8538 -1969.868
130.3731 175.8538 -1669.868
130.3731 175.8538 -1369.868
36.23178 -136.5716 305.6285
36.23178 -136.5716 605.6285
36.23178 -136.5716 905.6285
86.23178 -136.5716 605.6285
86.23178 -136.5716 905.6285
136.2318 -136.5716 605.6285
136.2318 -136.5716 905.6285
136.2318 13.42838 605.6285
136.2318 163.4284 305.6285
136.2318 163.4284 605.6285
-24.42613 180.2788 -111.0603
-24.42613 180.2788 188.9397
-24.42613 180.2788 488.9397
-1.727976 211.5366 -181.2659
48.27202 211.5366 -181.2659
98.27202 211.5366 -181.2659
118.399 181.6735 -390.2899
118.399 181.6735 -90.28995
101.3053 197.3962 -612.4138
37.89116 -139.2894 -474.1749
37.89116 -139.2894 -174.1749
37.89116 -139.2894 125.8251
87.89116 -139.2894 -174.1749
137.8912 -139.2894 -174.1749
137.8912 10.71061 -174.1749
137.8912 160.7106 -474.1749
137.8912 160.7106 -174.1749
137.8912 160.7106 125.8251
17.64645 -79.51443 928.3864
17.64645 70.48557 928.3864
17.64645 220.4856 928.3864
-2.015218 210.1032 -1002.882
47.98478 210.1032 -1002.882
97.98478 210.1032 -1002.882
97.98478 210.1032 -702.8821
97.98478 210.1032 -402.8821
-21.8495 186.3003 -751.3874
-21.8495 186.3003 -451.3874
-21.8495 186.3003 -151.3874
130.877 208.3018 1438.399
26.06461 220.6051 1090.97
126.0646 220.6051 490.9695
41.48239 -139.105 1484.896
41.48239 -139.105 1784.896
41.48239 -139.105 2084.896
91.48239 -139.105 1484.896
91.48239 -139.105 1784.896
91.48239 -139.105 2084.896
141.4824 -139.105 1484.896
141.4824 -139.105 1784.896
141.4824 -139.105 2084.896
141.4824 10.895 1484.896
141.4824 10.895 1784.896
141.4824 10.895 2084.896
141.4824 160.895 1484.896
141.4824 160.895 1784.896
141.4824 160.895 2084.896
0.6248967 227.1909 45.88598
0.6248967 227.1909 345.886
0.6248967 227.1909 645.886
50.6249 227.1909 45.88598
100.6249 227.1909 45.88598
-28.25054 -129.1864 -368.9617
-28.25054 -129.1864 -68.96167
-28.25054 -129.1864 231.0383
-28.25054 20.81365 -368.9617
-28.25054 20.81365 -68.96167
-28.25054 20.81365 231.0383
-28.25054 170.8136 -368.9617
-28.25054 170.8136 -68.96167
-28.25054 170.8136 231.0383
21.74946 -129.1864 -368.9617
21.74946 -129.1864 -68.96167
-12.48718 205.6129 -73.73056
-19.78692 -108.8666 -1059.658
-19.78692 41.13345 -1059.658
-19.78692 191.1334 -1059.658
-19.78692 191.1334 -759.6575
-19.78692 191.1334 -459.6575
140.1076 -136.6614 -1303.1
140.1076 13.33858 -1303.1
140.1076 163.3386 -1903.1
140.1076 163.3386 -1603.1
140.1076 163.3386 -1303.1
-17.72246 218.206 -952.7501
-17.72246 218.206 -652.7501
-17.72246 218.206 -352.7501
32.27754 218.206 -952.7501
32.27754 218.206 -652.7501
32.27754 218.206 -352.7501
82.27754 218.206 -952.7501
82.27754 218.206 -652.7501
82.27754 218.206 -352.7501
17.05598 202.5989 1118.025
17.05598 202.5989 1418.025
17.05598 202.5989 1718.025
67.05598 202.5989 1718.025
117.056 202.5989 1718.025
-1.110885 223.5877 -2.658842
-1.110885 223.5877 297.3412
-1.110885 223.5877 597.3412
48.88911 223.5877 -2.658842
98.88911 223.5877 -2.658842
136.9613 -77.66542 618.1094
136.9613 72.33458 618.1094
136.9613 222.3346 618.1094
136.9613 222.3346 918.1094
136.9613 222.3346 1218.109
9.905632 208.5615 -184.6213
59.90563 208.5615 -184.6213
109.9056 208.5615 -484.6213
109.9056 208.5615 -184.6213
109.9056 208.5615 115.3787
15.10128 189.763 -1461.8
65.10128 189.763 -1461.8
115.1013 189.763 -1461.8
115.1013 189.763 -1161.8
115.1013 189.763 -861.7998
38.65418 -141.0313 -931.0959
38.65418 -141.0313 -631.0959
38.65418 -141.0313 -331.0959
88.65418 -141.0313 -931.0959
88.65418 -141.0313 -631.0959
88.65418 -141.0313 -331.0959
138.6542 -141.0313 -931.0959
138.6542 -141.0313 -631.0959
138.6542 -141.0313 -331.0959
138.6542 8.968733 -931.0959
138.6542 8.968733 -631.0959
138.6542 8.968733 -331.0959
138.6542 158.9687 -931.0959
138.6542 158.9687 -631.0959
138.6542 158.9687 -331.0959
118.0948 182.4282 -289.4056
-2.503809 219.5705 -28.41239
-2.503809 219.5705 271.5876
-2.503809 219.5705 571.5876
47.49619 219.5705 -28.41239
97.49619 219.5705 -28.41239
14.56149 198.6778 -1255.321
64.56149 198.6778 -1255.321
114.5615 198.6778 -1255.321
114.5615 198.6778 -955.3212
114.5615 198.6778 -655.3212
124.0077 183.7904 -764.394
38.69715 -140.4278 -112.6169
38.69715 -140.4278 187.3831
38.69715 -140.4278 487.3831
88.69715 -140.4278 -112.6169
88.69715 -140.4278 187.3831
88.69715 -140.4278 487.3831
138.6971 -140.4278 -112.6169
138.6971 -140.4278 187.3831
138.6971 -140.4278 487.3831
138.6971 9.572173 -112.6169
138.6971 9.572173 187.3831
138.6971 9.572173 487.3831
138.6971 159.5722 -112.6169
138.6971 159.5722 187.3831
138.6971 159.5722 487.3831
39.95386 -137.3984 -1558.934
39.95386 -137.3984 -1258.934
89.95386 -137.3984 -1258.934
139.9539 -137.3984 -1258.934
139.9539 -137.3984 -958.934
139.9539 12.60164 -1258.934
139.9539 12.60164 -958.934
139.9539 162.6016 -1258.934
139.9539 162.6016 -958.934
119.3939 184.9794 -68.53006
119.3939 184.9794 231.4699
8.641792 228.2012 69.13723
8.641792 228.2012 369.1372
8.641792 228.2012 669.1372
58.64179 228.2012 69.13723
108.6418 228.2012 69.13723
124.1443 183.9158 -1234.537
124.1443 183.9158 -934.5369
-19.40836 -124.819 -951.7401
-19.40836 175.181 -1251.74
30.59164 -124.819 -951.7401
39.07537 -128.7399 1198.022
89.07537 -128.7399 1198.022
139.0754 -128.7399 898.0216
139.0754 -128.7399 1198.022
139.0754 21.26008 898.0216
139.0754 21.26008 1198.022
139.0754 171.2601 898.0216
139.0754 171.2601 1198.022
139.0754 171.2601 1498.022
18.36692 230.6515 263.6572
18.36692 230.6515 563.6572
18.36692 230.6515 863.6572
68.36692 230.6515 263.6572
68.36692 230.6515 563.6572
68.36692 230.6515 863.6572
118.3669 230.6515 263.6572
118.3669 230.6515 563.6572
118.3669 230.6515 863.6572
132.8327 225.2463 503.9607
-21.04822 -136.0543 -1717.361
-21.04822 -136.0543 -1417.361
-21.04822 -136.0543 -1117.361
-21.04822 13.94568 -1717.361
-21.04822 13.94568 -1417.361
-21.04822 13.94568 -1117.361
-21.04822 163.9457 -1717.361
-21.04822 163.9457 -1417.361
-21.04822 163.9457 -1117.361
28.95178 -136.0543 -1417.361
28.95178 -136.0543 -1117.361
123.1649 182.3934 -604.6859
120.3889 193.0309 253.3724
33.96874 -126.8906 838.6792
133.9687 173.1094 238.6792
133.9687 173.1094 538.6792
24.68968 -126.0133 938.1565
4.092452 -118.968 871.8577
4.092452 31.03205 871.8577
4.092452 181.032 871.8577
28.68819 -133.5575 764.4895
4.312574 197.4275 865.7971
123.408 181.7597 202.3613
29.50528 225.5221 995.1673
29.50528 225.5221 1295.167
79.50528 225.5221 1295.167
129.5053 225.5221 1295.167
34.12286 226.4873 901.1212
34.12286 226.4873 1201.121
84.12286 226.4873 901.1212
84.12286 226.4873 1201.121
134.1229 226.4873 601.1212
134.1229 226.4873 901.1212
134.1229 226.4873 1201.121
17.43857 185.6368 -1551.299
117.4386 185.6368 -1251.299
123.2401 171.8023 74.52232
130.9163 179.5099 150.917
130.9163 179.5099 450.917
25.87203 -132.4777 780.1896
26.17752 -131.7382 815.9714
126.2886 169.0162 133.7224
-5.297461 -119.7638 844.0098
-5.297461 30.23621 844.0098
-5.297461 180.2362 544.0098
-5.297461 180.2362 844.0098
125.5049 179.6561 249.712
18.97194 -95.8065 904.9346
27.66797 218.4057 1352.603
122.28 186.2308 1887.032
16.78474 192.4993 1385.563
16.78474 192.4993 1685.563
16.78474 192.4993 1985.563
66.78474 192.4993 1985.563
116.7847 192.4993 1985.563
-18.49198 -136.7812 1450.271
-18.49198 -136.7812 1750.271
-18.49198 -136.7812 2050.271
-18.49198 13.21879 1450.271
-18.49198 13.21879 1750.271
-18.49198 163.2188 1450.271
-18.49198 163.2188 1750.271
31.50802 -136.7812 1450.271
31.50802 -136.7812 1750.271
31.50802 -136.7812 2050.271
81.50802 -136.7812 1450.271
26.56732 185.7068 2077.818
76.56732 185.7068 2077.818
126.5673 185.7068 1777.818
126.5673 185.7068 2077.818
17.59296 210.337 1103.047
17.59296 210.337 1403.047
17.59296 210.337 1703.047
67.59296 210.337 1703.047
117.593 210.337 1703.047
27.24458 209.1857 1715.806
77.24458 209.1857 1715.806
127.2446 209.1857 1715.806
119.9879 200.9353 466.2346
29.65002 220.8389 1437.379
79.65002 220.8389 1437.379
129.65 220.8389 1437.379
-25.68932 -135.9594 118.4909
-25.68932 -135.9594 418.4909
-25.68932 -135.9594 718.4909
-25.68932 14.04057 418.4909
-25.68932 14.04057 718.4909
-25.68932 164.0406 418.4909
-25.68932 164.0406 718.4909
24.31068 -135.9594 118.4909
24.31068 -135.9594 418.4909
24.31068 -135.9594 718.4909
38.32501 47.37347 3517.464
26.85718 24.46212 3124.325
87.84211 10.34646 2711.105
37.9122 26.61925 4011.043
72.30348 21.88488 3989.352
57.84109 29.66223 2717.817
45.13134 29.86913 4832.289
62.92998 31.92831 2925.724
80.37306 25.85383 1930.132
86.23178 13.42838 4205.628
25.57387 30.27877 3788.94
48.27202 61.53657 3718.734
68.39898 31.67345 3209.71
51.30529 47.39618 2987.586
87.89116 10.71061 3425.825
67.64645 70.48557 4228.386
47.98478 60.10324 2897.118
56.20653 56.67178 3817.331
28.1505 36.30031 3148.613
80.87695 58.30179 4738.399
76.06461 70.6051 4390.97
91.48239 10.895 5384.896
50.6249 77.19092 3945.886
21.74946 20.81365 3531.038
37.51282 55.61288 3226.269
30.21308 41.13345 2840.342
90.10755 13.33858 1996.9
32.27754 68.20596 2947.25
67.05598 52.59892 5018.025
48.88911 73.58774 3897.341
86.96128 72.33458 4518.109
59.90563 58.56154 3415.379
65.10128 39.76304 2438.2
88.65418 8.968733 2968.904
68.09483 32.42816 3610.594
47.49619 69.57046 3871.588
64.56149 48.67783 2644.679
74.00773 33.79045 2535.606
88.69715 9.572173 3787.383
89.95386 12.60164 2341.066
69.39393 34.97939 3831.47
58.64179 78.20117 3969.137
74.14427 33.91575 2365.463
30.59164 25.18095 2648.26
89.07537 21.26008 4798.022
68.36692 80.6515 4163.657
82.83272 75.24634 4403.961
28.95178 13.94568 2182.639
73.1649 32.39339 2695.314
70.38894 43.03094 4153.372
83.96874 23.10937 4138.679
74.68968 23.98672 4238.157
54.09245 31.03205 4171.858
78.68819 16.44253 4064.49
54.31257 47.42751 4165.797
73.40804 31.75969 4102.361
79.50528 75.52208 4595.167
84.12286 76.48728 4501.121
73.76928 33.18146 2106.718
67.43857 35.63681 2048.701
73.24015 21.80234 3974.522
80.91633 29.50985 4050.917
75.87203 17.52235 4080.19
76.17752 18.26179 4115.971
76.28858 19.01624 4033.722
44.70254 30.23621 4144.01
75.50487 29.65607 4149.712
68.97194 54.1935 4504.935
77.66797 68.4057 4652.603
72.27999 36.23076 5187.032
66.78474 42.49927 5285.563
31.50802 13.21879 5350.271
76.56732 35.70682 5377.818
73.73786 49.30591 4886.805
67.59296 60.33702 5003.047
77.24458 59.18574 5015.806
69.98793 50.93535 4366.235
70.62702 52.78927 4675.959
79.65002 70.83892 4737.379
24.31068 14.04057 4018.491
-11.67499 197.3735 3817.464
-23.14282 -125.5379 2824.325
-23.14282 -125.5379 3124.325
-23.14282 24.46212 2824.325
-23.14282 24.46212 3124.325
-23.14282 174.4621 2824.325
-23.14282 174.4621 3124.325
-23.14282 174.4621 3424.325
26.85718 -125.5379 2824.325
26.85718 -125.5379 3124.325
37.84211 -139.6535 2411.105
37.84211 -139.6535 2711.105
37.84211 -139.6535 3011.105
87.84211 -139.6535 2411.105
137.8421 -139.6535 2411.105
137.8421 160.3465 2711.105
137.8421 160.3465 3011.105
-12.0878 176.6193 4311.043
122.3035 171.8849 3689.352
7.84109 179.6622 2417.817
-4.868657 -120.1309 4532.289
-4.868657 -120.1309 4832.289
-4.868657 29.86913 4532.289
-4.868657 29.86913 4832.289
-4.868657 179.8691 4532.289
-4.868657 179.8691 4832.289
-4.868657 179.8691 5132.289
112.93 181.9283 3225.724
130.3731 175.8538 1630.132
130.3731 175.8538 1930.132
130.3731 175.8538 2230.132
36.23178 -136.5716 3905.628
36.23178 -136.5716 4205.628
36.23178 -136.5716 4505.628
86.23178 -136.5716 4205.628
86.23178 -136.5716 4505.628
136.2318 -136.5716 4205.628
136.2318 -136.5716 4505.628
136.2318 13.42838 4205.628
136.2318 163.4284 3905.628
136.2318 163.4284 4205.628
-24.42613 180.2788 3488.94
-24.42613 180.2788 3788.94
-24.42613 180.2788 4088.94
-1.727976 211.5366 3418.734
48.27202 211.5366 3418.734
98.27202 211.5366 3418.734
118.399 181.6735 3209.71
118.399 181.6735 3509.71
101.3053 197.3962 2987.586
37.89116 -139.2894 3125.825
37.89116 -139.2894 3425.825
37.89116 -139.2894 3725.825
87.89116 -139.2894 3425.825
137.8912 -139.2894 3425.825
137.8912 10.71061 3425.825
137.8912 160.7106 3125.825
137.8912 160.7106 3425.825
137.8912 160.7106 3725.825
17.64645 -79.51443 4528.386
17.64645 70.48557 4528.386
17.64645 220.4856 4528.386
-2.015218 210.1032 2597.118
47.98478 210.1032 2597.118
97.98478 210.1032 2597.118
97.98478 210.1032 2897.118
97.98478 210.1032 3197.118
-21.8495 186.3003 2848.613
-21.8495 186.3003 3148.613
-21.8495 186.3003 3448.613
130.877 208.3018 5038.399
26.06461 220.6051 4690.97
126.0646 220.6051 4090.97
41.48239 -139.105 5084.896
41.48239 -139.105 5384.896
41.48239 -139.105 5684.896
91.48239 -139.105 5084.896
91.48239 -139.105 5384.896
91.48239 -139.105 5684.896
141.4824 -139.105 5084.896
141.4824 -139.105 5384.896
141.4824 -139.105 5684.896
141.4824 10.895 5084.896
141.4824 10.895 5384.896
141.4824 10.895 5684.896
141.4824 160.895 5084.896
141.4824 160.895 5384.896
141.4824 160.895 5684.896
0.6248967 227.1909 3645.886
0.6248967 227.1909 3945.886
0.6248967 227.1909 4245.886
50.6249 227.1909 3645.886
100.6249 227.1909 3645.886
-28.25054 -129.1864 3231.038
-28.25054 -129.1864 3531.038
-28.25054 -129.1864 3831.038
-28.25054 20.81365 3231.038
-28.25054 20.81365 3531.038
-28.25054 20.81365 3831.038
-28.25054 170.8136 3231.038
-28.25054 170.8136 3531.038
-28.25054 170.8136 3831.038
21.74946 -129.1864 3231.038
21.74946 -129.1864 3531.038
-12.48718 205.6129 3526.269
-19.78692 -108.8666 2540.342
-19.78692 41.13345 2540.342
-19.78692 191.1334 2540.342
-19.78692 191.1334 2840.342
-19.78692 191.1334 3140.342
140.1076 -136.6614 2296.9
140.1076 13.33858 2296.9
140.1076 163.3386 1696.9
140.1076 163.3386 1996.9
140.1076 163.3386 2296.9
-17.72246 218.206 2647.25
-17.72246 218.206 2947.25
-17.72246 218.206 3247.25
32.27754 218.206 2647.25
32.27754 218.206 2947.25
32.27754 218.206 3247.25
82.27754 218.206 2647.25
82.27754 218.206 2947.25
82.27754 218.206 3247.25
17.05598 202.5989 4718.025
17.05598 202.5989 5018.025
17.05598 202.5989 5318.025
67.05598 202.5989 5318.025
117.056 202.5989 5318.025
-1.110885 223.5877 3597.341
-1.110885 223.5877 3897.341
-1.110885 223.5877 4197.341
48.88911 223.5877 3597.341
98.88911 223.5877 3597.341
136.9613 -77.66542 4218.109
136.9613 72.33458 4218.109
136.9613 222.3346 4218.109
136.9613 222.3346 4518.109
136.9613 222.3346 4818.109
9.905632 208.5615 3415.379
59.90563 208.5615 3415.379
109.9056 208.5615 3115.379
109.9056 208.5615 3415.379
109.9056 208.5615 3715.379
15.10128 189.763 2138.2
65.10128 189.763 2138.2
115.1013 189.763 2138.2
115.1013 189.763 2438.2
115.1013 189.763 2738.2
38.65418 -141.0313 2668.904
38.65418 -141.0313 2968.904
38.65418 -141.0313 3268.904
88.65418 -141.0313 2668.904
88.65418 -141.0313 2968.904
88.65418 -141.0313 3268.904
138.6542 -141.0313 2668.904
138.6542 -141.0313 2968.904
138.6542 -141.0313 3268.904
138.6542 8.968733 2668.904
138.6542 8.968733 2968.904
138.6542 8.968733 3268.904
138.6542 158.9687 2668.904
138.6542 158.9687 2968.904
138.6542 158.9687 3268.904
118.0948 182.4282 3310.594
-2.503809 219.5705 3571.588
-2.503809 219.5705 3871.588
-2.503809 219.5705 4171.588
47.49619 219.5705 3571.588
97.49619 219.5705 3571.588
14.56149 198.6778 2344.679
64.56149 198.6778 2344.679
114.5615 198.6778 2344.679
114.5615 198.6778 2644.679
114.5615 198.6778 2944.679
124.0077 183.7904 2835.606
38.69715 -140.4278 3487.383
38.69715 -140.4278 3787.383
38.69715 -140.4278 4087.383
88.69715 -140.4278 3487.383
88.69715 -140.4278 3787.383
88.69715 -140.4278 4087.383
138.6971 -140.4278 3487.383
138.6971 -140.4278 3787.383
138.6971 -140.4278 4087.383
138.6971 9.572173 3487.383
138.6971 9.572173 3787.383
138.6971 9.572173 4087.383
138.6971 159.5722 3487.383
138.6971 159.5722 3787.383
138.6971 159.5722 4087.383
39.95386 -137.3984 2041.066
39.95386 -137.3984 2341.066
89.95386 -137.3984 2341.066
139.9539 -137.3984 2341.066
139.9539 -137.3984 2641.066
139.9539 12.60164 2341.066
139.9539 12.60164 2641.066
139.9539 162.6016 2341.066
139.9539 162.6016 2641.066
119.3939 184.9794 3531.47
119.3939 184.9794 3831.47
8.641792 228.2012 3669.137
8.641792 228.2012 3969.137
8.641792 228.2012 4269.137
58.64179 228.2012 3669.137
108.6418 228.2012 3669.137
124.1443 183.9158 2365.463
124.1443 183.9158 2665.463
-19.40836 -124.819 2648.26
-19.40836 175.181 2348.26
30.59164 -124.819 2648.26
39.07537 -128.7399 4798.022
89.07537 -128.7399 4798.022
139.0754 -128.7399 4498.022
139.0754 -128.7399 4798.022
139.0754 21.26008 4498.022
139.0754 21.26008 4798.022
139.0754 171.2601 4498.022
139.0754 171.2601 4798.022
139.0754 171.2601 5098.022
18.36692 230.6515 3863.657
18.36692 230.6515 4163.657
18.36692 230.6515 4463.657
68.36692 230.6515 3863.657
68.36692 230.6515 4163.657
68.36692 230.6515 4463.657
118.3669 230.6515 3863.657
118.3669 230.6515 4163.657
118.3669 230.6515 4463.657
132.8327 225.2463 4103.961
-21.04822 -136.0543 1882.639
-21.04822 -136.0543 2182.639
-21.04822 -136.0543 2482.639
-21.04822 13.94568 1882.639
-21.04822 13.94568 2182.639
-21.04822 13.94568 2482.639
-21.04822 163.9457 1882.639
-21.04822 163.9457 2182.639
-21.04822 163.9457 2482.639
28.95178 -136.0543 2182.639
28.95178 -136.0543 2482.639
123.1649 182.3934 2995.314
120.3889 193.0309 3853.372
33.96874 -126.8906 4438.679
133.9687 173.1094 3838.679
133.9687 173.1094 4138.679
24.68968 -126.0133 4538.157
4.092452 -118.968 4471.858
4.092452 31.03205 4471.858
4.092452 181.032 4471.858
28.68819 -133.5575 4364.49
4.312574 197.4275 4465.797
123.408 181.7597 3802.361
29.50528 225.5221 4595.167
29.50528 225.5221 4895.167
79.50528 225.5221 4895.167
129.5053 225.5221 4895.167
34.12286 226.4873 4501.121
34.12286 226.4873 4801.121
84.12286 226.4873 4501.121
84.12286 226.4873 4801.121
134.1229 226.4873 4201.121
134.1229 226.4873 4501.121
134.1229 226.4873 4801.121
17.43857 185.6368 2048.701
117.4386 185.6368 2348.701
123.2401 171.8023 3674.522
130.9163 179.5099 3750.917
130.9163 179.5099 4050.917
25.87203 -132.4777 4380.19
26.17752 -131.7382 4415.971
126.2886 169.0162 3733.722
-5.297461 -119.7638 4444.01
-5.297461 30.23621 4444.01
-5.297461 180.2362 4144.01
-5.297461 180.2362 4444.01
125.5049 179.6561 3849.712
18.97194 -95.8065 4504.935
27.66797 218.4057 4952.603
122.28 186.2308 5487.032
16.78474 192.4993 4985.563
16.78474 192.4993 5285.563
16.78474 192.4993 5585.563
66.78474 192.4993 5585.563
116.7847 192.4993 5585.563
-18.49198 -136.7812 5050.271
-18.49198 -136.7812 5350.271
-18.49198 -136.7812 5650.271
-18.49198 13.21879 5050.271
-18.49198 13.21879 5350.271
-18.49198 163.2188 5050.271
-18.49198 163.2188 5350.271
31.50802 -136.7812 5050.271
31.50802 -136.7812 5350.271
31.50802 -136.7812 5650.271
81.50802 -136.7812 5050.271
26.56732 185.7068 5677.818
76.56732 185.7068 5677.818
126.5673 185.7068 5377.818
126.5673 185.7068 5677.818
17.59296 210.337 4703.047
17.59296 210.337 5003.047
17.59296 210.337 5303.047
67.59296 210.337 5303.047
117.593 210.337 5303.047
27.24458 209.1857 5315.806
77.24458 209.1857 5315.806
127.2446 209.1857 5315.806
119.9879 200.9353 4066.235
29.65002 220.8389 5037.379
79.65002 220.8389 5037.379
129.65 220.8389 5037.379
-25.68932 -135.9594 3718.491
-25.68932 -135.9594 4018.491
-25.68932 -135.9594 4318.491
-25.68932 14.04057 4018.491
-25.68932 14.04057 4318.491
-25.68932 164.0406 4018.491
-25.68932 164.0406 4318.491
24.31068 -135.9594 3718.491
24.31068 -135.9594 4018.491
24.31068 -135.9594 4318.491
38.32501 47.37347 -3682.536
26.85718 24.46212 -4075.675
87.84211 10.34646 -4488.895
37.9122 26.61925 -3188.957
72.30348 21.88488 -3210.648
57.84109 29.66223 -4482.183
45.13134 29.86913 -2367.711
62.92998 31.92831 -4274.276
80.37306 25.85383 -5269.868
86.23178 13.42838 -2994.372
25.57387 30.27877 -3411.06
48.27202 61.53657 -3481.266
68.39898 31.67345 -3990.29
51.30529 47.39618 -4212.414
87.89116 10.71061 -3774.175
67.64645 70.48557 -2971.614
47.98478 60.10324 -4302.882
56.20653 56.67178 -3382.669
28.1505 36.30031 -4051.387
80.87695 58.30179 -2461.601
76.06461 70.6051 -2809.03
91.48239 10.895 -1815.104
50.6249 77.19092 -3254.114
21.74946 20.81365 -3668.962
37.51282 55.61288 -3973.731
30.21308 41.13345 -4359.658
90.10755 13.33858 -5203.1
32.27754 68.20596 -4252.75
67.05598 52.59892 -2181.975
48.88911 73.58774 -3302.659
86.96128 72.33458 -2681.891
59.90563 58.56154 -3784.621
65.10128 39.76304 -4761.8
88.65418 8.968733 -4231.096
68.09483 32.42816 -3589.406
47.49619 69.57046 -3328.412
64.56149 48.67783 -4555.321
74.00773 33.79045 -4664.394
88.69715 9.572173 -3412.617
89.95386 12.60164 -4858.934
69.39393 34.97939 -3368.53
58.64179 78.20117 -3230.863
74.14427 33.91575 -4834.537
30.59164 25.18095 -4551.74
89.07537 21.26008 -2401.978
68.36692 80.6515 -3036.343
82.83272 75.24634 -2796.039
28.95178 13.94568 -5017.361
73.1649 32.39339 -4504.686
70.38894 43.03094 -3046.628
83.96874 23.10937 -3061.321
74.68968 23.98672 -2961.843
54.09245 31.03205 -3028.142
78.68819 16.44253 -3135.51
54.31257 47.42751 -3034.203
73.40804 31.75969 -3097.639
79.50528 75.52208 -2604.833
84.12286 76.48728 -2698.879
73.76928 33.18146 -5093.282
67.43857 35.63681 -5151.299
73.24015 21.80234 -3225.478
80.91633 29.50985 -3149.083
75.87203 17.52235 -3119.81
76.17752 18.26179 -3084.029
76.28858 19.01624 -3166.278
44.70254 30.23621 -3055.99
75.50487 29.65607 -3050.288
68.97194 54.1935 -2695.065
77.66797 68.4057 -2547.397
72.27999 36.23076 -2012.968
66.78474 42.49927 -1914.437
31.50802 13.21879 -1849.729
76.56732 35.70682 -1822.182
73.73786 49.30591 -2313.195
67.59296 60.33702 -2196.953
77.24458 59.18574 -2184.194
69.98793 50.93535 -2833.765
70.62702 52.78927 -2524.041
79.65002 70.83892 -2462.621
24.31068 14.04057 -3181.509
-11.67499 197.3735 -3382.536
-23.14282 -125.5379 -4375.675
-23.14282 -125.5379 -4075.675
-23.14282 24.46212 -4375.675
-23.14282 24.46212 -4075.675
-23.14282 174.4621 -4375.675
-23.14282 174.4621 -4075.675
-23.14282 174.4621 -3775.675
26.85718 -125.5379 -4375.675
26.85718 -125.5379 -4075.675
37.84211 -139.6535 -4788.895
37.84211 -139.6535 -4488.895
37.84211 -139.6535 -4188.895
87.84211 -139.6535 -4788.895
137.8421 -139.6535 -4788.895
137.8421 160.3465 -4488.895
137.8421 160.3465 -4188.895
-12.0878 176.6193 -2888.957
122.3035 171.8849 -3510.648
7.84109 179.6622 -4782.183
-4.868657 -120.1309 -2667.711
-4.868657 -120.1309 -2367.711
-4.868657 29.86913 -2667.711
-4.868657 29.86913 -2367.711
-4.868657 179.8691 -2667.711
-4.868657 179.8691 -2367.711
-4.868657 179.8691 -2067.711
112.93 181.9283 -3974.276
130.3731 175.8538 -5569.868
130.3731 175.8538 -5269.868
130.3731 175.8538 -4969.868
36.23178 -136.5716 -3294.372
36.23178 -136.5716 -2994.372
36.23178 -136.5716 -2694.372
86.23178 -136.5716 -2994.372
86.23178 -136.5716 -2694.372
136.2318 -136.5716 -2994.372
136.2318 -136.5716 -2694.372
136.2318 13.42838 -2994.372
136.2318 163.4284 -3294.372
136.2318 163.4284 -2994.372
-24.42613 180.2788 -3711.06
-24.42613 180.2788 -3411.06
-24.42613 180.2788 -3111.06
-1.727976 211.5366 -3781.266
48.27202 211.5366 -3781.266
98.27202 211.5366 -3781.266
118.399 181.6735 -3990.29
118.399 181.6735 -3690.29
101.3053 197.3962 -4212.414
37.89116 -139.2894 -4074.175
37.89116 -139.2894 -3774.175
37.89116 -139.2894 -3474.175
87.89116 -139.2894 -3774.175
137.8912 -139.2894 -3774.175
137.8912 10.71061 -3774.175
137.8912 160.7106 -4074.175
137.8912 160.7106 -3774.175
137.8912 160.7106 -3474.175
17.64645 -79.51443 -2671.614
17.64645 70.48557 -2671.614
17.64645 220.4856 -2671.614
-2.015218 210.1032 -4602.882
47.98478 210.1032 -4602.882
97.98478 210.1032 -4602.882
97.98478 210.1032 -4302.882
97.98478 210.1032 -4002.882
-21.8495 186.3003 -4351.387
-21.8495 186.3003 -4051.387
-21.8495 186.3003 -3751.387
130.877 208.3018 -2161.601
26.06461 220.6051 -2509.03
126.0646 220.6051 -3109.03
41.48239 -139.105 -2115.104
41.48239 -139.105 -1815.104
41.48239 -139.105 -1515.104
91.48239 -139.105 -2115.104
91.48239 -139.105 -1815.104
91.48239 -139.105 -1515.104
141.4824 -139.105 -2115.104
141.4824 -139.105 -1815.104
141.4824 -139.105 -1515.104
141.4824 10.895 -2115.104
141.4824 10.895 -1815.104
141.4824 10.895 -1515.104
141.4824 160.895 -2115.104
141.4824 160.895 -1815.104
141.4824 160.895 -1515.104
0.6248967 227.1909 -3554.114
0.6248967 227.1909 -3254.114
0.6248967 227.1909 -2954.114
50.6249 227.1909 -3554.114
100.6249 227.1909 -3554.114
-28.25054 -129.1864 -3968.962
-28.25054 -129.1864 -3668.962
-28.25054 -129.1864 -3368.962
-28.25054 20.81365 -3968.962
-28.25054 20.81365 -3668.962
-28.25054 20.81365 -3368.962
-28.25054 170.8136 -3968.962
-28.25054 170.8136 -3668.962
-28.25054 170.8136 -3368.962
21.74946 -129.1864 -3968.962
21.74946 -129.1864 -3668.962
-12.48718 205.6129 -3673.731
-19.78692 -108.8666 -4659.658
-19.78692 41.13345 -4659.658
-19.78692 191.1334 -4659.658
-19.78692 191.1334 -4359.658
-19.78692 191.1334 -4059.658
140.1076 -136.6614 -4903.1
140.1076 13.33858 -4903.1
140.1076 163.3386 -5503.1
140.1076 163.3386 -5203.1
140.1076 163.3386 -4903.1
-17.72246 218.206 -4552.75
-17.72246 218.206 -4252.75
-17.72246 218.206 -3952.75
32.27754 218.206 -4552.75
32.27754 218.206 -4252.75
32.27754 218.206 -3952.75
82.27754 218.206 -4552.75
82.27754 218.206 -4252.75
82.27754 218.206 -3952.75
17.05598 202.5989 -2481.975
17.05598 202.5989 -2181.975
17.05598 202.5989 -1881.975
67.05598 202.5989 -1881.975
117.056 202.5989 -1881.975
-1.110885 223.5877 -3602.659
-1.110885 223.5877 -3302.659
-1.110885 223.5877 -3002.659
48.88911 223.5877 -3602.659
98.88911 223.5877 -3602.659
136.9613 -77.66542 -2981.891
136.9613 72.33458 -2981.891
136.9613 222.3346 -2981.891
136.9613 222.3346 -2681.891
136.9613 222.3346 -2381.891
9.905632 208.5615 -3784.621
59.90563 208.5615 -3784.621
109.9056 208.5615 -4084.621
109.9056 208.5615 -3784.621
109.9056 208.5615 -3484.621
15.10128 189.763 -5061.8
65.10128 189.763 -5061.8
115.1013 189.763 -5061.8
115.1013 189.763 -4761.8
115.1013 189.763 -4461.8
38.65418 -141.0313 -4531.096
38.65418 -141.0313 -4231.096
38.65418 -141.0313 -3931.096
88.65418 -141.0313 -4531.096
88.65418 -141.0313 -4231.096
88.65418 -141.0313 -3931.096
138.6542 -141.0313 -4531.096
138.6542 -141.0313 -4231.096
138.6542 -141.0313 -3931.096
138.6542 8.968733 -4531.096
138.6542 8.968733 -4231.096
138.6542 8.968733 -3931.096
138.6542 158.9687 -4531.096
138.6542 158.9687 -4231.096
138.6542 158.9687 -3931.096
118.0948 182.4282 -3889.406
-2.503809 219.5705 -3628.412
-2.503809 219.5705 -3328.412
-2.503809 219.5705 -3028.412
47.49619 219.5705 -3628.412
97.49619 219.5705 -3628.412
14.56149 198.6778 -4855.321
64.56149 198.6778 -4855.321
114.5615 198.6778 -4855.321
114.5615 198.6778 -4555.321
114.5615 198.6778 -4255.321
124.0077 183.7904 -4364.394
38.69715 -140.4278 -3712.617
38.69715 -140.4278 -3412.617
38.69715 -140.4278 -3112.617
88.69715 -140.4278 -3712.617
88.69715 -140.4278 -3412.617
88.69715 -140.4278 -3112.617
138.6971 -140.4278 -3712.617
138.6971 -140.4278 -3412.617
138.6971 -140.4278 -3112.617
138.6971 9.572173 -3712.617
138.6971 9.572173 -3412.617
138.6971 9.572173 -3112.617
138.6971 159.5722 -3712.617
138.6971 159.5722 -3412.617
138.6971 159.5722 -3112.617
39.95386 -137.3984 -5158.934
39.95386 -137.3984 -4858.934
89.95386 -137.3984 -4858.934
139.9539 -137.3984 -4858.934
139.9539 -137.3984 -4558.934
139.9539 12.60164 -4858.934
139.9539 12.60164 -4558.934
139.9539 162.6016 -4858.934
139.9539 162.6016 -4558.934
119.3939 184.9794 -3668.53
119.3939 184.9794 -3368.53
8.641792 228.2012 -3530.863
8.641792 228.2012 -3230.863
8.641792 228.2012 -2930.863
58.64179 228.2012 -3530.863
108.6418 228.2012 -3530.863
124.1443 183.9158 -4834.537
124.1443 183.9158 -4534.537
-19.40836 -124.819 -4551.74
-19.40836 175.181 -4851.74
30.59164 -124.819 -4551.74
39.07537 -128.7399 -2401.978
89.07537 -128.7399 -2401.978
139.0754 -128.7399 -2701.978
139.0754 -128.7399 -2401.978
139.0754 21.26008 -2701.978
139.0754 21.26008 -2401.978
139.0754 171.2601 -2701.978
139.0754 171.2601 -2401.978
139.0754 171.2601 -2101.978
18.36692 230.6515 -3336.343
18.36692 230.6515 -3036.343
18.36692 230.6515 -2736.343
68.36692 230.6515 -3336.343
68.36692 230.6515 -3036.343
68.36692 230.6515 -2736.343
118.3669 230.6515 -3336.343
118.3669 230.6515 -3036.343
118.3669 230.6515 -2736.343
132.8327 225.2463 -3096.039
-21.04822 -136.0543 -5317.361
-21.04822 -136.0543 -5017.361
-21.04822 -136.0543 -4717.361
-21.04822 13.94568 -5317.361
-21.04822 13.94568 -5017.361
-21.04822 13.94568 -4717.361
-21.04822 163.9457 -5317.361
-21.04822 163.9457 -5017.361
-21.04822 163.9457 -4717.361
28.95178 -136.0543 -5017.361
28.95178 -136.0543 -4717.361
123.1649 182.3934 -4204.686
120.3889 193.0309 -3346.628
33.96874 -126.8906 -2761.321
133.9687 173.1094 -3361.321
133.9687 173.1094 -3061.321
24.68968 -126.0133 -2661.843
4.092452 -118.968 -2728.142
4.092452 31.03205 -2728.142
4.092452 181.032 -2728.142
28.68819 -133.5575 -2835.51
4.312574 197.4275 -2734.203
123.408 181.7597 -3397.639
29.50528 225.5221 -2604.833
29.50528 225.5221 -2304.833
79.50528 225.5221 -2304.833
129.5053 225.5221 -2304.833
34.12286 226.4873 -2698.879
34.12286 226.4873 -2398.879
84.12286 226.4873 -2698.879
84.12286 226.4873 -2398.879
134.1229 226.4873 -2998.879
134.1229 226.4873 -2698.879
134.1229 226.4873 -2398.879
17.43857 185.6368 -5151.299
117.4386 185.6368 -4851.299
123.2401 171.8023 -3525.478
130.9163 179.5099 -3449.083
130.9163 179.5099 -3149.083
25.87203 -132.4777 -2819.81
26.17752 -131.7382 -2784.029
126.2886 169.0162 -3466.278
-5.297461 -119.7638 -2755.99
-5.297461 30.23621 -2755.99
-5.297461 180.2362 -3055.99
-5.297461 180.2362 -2755.99
125.5049 179.6561 -3350.288
18.97194 -95.8065 -2695.065
27.66797 218.4057 -2247.397
122.28 186.2308 -1712.968
16.78474 192.4993 -2214.437
16.78474 192.4993 -1914.437
16.78474 192.4993 -1614.437
66.78474 192.4993 -1614.437
116.7847 192.4993 -1614.437
-18.49198 -136.7812 -2149.729
-18.49198 -136.7812 -1849.729
-18.49198 -136.7812 -1549.729
-18.49198 13.21879 -2149.729
-18.49198 13.21879 -1849.729
-18.49198 163.2188 -2149.729
-18.49198 163.2188 -1849.729
31.50802 -136.7812 -2149.729
31.50802 -136.7812 -1849.729
31.50802 -136.7812 -1549.729
81.50802 -136.7812 -2149.729
26.56732 185.7068 -1522.182
76.56732 185.7068 -1522.182
126.5673 185.7068 -1822.182
126.5673 185.7068 -1522.182
17.59296 210.337 -2496.953
17.59296 210.337 -2196.953
17.59296 210.337 -1896.953
67.59296 210.337 -1896.953
117.593 210.337 -1896.953
27.24458 209.1857 -1884.194
77.24458 209.1857 -1884.194
127.2446 209.1857 -1884.194
119.9879 200.9353 -3133.765
29.65002 220.8389 -2162.621
79.65002 220.8389 -2162.621
129.65 220.8389 -2162.621
-25.68932 -135.9594 -3481.509
-25.68932 -135.9594 -3181.509
-25.68932 -135.9594 -2881.509
-25.68932 14.04057 -3181.509
-25.68932 14.04057 -2881.509
-25.68932 164.0406 -3181.509
-25.68932 164.0406 -2881.509
24.31068 -135.9594 -3481.509
24.31068 -135.9594 -3181.509
24.31068 -135.9594 -2881.509
