791
90.02921 -0.1026954 -2.852849
55.49339 0.6210799 -3.171575
18.95106 0.762482 -2.193031
92.71951 -0.052326 -3.003983
59.23562 0.8390625 -3.622041
19.39752 0.6159368 -1.716763
93.31899 -0.2463315 -2.828205
59.38029 0.6469551 -3.339295
18.7388 0.734947 -1.730764
92.68452 -0.02910845 -2.864595
56.17617 0.8432777 -3.298157
16.34914 0.6123826 -1.172673
53.73722 0.8703321 -3.110042
89.46138 0.02020078 -2.69316
17.89653 0.3756793 -1.628433
53.66924 0.7032935 -2.846643
55.83691 0.6048101 -3.017026
16.69703 0.4512494 -1.223148
91.91885 -0.07148301 -2.712623
91.5876 0.006810905 -2.65
18.29205 0.4773753 -1.727038
95.00387 -0.3151604 -2.772171
87.35467 0.04056384 -2.705094
77.25441 0.277871 -2.95945
62.86281 0.4875203 -2.949843
44.24275 1.254649 -2.616895
24.59149 0.8745522 -2.274525
55.80554 1.016374 -2.930308
56.80201 0.5454555 -2.827885
20.57837 0.9085119 -2.088314
39.36994 0.955356 -2.67909
50.72388 0.4338905 -2.851674
72.58016 0.3895752 -2.796064
85.19958 0.4706225 -2.67668
92.25619 -0.001435226 -2.700784
80.67549 0.445701 -2.961588
17.12977 0.4245228 -1.221069
91.95417 -0.02355708 -2.688448
54.68004 0.8235311 -1.971695
91.81674 0.2165588 -2.530852
17.9335 0.3173697 -1.4057
28.52599 0.7704871 -1.821215
55.18388 0.8377341 -2.773273
55.04175 0.5624081 -2.924516
16.6552 0.4020592 -1.24607
90.19239 0.01012566 -2.7025
55.57571 0.4581587 -2.820932
18.77053 0.6467824 -2.311616
93.27372 -0.3286437 -2.769655
60.99983 0.3776032 -2.922206
23.87101 0.6692313 -2.789722
94.63164 -0.3664318 -2.721197
62.70516 0.3936322 -2.912137
23.98856 0.8478173 -2.597278
93.9894 -0.2735681 -2.72542
59.67631 0.6143886 -2.991099
19.46777 0.5883061 -1.868605
55.30707 0.7789092 -2.897017
90.01554 0.2436711 -2.548951
0 5.177381 0
16.34914 5.177381 0
16.6552 5.177381 0
16.69703 5.177381 0
17.12977 5.177381 0
17.89653 5.177381 0
17.9335 5.177381 0
18.29205 5.177381 0
18.7388 5.177381 0
18.77053 5.177381 0
18.95106 5.177381 0
19.39752 5.177381 0
19.46777 5.177381 0
20.57837 5.177381 0
23.87101 5.177381 0
23.98856 5.177381 0
24.59149 5.177381 0
28.52599 5.177381 0
39.36994 5.177381 0
44.24275 5.177381 0
50.72388 5.177381 0
53.66924 5.177381 0
53.73722 5.177381 0
54.68004 5.177381 0
55.04175 5.177381 0
55.18388 5.177381 0
55.30707 5.177381 0
55.49339 5.177381 0
55.57571 5.177381 0
55.80554 5.177381 0
55.83691 5.177381 0
56.17617 5.177381 0
56.80201 5.177381 0
59.23562 5.177381 0
59.38029 5.177381 0
59.67631 5.177381 0
60.99983 5.177381 0
62.70516 5.177381 0
62.86281 5.177381 0
72.58016 5.177381 0
77.25441 5.177381 0
80.67549 5.177381 0
85.19958 5.177381 0
87.35467 5.177381 0
89.46138 5.177381 0
90.01554 5.177381 0
90.02921 5.177381 0
90.19239 5.177381 0
91.5876 5.177381 0
91.81674 5.177381 0
91.91885 5.177381 0
91.95417 5.177381 0
92.25619 5.177381 0
92.68452 5.177381 0
92.71951 5.177381 0
93.27372 5.177381 0
93.31899 5.177381 0
93.9894 5.177381 0
94.63164 5.177381 0
95.00387 5.177381 0
100 5.177381 0
0 4.483743 2.58869
16.34914 4.483743 2.58869
16.6552 4.483743 2.58869
16.69703 4.483743 2.58869
17.12977 4.483743 2.58869
17.89653 4.483743 2.58869
17.9335 4.483743 2.58869
18.29205 4.483743 2.58869
18.7388 4.483743 2.58869
18.77053 4.483743 2.58869
18.95106 4.483743 2.58869
19.39752 4.483743 2.58869
19.46777 4.483743 2.58869
20.57837 4.483743 2.58869
23.87101 4.483743 2.58869
23.98856 4.483743 2.58869
24.59149 4.483743 2.58869
28.52599 4.483743 2.58869
39.36994 4.483743 2.58869
44.24275 4.483743 2.58869
50.72388 4.483743 2.58869
53.66924 4.483743 2.58869
53.73722 4.483743 2.58869
54.68004 4.483743 2.58869
55.04175 4.483743 2.58869
55.18388 4.483743 2.58869
55.30707 4.483743 2.58869
55.49339 4.483743 2.58869
55.57571 4.483743 2.58869
55.80554 4.483743 2.58869
55.83691 4.483743 2.58869
56.17617 4.483743 2.58869
56.80201 4.483743 2.58869
59.23562 4.483743 2.58869
59.38029 4.483743 2.58869
59.67631 4.483743 2.58869
60.99983 4.483743 2.58869
62.70516 4.483743 2.58869
62.86281 4.483743 2.58869
72.58016 4.483743 2.58869
77.25441 4.483743 2.58869
80.67549 4.483743 2.58869
85.19958 4.483743 2.58869
87.35467 4.483743 2.58869
89.46138 4.483743 2.58869
90.01554 4.483743 2.58869
90.02921 4.483743 2.58869
90.19239 4.483743 2.58869
91.5876 4.483743 2.58869
91.81674 4.483743 2.58869
91.91885 4.483743 2.58869
91.95417 4.483743 2.58869
92.25619 4.483743 2.58869
92.68452 4.483743 2.58869
92.71951 4.483743 2.58869
93.27372 4.483743 2.58869
93.31899 4.483743 2.58869
93.9894 4.483743 2.58869
94.63164 4.483743 2.58869
95.00387 4.483743 2.58869
100 4.483743 2.58869
0 2.58869 4.483743
16.34914 2.58869 4.483743
16.6552 2.58869 4.483743
16.69703 2.58869 4.483743
17.12977 2.58869 4.483743
17.89653 2.58869 4.483743
17.9335 2.58869 4.483743
18.29205 2.58869 4.483743
18.7388 2.58869 4.483743
18.77053 2.58869 4.483743
18.95106 2.58869 4.483743
19.39752 2.58869 4.483743
19.46777 2.58869 4.483743
20.57837 2.58869 4.483743
23.87101 2.58869 4.483743
23.98856 2.58869 4.483743
24.59149 2.58869 4.483743
28.52599 2.58869 4.483743
39.36994 2.58869 4.483743
44.24275 2.58869 4.483743
50.72388 2.58869 4.483743
53.66924 2.58869 4.483743
53.73722 2.58869 4.483743
54.68004 2.58869 4.483743
55.04175 2.58869 4.483743
55.18388 2.58869 4.483743
55.30707 2.58869 4.483743
55.49339 2.58869 4.483743
55.57571 2.58869 4.483743
55.80554 2.58869 4.483743
55.83691 2.58869 4.483743
56.17617 2.58869 4.483743
56.80201 2.58869 4.483743
59.23562 2.58869 4.483743
59.38029 2.58869 4.483743
59.67631 2.58869 4.483743
60.99983 2.58869 4.483743
62.70516 2.58869 4.483743
62.86281 2.58869 4.483743
72.58016 2.58869 4.483743
77.25441 2.58869 4.483743
80.67549 2.58869 4.483743
85.19958 2.58869 4.483743
87.35467 2.58869 4.483743
89.46138 2.58869 4.483743
90.01554 2.58869 4.483743
90.02921 2.58869 4.483743
90.19239 2.58869 4.483743
91.5876 2.58869 4.483743
91.81674 2.58869 4.483743
91.91885 2.58869 4.483743
91.95417 2.58869 4.483743
92.25619 2.58869 4.483743
92.68452 2.58869 4.483743
92.71951 2.58869 4.483743
93.27372 2.58869 4.483743
93.31899 2.58869 4.483743
93.9894 2.58869 4.483743
94.63164 2.58869 4.483743
95.00387 2.58869 4.483743
100 2.58869 4.483743
0 3.170231e-16 5.177381
16.34914 3.170231e-16 5.177381
16.6552 3.170231e-16 5.177381
16.69703 3.170231e-16 5.177381
17.12977 3.170231e-16 5.177381
17.89653 3.170231e-16 5.177381
17.9335 3.170231e-16 5.177381
18.29205 3.170231e-16 5.177381
18.7388 3.170231e-16 5.177381
18.77053 3.170231e-16 5.177381
18.95106 3.170231e-16 5.177381
19.39752 3.170231e-16 5.177381
19.46777 3.170231e-16 5.177381
20.57837 3.170231e-16 5.177381
23.87101 3.170231e-16 5.177381
23.98856 3.170231e-16 5.177381
24.59149 3.170231e-16 5.177381
28.52599 3.170231e-16 5.177381
39.36994 3.170231e-16 5.177381
44.24275 3.170231e-16 5.177381
50.72388 3.170231e-16 5.177381
53.66924 3.170231e-16 5.177381
53.73722 3.170231e-16 5.177381
54.68004 3.170231e-16 5.177381
55.04175 3.170231e-16 5.177381
55.18388 3.170231e-16 5.177381
55.30707 3.170231e-16 5.177381
55.49339 3.170231e-16 5.177381
55.57571 3.170231e-16 5.177381
55.80554 3.170231e-16 5.177381
55.83691 3.170231e-16 5.177381
56.17617 3.170231e-16 5.177381
56.80201 3.170231e-16 5.177381
59.23562 3.170231e-16 5.177381
59.38029 3.170231e-16 5.177381
59.67631 3.170231e-16 5.177381
60.99983 3.170231e-16 5.177381
62.70516 3.170231e-16 5.177381
62.86281 3.170231e-16 5.177381
72.58016 3.170231e-16 5.177381
77.25441 3.170231e-16 5.177381
80.67549 3.170231e-16 5.177381
85.19958 3.170231e-16 5.177381
87.35467 3.170231e-16 5.177381
89.46138 3.170231e-16 5.177381
90.01554 3.170231e-16 5.177381
90.02921 3.170231e-16 5.177381
90.19239 3.170231e-16 5.177381
91.5876 3.170231e-16 5.177381
91.81674 3.170231e-16 5.177381
91.91885 3.170231e-16 5.177381
91.95417 3.170231e-16 5.177381
92.25619 3.170231e-16 5.177381
92.68452 3.170231e-16 5.177381
92.71951 3.170231e-16 5.177381
93.27372 3.170231e-16 5.177381
93.31899 3.170231e-16 5.177381
93.9894 3.170231e-16 5.177381
94.63164 3.170231e-16 5.177381
95.00387 3.170231e-16 5.177381
100 3.170231e-16 5.177381
0 -2.58869 4.483743
16.34914 -2.58869 4.483743
16.6552 -2.58869 4.483743
16.69703 -2.58869 4.483743
17.12977 -2.58869 4.483743
17.89653 -2.58869 4.483743
17.9335 -2.58869 4.483743
18.29205 -2.58869 4.483743
18.7388 -2.58869 4.483743
18.77053 -2.58869 4.483743
18.95106 -2.58869 4.483743
19.39752 -2.58869 4.483743
19.46777 -2.58869 4.483743
20.57837 -2.58869 4.483743
23.87101 -2.58869 4.483743
23.98856 -2.58869 4.483743
24.59149 -2.58869 4.483743
28.52599 -2.58869 4.483743
39.36994 -2.58869 4.483743
44.24275 -2.58869 4.483743
50.72388 -2.58869 4.483743
53.66924 -2.58869 4.483743
53.73722 -2.58869 4.483743
54.68004 -2.58869 4.483743
55.04175 -2.58869 4.483743
55.18388 -2.58869 4.483743
55.30707 -2.58869 4.483743
55.49339 -2.58869 4.483743
55.57571 -2.58869 4.483743
55.80554 -2.58869 4.483743
55.83691 -2.58869 4.483743
56.17617 -2.58869 4.483743
56.80201 -2.58869 4.483743
59.23562 -2.58869 4.483743
59.38029 -2.58869 4.483743
59.67631 -2.58869 4.483743
60.99983 -2.58869 4.483743
62.70516 -2.58869 4.483743
62.86281 -2.58869 4.483743
72.58016 -2.58869 4.483743
77.25441 -2.58869 4.483743
80.67549 -2.58869 4.483743
85.19958 -2.58869 4.483743
87.35467 -2.58869 4.483743
89.46138 -2.58869 4.483743
90.01554 -2.58869 4.483743
90.02921 -2.58869 4.483743
90.19239 -2.58869 4.483743
91.5876 -2.58869 4.483743
91.81674 -2.58869 4.483743
91.91885 -2.58869 4.483743
91.95417 -2.58869 4.483743
92.25619 -2.58869 4.483743
92.68452 -2.58869 4.483743
92.71951 -2.58869 4.483743
93.27372 -2.58869 4.483743
93.31899 -2.58869 4.483743
93.9894 -2.58869 4.483743
94.63164 -2.58869 4.483743
95.00387 -2.58869 4.483743
100 -2.58869 4.483743
0 -4.483743 2.58869
16.34914 -4.483743 2.58869
16.6552 -4.483743 2.58869
16.69703 -4.483743 2.58869
17.12977 -4.483743 2.58869
17.89653 -4.483743 2.58869
17.9335 -4.483743 2.58869
18.29205 -4.483743 2.58869
18.7388 -4.483743 2.58869
18.77053 -4.483743 2.58869
18.95106 -4.483743 2.58869
19.39752 -4.483743 2.58869
19.46777 -4.483743 2.58869
20.57837 -4.483743 2.58869
23.87101 -4.483743 2.58869
23.98856 -4.483743 2.58869
24.59149 -4.483743 2.58869
28.52599 -4.483743 2.58869
39.36994 -4.483743 2.58869
44.24275 -4.483743 2.58869
50.72388 -4.483743 2.58869
53.66924 -4.483743 2.58869
53.73722 -4.483743 2.58869
54.68004 -4.483743 2.58869
55.04175 -4.483743 2.58869
55.18388 -4.483743 2.58869
55.30707 -4.483743 2.58869
55.49339 -4.483743 2.58869
55.57571 -4.483743 2.58869
55.80554 -4.483743 2.58869
55.83691 -4.483743 2.58869
56.17617 -4.483743 2.58869
56.80201 -4.483743 2.58869
59.23562 -4.483743 2.58869
59.38029 -4.483743 2.58869
59.67631 -4.483743 2.58869
60.99983 -4.483743 2.58869
62.70516 -4.483743 2.58869
62.86281 -4.483743 2.58869
72.58016 -4.483743 2.58869
77.25441 -4.483743 2.58869
80.67549 -4.483743 2.58869
85.19958 -4.483743 2.58869
87.35467 -4.483743 2.58869
89.46138 -4.483743 2.58869
90.01554 -4.483743 2.58869
90.02921 -4.483743 2.58869
90.19239 -4.483743 2.58869
91.5876 -4.483743 2.58869
91.81674 -4.483743 2.58869
91.91885 -4.483743 2.58869
91.95417 -4.483743 2.58869
92.25619 -4.483743 2.58869
92.68452 -4.483743 2.58869
92.71951 -4.483743 2.58869
93.27372 -4.483743 2.58869
93.31899 -4.483743 2.58869
93.9894 -4.483743 2.58869
94.63164 -4.483743 2.58869
95.00387 -4.483743 2.58869
100 -4.483743 2.58869
0 -5.177381 6.340463e-16
16.34914 -5.177381 6.340463e-16
16.6552 -5.177381 6.340463e-16
16.69703 -5.177381 6.340463e-16
17.12977 -5.177381 6.340463e-16
17.89653 -5.177381 6.340463e-16
17.9335 -5.177381 6.340463e-16
18.29205 -5.177381 6.340463e-16
18.7388 -5.177381 6.340463e-16
18.77053 -5.177381 6.340463e-16
18.95106 -5.177381 6.340463e-16
19.39752 -5.177381 6.340463e-16
19.46777 -5.177381 6.340463e-16
20.57837 -5.177381 6.340463e-16
23.87101 -5.177381 6.340463e-16
23.98856 -5.177381 6.340463e-16
24.59149 -5.177381 6.340463e-16
28.52599 -5.177381 6.340463e-16
39.36994 -5.177381 6.340463e-16
44.24275 -5.177381 6.340463e-16
50.72388 -5.177381 6.340463e-16
53.66924 -5.177381 6.340463e-16
53.73722 -5.177381 6.340463e-16
54.68004 -5.177381 6.340463e-16
55.04175 -5.177381 6.340463e-16
55.18388 -5.177381 6.340463e-16
55.30707 -5.177381 6.340463e-16
55.49339 -5.177381 6.340463e-16
55.57571 -5.177381 6.340463e-16
55.80554 -5.177381 6.340463e-16
55.83691 -5.177381 6.340463e-16
56.17617 -5.177381 6.340463e-16
56.80201 -5.177381 6.340463e-16
59.23562 -5.177381 6.340463e-16
59.38029 -5.177381 6.340463e-16
59.67631 -5.177381 6.340463e-16
60.99983 -5.177381 6.340463e-16
62.70516 -5.177381 6.340463e-16
62.86281 -5.177381 6.340463e-16
72.58016 -5.177381 6.340463e-16
77.25441 -5.177381 6.340463e-16
80.67549 -5.177381 6.340463e-16
85.19958 -5.177381 6.340463e-16
87.35467 -5.177381 6.340463e-16
89.46138 -5.177381 6.340463e-16
90.01554 -5.177381 6.340463e-16
90.02921 -5.177381 6.340463e-16
90.19239 -5.177381 6.340463e-16
91.5876 -5.177381 6.340463e-16
91.81674 -5.177381 6.340463e-16
91.91885 -5.177381 6.340463e-16
91.95417 -5.177381 6.340463e-16
92.25619 -5.177381 6.340463e-16
92.68452 -5.177381 6.340463e-16
92.71951 -5.177381 6.340463e-16
93.27372 -5.177381 6.340463e-16
93.31899 -5.177381 6.340463e-16
93.9894 -5.177381 6.340463e-16
94.63164 -5.177381 6.340463e-16
95.00387 -5.177381 6.340463e-16
100 -5.177381 6.340463e-16
0 -4.483743 -2.58869
16.34914 -4.483743 -2.58869
16.6552 -4.483743 -2.58869
16.69703 -4.483743 -2.58869
17.12977 -4.483743 -2.58869
17.89653 -4.483743 -2.58869
17.9335 -4.483743 -2.58869
18.29205 -4.483743 -2.58869
18.7388 -4.483743 -2.58869
18.77053 -4.483743 -2.58869
18.95106 -4.483743 -2.58869
19.39752 -4.483743 -2.58869
19.46777 -4.483743 -2.58869
20.57837 -4.483743 -2.58869
23.87101 -4.483743 -2.58869
23.98856 -4.483743 -2.58869
24.59149 -4.483743 -2.58869
28.52599 -4.483743 -2.58869
39.36994 -4.483743 -2.58869
44.24275 -4.483743 -2.58869
50.72388 -4.483743 -2.58869
53.66924 -4.483743 -2.58869
53.73722 -4.483743 -2.58869
54.68004 -4.483743 -2.58869
55.04175 -4.483743 -2.58869
55.18388 -4.483743 -2.58869
55.30707 -4.483743 -2.58869
55.49339 -4.483743 -2.58869
55.57571 -4.483743 -2.58869
55.80554 -4.483743 -2.58869
55.83691 -4.483743 -2.58869
56.17617 -4.483743 -2.58869
56.80201 -4.483743 -2.58869
59.23562 -4.483743 -2.58869
59.38029 -4.483743 -2.58869
59.67631 -4.483743 -2.58869
60.99983 -4.483743 -2.58869
62.70516 -4.483743 -2.58869
62.86281 -4.483743 -2.58869
72.58016 -4.483743 -2.58869
77.25441 -4.483743 -2.58869
80.67549 -4.483743 -2.58869
85.19958 -4.483743 -2.58869
87.35467 -4.483743 -2.58869
89.46138 -4.483743 -2.58869
90.01554 -4.483743 -2.58869
90.02921 -4.483743 -2.58869
90.19239 -4.483743 -2.58869
91.5876 -4.483743 -2.58869
91.81674 -4.483743 -2.58869
91.91885 -4.483743 -2.58869
91.95417 -4.483743 -2.58869
92.25619 -4.483743 -2.58869
92.68452 -4.483743 -2.58869
92.71951 -4.483743 -2.58869
93.27372 -4.483743 -2.58869
93.31899 -4.483743 -2.58869
93.9894 -4.483743 -2.58869
94.63164 -4.483743 -2.58869
95.00387 -4.483743 -2.58869
100 -4.483743 -2.58869
0 -2.58869 -4.483743
16.34914 -2.58869 -4.483743
16.6552 -2.58869 -4.483743
16.69703 -2.58869 -4.483743
17.12977 -2.58869 -4.483743
17.89653 -2.58869 -4.483743
17.9335 -2.58869 -4.483743
18.29205 -2.58869 -4.483743
18.7388 -2.58869 -4.483743
18.77053 -2.58869 -4.483743
18.95106 -2.58869 -4.483743
19.39752 -2.58869 -4.483743
19.46777 -2.58869 -4.483743
20.57837 -2.58869 -4.483743
23.87101 -2.58869 -4.483743
23.98856 -2.58869 -4.483743
24.59149 -2.58869 -4.483743
28.52599 -2.58869 -4.483743
39.36994 -2.58869 -4.483743
44.24275 -2.58869 -4.483743
50.72388 -2.58869 -4.483743
53.66924 -2.58869 -4.483743
53.73722 -2.58869 -4.483743
54.68004 -2.58869 -4.483743
55.04175 -2.58869 -4.483743
55.18388 -2.58869 -4.483743
55.30707 -2.58869 -4.483743
55.49339 -2.58869 -4.483743
55.57571 -2.58869 -4.483743
55.80554 -2.58869 -4.483743
55.83691 -2.58869 -4.483743
56.17617 -2.58869 -4.483743
56.80201 -2.58869 -4.483743
59.23562 -2.58869 -4.483743
59.38029 -2.58869 -4.483743
59.67631 -2.58869 -4.483743
60.99983 -2.58869 -4.483743
62.70516 -2.58869 -4.483743
62.86281 -2.58869 -4.483743
72.58016 -2.58869 -4.483743
77.25441 -2.58869 -4.483743
80.67549 -2.58869 -4.483743
85.19958 -2.58869 -4.483743
87.35467 -2.58869 -4.483743
89.46138 -2.58869 -4.483743
90.01554 -2.58869 -4.483743
90.02921 -2.58869 -4.483743
90.19239 -2.58869 -4.483743
91.5876 -2.58869 -4.483743
91.81674 -2.58869 -4.483743
91.91885 -2.58869 -4.483743
91.95417 -2.58869 -4.483743
92.25619 -2.58869 -4.483743
92.68452 -2.58869 -4.483743
92.71951 -2.58869 -4.483743
93.27372 -2.58869 -4.483743
93.31899 -2.58869 -4.483743
93.9894 -2.58869 -4.483743
94.63164 -2.58869 -4.483743
95.00387 -2.58869 -4.483743
100 -2.58869 -4.483743
0 -9.510694e-16 -5.177381
16.34914 -9.510694e-16 -5.177381
16.6552 -9.510694e-16 -5.177381
16.69703 -9.510694e-16 -5.177381
17.12977 -9.510694e-16 -5.177381
17.89653 -9.510694e-16 -5.177381
17.9335 -9.510694e-16 -5.177381
18.29205 -9.510694e-16 -5.177381
18.7388 -9.510694e-16 -5.177381
18.77053 -9.510694e-16 -5.177381
18.95106 -9.510694e-16 -5.177381
19.39752 -9.510694e-16 -5.177381
19.46777 -9.510694e-16 -5.177381
20.57837 -9.510694e-16 -5.177381
23.87101 -9.510694e-16 -5.177381
23.98856 -9.510694e-16 -5.177381
24.59149 -9.510694e-16 -5.177381
28.52599 -9.510694e-16 -5.177381
39.36994 -9.510694e-16 -5.177381
44.24275 -9.510694e-16 -5.177381
50.72388 -9.510694e-16 -5.177381
53.66924 -9.510694e-16 -5.177381
53.73722 -9.510694e-16 -5.177381
54.68004 -9.510694e-16 -5.177381
55.04175 -9.510694e-16 -5.177381
55.18388 -9.510694e-16 -5.177381
55.30707 -9.510694e-16 -5.177381
55.49339 -9.510694e-16 -5.177381
55.57571 -9.510694e-16 -5.177381
55.80554 -9.510694e-16 -5.177381
55.83691 -9.510694e-16 -5.177381
56.17617 -9.510694e-16 -5.177381
56.80201 -9.510694e-16 -5.177381
59.23562 -9.510694e-16 -5.177381
59.38029 -9.510694e-16 -5.177381
59.67631 -9.510694e-16 -5.177381
60.99983 -9.510694e-16 -5.177381
62.70516 -9.510694e-16 -5.177381
62.86281 -9.510694e-16 -5.177381
72.58016 -9.510694e-16 -5.177381
77.25441 -9.510694e-16 -5.177381
80.67549 -9.510694e-16 -5.177381
85.19958 -9.510694e-16 -5.177381
87.35467 -9.510694e-16 -5.177381
89.46138 -9.510694e-16 -5.177381
90.01554 -9.510694e-16 -5.177381
90.02921 -9.510694e-16 -5.177381
90.19239 -9.510694e-16 -5.177381
91.5876 -9.510694e-16 -5.177381
91.81674 -9.510694e-16 -5.177381
91.91885 -9.510694e-16 -5.177381
91.95417 -9.510694e-16 -5.177381
92.25619 -9.510694e-16 -5.177381
92.68452 -9.510694e-16 -5.177381
92.71951 -9.510694e-16 -5.177381
93.27372 -9.510694e-16 -5.177381
93.31899 -9.510694e-16 -5.177381
93.9894 -9.510694e-16 -5.177381
94.63164 -9.510694e-16 -5.177381
95.00387 -9.510694e-16 -5.177381
100 -9.510694e-16 -5.177381
0 2.58869 -4.483743
16.34914 2.58869 -4.483743
16.6552 2.58869 -4.483743
16.69703 2.58869 -4.483743
17.12977 2.58869 -4.483743
17.89653 2.58869 -4.483743
17.9335 2.58869 -4.483743
18.29205 2.58869 -4.483743
18.7388 2.58869 -4.483743
18.77053 2.58869 -4.483743
18.95106 2.58869 -4.483743
19.39752 2.58869 -4.483743
19.46777 2.58869 -4.483743
20.57837 2.58869 -4.483743
23.87101 2.58869 -4.483743
23.98856 2.58869 -4.483743
24.59149 2.58869 -4.483743
28.52599 2.58869 -4.483743
39.36994 2.58869 -4.483743
44.24275 2.58869 -4.483743
50.72388 2.58869 -4.483743
53.66924 2.58869 -4.483743
53.73722 2.58869 -4.483743
54.68004 2.58869 -4.483743
55.04175 2.58869 -4.483743
55.18388 2.58869 -4.483743
55.30707 2.58869 -4.483743
55.49339 2.58869 -4.483743
55.57571 2.58869 -4.483743
55.80554 2.58869 -4.483743
55.83691 2.58869 -4.483743
56.17617 2.58869 -4.483743
56.80201 2.58869 -4.483743
59.23562 2.58869 -4.483743
59.38029 2.58869 -4.483743
59.67631 2.58869 -4.483743
60.99983 2.58869 -4.483743
62.70516 2.58869 -4.483743
62.86281 2.58869 -4.483743
72.58016 2.58869 -4.483743
77.25441 2.58869 -4.483743
80.67549 2.58869 -4.483743
85.19958 2.58869 -4.483743
87.35467 2.58869 -4.483743
89.46138 2.58869 -4.483743
90.01554 2.58869 -4.483743
90.02921 2.58869 -4.483743
90.19239 2.58869 -4.483743
91.5876 2.58869 -4.483743
91.81674 2.58869 -4.483743
91.91885 2.58869 -4.483743
91.95417 2.58869 -4.483743
92.25619 2.58869 -4.483743
92.68452 2.58869 -4.483743
92.71951 2.58869 -4.483743
93.27372 2.58869 -4.483743
93.31899 2.58869 -4.483743
93.9894 2.58869 -4.483743
94.63164 2.58869 -4.483743
95.00387 2.58869 -4.483743
100 2.58869 -4.483743
0 4.483743 -2.58869
16.34914 4.483743 -2.58869
16.6552 4.483743 -2.58869
16.69703 4.483743 -2.58869
17.12977 4.483743 -2.58869
17.89653 4.483743 -2.58869
17.9335 4.483743 -2.58869
18.29205 4.483743 -2.58869
18.7388 4.483743 -2.58869
18.77053 4.483743 -2.58869
18.95106 4.483743 -2.58869
19.39752 4.483743 -2.58869
19.46777 4.483743 -2.58869
20.57837 4.483743 -2.58869
23.87101 4.483743 -2.58869
23.98856 4.483743 -2.58869
24.59149 4.483743 -2.58869
28.52599 4.483743 -2.58869
39.36994 4.483743 -2.58869
44.24275 4.483743 -2.58869
50.72388 4.483743 -2.58869
53.66924 4.483743 -2.58869
53.73722 4.483743 -2.58869
54.68004 4.483743 -2.58869
55.04175 4.483743 -2.58869
55.18388 4.483743 -2.58869
55.30707 4.483743 -2.58869
55.49339 4.483743 -2.58869
55.57571 4.483743 -2.58869
55.80554 4.483743 -2.58869
55.83691 4.483743 -2.58869
56.17617 4.483743 -2.58869
56.80201 4.483743 -2.58869
59.23562 4.483743 -2.58869
59.38029 4.483743 -2.58869
59.67631 4.483743 -2.58869
60.99983 4.483743 -2.58869
62.70516 4.483743 -2.58869
62.86281 4.483743 -2.58869
72.58016 4.483743 -2.58869
77.25441 4.483743 -2.58869
80.67549 4.483743 -2.58869
85.19958 4.483743 -2.58869
87.35467 4.483743 -2.58869
89.46138 4.483743 -2.58869
90.01554 4.483743 -2.58869
90.02921 4.483743 -2.58869
90.19239 4.483743 -2.58869
91.5876 4.483743 -2.58869
91.81674 4.483743 -2.58869
91.91885 4.483743 -2.58869
91.95417 4.483743 -2.58869
92.25619 4.483743 -2.58869
92.68452 4.483743 -2.58869
92.71951 4.483743 -2.58869
93.27372 4.483743 -2.58869
93.31899 4.483743 -2.58869
93.9894 4.483743 -2.58869
94.63164 4.483743 -2.58869
95.00387 4.483743 -2.58869
100 4.483743 -2.58869
