3.0072975 1 -11.6647 10.7203 31.5019 8.35853 -28.6696 29.674
3.291285 2 -8.92691 -6.13865 24.7555 -0.0126967 -12.9709 38.3962
1.72284 3 -9.97178 15.7722 31.9434 26.6605 -30.5892 34.6943
4.614435 4 14.9662 7.22685 31.6978 3.3535 -17.6005 -49.7015
1.869 5 -12.4844 9.53939 20.7525 -11.5548 -33.2687 -34.6101
2.62575 6 -15.8469 -12.4011 26.2362 -3.43077 -36.0917 -50.7331
3.731865 7 12.1098 0.117206 28.7669 -10.212 5.16629 5.91844
3.291285 8 -4.43859 -9.21842 26.9018 12.7166 -31.3766 15.1045
4.9435875 9 -3.24037 7.70071 23.5961 -12.7877 -42.2961 9.56846
3.65091 10 -2.49319 -10.4363 20.8306  32.2606 3.98828 -21.005
3.731865 11 9.51296 -5.87039 29.9589  24.6676 47.5901 41.3718
1.72284 12 -11.2284 15.8102 29.1505 -33.7662 -1.79193 -27.6672
1.869 13 -11.9942 8.44 23.8494 -27.0399 29.9656 33.1654
4.5084225 14 5.23538 -11.9713 19.3633 51.9695 13.1499 -11.9562
2.62575 15 -14.3611 -14.8339 22.5397 -18.2719 36.0144 -48.8257
5.3548275 16 -1.34435 -0.397794 28.7036 -38.7376 19.7206 -45.5785 
