789
36.713318 -20.742165 -295.43
37.86566 -20.742165 -290.43
37.86566 -21.894508 -285.43
36.713318 -21.894508 -290.43
35.560974 -21.894508 -295.43
34.40863 -21.894508 -300.43
33.256287 -21.894508 -305.43
32.103943 -23.046852 -310.43
30.9516 -21.894508 -310.43
29.799255 -21.894508 -315.43
28.646912 -21.894508 -310.43
27.494568 -23.046852 -315.43
26.342224 -24.199196 -320.43
25.18988 -25.35154 -320.43
24.037537 -26.503883 -320.43
22.885193 -27.656227 -325.43
21.73285 -28.80857 -320.43
20.580505 -29.960915 -325.43
19.428162 -31.113258 -320.43
18.275818 -32.265602 -320.43
17.123474 -32.265602 -320.43
15.97113 -32.265602 -320.43
14.818787 -33.417946 -320.43
14.818787 -34.57029 -320.43
13.666443 -34.57029 -325.43
12.514099 -35.722633 -320.43
11.361755 -35.722633 -325.43
10.209412 -36.874977 -320.43
9.057068 -38.02732 -315.43
7.904724 -39.179665 -310.43
6.7523804 -40.33201 -305.43
6.7523804 -41.484352 -300.43
6.7523804 -42.636696 -295.43
6.7523804 -43.78904 -295.43
6.7523804 -44.941383 -290.43
6.7523804 -46.093727 -290.43
7.904724 -47.24607 -290.43
9.057068 -48.398415 -290.43
9.057068 -49.55076 -290.43
10.209412 -50.703102 -285.43
11.361755 -50.703102 -285.43
12.514099 -51.855446 -285.43
13.666443 -53.00779 -280.43
14.818787 -54.160133 -280.43
15.97113 -55.312485 -275.43
17.123474 -56.46483 -270.43
18.275818 -56.46483 -265.43
18.275818 -57.617172 -260.43
18.275818 -58.769516 -255.43
17.123474 -59.92186 -250.43
15.97113 -61.074203 -245.43
14.818787 -62.226547 -245.43
13.666443 -62.226547 -240.43
12.514099 -62.226547 -245.43
11.361755 -62.226547 -245.43
10.209412 -62.226547 -240.43
9.057068 -62.226547 -240.43
7.904724 -63.37889 -240.43
6.7523804 -63.37889 -240.43
5.6000366 -63.37889 -240.43
4.447693 -63.37889 -235.43
3.2953491 -63.37889 -240.43
2.1430054 -63.37889 -235.43
0.9906616 -64.531235 -230.43
-0.16168213 -65.68358 -225.43
-1.3140259 -66.83592 -220.43
-2.4663696 -66.83592 -215.43
-3.6187134 -65.68358 -210.43
-4.771057 -64.531235 -205.43
-4.771057 -63.37889 -200.43
-3.6187134 -62.226547 -195.43
-2.4663696 -61.074203 -190.43
-1.3140259 -59.92186 -185.43
-0.16168213 -58.769516 -185.43
0.9906616 -57.617172 -180.43
2.1430054 -56.46483 -175.43
3.2953491 -55.312485 -175.43
4.447693 -54.160133 -170.43
4.447693 -53.00779 -170.43
4.447693 -51.855446 -170.43
5.6000366 -51.855446 -170.43
6.7523804 -50.703102 -170.43
6.7523804 -49.55076 -170.43
6.7523804 -48.398415 -170.43
6.7523804 -47.24607 -170.43
6.7523804 -46.093727 -170.43
6.7523804 -44.941383 -170.43
6.7523804 -43.78904 -170.43
6.7523804 -42.636696 -170.43
6.7523804 -41.484352 -170.43
5.6000366 -40.33201 -170.43
5.6000366 -39.179665 -170.43
5.6000366 -38.02732 -170.43
5.6000366 -36.874977 -170.43
6.7523804 -35.722633 -165.43
6.7523804 -34.57029 -165.43
6.7523804 -33.417946 -165.43
7.904724 -32.265602 -160.43
7.904724 -31.113258 -160.43
9.057068 -29.960915 -160.43
9.057068 -28.80857 -160.43
10.209412 -27.656227 -160.43
10.209412 -26.503883 -160.43
11.361755 -25.35154 -160.43
12.514099 -24.199196 -155.43
12.514099 -23.046852 -155.43
13.666443 -21.894508 -155.43
14.818787 -20.742165 -155.43
14.818787 -19.58982 -155.43
14.818787 -18.43747 -155.43
15.97113 -17.285126 -155.43
15.97113 -16.132782 -155.43
17.123474 -14.980438 -155.43
18.275818 -13.8280945 -155.43
17.123474 -12.675751 -155.43
18.275818 -11.523407 -150.43
18.275818 -10.371063 -150.43
19.428162 -9.2187195 -150.43
20.580505 -8.066376 -145.43
19.428162 -6.914032 -145.43
19.428162 -5.761688 -145.43
20.580505 -4.6093445 -140.43
20.580505 -3.4570007 -135.43
20.580505 -2.304657 -130.43
20.580505 -1.1523132 -125.42999
20.580505 3.0517578E-5 -120.42999
21.73285 1.1523743 -115.42999
22.885193 2.304718 -110.42999
22.885193 3.4570618 -110.42999
24.037537 4.6094055 -105.42999
22.885193 5.7617493 -100.42999
24.037537 6.914093 -95.42999
24.037537 8.066437 -90.42999
25.18988 9.2187805 -95.42999
25.18988 10.371124 -100.42999
24.037537 11.523468 -95.42999
25.18988 12.675812 -90.42999
25.18988 13.8281555 -85.42999
24.037537 14.980499 -80.42999
22.885193 16.132843 -85.42999
24.037537 17.285187 -80.42999
22.885193 18.43753 -75.42999
21.73285 19.589874 -70.42999
22.885193 20.742218 -65.42999
24.037537 21.894562 -60.429993
25.18988 23.046906 -55.429993
26.342224 24.19925 -50.429993
27.494568 25.351593 -45.429993
28.646912 26.503937 -40.429993
29.799255 27.65628 -45.429993
30.9516 28.808624 -40.429993
32.103943 28.808624 -40.429993
33.256287 28.808624 -40.429993
34.40863 29.960968 -40.429993
35.560974 31.113312 -40.429993
36.713318 32.265656 -35.429993
37.86566 33.418 -30.429993
37.86566 34.570343 -25.429993
37.86566 35.722687 -20.429993
39.018005 34.570343 -15.429993
39.018005 34.570343 -10.429993
39.018005 33.418 -5.4299927
40.17035 32.265656 -0.42999268
40.17035 31.113312 4.5700073
40.17035 29.960968 9.570007
39.018005 31.113312 14.570007
40.17035 31.113312 19.570007
40.17035 31.113312 24.570007
41.322693 29.960968 29.570007
41.322693 29.960968 34.570007
41.322693 28.808624 39.570007
41.322693 27.65628 44.570007
41.322693 26.503937 49.570007
41.322693 27.65628 54.570007
41.322693 26.503937 59.570007
40.17035 26.503937 64.57001
39.018005 25.351593 69.57001
37.86566 25.351593 74.57001
36.713318 26.503937 79.57001
35.560974 25.351593 79.57001
34.40863 25.351593 84.57001
33.256287 24.19925 89.57001
32.103943 23.046906 94.57001
30.9516 21.894562 99.57001
29.799255 20.742218 104.57001
29.799255 20.742218 109.57001
28.646912 20.742218 114.57001
27.494568 19.589874 119.57001
26.342224 18.43753 124.57001
26.342224 17.285187 129.57
27.494568 16.132843 134.57
28.646912 14.980499 139.57
29.799255 16.132843 144.57
30.9516 17.285187 149.57
32.103943 18.43753 154.57
33.256287 19.589874 149.57
34.40863 19.589874 154.57
35.560974 19.589874 159.57
36.713318 20.742218 154.57
37.86566 20.742218 159.57
39.018005 19.589874 164.57
40.17035 18.43753 169.57
41.322693 17.285187 174.57
42.475037 16.132843 174.57
43.627396 14.980499 174.57
44.77974 13.8281555 174.57
44.77974 12.675812 174.57
45.932083 11.523468 179.57
45.932083 10.371124 174.57
45.932083 9.2187805 179.57
47.084427 8.066437 184.57
48.23677 8.066437 179.57
49.389114 8.066437 184.57
50.54146 6.914093 189.57
51.6938 6.914093 194.57
52.846146 6.914093 199.57
53.99849 8.066437 204.57
55.150833 8.066437 209.57
56.303177 8.066437 204.57
57.45552 8.066437 209.57
58.607864 9.2187805 214.57
59.76021 10.371124 219.57
60.91255 10.371124 224.57
62.064896 11.523468 219.57
63.21724 12.675812 224.57
64.36958 13.8281555 229.57
65.52193 14.980499 229.57
66.67427 16.132843 224.57
67.826614 17.285187 224.57
68.97896 18.43753 224.57
70.1313 19.589874 219.57
71.283646 20.742218 224.57
72.43599 21.894562 229.57
73.58833 23.046906 224.57
74.74068 24.19925 219.57
75.89302 25.351593 224.57
77.045364 26.503937 229.57
78.19771 27.65628 224.57
79.35005 28.808624 219.57
80.502396 29.960968 214.57
81.65474 31.113312 209.57
82.80708 31.113312 209.57
83.95943 32.265656 204.57
83.95943 33.418 204.57
85.11177 33.418 209.57
86.264114 34.570343 204.57
87.41646 35.722687 199.57
88.5688 35.722687 194.57
89.721146 35.722687 189.57
90.87349 34.570343 184.57
90.87349 34.570343 179.57
89.721146 35.722687 174.57
90.87349 36.87503 169.57
90.87349 35.722687 164.57
89.721146 34.570343 159.57
88.5688 34.570343 154.57
87.41646 35.722687 149.57
86.264114 36.87503 144.57
85.11177 38.02739 139.57
86.264114 39.179733 134.57
85.11177 40.332077 129.57
85.11177 39.179733 124.57001
83.95943 40.332077 119.57001
82.80708 41.48442 114.57001
81.65474 42.636765 109.57001
80.502396 43.78911 104.57001
79.35005 42.636765 99.57001
78.19771 41.48442 94.57001
77.045364 41.48442 89.57001
75.89302 42.636765 84.57001
75.89302 41.48442 79.57001
75.89302 41.48442 74.57001
77.045364 41.48442 69.57001
78.19771 40.332077 64.57001
79.35005 40.332077 59.570007
80.502396 39.179733 54.570007
80.502396 38.02739 49.570007
79.35005 36.87503 44.570007
79.35005 35.722687 39.570007
79.35005 34.570343 34.570007
79.35005 33.418 29.570007
80.502396 32.265656 24.570007
81.65474 31.113312 24.570007
80.502396 29.960968 19.570007
80.502396 28.808624 19.570007
81.65474 27.65628 19.570007
82.80708 26.503937 14.570007
81.65474 25.351593 9.570007
81.65474 24.19925 4.5700073
81.65474 23.046906 -0.42999268
80.502396 21.894562 -5.4299927
79.35005 20.742218 -10.429993
80.502396 19.589874 -15.429993
80.502396 18.43753 -20.429993
80.502396 17.285187 -25.429993
79.35005 16.132843 -30.429993
79.35005 14.980499 -25.429993
79.35005 13.8281555 -20.429993
80.502396 12.675812 -25.429993
80.502396 11.523468 -30.429993
81.65474 10.371124 -35.429993
82.80708 9.2187805 -35.429993
83.95943 8.066437 -35.429993
83.95943 6.914093 -30.429993
82.80708 5.7617493 -25.429993
83.95943 4.6094055 -20.429993
85.11177 3.4570618 -25.429993
86.264114 2.304718 -30.429993
85.11177 1.1523743 -25.429993
86.264114 3.0517578E-5 -20.429993
86.264114 -1.1523132 -20.429993
86.264114 -2.304657 -20.429993
86.264114 -3.4570007 -25.429993
86.264114 -4.6093445 -20.429993
85.11177 -5.761688 -20.429993
86.264114 -6.914032 -15.429993
86.264114 -8.066376 -20.429993
85.11177 -9.2187195 -15.429993
86.264114 -10.371063 -20.429993
86.264114 -11.523407 -15.429993
86.264114 -12.675751 -10.429993
86.264114 -13.8280945 -5.4299927
86.264114 -14.980438 -0.42999268
85.11177 -16.132782 4.5700073
86.264114 -17.285126 9.570007
87.41646 -18.43747 14.570007
87.41646 -19.58982 19.570007
86.264114 -20.742165 24.570007
87.41646 -21.894508 29.570007
87.41646 -23.046852 34.570007
88.5688 -24.199196 39.570007
89.721146 -25.35154 44.570007
90.87349 -25.35154 49.570007
92.02583 -25.35154 49.570007
93.17818 -24.199196 54.570007
94.33052 -23.046852 59.570007
95.482864 -21.894508 64.57001
96.63521 -21.894508 64.57001
97.78755 -20.742165 69.57001
98.939896 -19.58982 74.57001
100.09224 -19.58982 79.57001
101.24458 -20.742165 74.57001
102.39693 -21.894508 79.57001
103.54927 -20.742165 84.57001
104.701614 -21.894508 89.57001
105.85396 -20.742165 94.57001
107.0063 -21.894508 99.57001
108.158646 -20.742165 104.57001
108.158646 -19.58982 104.57001
109.31099 -18.43747 109.57001
110.46333 -18.43747 114.57001
111.61568 -17.285126 119.57001
111.61568 -17.285126 124.57001
110.46333 -16.132782 129.57
110.46333 -14.980438 134.57
109.31099 -13.8280945 139.57
110.46333 -12.675751 144.57
109.31099 -11.523407 149.57
110.46333 -11.523407 154.57
111.61568 -10.371063 159.57
112.76802 -11.523407 164.57
111.61568 -12.675751 169.57
112.76802 -11.523407 174.57
111.61568 -10.371063 179.57
110.46333 -11.523407 184.57
109.31099 -11.523407 189.57
109.31099 -12.675751 194.57
110.46333 -11.523407 199.57
111.61568 -12.675751 204.57
111.61568 -13.8280945 209.57
110.46333 -13.8280945 214.57
109.31099 -12.675751 219.57
108.158646 -11.523407 224.57
109.31099 -12.675751 229.57
108.158646 -11.523407 234.57
108.158646 -10.371063 239.57
108.158646 -11.523407 244.57
109.31099 -10.371063 249.57
108.158646 -9.2187195 254.57
108.158646 -10.371063 259.57
108.158646 -10.371063 264.57
108.158646 -11.523407 269.57
109.31099 -12.675751 274.57
109.31099 -12.675751 279.57
109.31099 -11.523407 284.57
108.158646 -12.675751 289.57
108.158646 -12.675751 294.57
109.31099 -13.8280945 299.57
110.46333 -14.980438 304.57
110.46333 -16.132782 304.57
110.46333 -17.285126 304.57
111.61568 -18.43747 309.57
112.76802 -19.58982 309.57
112.76802 -20.742165 314.57
112.76802 -21.894508 319.57
112.76802 -23.046852 324.57
111.61568 -24.199196 319.57
111.61568 -25.35154 324.57
111.61568 -26.503883 324.57
111.61568 -27.656227 324.57
111.61568 -28.80857 324.57
112.76802 -29.960915 329.57
112.76802 -31.113258 334.57
112.76802 -32.265602 339.57
112.76802 -33.417946 344.57
111.61568 -34.57029 349.57
110.46333 -35.722633 354.57
109.31099 -36.874977 359.57
110.46333 -38.02732 364.57
109.31099 -39.179665 369.57
108.158646 -40.33201 374.57
108.158646 -40.33201 379.57
109.31099 -40.33201 384.57
108.158646 -41.484352 389.57
107.0063 -42.636696 394.57
107.0063 -42.636696 399.57
105.85396 -42.636696 404.57
104.701614 -42.636696 409.57
105.85396 -41.484352 414.57
104.701614 -40.33201 414.57
103.54927 -39.179665 419.57
102.39693 -38.02732 424.57
101.24458 -36.874977 429.57
100.09224 -35.722633 424.57
98.939896 -34.57029 424.57
97.78755 -33.417946 429.57
97.78755 -32.265602 434.57
97.78755 -31.113258 439.57
96.63521 -29.960915 444.57
97.78755 -28.80857 444.57
96.63521 -27.656227 449.57
96.63521 -26.503883 454.57
96.63521 -25.35154 449.57
97.78755 -24.199196 454.57
98.939896 -23.046852 449.57
98.939896 -21.894508 454.57
98.939896 -20.742165 449.57
98.939896 -19.58982 449.57
98.939896 -18.43747 449.57
98.939896 -17.285126 444.57
98.939896 -16.132782 449.57
100.09224 -14.980438 444.57
101.24458 -13.8280945 444.57
100.09224 -12.675751 439.57
100.09224 -11.523407 444.57
100.09224 -10.371063 449.57
101.24458 -9.2187195 444.57
100.09224 -8.066376 449.57
101.24458 -6.914032 444.57
102.39693 -5.761688 449.57
102.39693 -4.6093445 444.57
103.54927 -3.4570007 439.57
104.701614 -2.304657 434.57
104.701614 -1.1523132 429.57
103.54927 3.0517578E-5 434.57
103.54927 1.1523743 429.57
104.701614 2.304718 424.57
103.54927 3.4570618 429.57
104.701614 4.6094055 424.57
104.701614 5.7617493 419.57
104.701614 6.914093 414.57
103.54927 8.066437 409.57
102.39693 9.2187805 404.57
101.24458 10.371124 399.57
100.09224 11.523468 399.57
98.939896 12.675812 399.57
97.78755 13.8281555 394.57
96.63521 14.980499 394.57
95.482864 16.132843 399.57
94.33052 17.285187 394.57
93.17818 18.43753 399.57
92.02583 19.589874 394.57
90.87349 19.589874 394.57
89.721146 20.742218 394.57
88.5688 21.894562 394.57
87.41646 23.046906 389.57
86.264114 23.046906 384.57
85.11177 24.19925 389.57
83.95943 25.351593 384.57
82.80708 26.503937 389.57
81.65474 27.65628 384.57
80.502396 28.808624 379.57
79.35005 29.960968 374.57
78.19771 31.113312 369.57
77.045364 31.113312 374.57
75.89302 32.265656 369.57
74.74068 33.418 364.57
73.58833 33.418 359.57
72.43599 33.418 354.57
71.283646 32.265656 349.57
70.1313 31.113312 344.57
68.97896 31.113312 339.57
67.826614 31.113312 334.57
66.67427 32.265656 329.57
65.52193 32.265656 334.57
64.36958 33.418 329.57
63.21724 34.570343 324.57
62.064896 34.570343 324.57
60.91255 35.722687 324.57
59.76021 36.87503 324.57
58.607864 38.02739 324.57
57.45552 39.179733 324.57
56.303177 40.332077 324.57
55.150833 41.48442 324.57
53.99849 42.636765 324.57
52.846146 43.78911 319.57
51.6938 44.941452 319.57
50.54146 46.093796 319.57
49.389114 47.24614 319.57
48.23677 48.398483 319.57
47.084427 49.550827 319.57
47.084427 50.70317 319.57
45.932083 51.855515 319.57
45.932083 53.00786 319.57
44.77974 54.160202 319.57
43.627396 55.312546 319.57
42.475037 56.46489 324.57
41.322693 57.617233 324.57
40.17035 58.769577 319.57
39.018005 58.769577 319.57
37.86566 59.92192 314.57
36.713318 59.92192 309.57
35.560974 61.074265 304.57
34.40863 62.22661 299.57
33.256287 63.378952 294.57
33.256287 63.378952 289.57
33.256287 63.378952 284.57
33.256287 64.531296 284.57
32.103943 65.68364 279.57
30.9516 65.68364 279.57
29.799255 65.68364 274.57
28.646912 64.531296 274.57
27.494568 65.68364 274.57
26.342224 65.68364 274.57
25.18988 64.531296 274.57
24.037537 65.68364 269.57
22.885193 65.68364 264.57
22.885193 65.68364 259.57
24.037537 66.83598 254.57
25.18988 66.83598 249.57
25.18988 67.98833 244.57
25.18988 69.14067 239.57
24.037537 69.14067 234.57
24.037537 70.293015 229.57
22.885193 70.293015 224.57
22.885193 71.44536 219.57
22.885193 71.44536 214.57
22.885193 71.44536 209.57
21.73285 71.44536 204.57
21.73285 70.293015 199.57
21.73285 69.14067 194.57
22.885193 67.98833 189.57
22.885193 66.83598 184.57
24.037537 67.98833 179.57
25.18988 67.98833 174.57
26.342224 69.14067 169.57
26.342224 69.14067 164.57
25.18988 69.14067 159.57
24.037537 69.14067 154.57
22.885193 70.293015 149.57
24.037537 69.14067 144.57
25.18988 67.98833 139.57
26.342224 67.98833 134.57
27.494568 66.83598 129.57
26.342224 65.68364 124.57001
25.18988 65.68364 119.57001
24.037537 64.531296 114.57001
22.885193 64.531296 109.57001
21.73285 65.68364 104.57001
20.580505 65.68364 99.57001
19.428162 65.68364 94.57001
18.275818 64.531296 89.57001
17.123474 64.531296 84.57001
15.97113 65.68364 79.57001
14.818787 64.531296 74.57001
13.666443 64.531296 69.57001
12.514099 65.68364 64.57001
11.361755 65.68364 59.570007
10.209412 64.531296 54.570007
9.057068 64.531296 54.570007
7.904724 63.378952 49.570007
6.7523804 62.22661 54.570007
5.6000366 61.074265 54.570007
4.447693 59.92192 54.570007
3.2953491 58.769577 54.570007
2.1430054 58.769577 54.570007
0.9906616 58.769577 54.570007
-0.16168213 58.769577 54.570007
-1.3140259 59.92192 54.570007
-2.4663696 59.92192 49.570007
-3.6187134 61.074265 54.570007
-4.771057 61.074265 49.570007
-5.923401 61.074265 54.570007
-7.0757446 59.92192 54.570007
-8.228088 61.074265 54.570007
-9.380432 61.074265 59.570007
-10.532776 61.074265 54.570007
-11.68512 59.92192 59.570007
-12.837463 59.92192 64.57001
-13.989815 61.074265 69.57001
-15.1421585 61.074265 74.57001
-16.294502 61.074265 79.57001
-17.446846 61.074265 84.57001
-18.59919 59.92192 89.57001
-19.751534 58.769577 94.57001
-20.903877 57.617233 99.57001
-22.056221 56.46489 104.57001
-23.208565 56.46489 109.57001
-24.360909 57.617233 114.57001
-25.513252 58.769577 119.57001
-26.665596 59.92192 124.57001
-27.81794 61.074265 129.57
-26.665596 62.22661 134.57
-26.665596 62.22661 139.57
-27.81794 62.22661 144.57
-27.81794 61.074265 149.57
-27.81794 59.92192 154.57
-28.970284 58.769577 159.57
-30.122627 57.617233 164.57
-31.274971 56.46489 169.57
-32.427315 56.46489 174.57
-31.274971 55.312546 179.57
-31.274971 55.312546 184.57
-32.427315 55.312546 189.57
-32.427315 56.46489 194.57
-33.57966 56.46489 199.57
-34.732002 55.312546 204.57
-33.57966 55.312546 209.57
-34.732002 55.312546 214.57
-34.732002 55.312546 219.57
-35.884346 56.46489 224.57
-37.03669 57.617233 229.57
-38.189034 58.769577 234.57
-39.341377 59.92192 239.57
-40.49372 58.769577 244.57
-41.646065 57.617233 249.57
-42.79841 56.46489 254.57
-43.950752 56.46489 259.57
-45.103096 56.46489 264.57
-46.25544 56.46489 269.57
-47.407784 55.312546 274.57
-47.407784 54.160202 279.57
-47.407784 53.00786 284.57
-46.25544 51.855515 289.57
-45.103096 50.70317 294.57
-43.950752 49.550827 299.57
-43.950752 48.398483 304.57
-43.950752 47.24614 304.57
-42.79841 46.093796 309.57
-41.646065 44.941452 314.57
-42.79841 43.78911 309.57
-41.646065 42.636765 304.57
-42.79841 41.48442 309.57
-43.950752 40.332077 314.57
-42.79841 39.179733 314.57
-43.950752 38.02739 314.57
-45.103096 36.87503 319.57
-45.103096 35.722687 319.57
-45.103096 34.570343 319.57
-45.103096 33.418 319.57
-46.25544 32.265656 324.57
-47.407784 31.113312 324.57
-48.560127 29.960968 329.57
-49.71248 28.808624 334.57
-50.864822 27.65628 329.57
-52.017166 26.503937 334.57
-52.017166 25.351593 329.57
-53.16951 24.19925 334.57
-54.321854 23.046906 334.57
-55.474197 21.894562 334.57
-55.474197 20.742218 334.57
-56.62654 19.589874 329.57
-57.778885 18.43753 324.57
-56.62654 17.285187 329.57
-57.778885 16.132843 324.57
-58.93123 14.980499 319.57
-60.083572 13.8281555 324.57
-61.235916 12.675812 319.57
-62.38826 11.523468 314.57
-63.540604 10.371124 309.57
-64.69295 9.2187805 304.57
-65.84529 9.2187805 299.57
-65.84529 8.066437 294.57
-64.69295 8.066437 289.57
-65.84529 6.914093 284.57
-66.997635 5.7617493 279.57
-68.14998 5.7617493 274.57
-68.14998 4.6094055 269.57
-69.30232 3.4570618 264.57
-70.454666 2.304718 259.57
-70.454666 2.304718 254.57
-71.60701 1.1523743 249.57
-71.60701 3.0517578E-5 244.57
-72.75935 -1.1523132 239.57
-73.9117 -2.304657 244.57
-75.06404 -3.4570007 239.57
-76.216385 -4.6093445 239.57
-77.36873 -5.761688 234.57
-78.52107 -6.914032 229.57
-79.673416 -8.066376 224.57
-79.673416 -9.2187195 219.57
-80.82576 -10.371063 214.57
-79.673416 -10.371063 209.57
-78.52107 -10.371063 204.57
-78.52107 -9.2187195 199.57
-78.52107 -9.2187195 194.57
-77.36873 -9.2187195 189.57
-78.52107 -8.066376 184.57
-79.673416 -8.066376 179.57
-80.82576 -9.2187195 174.57
-81.9781 -10.371063 169.57
-81.9781 -11.523407 164.57
-80.82576 -12.675751 159.57
-81.9781 -12.675751 154.57
-83.13045 -11.523407 149.57
-83.13045 -10.371063 144.57
-81.9781 -9.2187195 139.57
-80.82576 -8.066376 134.57
-79.673416 -6.914032 129.57
-79.673416 -6.914032 124.57001
-78.52107 -6.914032 119.57001
-77.36873 -6.914032 114.57001
-77.36873 -6.914032 109.57001
-78.52107 -6.914032 104.57001
-79.673416 -5.761688 99.57001
-80.82576 -4.6093445 94.57001
-79.673416 -3.4570007 94.57001
-79.673416 -2.304657 89.57001
-78.52107 -1.1523132 89.57001
-77.36873 3.0517578E-5 84.57001
-76.216385 1.1523743 89.57001
-75.06404 2.304718 84.57001
-73.9117 3.4570618 84.57001
-72.75935 4.6094055 84.57001
-71.60701 5.7617493 84.57001
-70.454666 6.914093 79.57001
-69.30232 8.066437 74.57001
-69.30232 9.2187805 69.57001
-68.14998 10.371124 64.57001
-66.997635 11.523468 59.570007
-66.997635 12.675812 54.570007
-68.14998 13.8281555 49.570007
-68.14998 14.980499 44.570007
-69.30232 16.132843 39.570007
-68.14998 17.285187 34.570007
-66.997635 17.285187 29.570007
-65.84529 18.43753 29.570007
-64.69295 19.589874 29.570007
-63.540604 20.742218 29.570007
-62.38826 21.894562 29.570007
-61.235916 23.046906 34.570007
-60.083572 24.19925 29.570007
-58.93123 25.351593 29.570007
-57.778885 26.503937 24.570007
-56.62654 27.65628 29.570007
-55.474197 28.808624 34.570007
-54.321854 29.960968 29.570007
-53.16951 31.113312 34.570007
-52.017166 31.113312 34.570007
-50.864822 29.960968 39.570007
-49.71248 28.808624 34.570007
-48.560127 27.65628 39.570007
-47.407784 26.503937 34.570007
-46.25544 25.351593 39.570007
-45.103096 24.19925 39.570007
-43.950752 23.046906 44.570007
-42.79841 21.894562 49.570007
-42.79841 21.894562 54.570007
-42.79841 21.894562 59.570007
-42.79841 20.742218 64.57001
-41.646065 19.589874 69.57001
-40.49372 18.43753 74.57001
-39.341377 19.589874 79.57001
-38.189034 20.742218 84.57001
-37.03669 21.894562 84.57001
-35.884346 21.894562 84.57001
-34.732002 23.046906 84.57001
-33.57966 24.19925 89.57001
-33.57966 25.351593 89.57001
-32.427315 26.503937 89.57001
-31.274971 27.65628 94.57001
-30.122627 28.808624 89.57001
-28.970284 29.960968 89.57001
-27.81794 31.113312 84.57001
-26.665596 32.265656 84.57001
-27.81794 33.418 79.57001
-27.81794 34.570343 84.57001
-28.970284 35.722687 79.57001
-28.970284 36.87503 74.57001
